0 0.103192
1 0.120216
2 0.126456
3 0.140856
4 0.147016
5 0.155256
6 0.161496
7 0.169736
8 0.177976
9 0.186216
10 0.194456
11 0.202696
12 0.210936
15 0.219176
17 0.227416
19 0.235656
21 0.243896
23 0.252136
25 0.260376
27 0.268616
28 0.276856
13 0.283016
14 0.499880
16 0.517960
17 0.520040
18 0.538600
19 0.544760
20 0.551000
21 0.557160
22 0.565400
23 0.571640
24 0.579880
25 0.588120
26 0.596360
27 0.604600
28 0.612840
29 0.621080
30 0.629320
31 0.637560
32 0.645800
33 0.654040
34 0.662280
35 0.670520
36 0.678760
37 0.687000
38 0.695240
39 0.703480
40 0.711720
41 0.719960
42 0.728200
43 0.736440
44 0.744680
45 0.752920
46 0.761160
47 0.769400
48 0.777640
49 0.785880
51 0.794120
52 0.802360
53 0.810600
54 0.818840
55 0.827080
56 0.835320
57 0.843560
58 0.849720
50 0.857960
59 0.870280
60 0.876440
61 0.882600
62 0.888760
63 0.897000
64 0.903160
65 0.909320
66 0.915480
67 0.919640
68 0.925800
69 0.931960
70 0.938120
71 0.942280
72 0.948440
73 0.954600
74 0.958760
75 0.964920
76 0.971080
77 0.975240
78 0.981400
79 0.987560
80 0.991720
81 0.997880
82 1.004040
83 1.010200
84 1.014360
85 1.020520
86 1.026680
87 1.030840
88 1.037000
90 1.043160
91 1.047320
92 1.053480
93 1.059640
94 1.063800
95 1.069960
96 1.078200
97 1.084360
98 1.090520
89 1.094680
99 1.105000
100 1.111160
101 1.117320
102 1.125560
103 1.133800
104 1.137960
105 1.144120
106 1.152360
107 1.160600
108 1.168840
109 1.177080
110 1.185320
111 1.193560
112 1.201800
113 1.210040
114 1.218280
115 1.226520
116 1.234760
117 1.243000
118 1.251240
120 1.259480
121 1.267720
122 1.275960
123 1.284200
124 1.292440
125 1.300680
126 1.308920
127 1.317160
119 1.325400
128 1.335640
129 1.343880
130 1.352120
131 1.358360
132 1.366600
133 1.374840
134 1.383080
135 1.391320
136 1.399560
137 1.407800
138 1.416040
139 1.424280
140 1.432520
141 1.440760
142 1.449000
143 1.455160
144 1.461320
145 1.467480
146 1.475720
147 1.481880
148 1.488040
149 1.494200
150 1.500360
151 1.506520
152 1.510680
153 1.516840
154 1.523000
155 1.527160
156 1.533320
157 1.539480
159 1.543640
160 1.549800
161 1.555960
162 1.562120
163 1.566280
164 1.572440
165 1.578600
166 1.582760
167 1.588920
158 1.595080
168 1.601240
169 1.605400
170 1.611560
171 1.617720
172 1.625960
173 1.630120
174 1.636280
175 1.642440
176 1.646600
177 1.654840
178 1.661000
179 1.667160
180 1.671320
181 1.679560
182 1.687800
183 1.693960
184 1.700120
185 1.708360
186 1.716600
187 1.722760
188 1.726920
189 1.735160
190 1.743400
191 1.749560
192 1.757800
193 1.766040
194 1.774280
197 1.782520
198 1.790760
199 1.799000
200 1.807240
201 1.813400
202 1.819560
203 1.825720
204 1.829880
195 1.836040
205 1.848360
206 1.852520
196 2.056360
207 2.079080
208 2.085240
209 2.103800
210 2.112040
211 2.128520
212 2.134680
213 2.145000
214 2.155320
215 2.163560
216 2.171800
217 2.180040
218 2.188280
219 2.196520
220 2.202680
221 2.210920
222 2.219160
223 2.225320
224 2.231480
225 2.237640
226 2.243800
227 2.247960
228 2.254120
229 2.260280
230 2.266440
231 2.270600
232 2.276760
233 2.282920
234 2.287080
235 2.291160
236 2.297320
237 2.299400
238 2.305560
239 2.311720
240 2.315880
241 2.322040
242 2.326200
243 2.332360
244 2.338520
246 2.342680
247 2.348840
248 2.355000
249 2.359160
250 2.365320
251 2.371480
252 2.375640
254 2.381800
255 2.387960
245 2.394120
256 2.402360
257 2.410600
258 2.431160
253 2.618600
259 2.643320
260 2.649560
261 2.670120
262 2.678360
263 2.694840
264 2.703080
265 2.711320
266 2.721640
267 2.729880
268 2.738120
269 2.744280
270 2.752520
271 2.760760
272 2.766920
273 2.771000
274 2.777160
275 2.781320
276 2.785400
277 2.789480
278 2.791560
279 2.795640
280 2.797720
281 2.799800
282 2.803880
283 2.805960
284 2.808040
285 2.812120
286 2.814200
287 2.816280
288 2.820360
289 2.822440
290 2.824520
291 2.828600
292 2.830680
293 2.832760
294 2.836840
295 2.838920
296 2.841000
297 2.845080
298 2.847160
299 2.849240
300 2.853320
301 2.855400
302 2.857480
303 2.861560
304 2.863640
305 2.865720
306 2.869800
307 2.871880
308 2.875960
309 2.878040
310 2.880120
311 2.884200
312 2.886280
313 2.888360
314 2.892440
315 2.894520
316 2.896600
317 2.900680
318 2.902760
319 2.904840
320 2.908920
321 2.911000
322 2.913080
323 2.917160
324 2.919240
325 2.921320
326 2.925400
328 2.927480
329 2.929560
330 2.933640
331 2.935720
332 2.937800
333 2.941880
334 2.943960
335 2.948040
336 2.950120
337 2.952200
338 2.958360
339 2.960440
327 2.964520
340 2.966600
341 2.968680
342 2.976920
343 2.979000
344 2.985160
345 2.989240
346 2.991320
347 2.995480
348 3.001640
349 3.005800
350 3.011960
351 3.018120
352 3.022280
353 3.030520
354 3.036680
355 3.042840
356 3.047000
357 3.055240
358 3.063480
359 3.071720
360 3.077880
362 3.086120
363 3.094360
365 3.102600
366 3.110840
367 3.119080
368 3.127320
369 3.135560
370 3.143800
361 3.152040
371 3.162360
372 3.170600
364 3.372360
373 3.392920
374 3.397080
375 3.413480
376 3.419720
377 3.434120
378 3.440280
379 3.444440
380 3.454680
381 3.460920
382 3.467080
383 3.473240
384 3.477400
385 3.483560
386 3.489720
387 3.495880
388 3.500040
389 3.506200
390 3.510360
391 3.514440
392 3.518520
393 3.520600
394 3.524680
395 3.526760
396 3.528840
397 3.532920
398 3.535000
399 3.537080
400 3.541160
401 3.543240
402 3.545320
403 3.549400
404 3.551480
405 3.553560
406 3.557640
407 3.559720
408 3.561800
409 3.565880
410 3.567960
411 3.574120
412 3.576200
413 3.580280
414 3.582360
415 3.584440
416 3.588520
417 3.592680
418 3.596840
419 3.600920
420 3.605000
421 3.607080
422 3.611240
423 3.615320
425 3.619480
426 3.623560
427 3.625640
428 3.631800
429 3.635960
430 3.642120
432 3.644200
433 3.648280
434 3.654440
435 3.658600
436 3.666840
437 3.673000
438 3.679160
439 3.687400
440 3.695640
441 3.699800
442 3.708040
443 3.716280
424 3.850120
431 3.872760
432 3.876920
444 3.891320
445 3.897480
446 3.901640
447 3.918040
448 3.922200
449 3.928360
450 3.938680
451 3.944840
452 3.949000
453 3.955160
454 3.961320
455 3.967480
456 3.971640
457 3.977800
458 3.981960
459 3.988120
460 3.994280
461 3.998440
462 4.004600
463 4.010760
464 4.014920
465 4.021080
466 4.027240
467 4.031400
468 4.035480
469 4.041640
470 4.043720
471 4.049880
472 4.053960
473 4.056040
474 4.060120
475 4.062200
476 4.064280
477 4.068360
478 4.070440
479 4.072520
480 4.076600
481 4.078680
482 4.082840
483 4.086920
484 4.089000
485 4.093080
486 4.095160
487 4.097240
488 4.103400
489 4.107560
490 4.111640
491 4.113720
492 4.117800
493 4.121960
494 4.126040
496 4.130200
497 4.134280
498 4.136360
499 4.142520
500 4.146680
502 4.152840
503 4.154920
504 4.161080
505 4.163160
506 4.169320
507 4.181640
508 4.183720
509 4.189880
510 4.200200
511 4.204360
512 4.210520
513 4.218760
514 4.227000
495 4.358840
501 4.383560
502 4.391800
515 4.406200
516 4.412360
517 4.418520
518 4.432920
519 4.437080
520 4.443240
521 4.453480
522 4.459720
523 4.465880
524 4.470040
525 4.476200
526 4.482360
527 4.488520
528 4.492680
529 4.498840
530 4.505000
531 4.509160
532 4.515320
533 4.521480
534 4.525640
535 4.531800
536 4.537960
537 4.542120
538 4.548280
539 4.554440
540 4.556520
541 4.562680
542 4.566760
543 4.570920
544 4.575000
545 4.577080
546 4.581160
547 4.583240
548 4.585320
549 4.589400
550 4.591480
551 4.593560
552 4.597640
553 4.601800
554 4.603880
555 4.607960
556 4.612040
557 4.614120
558 4.616200
559 4.622360
560 4.626520
561 4.630600
562 4.632680
563 4.636760
564 4.640920
565 4.643000
567 4.649160
568 4.653240
569 4.655320
570 4.659480
571 4.665640
573 4.669800
574 4.673880
575 4.680040
576 4.682120
577 4.688280
566 4.694440
578 4.700680
579 4.704760
580 4.710920
572 4.917544
581 4.938104
582 4.944264
583 4.958664
584 4.964904
585 4.977224
586 4.981384
587 4.987544
588 4.997784
589 5.004024
590 5.010184
591 5.016344
592 5.020504
593 5.026664
594 5.032824
595 5.036984
596 5.043144
597 5.051384
598 5.055544
599 5.061704
600 5.067864
601 5.072024
602 5.080264
603 5.086424
604 5.092584
605 5.100824
606 5.104904
607 5.109064
608 5.113144
609 5.117224
610 5.121384
611 5.125544
612 5.131704
613 5.135784
614 5.137864
615 5.144024
616 5.148184
617 5.154344
618 5.160504
619 5.164664
620 5.170824
621 5.176984
623 5.181144
624 5.187304
625 5.193464
626 5.197624
628 5.203784
629 5.209944
630 5.214104
631 5.220264
632 5.226424
622 5.230584
633 5.240824
634 5.249064
627 5.450904
635 5.471464
636 5.475624
637 5.490024
638 5.498264
639 5.510584
640 5.514744
641 5.520904
642 5.531224
643 5.537384
644 5.541544
645 5.547704
646 5.553864
647 5.560024
648 5.564184
649 5.570344
650 5.574504
651 5.582744
652 5.588904
653 5.595064
654 5.599224
655 5.605384
656 5.613624
657 5.619784
658 5.621864
659 5.628024
660 5.634184
661 5.640344
662 5.642424
663 5.646504
664 5.650664
665 5.656824
666 5.660984
667 5.665064
668 5.671224
669 5.673304
670 5.679464
671 5.683624
672 5.689784
673 5.693944
674 5.700104
675 5.706264
676 5.710424
678 5.716584
679 5.722744
680 5.726904
682 5.733064
683 5.739224
684 5.743384
685 5.749544
686 5.755704
687 5.759864
677 5.766024
688 5.776264
689 5.780424
681 5.984264
690 6.002824
691 6.008984
692 6.023384
693 6.031624
694 6.041944
695 6.048104
696 6.052264
697 6.062504
698 6.068744
699 6.074904
700 6.081064
701 6.085224
702 6.091384
703 6.099624
704 6.105784
705 6.107864
706 6.114024
707 6.118184
708 6.126424
709 6.130504
710 6.134584
711 6.136664
712 6.140744
713 6.144904
714 6.149064
715 6.155224
716 6.159304
717 6.161384
718 6.165464
719 6.169624
720 6.173784
721 6.179944
722 6.184024
723 6.186104
724 6.192264
725 6.198424
726 6.202584
727 6.208744
728 6.212904
729 6.219064
730 6.225224
732 6.229384
733 6.235544
734 6.241704
735 6.245864
737 6.252024
738 6.258184
739 6.262344
740 6.268504
741 6.274664
731 6.278824
742 6.289064
743 6.297304
736 6.497064
744 6.517624
745 6.521784
746 6.536184
747 6.544424
748 6.554744
749 6.560904
750 6.565064
751 6.575304
752 6.583544
753 6.587704
754 6.593864
755 6.598024
756 6.606264
757 6.612424
758 6.618584
759 6.622744
760 6.630984
761 6.639224
762 6.645384
763 6.649464
764 6.653624
765 6.659784
766 6.665944
767 6.670024
768 6.672104
769 6.678264
770 6.682424
771 6.688584
772 6.690664
773 6.696824
774 6.698904
775 6.705064
776 6.711224
777 6.715384
778 6.721544
779 6.725704
780 6.731864
781 6.738024
783 6.742184
784 6.748344
785 6.754504
786 6.758664
787 6.764824
788 6.770984
789 6.775144
791 6.781304
792 6.787464
782 6.791624
793 6.801864
794 6.810104
795 6.830664
790 7.009864
796 7.030424
797 7.034584
798 7.048984
799 7.057224
800 7.069544
801 7.073704
802 7.079864
803 7.090184
804 7.096344
805 7.100504
806 7.106664
807 7.112824
808 7.116984
809 7.125224
810 7.131384
811 7.135544
812 7.139624
813 7.147864
814 7.154104
815 7.158184
816 7.164344
817 7.170504
818 7.174664
819 7.178744
820 7.182824
821 7.184904
822 7.191064
823 7.195224
824 7.201384
825 7.203464
826 7.209624
827 7.211704
828 7.217864
829 7.224024
830 7.228184
831 7.234344
832 7.240504
833 7.244664
834 7.250824
836 7.256984
837 7.261144
838 7.267304
839 7.273464
840 7.277624
841 7.283784
843 7.289944
844 7.294104
845 7.300264
835 7.306424
846 7.314664
847 7.322904
842 7.525288
848 7.545928
849 7.552088
850 7.566488
851 7.572728
852 7.585048
853 7.589208
854 7.595368
855 7.605608
856 7.611848
857 7.618008
858 7.622168
859 7.626248
860 7.634488
861 7.640648
862 7.644808
863 7.650968
864 7.657128
865 7.661288
866 7.667448
867 7.673608
868 7.679848
869 7.686008
870 7.692168
871 7.698328
872 7.704568
873 7.712808
874 7.718968
875 7.727208
876 7.735448
877 7.741608
878 7.747768
879 7.754008
880 7.762248
882 7.770488
883 7.778728
884 7.786968
885 7.795208
886 7.803448
888 7.811688
889 7.819928
890 7.828168
881 7.834328
891 7.846648
892 7.854888
887 8.056648
893 8.077288
894 8.083448
895 8.102008
896 8.108168
897 8.126728
898 8.134968
899 8.143208
900 8.153528
901 8.161768
902 8.170008
903 8.178248
904 8.186488
905 8.194728
906 8.202968
907 8.211208
908 8.219448
909 8.227688
910 8.235928
911 8.244168
912 8.250328
913 8.256488
914 8.262648
915 8.268808
916 8.274968
917 8.279128
918 8.285288
919 8.291448
920 8.295608
921 8.299688
922 8.305848
923 8.312008
924 8.316168
925 8.320248
926 8.326408
927 8.328488
928 8.334648
929 8.338808
930 8.344968
931 8.349128
932 8.355288
933 8.361448
934 8.365608
936 8.371768
937 8.377928
938 8.382088
940 8.388248
941 8.394408
942 8.398568
943 8.404728
944 8.410888
945 8.415048
935 8.421208
946 8.431448
947 8.437688
939 8.641528
948 8.662088
949 8.666248
950 8.680648
951 8.688888
952 8.699208
953 8.705368
954 8.711528
955 8.719768
956 8.728008
957 8.732168
958 8.736248
959 8.738328
960 8.748648
961 8.754808
962 8.758888
963 8.760968
964 8.769208
965 8.775448
966 8.781608
967 8.787768
968 8.791928
969 8.800168
970 8.808408
971 8.812488
972 8.818648
973 8.824808
974 8.828968
975 8.833048
976 8.839208
977 8.841288
978 8.847448
979 8.851608
980 8.857768
981 8.861928
982 8.868088
983 8.874248
984 8.878408
986 8.884568
987 8.890728
988 8.894888
989 8.901048
990 8.907208
991 8.911368
992 8.917528
993 8.925768
994 8.929928
985 8.936088
995 8.942248
996 8.950488
997 8.958728
998 8.964888
999 8.971048
1000 8.977288
1001 8.985528
1002 8.991688
1003 8.999928
1004 9.008168
1005 9.016408
1006 9.022568
1007 9.030808
1008 9.039048
1009 9.047288
1010 9.055528
1011 9.063768
1012 9.072008
1013 9.080248
1014 9.088488
1016 9.096728
1017 9.104968
1018 9.111128
1019 9.117288
1020 9.123448
1021 9.129608
1022 9.133768
1023 9.139928
1015 9.146088
1024 9.154328
1025 9.162568
1026 9.168728
1027 9.172888
1028 9.179048
1029 9.185208
1030 9.189368
1031 9.195528
1032 9.201688
1033 9.205848
1034 9.212008
1035 9.218168
1036 9.222328
1037 9.228488
1038 9.234648
1039 9.238808
1040 9.244968
1041 9.251128
1042 9.255288
1043 9.261448
1044 9.267608
1045 9.271768
1046 9.277928
1047 9.284088
1048 9.290248
1049 9.294408
1050 9.300568
1051 9.306728
1052 9.312968
1053 9.319128
1055 9.325288
1056 9.331448
1057 9.337688
1058 9.345928
1059 9.352088
1060 9.360328
1061 9.368568
1062 9.374728
1063 9.380888
1054 9.389128
1064 9.399448
1065 9.405608
1066 9.413848
1067 9.420088
1068 9.428328
1069 9.436568
1070 9.444808
1071 9.453048
1072 9.461288
1073 9.469528
1074 9.477768
1075 9.486008
1076 9.494248
1077 9.500408
1078 9.506568
1079 9.514808
1080 9.523048
1081 9.529208
1082 9.535368
1083 9.541528
1084 9.547688
1086 9.551848
1087 9.558008
1088 9.564168
1089 9.570328
1090 9.574488
1091 9.580648
1092 9.586808
1093 9.590968
1094 9.597128
1085 9.603288
1095 9.609448
1096 9.613608
1097 9.619768
1098 9.625928
1099 9.634168
1100 9.638328
1101 9.644488
1102 9.650648
1103 9.654808
1104 9.660968
1105 9.665048
1106 9.669208
1107 9.675368
1108 9.681528
1109 9.685688
1110 9.691848
1111 9.700088
1112 9.704248
1113 9.710408
1114 9.716568
1115 9.724808
1116 9.731048
1117 9.737208
1118 9.743368
1119 9.751608
1120 9.759848
1121 9.766008
1122 9.772168
1123 9.780408
1124 9.788648
1127 9.796888
1128 9.805128
1129 9.811368
1130 9.819608
1131 9.827848
1132 9.836088
1133 9.844328
1134 9.852568
1125 9.860808
1135 9.871048
1136 9.879288
1126 10.077512
1137 10.096072
1138 10.098152
1139 10.114632
1140 10.120792
1141 10.137272
1142 10.141432
1143 10.147592
1144 10.164072
1145 10.168232
1146 10.174392
1147 10.182632
1148 10.190872
1149 10.199112
1150 10.205272
1151 10.213512
1152 10.221752
1153 10.229992
1154 10.238232
1155 10.244392
1156 10.252632
1157 10.260872
1158 10.267032
1159 10.275272
1160 10.279432
1161 10.287672
1162 10.293832
1163 10.299992
1164 10.306152
1165 10.312312
1166 10.316472
1167 10.322632
1168 10.328792
1169 10.332952
1170 10.339112
1171 10.345272
1172 10.349432
1173 10.355592
1175 10.361752
1176 10.365912
1177 10.372072
1178 10.378232
1179 10.384392
1180 10.388552
1181 10.396792
1182 10.402952
1183 10.407112
1174 10.411192
1184 10.419432
1185 10.425592
1186 10.429752
1187 10.435912
1188 10.442072
1189 10.448232
1190 10.452392
1191 10.458552
1192 10.464792
1193 10.468872
1194 10.475032
1195 10.481192
1196 10.485352
1197 10.491512
1198 10.495592
1199 10.497672
1200 10.501752
1201 10.505912
1202 10.509992
1203 10.514152
1204 10.518232
1205 10.520312
1206 10.526472
1207 10.530632
1208 10.536792
1209 10.538872
1210 10.545032
1211 10.547112
1212 10.553272
1214 10.559432
1215 10.563592
1216 10.569752
1217 10.573912
1218 10.580072
1219 10.586232
1220 10.590392
1221 10.596552
1222 10.602712
1213 10.606872
1223 10.613032
1224 10.619192
1225 10.625352
1226 10.629512
1227 10.635672
1228 10.641832
1229 10.645992
1230 10.652152
1231 10.658312
1232 10.662472
1233 10.668632
1234 10.674792
1235 10.678952
1236 10.685112
1237 10.693352
1238 10.699512
1239 10.703672
1240 10.709832
1241 10.718072
1242 10.726312
1243 10.732472
1244 10.740712
1245 10.744872
1246 10.753112
1248 10.759272
1249 10.767512
1250 10.775752
1251 10.783992
1252 10.792232
1253 10.800472
1254 10.808712
1256 10.816952
1247 10.825192
1257 10.833432
1258 10.841672
1259 10.856072
1260 10.870472
1255 11.049592
1261 11.072232
1262 11.076392
1263 11.092872
1264 11.099032
1265 11.113432
1266 11.117592
1267 11.123752
1268 11.133992
1269 11.140232
1270 11.146392
1271 11.152552
1272 11.156712
1273 11.162872
1274 11.169032
1275 11.173192
1276 11.179352
1277 11.185512
1278 11.189672
1279 11.195832
1280 11.201992
1281 11.206152
1282 11.212312
1283 11.218472
1284 11.222632
1285 11.228792
1286 11.234952
1287 11.237032
1288 11.243192
1289 11.247272
1290 11.251432
1291 11.255512
1292 11.257592
1293 11.261672
1294 11.263752
1295 11.265832
1296 11.271992
1297 11.274072
1298 11.278152
1299 11.280232
1300 11.284312
1301 11.288472
1302 11.290552
1303 11.294632
1304 11.296712
1305 11.300792
1306 11.302872
1307 11.307032
1308 11.313192
1309 11.315272
1310 11.319352
1311 11.321432
1312 11.327592
1314 11.329672
1315 11.335832
1316 11.337912
1317 11.341992
1318 11.346152
1319 11.352312
1321 11.356472
1322 11.360552
1323 11.366712
1324 11.368792
1313 11.374952
1325 11.381192
1326 11.387352
1327 11.393512
1320 11.593896
1328 11.614456
1329 11.616536
1330 11.633016
1331 11.637176
1332 11.653576
1333 11.657736
1334 11.661896
1335 11.674216
1336 11.680376
1337 11.684536
1338 11.690696
1339 11.696856
1340 11.701016
1341 11.707176
1342 11.713336
1343 11.717496
1344 11.723656
1345 11.729816
1346 11.733976
1347 11.740136
1348 11.744216
1349 11.748376
1350 11.752456
1351 11.758616
1352 11.760696
1353 11.766856
1354 11.768936
1355 11.773016
1356 11.775096
1357 11.777176
1358 11.781256
1359 11.785416
1360 11.789576
1361 11.793656
1362 11.797736
1363 11.799816
1364 11.805976
1365 11.808056
1366 11.814216
1367 11.816296
1368 11.820376
1369 11.824536
1370 11.828696
1371 11.834856
1372 11.838936
1373 11.841016
1375 11.847176
1376 11.851336
1377 11.857496
1378 11.861656
1379 11.867816
1380 11.873976
1381 11.878136
1383 11.884296
1384 11.890456
1374 11.894616
1385 11.904856
1386 11.913096
1387 11.925416
1388 11.933656
1382 12.109640
