0 0.103112
1 0.118136
2 0.124376
3 0.136696
4 0.138776
5 0.151176
6 0.157336
7 0.167656
8 0.175896
9 0.184136
10 0.190296
11 0.200616
12 0.206776
15 0.217096
16 0.223256
17 0.231496
19 0.239736
23 0.250056
24 0.256216
27 0.266536
28 0.272696
13 0.280936
14 0.497800
18 0.513800
19 0.515880
20 0.534440
21 0.536520
22 0.542680
23 0.548920
24 0.561320
25 0.569560
26 0.577800
27 0.583960
28 0.592200
29 0.600440
30 0.610760
31 0.619000
32 0.627240
33 0.633400
34 0.641640
35 0.651960
36 0.660200
37 0.668440
38 0.674600
39 0.682840
40 0.693160
41 0.701400
42 0.709640
43 0.717880
44 0.724040
45 0.732280
46 0.742600
47 0.750840
48 0.759080
49 0.767320
50 0.773480
52 0.781720
53 0.792040
54 0.800280
55 0.808520
56 0.816760
57 0.822920
59 0.831160
60 0.839400
51 0.847640
61 0.855880
62 0.864120
63 0.890840
58 1.072040
64 1.096760
65 1.102920
66 1.121480
67 1.129720
68 1.148200
69 1.154440
70 1.162680
71 1.175000
72 1.183240
73 1.191480
74 1.199720
75 1.207960
76 1.216200
77 1.224440
78 1.232680
79 1.240920
80 1.249160
81 1.257400
82 1.265640
83 1.273880
84 1.282120
85 1.290360
86 1.298600
87 1.304760
88 1.313000
89 1.321240
90 1.329480
91 1.337720
92 1.345960
93 1.354200
95 1.362440
96 1.370680
97 1.378920
98 1.387160
99 1.395400
100 1.403640
102 1.411880
103 1.420120
94 1.428360
104 1.438680
105 1.446920
106 1.473640
101 1.650680
107 1.675400
108 1.681640
109 1.702200
110 1.710440
111 1.724840
112 1.733080
113 1.739320
114 1.753720
115 1.761960
116 1.770200
117 1.778440
118 1.786680
119 1.792840
120 1.801080
121 1.809320
122 1.815480
123 1.821640
124 1.827800
125 1.831960
126 1.838120
127 1.842200
128 1.846280
129 1.850440
130 1.856600
131 1.858680
132 1.862760
133 1.864840
134 1.868920
135 1.871000
136 1.873080
137 1.877160
138 1.879240
139 1.881320
140 1.885400
141 1.887480
142 1.889560
143 1.893640
144 1.895720
145 1.897800
146 1.901880
147 1.903960
148 1.908040
149 1.910120
150 1.912200
151 1.916280
152 1.918360
153 1.920440
154 1.924520
155 1.926600
156 1.928680
157 1.932760
158 1.934840
159 1.936920
160 1.941000
161 1.943080
162 1.945160
163 1.949240
164 1.951320
165 1.953400
166 1.957480
167 1.959560
168 1.961640
169 1.965720
170 1.967800
171 1.971880
172 1.973960
173 1.976040
174 1.980120
176 1.982200
177 1.984280
178 1.988360
179 1.990440
180 1.992520
181 1.996600
182 1.998680
183 2.000760
184 2.006920
185 2.009000
186 2.013080
187 2.015160
175 2.017240
188 2.025480
189 2.029560
190 2.031640
191 2.033720
192 2.037800
193 2.039880
194 2.048120
195 2.050200
196 2.054280
197 2.058440
198 2.062520
199 2.066680
200 2.072840
201 2.077000
202 2.083160
203 2.091400
204 2.095560
205 2.101720
206 2.109960
207 2.118200
208 2.124360
210 2.132600
211 2.138840
212 2.147080
214 2.153240
215 2.161480
216 2.169720
217 2.177960
218 2.186200
209 2.194440
219 2.206760
220 2.215000
213 2.416760
221 2.437400
222 2.443560
223 2.457960
224 2.464120
225 2.478520
226 2.482680
227 2.488840
228 2.499160
229 2.505320
230 2.509480
231 2.515640
232 2.521800
233 2.527960
234 2.532120
235 2.538280
236 2.542440
237 2.548600
238 2.554760
239 2.558920
240 2.565080
241 2.571240
242 2.575400
243 2.581560
244 2.587720
245 2.591880
246 2.598040
247 2.604200
248 2.610360
249 2.614520
250 2.622760
251 2.628920
252 2.635080
253 2.639240
254 2.647480
255 2.655720
256 2.661880
257 2.668040
259 2.676280
260 2.684520
262 2.690680
263 2.696920
264 2.705160
265 2.713400
266 2.719560
267 2.727800
258 2.736040
268 2.746360
269 2.754600
261 2.954280
270 2.972760
271 2.974840
272 2.993400
273 2.997560
274 3.016040
275 3.020200
276 3.026360
277 3.038760
278 3.044920
279 3.051080
280 3.057320
281 3.067640
282 3.073800
283 3.082040
284 3.090280
285 3.098520
286 3.106760
287 3.115000
288 3.123240
289 3.131480
290 3.139720
291 3.147960
292 3.156200
293 3.164440
294 3.172680
295 3.178840
296 3.185000
297 3.191160
299 3.197320
300 3.203480
301 3.207640
302 3.213800
303 3.219960
304 3.226120
305 3.230280
306 3.236440
298 3.242600
307 3.250840
308 3.259080
309 3.265240
310 3.269400
311 3.275560
312 3.281720
313 3.287880
314 3.292040
315 3.298200
316 3.302360
317 3.308520
318 3.314680
319 3.318840
320 3.325000
321 3.331160
322 3.335320
323 3.341480
324 3.347640
325 3.351800
326 3.355880
327 3.362040
328 3.364120
329 3.370280
330 3.376440
331 3.378520
332 3.382600
333 3.384680
334 3.388760
335 3.390840
336 3.395000
337 3.401160
338 3.403240
339 3.407320
340 3.409400
341 3.415560
342 3.417640
343 3.423800
344 3.425880
345 3.429960
346 3.432040
347 3.438200
349 3.442360
350 3.448520
351 3.450600
352 3.456760
353 3.458840
354 3.465000
356 3.471160
357 3.475320
358 3.481480
359 3.485640
348 3.491800
360 3.497960
361 3.504120
362 3.508280
355 3.714200
363 3.734760
364 3.738920
365 3.753320
366 3.761560
367 3.773880
368 3.778040
369 3.784200
370 3.794520
371 3.800680
372 3.804840
373 3.811000
374 3.817160
375 3.821320
376 3.827480
377 3.833640
378 3.837800
379 3.843960
380 3.852200
381 3.856360
382 3.862520
383 3.866600
384 3.874840
385 3.881080
386 3.885160
387 3.889240
388 3.895400
389 3.899560
390 3.905720
391 3.907800
392 3.911880
393 3.915960
394 3.920120
395 3.924280
396 3.930440
397 3.934520
398 3.936600
399 3.942760
400 3.946920
401 3.953080
402 3.957240
403 3.963400
404 3.969560
405 3.973720
407 3.979880
408 3.986040
410 3.990200
411 3.996360
412 4.002520
413 4.006680
414 4.012840
415 4.019000
416 4.023160
406 4.029320
417 4.039560
418 4.045800
409 4.249640
419 4.270200
420 4.274360
421 4.288760
422 4.297000
423 4.307320
424 4.313480
425 4.319640
426 4.327880
427 4.336120
428 4.340280
429 4.346440
430 4.350600
431 4.356760
432 4.365000
433 4.371160
434 4.375320
435 4.381480
436 4.389720
437 4.397960
438 4.404120
439 4.410280
440 4.414440
441 4.420600
442 4.424680
443 4.426760
444 4.430840
445 4.435000
446 4.441160
447 4.445320
448 4.449400
449 4.455560
450 4.457640
451 4.463800
452 4.467960
453 4.474120
454 4.480280
455 4.484440
456 4.490600
457 4.496760
459 4.500920
460 4.507080
461 4.513240
462 4.517400
463 4.523560
464 4.529720
466 4.533880
467 4.540040
468 4.546200
458 4.550360
469 4.560600
470 4.568840
465 4.769224
471 4.789784
472 4.793944
473 4.808344
474 4.816584
475 4.826904
476 4.833064
477 4.837224
478 4.847464
479 4.855704
480 4.859864
481 4.863944
482 4.866024
483 4.874264
484 4.880424
485 4.882504
486 4.886584
487 4.890744
488 4.896904
489 4.901064
490 4.905144
491 4.911304
492 4.913384
493 4.921624
494 4.925784
495 4.929864
496 4.933944
497 4.936024
498 4.942184
499 4.946344
500 4.950424
501 4.952504
502 4.956584
503 4.960744
504 4.962824
505 4.968984
506 4.973064
507 4.975144
508 4.979304
509 4.985464
510 4.989624
511 4.993704
512 4.999864
513 5.001944
514 5.008104
515 5.014264
516 5.018424
518 5.024584
519 5.028744
520 5.034904
521 5.041064
523 5.045224
524 5.053464
525 5.059624
526 5.063784
527 5.069944
517 5.078184
528 5.088504
529 5.094664
522 5.296424
530 5.314984
531 5.321144
532 5.335544
533 5.343784
534 5.354104
535 5.360264
536 5.364424
537 5.374664
538 5.380904
539 5.387064
540 5.391144
541 5.393224
542 5.401464
543 5.407624
544 5.409704
545 5.413784
546 5.417944
547 5.424104
548 5.428264
549 5.432344
550 5.438504
551 5.440584
552 5.446744
553 5.448824
554 5.454984
555 5.457064
556 5.461144
557 5.463224
558 5.465304
559 5.469384
560 5.473544
561 5.477704
562 5.481784
563 5.485864
564 5.487944
565 5.494104
566 5.496184
567 5.502344
568 5.504424
569 5.508504
570 5.512664
571 5.516824
572 5.522984
573 5.527064
574 5.529144
575 5.535304
576 5.539464
578 5.545624
579 5.549784
580 5.555944
581 5.562104
582 5.566264
584 5.572424
585 5.580664
586 5.584824
587 5.590984
577 5.597144
588 5.611544
589 5.615704
583 5.817464
590 5.838024
591 5.842184
592 5.856584
593 5.864824
594 5.875144
595 5.881304
596 5.887464
597 5.895704
598 5.903944
599 5.908104
600 5.912184
601 5.914264
602 5.922504
603 5.928664
604 5.930744
605 5.934824
606 5.938984
607 5.945144
608 5.949304
609 5.953384
610 5.959544
611 5.961624
612 5.967784
613 5.969864
614 5.973944
615 5.976024
616 5.980104
617 5.982184
618 5.986344
619 5.990424
620 5.992504
621 5.996584
622 5.998664
623 6.000744
624 6.006904
625 6.011064
626 6.015144
627 6.017224
628 6.021304
629 6.025464
630 6.027544
631 6.033704
632 6.037784
633 6.039864
634 6.046024
635 6.050184
637 6.056344
638 6.058424
639 6.064584
640 6.066664
641 6.072824
643 6.078984
644 6.083144
645 6.089304
646 6.093464
636 6.101704
647 6.111944
648 6.116104
642 6.322024
649 6.342584
650 6.346744
651 6.361144
652 6.369384
653 6.381704
654 6.385864
655 6.392024
656 6.402344
657 6.408504
658 6.412664
659 6.416744
660 6.422904
661 6.427064
662 6.433224
663 6.437304
664 6.441464
665 6.443544
666 6.449704
667 6.455864
668 6.457944
669 6.464104
670 6.470264
671 6.472344
672 6.476424
673 6.478504
674 6.480584
675 6.484664
676 6.486744
677 6.488824
678 6.492904
679 6.494984
680 6.499144
681 6.503224
682 6.505304
683 6.509384
684 6.511464
685 6.513544
686 6.519704
687 6.523864
688 6.527944
689 6.530024
690 6.534104
691 6.538264
692 6.542344
693 6.546504
694 6.550584
695 6.552664
696 6.558824
697 6.562984
699 6.569144
700 6.571224
701 6.577384
702 6.579464
703 6.585624
705 6.591784
706 6.595944
707 6.604184
708 6.610344
709 6.614504
698 6.620664
710 6.628904
711 6.637144
712 6.641304
704 6.840984
713 6.861544
714 6.865704
715 6.880104
716 6.888344
717 6.898664
718 6.904824
719 6.908984
720 6.919224
721 6.927464
722 6.931624
723 6.935704
724 6.937784
725 6.946024
726 6.952184
727 6.954264
728 6.958344
729 6.962504
730 6.968664
731 6.972824
732 6.976904
733 6.983064
734 6.985144
735 6.991304
736 6.993384
737 6.997464
738 6.999544
739 7.001624
740 7.005704
741 7.007784
742 7.011944
743 7.016024
744 7.018104
745 7.022184
746 7.024264
747 7.028344
748 7.032504
749 7.036664
750 7.040744
751 7.044824
752 7.046904
753 7.051064
754 7.055144
755 7.059304
756 7.063384
757 7.065464
758 7.071624
759 7.075784
760 7.081944
762 7.084024
763 7.088104
764 7.094264
765 7.098424
767 7.104584
768 7.108744
769 7.114904
770 7.123144
771 7.127304
761 7.133464
773 7.145784
774 7.152024
766 7.353784
772 7.374344
773 7.378504
775 7.392904
776 7.397064
777 7.403224
778 7.417624
779 7.421784
780 7.427944
781 7.438184
782 7.442344
783 7.448504
784 7.452664
785 7.458824
786 7.464984
787 7.471144
788 7.473224
789 7.477304
790 7.479384
791 7.483464
792 7.486168
793 7.490248
794 7.492328
795 7.494408
796 7.496488
797 7.500568
798 7.502648
799 7.506728
800 7.508808
801 7.510888
802 7.512968
803 7.517048
804 7.519128
805 7.521208
806 7.527368
807 7.529448
808 7.533528
809 7.535608
810 7.537688
811 7.541768
812 7.543848
813 7.550008
814 7.554168
815 7.558248
816 7.560328
817 7.564408
818 7.568568
819 7.570648
821 7.576808
822 7.580888
823 7.582968
824 7.587128
825 7.593288
826 7.597448
827 7.601528
828 7.607688
829 7.609768
830 7.615928
820 7.620088
831 7.628328
832 7.632408
833 7.638568
834 7.642728
835 7.648888
836 7.653048
837 7.659208
838 7.665368
839 7.669528
840 7.677768
841 7.683928
842 7.690088
843 7.694248
844 7.702488
845 7.710728
846 7.716888
847 7.723048
848 7.729288
849 7.737528
851 7.743688
852 7.751928
853 7.760168
854 7.768408
855 7.774568
856 7.782808
857 7.791048
859 7.799288
850 7.807528
860 7.817848
861 7.826088
862 7.842488
863 7.852808
858 8.025768
864 8.044248
865 8.048408
866 8.064888
867 8.069048
868 8.087528
869 8.091688
870 8.097848
871 8.110248
872 8.116408
873 8.122568
874 8.128808
875 8.137048
876 8.145288
877 8.151448
878 8.159688
879 8.167928
880 8.176168
881 8.184408
882 8.192648
883 8.200888
884 8.209128
885 8.217368
886 8.225608
887 8.233848
888 8.242088
889 8.248248
890 8.254408
891 8.260568
893 8.266728
894 8.272888
895 8.277048
896 8.283208
897 8.289368
898 8.293528
899 8.301768
900 8.307928
892 8.314088
901 8.322328
902 8.330568
903 8.336728
904 8.340888
905 8.347048
906 8.353208
907 8.357368
908 8.363528
909 8.369688
910 8.373848
911 8.380008
912 8.386168
913 8.390328
914 8.396488
915 8.402648
916 8.406808
917 8.412968
918 8.419128
919 8.423288
920 8.427368
921 8.433528
922 8.435608
923 8.441768
924 8.447928
925 8.450008
926 8.454088
927 8.456168
928 8.460248
929 8.462328
930 8.466488
931 8.472648
932 8.474728
933 8.478808
934 8.480888
935 8.487048
936 8.489128
937 8.495288
938 8.497368
939 8.501448
940 8.505608
941 8.509768
943 8.515928
944 8.520008
945 8.522088
946 8.528248
947 8.534408
948 8.538568
949 8.544728
950 8.548888
952 8.555048
953 8.561208
954 8.569448
955 8.577688
956 8.583848
957 8.592088
958 8.598248
959 8.604488
960 8.610648
961 8.618888
942 8.744488
951 8.765128
952 8.771288
962 8.789848
963 8.794008
964 8.802248
965 8.816568
966 8.820728
967 8.826888
968 8.835128
969 8.843368
970 8.849528
971 8.853688
972 8.859848
973 8.866008
974 8.872168
975 8.876328
976 8.882488
977 8.886648
978 8.892808
979 8.898968
980 8.903128
981 8.909288
982 8.915448
983 8.919608
984 8.927848
985 8.934008
986 8.940168
987 8.946328
988 8.952568
989 8.960808
990 8.966968
991 8.975208
992 8.983448
993 8.989608
994 8.995768
995 9.002008
996 9.010248
999 9.018488
1000 9.026728
1001 9.034968
1002 9.043208
1003 9.051448
1004 9.059688
1005 9.067928
1006 9.076168
997 9.084408
1007 9.094648
1008 9.102888
998 9.308808
1009 9.333528
1010 9.339768
1011 9.358248
1012 9.366488
1013 9.382968
1014 9.391208
1015 9.397368
1016 9.409768
1017 9.418008
1018 9.426248
1019 9.434488
1020 9.442728
1021 9.450968
1022 9.459208
1023 9.467448
1024 9.475688
1025 9.481848
1026 9.490088
1027 9.498328
1028 9.504488
1029 9.512728
1030 9.518888
1031 9.527128
1032 9.533288
1033 9.539448
1034 9.543608
1035 9.549768
1036 9.555928
1037 9.562088
1038 9.566248
1039 9.572408
1040 9.578568
1041 9.582728
1042 9.588888
1043 9.595048
1044 9.599208
1045 9.605368
1047 9.611528
1048 9.615688
1049 9.621848
1050 9.628008
1051 9.632088
1052 9.636248
1053 9.642408
1054 9.648568
1055 9.652728
1046 9.658888
1056 9.667128
1057 9.671288
1058 9.677448
1059 9.683608
1060 9.689768
1061 9.693928
1062 9.702168
1063 9.708328
1064 9.714488
1065 9.718648
1066 9.726888
1067 9.735128
1068 9.741288
1069 9.747448
1070 9.753688
1071 9.761928
1072 9.768088
1073 9.776328
1074 9.784568
1075 9.792808
1076 9.798968
1077 9.807208
1078 9.815448
1080 9.823688
1081 9.831928
1082 9.840168
1083 9.848408
1085 9.856648
1086 9.864888
1087 9.873128
1088 9.881368
1079 9.887528
1089 9.897768
1090 9.906008
1084 10.106392
1091 10.129032
1092 10.133192
1093 10.153752
1094 10.157912
1095 10.178472
1096 10.184712
1097 10.192952
1098 10.207352
1099 10.215592
1100 10.223832
1101 10.232072
1102 10.240312
1103 10.246472
1104 10.254712
1105 10.262952
1106 10.269112
1107 10.277352
1108 10.281512
1109 10.289752
1110 10.295912
1111 10.302072
1112 10.308232
1113 10.314392
1114 10.318552
1115 10.324712
1116 10.330872
1117 10.335032
1118 10.341192
1119 10.347352
1120 10.351512
1121 10.357672
1122 10.363832
1123 10.367992
1124 10.374152
1125 10.380312
1126 10.386472
1127 10.390632
1128 10.394712
1129 10.400872
1130 10.405032
1132 10.413272
1133 10.417352
1134 10.421512
1135 10.427672
1136 10.433832
1138 10.437992
1139 10.444152
1140 10.450312
1141 10.454472
1131 10.462712
1142 10.472952
1143 10.477112
1137 10.687192
1144 10.711912
1145 10.720152
1146 10.736632
1147 10.746952
1148 10.761352
1149 10.769592
1150 10.777832
1151 10.790152
1152 10.798392
1153 10.802552
1154 10.810792
1155 10.821112
1156 10.829352
1157 10.837592
1158 10.845832
1159 10.849912
1160 10.860232
1161 10.866392
1162 10.874632
1163 10.880792
1164 10.886952
1165 10.891032
1166 10.899272
1167 10.903432
1168 10.909592
1169 10.915752
1170 10.919912
1171 10.926072
1172 10.930152
1173 10.938392
1174 10.942552
1175 10.948712
1176 10.954872
1177 10.959032
1178 10.965192
1179 10.969272
1180 10.975512
1181 10.979592
1182 10.985752
1183 10.989912
1184 10.996072
1185 11.002232
1186 11.008392
1188 11.014632
1189 11.018712
1191 11.024872
1192 11.029032
1193 11.035192
1194 11.041352
1195 11.045512
1196 11.053752
1197 11.059912
1187 11.066072
1198 11.078472
1199 11.084632
1190 11.286392
1200 11.304952
1201 11.309112
1202 11.325512
1203 11.331752
1204 11.344072
1205 11.348232
1206 11.354392
1207 11.362632
1208 11.370872
1209 11.377032
1210 11.379112
1211 11.385272
1212 11.391432
1213 11.397592
1214 11.399672
1215 11.401752
1216 11.405832
1217 11.407912
1218 11.412616
1219 11.414696
1220 11.418776
1221 11.420856
1222 11.422936
1223 11.425016
1224 11.429096
1225 11.431176
1226 11.435256
1227 11.437336
1228 11.439416
1229 11.441496
1230 11.445576
1231 11.447656
1232 11.451816
1233 11.455896
1234 11.457976
1235 11.462056
1236 11.464136
1237 11.468216
1238 11.472376
1239 11.476536
1240 11.480616
1241 11.484696
1242 11.486776
1243 11.490936
1244 11.495016
1245 11.499176
1247 11.503256
1248 11.505336
1249 11.511496
1250 11.515656
1251 11.521816
1252 11.523896
1253 11.527976
1254 11.534136
1255 11.538296
1246 11.544456
1257 11.552696
1258 11.558856
1259 11.563016
1260 11.569176
1261 11.573336
1262 11.581576
1256 11.762776
1263 11.783336
1264 11.787496
1265 11.801896
1266 11.810136
1267 11.822456
1268 11.826616
1269 11.832776
1270 11.843096
1271 11.849256
1272 11.853416
1273 11.859576
1274 11.865736
1275 11.871896
1276 11.876056
1277 11.882216
1278 11.886376
1279 11.892536
1280 11.898696
1281 11.900776
1282 11.906936
1283 11.911016
1284 11.915176
1285 11.919256
1286 11.921336
1287 11.927496
1288 11.929576
1289 11.935736
1290 11.937816
1291 11.941896
1292 11.943976
1293 11.948056
1294 11.950136
1295 11.952216
1296 11.956296
1297 11.960456
1298 11.962536
1299 11.966616
1300 11.968696
1301 11.972776
1302 11.974856
1303 11.979016
1304 11.985176
1305 11.987256
1306 11.991336
1307 11.993416
1308 11.999576
1310 12.001656
1311 12.007816
1312 12.009896
1313 12.011976
1314 12.014056
1309 12.024920
