0.000000	0.006112
1.000000	0.008912
2.000000	0.015152
3.000000	0.010368
4.000000	0.012448
5.000000	0.016528
6.000000	0.020688
7.000000	0.020768
8.000000	0.026928
9.000000	0.033088
10.000000	0.041328
11.000000	0.041328
12.000000	0.047488
13.000000	0.051568
14.000000	0.059808
15.000000	0.059808
16.000000	0.065968
17.000000	0.068048
18.000000	0.076288
19.000000	0.076288
20.000000	0.080448
21.000000	0.078368
22.000000	0.080448
23.000000	0.088688
24.000000	0.090768
25.000000	0.096928
26.000000	0.099008
27.000000	0.101088
28.000000	0.105168
29.000000	0.109328
30.000000	0.121648
31.000000	0.121648
32.000000	0.123728
33.000000	0.125808
34.000000	0.127888
35.000000	0.138128
36.000000	0.140208
37.000000	0.142288
38.000000	0.146368
39.000000	0.150528
40.000000	0.158688
41.000000	0.158688
42.000000	0.158688
43.000000	0.158688
44.000000	0.158688
45.000000	0.158688
46.000000	0.158688
47.000000	0.158688
48.000000	0.158688
49.000000	0.158688
50.000000	0.158688
51.000000	0.158688
52.000000	0.158688
53.000000	0.158688
54.000000	0.158688
55.000000	0.158688
56.000000	0.158688
57.000000	0.158688
58.000000	0.158688
59.000000	0.158688
60.000000	0.158688
61.000000	0.158688
62.000000	0.158688
63.000000	0.158688
64.000000	0.158688
65.000000	0.162768
66.000000	0.168928
67.000000	0.166848
68.000000	0.171008
69.000000	0.166848
70.000000	0.158688
71.000000	0.158688
72.000000	0.158688
73.000000	0.158688
74.000000	0.158688
75.000000	0.158688
76.000000	0.158688
77.000000	0.158688
78.000000	0.158688
79.000000	0.158688
80.000000	0.158688
81.000000	0.158688
82.000000	0.158688
83.000000	0.158688
84.000000	0.158688
85.000000	0.156688
86.000000	0.156688
87.000000	0.156688
88.000000	0.156688
89.000000	0.156688
90.000000	0.158688
91.000000	0.158688
92.000000	0.158688
93.000000	0.158688
94.000000	0.158688
95.000000	0.158688
96.000000	0.158688
97.000000	0.158688
98.000000	0.158688
99.000000	0.158688
100.000000	0.158688
101.000000	0.158688
102.000000	0.158688
103.000000	0.158688
104.000000	0.158688
105.000000	0.158688
106.000000	0.158688
107.000000	0.158688
108.000000	0.158688
109.000000	0.158688
110.000000	0.158688
111.000000	0.158688
112.000000	0.158688
113.000000	0.158688
114.000000	0.158688
115.000000	0.162768
116.000000	0.168928
117.000000	0.166848
118.000000	0.171008
119.000000	0.166848
120.000000	0.158688
121.000000	0.158688
122.000000	0.158688
123.000000	0.158688
124.000000	0.158688
125.000000	0.158688
126.000000	0.158688
127.000000	0.158688
128.000000	0.158688
129.000000	0.158688
130.000000	0.158688
131.000000	0.158688
132.000000	0.158688
133.000000	0.158688
134.000000	0.158688
135.000000	0.156688
136.000000	0.156688
137.000000	0.156688
138.000000	0.156688
139.000000	0.156688
140.000000	0.158688
141.000000	0.158688
142.000000	0.158688
143.000000	0.158688
144.000000	0.158688
145.000000	0.158688
146.000000	0.158688
147.000000	0.158688
148.000000	0.158688
149.000000	0.158688
150.000000	0.158688
151.000000	0.156688
152.000000	0.156688
153.000000	0.154688
154.000000	0.154688
155.000000	0.158688
156.000000	0.156688
157.000000	0.154688
158.000000	0.152688
159.000000	0.150688
160.000000	0.158688
161.000000	0.156688
162.000000	0.156688
163.000000	0.152688
164.000000	0.152688
165.000000	0.160688
166.000000	0.160688
167.000000	0.160688
168.000000	0.160688
169.000000	0.160688
170.000000	0.158688
171.000000	0.158688
172.000000	0.158688
173.000000	0.158688
174.000000	0.158688
175.000000	0.158688
176.000000	0.158688
177.000000	0.158688
178.000000	0.158688
179.000000	0.158688
180.000000	0.158688
181.000000	0.158688
182.000000	0.158688
183.000000	0.158688
184.000000	0.158688
185.000000	0.156688
186.000000	0.154688
187.000000	0.152688
188.000000	0.150688
189.000000	0.148688
190.000000	0.158688
191.000000	0.158688
192.000000	0.158688
193.000000	0.158688
194.000000	0.158688
195.000000	0.158688
196.000000	0.158688
197.000000	0.158688
198.000000	0.158688
199.000000	0.158688
200.000000	0.158688
201.000000	0.158688
202.000000	0.158688
203.000000	0.158688
204.000000	0.158688
205.000000	0.158688
206.000000	0.158688
207.000000	0.158688
208.000000	0.158688
209.000000	0.158688
210.000000	0.158688
211.000000	0.158688
212.000000	0.158688
213.000000	0.158688
214.000000	0.158688
215.000000	0.160688
216.000000	0.162688
217.000000	0.164688
218.000000	0.166688
219.000000	0.168688
220.000000	0.158688
221.000000	0.158688
222.000000	0.158688
223.000000	0.158688
224.000000	0.158688
225.000000	0.158688
226.000000	0.158688
227.000000	0.158688
228.000000	0.158688
229.000000	0.158688
230.000000	0.158688
231.000000	0.158688
232.000000	0.158688
233.000000	0.158688
234.000000	0.158688
235.000000	0.156688
236.000000	0.154688
237.000000	0.152688
238.000000	0.150688
239.000000	0.148688
240.000000	0.158688
241.000000	0.158688
242.000000	0.158688
243.000000	0.158688
244.000000	0.158688
245.000000	0.158688
246.000000	0.158688
247.000000	0.158688
248.000000	0.158688
249.000000	0.158688
250.000000	0.158688
251.000000	0.158688
252.000000	0.158688
253.000000	0.158688
254.000000	0.158688
255.000000	0.158688
256.000000	0.158688
257.000000	0.158688
258.000000	0.158688
259.000000	0.158688
260.000000	0.158688
261.000000	0.158688
262.000000	0.158688
263.000000	0.158688
264.000000	0.158688
265.000000	0.160688
266.000000	0.162688
267.000000	0.164688
268.000000	0.166688
269.000000	0.168688
270.000000	0.158688
271.000000	0.158688
272.000000	0.158688
273.000000	0.158688
274.000000	0.158688
275.000000	0.158688
276.000000	0.158688
277.000000	0.158688
278.000000	0.158688
279.000000	0.158688
280.000000	0.158688
281.000000	0.158688
282.000000	0.158688
283.000000	0.158688
284.000000	0.158688
285.000000	0.156688
286.000000	0.154688
287.000000	0.152688
288.000000	0.150688
289.000000	0.148688
290.000000	0.158688
291.000000	0.158688
292.000000	0.158688
293.000000	0.158688
294.000000	0.158688
295.000000	0.158688
296.000000	0.158688
297.000000	0.158688
298.000000	0.158688
299.000000	0.158688
300.000000	0.158688
301.000000	0.158688
302.000000	0.158688
303.000000	0.158688
304.000000	0.158688
305.000000	0.158688
306.000000	0.158688
307.000000	0.158688
308.000000	0.158688
309.000000	0.158688
310.000000	0.158688
311.000000	0.158688
312.000000	0.158688
313.000000	0.158688
314.000000	0.158688
315.000000	0.160688
316.000000	0.162688
317.000000	0.164688
318.000000	0.166688
319.000000	0.168688
320.000000	0.158688
321.000000	0.158688
322.000000	0.158688
323.000000	0.158688
324.000000	0.158688
325.000000	0.158688
326.000000	0.158688
327.000000	0.158688
328.000000	0.158688
329.000000	0.158688
330.000000	0.158688
331.000000	0.158688
332.000000	0.158688
333.000000	0.158688
334.000000	0.158688
335.000000	0.156688
336.000000	0.154688
337.000000	0.152688
338.000000	0.150688
339.000000	0.148688
340.000000	0.158688
341.000000	0.158688
342.000000	0.158688
343.000000	0.158688
344.000000	0.158688
345.000000	0.158688
346.000000	0.158688
347.000000	0.158688
348.000000	0.158688
349.000000	0.158688
350.000000	0.158688
351.000000	0.158688
352.000000	0.158688
353.000000	0.158688
354.000000	0.158688
355.000000	0.158688
356.000000	0.158688
357.000000	0.158688
358.000000	0.158688
359.000000	0.158688
360.000000	0.158688
361.000000	0.158688
362.000000	0.158688
363.000000	0.158688
364.000000	0.158688
365.000000	0.160688
366.000000	0.162688
367.000000	0.164688
368.000000	0.166688
369.000000	0.168688
370.000000	0.158688
371.000000	0.158688
372.000000	0.158688
373.000000	0.158688
374.000000	0.158688
375.000000	0.158688
376.000000	0.158688
377.000000	0.158688
378.000000	0.158688
379.000000	0.158688
380.000000	0.158688
381.000000	0.158688
382.000000	0.158688
383.000000	0.158688
384.000000	0.158688
385.000000	0.156688
386.000000	0.154688
387.000000	0.152688
388.000000	0.150688
389.000000	0.148688
390.000000	0.158688
391.000000	0.158688
392.000000	0.158688
393.000000	0.158688
394.000000	0.158688
395.000000	0.158688
396.000000	0.158688
397.000000	0.158688
398.000000	0.158688
399.000000	0.158688
400.000000	0.158688
401.000000	0.158688
402.000000	0.158688
403.000000	0.158688
404.000000	0.158688
405.000000	0.158688
406.000000	0.158688
407.000000	0.158688
408.000000	0.158688
409.000000	0.158688
410.000000	0.158688
411.000000	0.158688
412.000000	0.158688
413.000000	0.158688
414.000000	0.158688
415.000000	0.160688
416.000000	0.162688
417.000000	0.164688
418.000000	0.166688
419.000000	0.168688
420.000000	0.158688
421.000000	0.158688
422.000000	0.158688
423.000000	0.158688
424.000000	0.158688
425.000000	0.158688
426.000000	0.158688
427.000000	0.158688
428.000000	0.158688
429.000000	0.158688
430.000000	0.158688
431.000000	0.158688
432.000000	0.158688
433.000000	0.158688
434.000000	0.158688
435.000000	0.156688
436.000000	0.154688
437.000000	0.152688
438.000000	0.150688
439.000000	0.148688
440.000000	0.158688
441.000000	0.158688
442.000000	0.158688
443.000000	0.158688
444.000000	0.158688
445.000000	0.158688
446.000000	0.158688
447.000000	0.158688
448.000000	0.158688
449.000000	0.158688
450.000000	0.158688
451.000000	0.158688
452.000000	0.158688
453.000000	0.158688
454.000000	0.158688
455.000000	0.158688
456.000000	0.158688
457.000000	0.158688
458.000000	0.158688
459.000000	0.158688
460.000000	0.158688
461.000000	0.158688
462.000000	0.158688
463.000000	0.158688
464.000000	0.158688
465.000000	0.160688
466.000000	0.162688
467.000000	0.164688
468.000000	0.166688
469.000000	0.168688
470.000000	0.158688
471.000000	0.158688
472.000000	0.158688
473.000000	0.158688
474.000000	0.158688
475.000000	0.158688
476.000000	0.158688
477.000000	0.158688
478.000000	0.158688
479.000000	0.158688
480.000000	0.158688
481.000000	0.158688
482.000000	0.158688
483.000000	0.158688
484.000000	0.158688
485.000000	0.156688
486.000000	0.154688
487.000000	0.152688
488.000000	0.152688
489.000000	0.152688
490.000000	0.158688
491.000000	0.158688
492.000000	0.158688
493.000000	0.158688
494.000000	0.158688
495.000000	0.158688
496.000000	0.158688
497.000000	0.158688
498.000000	0.158688
499.000000	0.160688
500.000000	0.158688
501.000000	0.158688
502.000000	0.158688
503.000000	0.158688
504.000000	0.160688
505.000000	0.158688
506.000000	0.158688
507.000000	0.158688
508.000000	0.158688
509.000000	0.158688
510.000000	0.158688
511.000000	0.158688
512.000000	0.158688
513.000000	0.158688
514.000000	0.158688
515.000000	0.160688
516.000000	0.162688
517.000000	0.164688
518.000000	0.166688
519.000000	0.166688
520.000000	0.158688
521.000000	0.158688
522.000000	0.158688
523.000000	0.160688
524.000000	0.158688
525.000000	0.158688
526.000000	0.158688
527.000000	0.158688
528.000000	0.158688
529.000000	0.158688
530.000000	0.158688
531.000000	0.158688
532.000000	0.158688
533.000000	0.160688
534.000000	0.160688
535.000000	0.156688
536.000000	0.154688
537.000000	0.154688
538.000000	0.154688
539.000000	0.154688
540.000000	0.158688
541.000000	0.158688
542.000000	0.158688
543.000000	0.160688
544.000000	0.160688
545.000000	0.158688
546.000000	0.158688
547.000000	0.160688
548.000000	0.160688
549.000000	0.160688
550.000000	0.158688
551.000000	0.158688
552.000000	0.160688
553.000000	0.160688
554.000000	0.160688
555.000000	0.158688
556.000000	0.158688
557.000000	0.158688
558.000000	0.158688
559.000000	0.160688
560.000000	0.158688
561.000000	0.158688
562.000000	0.158688
563.000000	0.160688
564.000000	0.160688
565.000000	0.160688
566.000000	0.162688
567.000000	0.162688
568.000000	0.162688
569.000000	0.162688
570.000000	0.158688
571.000000	0.160688
572.000000	0.158688
573.000000	0.158688
574.000000	0.160688
575.000000	0.158688
576.000000	0.160688
577.000000	0.160688
578.000000	0.160688
579.000000	0.158688
580.000000	0.158688
581.000000	0.160688
582.000000	0.160688
583.000000	0.158688
584.000000	0.160688
585.000000	0.158688
586.000000	0.158688
587.000000	0.158688
588.000000	0.158688
589.000000	0.158688
590.000000	0.158688
591.000000	0.160688
592.000000	0.160688
593.000000	0.160688
594.000000	0.160688
595.000000	0.160688
596.000000	0.160688
597.000000	0.160688
598.000000	0.160688
599.000000	0.160688
600.000000	0.160688
601.000000	0.160688
602.000000	0.160688
603.000000	0.160688
604.000000	0.160688
605.000000	0.158688
606.000000	0.158688
607.000000	0.158688
608.000000	0.158688
609.000000	0.158688
610.000000	0.160688
611.000000	0.160688
612.000000	0.160688
613.000000	0.160688
614.000000	0.158688
615.000000	0.158688
616.000000	0.158688
617.000000	0.158688
618.000000	0.158688
619.000000	0.158688
620.000000	0.160688
621.000000	0.158688
622.000000	0.160688
623.000000	0.160688
624.000000	0.158688
625.000000	0.160688
626.000000	0.160688
627.000000	0.160688
628.000000	0.160688
629.000000	0.158688
630.000000	0.160688
631.000000	0.158688
632.000000	0.160688
633.000000	0.160688
634.000000	0.160688
635.000000	0.160688
636.000000	0.160688
637.000000	0.160688
638.000000	0.160688
639.000000	0.158688
640.000000	0.158688
641.000000	0.160688
642.000000	0.158688
643.000000	0.158688
644.000000	0.158688
645.000000	0.160688
646.000000	0.160688
647.000000	0.160688
648.000000	0.158688
649.000000	0.158688
650.000000	0.160688
651.000000	0.160688
652.000000	0.160688
653.000000	0.158688
654.000000	0.158688
655.000000	0.160688
656.000000	0.160688
657.000000	0.160688
658.000000	0.158688
659.000000	0.158688
660.000000	0.160688
661.000000	0.160688
662.000000	0.160688
663.000000	0.158688
664.000000	0.158688
665.000000	0.154688
666.000000	0.154688
667.000000	0.154688
668.000000	0.156688
669.000000	0.158688
670.000000	0.160688
671.000000	0.160688
672.000000	0.158688
673.000000	0.158688
674.000000	0.158688
675.000000	0.160688
676.000000	0.160688
677.000000	0.158688
678.000000	0.158688
679.000000	0.158688
680.000000	0.160688
681.000000	0.160688
682.000000	0.160688
683.000000	0.158688
684.000000	0.158688
685.000000	0.164688
686.000000	0.164688
687.000000	0.162688
688.000000	0.160688
689.000000	0.158688
690.000000	0.158688
691.000000	0.158688
692.000000	0.158688
693.000000	0.158688
694.000000	0.158688
695.000000	0.160688
696.000000	0.158688
697.000000	0.158688
698.000000	0.158688
699.000000	0.158688
700.000000	0.160688
701.000000	0.158688
702.000000	0.158688
703.000000	0.158688
704.000000	0.158688
705.000000	0.160688
706.000000	0.158688
707.000000	0.158688
708.000000	0.158688
709.000000	0.158688
710.000000	0.160688
711.000000	0.158688
712.000000	0.158688
713.000000	0.158688
714.000000	0.158688
715.000000	0.150688
716.000000	0.152688
717.000000	0.154688
718.000000	0.156688
719.000000	0.158688
720.000000	0.158688
721.000000	0.158688
722.000000	0.158688
723.000000	0.158688
724.000000	0.158688
725.000000	0.158688
726.000000	0.158688
727.000000	0.158688
728.000000	0.158688
729.000000	0.158688
730.000000	0.158688
731.000000	0.158688
732.000000	0.158688
733.000000	0.158688
734.000000	0.158688
735.000000	0.166688
736.000000	0.164688
737.000000	0.162688
738.000000	0.160688
739.000000	0.158688
740.000000	0.158688
741.000000	0.158688
742.000000	0.158688
743.000000	0.158688
744.000000	0.158688
745.000000	0.158688
746.000000	0.158688
747.000000	0.158688
748.000000	0.158688
749.000000	0.158688
750.000000	0.158688
751.000000	0.158688
752.000000	0.158688
753.000000	0.158688
754.000000	0.158688
755.000000	0.158688
756.000000	0.158688
757.000000	0.158688
758.000000	0.158688
759.000000	0.158688
760.000000	0.158688
761.000000	0.158688
762.000000	0.158688
763.000000	0.158688
764.000000	0.158688
765.000000	0.150688
766.000000	0.152688
767.000000	0.154688
768.000000	0.156688
769.000000	0.158688
770.000000	0.158688
771.000000	0.158688
772.000000	0.158688
773.000000	0.158688
774.000000	0.158688
775.000000	0.158688
776.000000	0.158688
777.000000	0.158688
778.000000	0.158688
779.000000	0.158688
780.000000	0.158688
781.000000	0.158688
782.000000	0.158688
783.000000	0.158688
784.000000	0.158688
785.000000	0.166688
786.000000	0.164688
787.000000	0.162688
788.000000	0.160688
789.000000	0.158688
790.000000	0.158688
791.000000	0.158688
792.000000	0.158688
793.000000	0.158688
794.000000	0.158688
795.000000	0.158688
796.000000	0.158688
797.000000	0.158688
798.000000	0.158688
799.000000	0.158688
800.000000	0.158688
801.000000	0.158688
802.000000	0.158688
803.000000	0.158688
804.000000	0.158688
805.000000	0.158688
806.000000	0.158688
807.000000	0.158688
808.000000	0.158688
809.000000	0.158688
810.000000	0.158688
811.000000	0.158688
812.000000	0.158688
813.000000	0.158688
814.000000	0.158688
815.000000	0.150688
816.000000	0.152688
817.000000	0.154688
818.000000	0.156688
819.000000	0.158688
820.000000	0.158688
821.000000	0.158688
822.000000	0.158688
823.000000	0.158688
824.000000	0.158688
825.000000	0.158688
826.000000	0.158688
827.000000	0.158688
828.000000	0.158688
829.000000	0.158688
830.000000	0.158688
831.000000	0.158688
832.000000	0.158688
833.000000	0.158688
834.000000	0.158688
835.000000	0.166688
836.000000	0.164688
837.000000	0.162688
838.000000	0.160688
839.000000	0.158688
840.000000	0.158688
841.000000	0.158688
842.000000	0.158688
843.000000	0.158688
844.000000	0.158688
845.000000	0.158688
846.000000	0.158688
847.000000	0.158688
848.000000	0.158688
849.000000	0.158688
850.000000	0.158688
851.000000	0.158688
852.000000	0.158688
853.000000	0.158688
854.000000	0.158688
855.000000	0.158688
856.000000	0.158688
857.000000	0.158688
858.000000	0.158688
859.000000	0.158688
860.000000	0.158688
861.000000	0.158688
862.000000	0.158688
863.000000	0.158688
864.000000	0.158688
865.000000	0.150688
866.000000	0.152688
867.000000	0.154688
868.000000	0.156688
869.000000	0.158688
870.000000	0.158688
871.000000	0.158688
872.000000	0.158688
873.000000	0.158688
874.000000	0.158688
875.000000	0.158688
876.000000	0.158688
877.000000	0.158688
878.000000	0.158688
879.000000	0.158688
880.000000	0.158688
881.000000	0.158688
882.000000	0.158688
883.000000	0.158688
884.000000	0.158688
885.000000	0.166688
886.000000	0.164688
887.000000	0.162688
888.000000	0.160688
889.000000	0.158688
890.000000	0.158688
891.000000	0.158688
892.000000	0.158688
893.000000	0.158688
894.000000	0.158688
895.000000	0.158688
896.000000	0.158688
897.000000	0.158688
898.000000	0.158688
899.000000	0.158688
900.000000	0.158688
901.000000	0.158688
902.000000	0.158688
903.000000	0.158688
904.000000	0.158688
905.000000	0.158688
906.000000	0.158688
907.000000	0.158688
908.000000	0.158688
909.000000	0.158688
910.000000	0.158688
911.000000	0.158688
912.000000	0.158688
913.000000	0.158688
914.000000	0.158688
915.000000	0.150688
916.000000	0.152688
917.000000	0.154688
918.000000	0.156688
919.000000	0.158688
920.000000	0.158688
921.000000	0.158688
922.000000	0.158688
923.000000	0.158688
924.000000	0.158688
925.000000	0.158688
926.000000	0.158688
927.000000	0.158688
928.000000	0.158688
929.000000	0.158688
930.000000	0.158688
931.000000	0.158688
932.000000	0.158688
933.000000	0.158688
934.000000	0.158688
935.000000	0.166688
936.000000	0.164688
937.000000	0.162688
938.000000	0.160688
939.000000	0.158688
940.000000	0.158688
941.000000	0.158688
942.000000	0.158688
943.000000	0.158688
944.000000	0.158688
945.000000	0.158688
946.000000	0.158688
947.000000	0.158688
948.000000	0.158688
949.000000	0.158688
950.000000	0.158688
951.000000	0.158688
952.000000	0.158688
953.000000	0.158688
954.000000	0.158688
955.000000	0.158688
956.000000	0.158688
957.000000	0.158688
958.000000	0.158688
959.000000	0.158688
960.000000	0.158688
961.000000	0.158688
962.000000	0.158688
963.000000	0.158688
964.000000	0.158688
965.000000	0.150688
966.000000	0.152688
967.000000	0.154688
968.000000	0.156688
969.000000	0.158688
970.000000	0.158688
971.000000	0.158688
972.000000	0.158688
973.000000	0.158688
974.000000	0.158688
975.000000	0.158688
976.000000	0.158688
977.000000	0.158688
978.000000	0.158688
979.000000	0.158688
980.000000	0.158688
981.000000	0.158688
982.000000	0.158688
983.000000	0.158688
984.000000	0.158688
985.000000	0.166688
986.000000	0.164688
987.000000	0.162688
988.000000	0.160688
989.000000	0.158688
990.000000	0.158688
991.000000	0.158688
992.000000	0.158688
993.000000	0.158688
994.000000	0.158688
995.000000	0.158688
996.000000	0.158688
997.000000	0.158688
998.000000	0.158688
999.000000	0.158688
1000.000000	0.158688
1001.000000	0.158688
1002.000000	0.158688
1003.000000	0.158688
1004.000000	0.158688
1005.000000	0.158688
1006.000000	0.158688
1007.000000	0.158688
1008.000000	0.158688
1009.000000	0.158688
1010.000000	0.158688
1011.000000	0.158688
1012.000000	0.158688
1013.000000	0.158688
1014.000000	0.158688
1015.000000	0.150688
1016.000000	0.152688
1017.000000	0.154688
1018.000000	0.156688
1019.000000	0.158688
1020.000000	0.158688
1021.000000	0.158688
1022.000000	0.158688
1023.000000	0.158688
1024.000000	0.158688
1025.000000	0.158688
1026.000000	0.158688
1027.000000	0.158688
1028.000000	0.158688
1029.000000	0.158688
1030.000000	0.158688
1031.000000	0.158688
1032.000000	0.158688
1033.000000	0.158688
1034.000000	0.158688
1035.000000	0.166688
1036.000000	0.164688
1037.000000	0.162688
1038.000000	0.160688
1039.000000	0.158688
1040.000000	0.158688
1041.000000	0.158688
1042.000000	0.158688
1043.000000	0.158688
1044.000000	0.158688
1045.000000	0.158688
1046.000000	0.158688
1047.000000	0.158688
1048.000000	0.158688
1049.000000	0.158688
1050.000000	0.158688
1051.000000	0.158688
1052.000000	0.158688
1053.000000	0.158688
1054.000000	0.158688
1055.000000	0.158688
1056.000000	0.158688
1057.000000	0.158688
1058.000000	0.158688
1059.000000	0.158688
1060.000000	0.158688
1061.000000	0.158688
1062.000000	0.158688
1063.000000	0.158688
1064.000000	0.158688
1065.000000	0.150688
1066.000000	0.152688
1067.000000	0.154688
1068.000000	0.156688
1069.000000	0.158688
1070.000000	0.158688
1071.000000	0.158688
1072.000000	0.158688
1073.000000	0.158688
1074.000000	0.158688
1075.000000	0.158688
1076.000000	0.158688
1077.000000	0.158688
1078.000000	0.158688
1079.000000	0.158688
1080.000000	0.158688
1081.000000	0.158688
1082.000000	0.158688
1083.000000	0.158688
1084.000000	0.158688
1085.000000	0.166688
1086.000000	0.164688
1087.000000	0.162688
1088.000000	0.160688
1089.000000	0.158688
1090.000000	0.158688
1091.000000	0.158688
1092.000000	0.158688
1093.000000	0.158688
1094.000000	0.158688
1095.000000	0.158688
1096.000000	0.158688
1097.000000	0.158688
1098.000000	0.158688
1099.000000	0.158688
1100.000000	0.158688
1101.000000	0.158688
1102.000000	0.158688
1103.000000	0.158688
1104.000000	0.158688
1105.000000	0.158688
1106.000000	0.158688
1107.000000	0.158688
1108.000000	0.158688
1109.000000	0.158688
1110.000000	0.158688
1111.000000	0.158688
1112.000000	0.158688
1113.000000	0.158688
1114.000000	0.158688
1115.000000	0.150688
1116.000000	0.152688
1117.000000	0.154688
1118.000000	0.156688
1119.000000	0.158688
1120.000000	0.158688
1121.000000	0.158688
1122.000000	0.158688
1123.000000	0.158688
1124.000000	0.158688
1125.000000	0.158688
1126.000000	0.158688
1127.000000	0.158688
1128.000000	0.158688
1129.000000	0.158688
1130.000000	0.158688
1131.000000	0.158688
1132.000000	0.158688
1133.000000	0.158688
1134.000000	0.158688
1135.000000	0.166688
1136.000000	0.164688
1137.000000	0.162688
1138.000000	0.160688
1139.000000	0.158688
1140.000000	0.158688
1141.000000	0.158688
1142.000000	0.158688
1143.000000	0.158688
1144.000000	0.158688
1145.000000	0.158688
1146.000000	0.158688
1147.000000	0.158688
1148.000000	0.158688
1149.000000	0.158688
1150.000000	0.158688
1151.000000	0.158688
1152.000000	0.158688
1153.000000	0.158688
1154.000000	0.158688
1155.000000	0.158688
1156.000000	0.158688
1157.000000	0.158688
1158.000000	0.158688
1159.000000	0.158688
1160.000000	0.158688
1161.000000	0.158688
1162.000000	0.158688
1163.000000	0.158688
1164.000000	0.158688
1165.000000	0.150688
1166.000000	0.152688
1167.000000	0.154688
1168.000000	0.156688
1169.000000	0.158688
1170.000000	0.158688
1171.000000	0.158688
1172.000000	0.158688
1173.000000	0.158688
1174.000000	0.158688
1175.000000	0.158688
1176.000000	0.158688
1177.000000	0.158688
1178.000000	0.158688
1179.000000	0.158688
1180.000000	0.158688
1181.000000	0.158688
1182.000000	0.158688
1183.000000	0.158688
1184.000000	0.158688
1185.000000	0.166688
1186.000000	0.164688
1187.000000	0.162688
1188.000000	0.160688
1189.000000	0.158688
1190.000000	0.158688
1191.000000	0.158688
1192.000000	0.158688
1193.000000	0.158688
1194.000000	0.158688
1195.000000	0.158688
1196.000000	0.158688
1197.000000	0.158688
1198.000000	0.158688
1199.000000	0.158688
1200.000000	0.158688
1201.000000	0.158688
1202.000000	0.158688
1203.000000	0.158688
1204.000000	0.158688
1205.000000	0.158688
1206.000000	0.158688
1207.000000	0.158688
1208.000000	0.158688
1209.000000	0.158688
1210.000000	0.158688
1211.000000	0.158688
1212.000000	0.158688
1213.000000	0.158688
1214.000000	0.158688
1215.000000	0.150688
1216.000000	0.152688
1217.000000	0.154688
1218.000000	0.156688
1219.000000	0.158688
1220.000000	0.158688
1221.000000	0.158688
1222.000000	0.158688
1223.000000	0.158688
1224.000000	0.158688
1225.000000	0.158688
1226.000000	0.158688
1227.000000	0.158688
1228.000000	0.158688
1229.000000	0.158688
1230.000000	0.158688
1231.000000	0.158688
1232.000000	0.158688
1233.000000	0.158688
1234.000000	0.158688
1235.000000	0.166688
1236.000000	0.164688
1237.000000	0.162688
1238.000000	0.160688
1239.000000	0.158688
1240.000000	0.158688
1241.000000	0.158688
1242.000000	0.158688
1243.000000	0.158688
1244.000000	0.158688
1245.000000	0.158688
1246.000000	0.158688
1247.000000	0.158688
1248.000000	0.158688
1249.000000	0.158688
1250.000000	0.158688
1251.000000	0.158688
1252.000000	0.158688
1253.000000	0.158688
1254.000000	0.158688
1255.000000	0.158688
1256.000000	0.158688
1257.000000	0.158688
1258.000000	0.158688
1259.000000	0.158688
1260.000000	0.158688
1261.000000	0.158688
1262.000000	0.158688
1263.000000	0.158688
1264.000000	0.158688
1265.000000	0.150688
1266.000000	0.152688
1267.000000	0.154688
1268.000000	0.156688
1269.000000	0.158688
1270.000000	0.158688
1271.000000	0.158688
1272.000000	0.158688
1273.000000	0.158688
1274.000000	0.158688
1275.000000	0.158688
1276.000000	0.158688
1277.000000	0.158688
1278.000000	0.158688
1279.000000	0.158688
1280.000000	0.158688
1281.000000	0.158688
1282.000000	0.158688
1283.000000	0.158688
1284.000000	0.158688
1285.000000	0.166688
1286.000000	0.164688
1287.000000	0.162688
1288.000000	0.160688
1289.000000	0.158688
1290.000000	0.158688
1291.000000	0.158688
1292.000000	0.158688
1293.000000	0.158688
1294.000000	0.158688
1295.000000	0.158688
1296.000000	0.158688
1297.000000	0.158688
1298.000000	0.158688
1299.000000	0.158688
1300.000000	0.158688
1301.000000	0.158688
1302.000000	0.158688
1303.000000	0.158688
1304.000000	0.158688
1305.000000	0.158688
1306.000000	0.158688
1307.000000	0.158688
1308.000000	0.158688
1309.000000	0.158688
1310.000000	0.158688
1311.000000	0.158688
1312.000000	0.158688
1313.000000	0.158688
1314.000000	0.158688
1315.000000	0.150688
1316.000000	0.152688
1317.000000	0.154688
1318.000000	0.156688
1319.000000	0.158688
1320.000000	0.158688
1321.000000	0.158688
1322.000000	0.158688
1323.000000	0.158688
1324.000000	0.158688
1325.000000	0.158688
1326.000000	0.158688
1327.000000	0.158688
1328.000000	0.158688
1329.000000	0.158688
1330.000000	0.158688
1331.000000	0.158688
1332.000000	0.158688
1333.000000	0.158688
1334.000000	0.158688
1335.000000	0.166688
1336.000000	0.164688
1337.000000	0.162688
1338.000000	0.160688
1339.000000	0.158688
1340.000000	0.158688
1341.000000	0.158688
1342.000000	0.158688
1343.000000	0.158688
1344.000000	0.158688
1345.000000	0.158688
1346.000000	0.158688
1347.000000	0.158688
1348.000000	0.158688
1349.000000	0.158688
1350.000000	0.158688
1351.000000	0.158688
1352.000000	0.158688
1353.000000	0.158688
1354.000000	0.158688
1355.000000	0.158688
1356.000000	0.158688
1357.000000	0.158688
1358.000000	0.158688
1359.000000	0.158688
1360.000000	0.158688
1361.000000	0.158688
1362.000000	0.158688
1363.000000	0.158688
1364.000000	0.158688
1365.000000	0.150688
1366.000000	0.152688
1367.000000	0.154688
1368.000000	0.156688
1369.000000	0.158688
1370.000000	0.158688
1371.000000	0.158688
1372.000000	0.158688
1373.000000	0.158688
1374.000000	0.158688
1375.000000	0.158688
1376.000000	0.158688
1377.000000	0.158688
1378.000000	0.158688
1379.000000	0.158688
1380.000000	0.158688
1381.000000	0.158688
1382.000000	0.158688
1383.000000	0.158688
1384.000000	0.158688
1385.000000	0.166688
1386.000000	0.164688
1387.000000	0.162688
1388.000000	0.160688
1389.000000	0.158688
1390.000000	0.158688
1391.000000	0.158688
1392.000000	0.158688
1393.000000	0.158688
1394.000000	0.158688
1395.000000	0.158688
1396.000000	0.158688
1397.000000	0.158688
1398.000000	0.158688
1399.000000	0.158688
1400.000000	0.158688
1401.000000	0.158688
1402.000000	0.158688
1403.000000	0.158688
1404.000000	0.158688
1405.000000	0.158688
1406.000000	0.158688
1407.000000	0.158688
1408.000000	0.158688
1409.000000	0.158688
1410.000000	0.158688
1411.000000	0.158688
1412.000000	0.158688
1413.000000	0.158688
1414.000000	0.158688
1415.000000	0.150688
1416.000000	0.152688
1417.000000	0.154688
1418.000000	0.156688
1419.000000	0.158688
1420.000000	0.158688
1421.000000	0.158688
1422.000000	0.158688
1423.000000	0.158688
1424.000000	0.158688
1425.000000	0.158688
1426.000000	0.158688
1427.000000	0.158688
1428.000000	0.158688
1429.000000	0.158688
1430.000000	0.158688
1431.000000	0.158688
1432.000000	0.158688
1433.000000	0.158688
1434.000000	0.158688
1435.000000	0.166688
1436.000000	0.164688
1437.000000	0.162688
1438.000000	0.160688
1439.000000	0.158688
1440.000000	0.158688
1441.000000	0.158688
1442.000000	0.158688
1443.000000	0.158688
1444.000000	0.158688
1445.000000	0.158688
1446.000000	0.158688
1447.000000	0.158688
1448.000000	0.158688
1449.000000	0.158688
1450.000000	0.158688
1451.000000	0.158688
1452.000000	0.158688
1453.000000	0.158688
1454.000000	0.158688
1455.000000	0.158688
1456.000000	0.158688
1457.000000	0.158688
1458.000000	0.158688
1459.000000	0.158688
1460.000000	0.158688
1461.000000	0.158688
1462.000000	0.158688
