0 0.111000
1 0.119000
2 0.131000
3 0.139000
4 0.151000
5 0.157000
6 0.165000
7 0.179000
8 0.183000
9 0.189000
10 0.201000
11 0.205000
12 0.213000
13 0.227000
14 0.231000
15 0.237000
16 0.245000
17 0.259000
18 0.263000
19 0.269000
20 0.281000
21 0.285000
22 0.293000
23 0.297000
24 0.311000
25 0.335000
26 0.339000
27 0.343000
28 0.349000
29 0.353000
30 0.381000
31 0.385000
32 0.389000
33 0.393000
34 0.397000
35 0.401000
36 0.431000
37 0.435000
38 0.441000
39 0.445000
40 0.449000
41 0.453000
43 0.457000
42 0.491000
44 0.495000
45 0.499000
46 0.503000
47 0.507000
48 0.513000
49 0.517000
50 0.521000
51 0.525000
52 0.529000
53 0.533000
54 0.603000
55 0.607000
56 0.611000
57 0.617000
58 0.621000
59 0.625000
60 0.629000
61 0.633000
62 0.637000
63 0.641000
64 0.645000
65 0.649000
66 0.653000
68 0.657000
67 0.705000
69 0.709000
70 0.713000
71 0.717000
72 0.721000
73 0.725000
74 0.729000
75 0.733000
76 0.737000
77 0.741000
78 0.745000
79 0.749000
80 0.755000
81 0.759000
82 0.833000
83 0.837000
84 0.841000
85 0.845000
86 0.851000
87 0.855000
88 0.859000
89 0.863000
90 0.867000
91 0.871000
92 0.875000
93 0.879000
94 0.883000
95 0.887000
96 0.891000
97 0.895000
98 0.939000
99 0.943000
100 0.947000
101 0.951000
102 0.955000
103 0.959000
104 0.963000
105 0.967000
106 0.971000
107 0.975000
108 0.981000
109 0.985000
110 0.989000
111 1.069000
112 1.073000
113 1.077000
114 1.081000
115 1.087000
116 1.091000
117 1.095000
118 1.099000
119 1.103000
120 1.107000
121 1.111000
122 1.115000
123 1.119000
124 1.123000
125 1.127000
126 1.131000
127 1.135000
128 1.173000
129 1.177000
130 1.181000
131 1.185000
132 1.189000
133 1.193000
134 1.197000
135 1.201000
136 1.205000
137 1.211000
138 1.215000
139 1.289000
140 1.293000
141 1.297000
142 1.301000
143 1.307000
144 1.311000
145 1.315000
146 1.319000
147 1.323000
148 1.327000
149 1.331000
150 1.335000
151 1.339000
152 1.343000
153 1.347000
154 1.351000
155 1.395000
156 1.399000
157 1.403000
158 1.407000
159 1.411000
160 1.415000
161 1.419000
162 1.423000
163 1.427000
164 1.431000
165 1.437000
166 1.441000
167 1.445000
168 1.525000
169 1.529000
170 1.533000
171 1.537000
172 1.543000
173 1.547000
174 1.551000
175 1.555000
176 1.559000
177 1.563000
178 1.567000
179 1.571000
180 1.575000
181 1.579000
182 1.583000
183 1.587000
184 1.591000
185 1.629000
186 1.633000
187 1.637000
188 1.641000
189 1.645000
190 1.649000
191 1.653000
192 1.657000
193 1.661000
194 1.667000
195 1.671000
196 1.745000
197 1.749000
198 1.753000
199 1.757000
200 1.763000
201 1.767000
202 1.771000
203 1.775000
204 1.779000
205 1.783000
206 1.787000
207 1.791000
208 1.795000
209 1.799000
210 1.803000
211 1.807000
212 1.851000
213 1.855000
214 1.859000
215 1.863000
216 1.867000
217 1.871000
218 1.875000
219 1.879000
220 1.883000
221 1.887000
222 1.893000
223 1.897000
224 1.901000
225 1.969000
226 1.973000
227 1.977000
228 1.981000
229 1.987000
230 1.991000
231 1.995000
232 1.999000
233 2.003000
234 2.007000
235 2.011000
236 2.015000
237 2.019000
239 2.023000
238 2.067000
240 2.071000
241 2.075000
242 2.079000
243 2.083000
244 2.087000
245 2.091000
246 2.095000
247 2.099000
249 2.103000
248 2.109000
250 2.113000
251 2.179000
252 2.183000
253 2.187000
254 2.191000
255 2.197000
256 2.201000
257 2.205000
258 2.209000
259 2.213000
260 2.217000
261 2.221000
262 2.225000
263 2.229000
265 2.233000
264 2.281000
266 2.285000
267 2.289000
268 2.293000
269 2.297000
270 2.301000
271 2.305000
272 2.309000
273 2.313000
275 2.317000
274 2.323000
276 2.327000
277 2.331000
278 2.335000
279 2.369000
280 2.373000
281 2.377000
282 2.381000
283 2.387000
284 2.391000
285 2.395000
286 2.399000
287 2.411000
288 2.415000
289 2.425000
290 2.435000
291 2.439000
292 2.449000
293 2.459000
294 2.463000
295 2.473000
296 2.483000
297 2.487000
298 2.501000
299 2.505000
300 2.519000
301 2.523000
302 2.527000
303 2.539000
304 2.543000
305 2.549000
306 2.557000
307 2.565000
308 2.573000
309 2.583000
310 2.589000
311 2.597000
312 2.605000
313 2.613000
314 2.623000
315 2.629000
316 2.637000
317 2.645000
318 2.653000
319 2.663000
320 2.669000
321 2.677000
322 2.685000
323 2.693000
324 2.703000
325 2.709000
326 2.717000
327 2.725000
328 2.733000
329 2.743000
330 2.749000
331 2.757000
332 2.765000
333 2.773000
334 2.783000
335 2.789000
336 2.797000
337 2.805000
338 2.813000
339 2.823000
340 2.829000
341 2.837000
342 2.845000
343 2.853000
344 2.863000
345 2.869000
346 2.877000
347 2.885000
348 2.893000
349 2.903000
350 2.909000
351 2.917000
352 2.925000
353 2.933000
354 2.943000
355 2.949000
356 2.957000
357 2.965000
358 2.973000
359 2.983000
360 2.989000
361 2.997000
362 3.005000
363 3.013000
364 3.023000
365 3.029000
366 3.037000
367 3.045000
368 3.053000
369 3.063000
370 3.069000
371 3.077000
372 3.085000
373 3.093000
374 3.103000
375 3.109000
376 3.117000
377 3.125000
378 3.133000
379 3.143000
380 3.149000
381 3.157000
382 3.165000
383 3.173000
384 3.183000
385 3.189000
386 3.197000
387 3.205000
388 3.213000
389 3.223000
390 3.229000
391 3.237000
392 3.245000
393 3.253000
394 3.263000
395 3.269000
396 3.277000
397 3.285000
398 3.293000
399 3.303000
400 3.309000
401 3.317000
402 3.325000
403 3.333000
404 3.343000
405 3.349000
406 3.357000
407 3.365000
408 3.373000
409 3.383000
410 3.389000
411 3.397000
412 3.405000
413 3.413000
414 3.423000
415 3.429000
416 3.437000
417 3.445000
418 3.453000
419 3.463000
420 3.469000
421 3.477000
422 3.485000
423 3.493000
424 3.503000
425 3.509000
426 3.517000
427 3.525000
428 3.533000
429 3.543000
430 3.549000
431 3.557000
432 3.565000
433 3.573000
434 3.583000
435 3.589000
436 3.597000
437 3.605000
438 3.613000
439 3.623000
440 3.629000
441 3.637000
442 3.645000
443 3.653000
444 3.663000
445 3.669000
446 3.677000
447 3.685000
448 3.693000
449 3.703000
450 3.709000
451 3.717000
452 3.725000
453 3.733000
454 3.743000
455 3.749000
456 3.757000
457 3.765000
458 3.773000
459 3.783000
460 3.789000
461 3.797000
462 3.805000
463 3.813000
464 3.823000
465 3.829000
466 3.837000
467 3.845000
468 3.853000
469 3.863000
470 3.869000
471 3.877000
472 3.885000
473 3.893000
474 3.903000
475 3.909000
476 3.917000
477 3.925000
478 3.933000
479 3.943000
480 3.949000
481 3.957000
482 3.965000
483 3.973000
484 3.983000
485 3.989000
486 3.997000
487 4.005000
488 4.013000
489 4.023000
490 4.029000
491 4.037000
492 4.045000
493 4.053000
494 4.063000
495 4.069000
496 4.077000
497 4.085000
498 4.093000
499 4.103000
500 4.109000
501 4.117000
502 4.125000
503 4.133000
504 4.143000
505 4.149000
506 4.157000
507 4.165000
508 4.173000
509 4.183000
510 4.189000
511 4.197000
512 4.205000
513 4.213000
514 4.223000
515 4.229000
516 4.237000
517 4.245000
518 4.253000
519 4.263000
520 4.269000
521 4.277000
522 4.285000
523 4.293000
524 4.303000
525 4.309000
526 4.317000
527 4.325000
528 4.333000
529 4.343000
530 4.349000
531 4.357000
532 4.365000
533 4.373000
534 4.383000
535 4.389000
536 4.397000
537 4.405000
538 4.413000
539 4.423000
540 4.429000
541 4.437000
542 4.445000
543 4.453000
544 4.463000
545 4.469000
546 4.477000
547 4.485000
548 4.493000
549 4.503000
550 4.509000
551 4.517000
552 4.525000
553 4.533000
554 4.543000
555 4.549000
556 4.557000
557 4.565000
558 4.573000
559 4.583000
560 4.589000
561 4.597000
562 4.605000
563 4.613000
564 4.623000
565 4.629000
566 4.637000
567 4.645000
568 4.653000
569 4.663000
570 4.669000
571 4.677000
572 4.685000
573 4.693000
574 4.703000
575 4.709000
576 4.717000
577 4.725000
578 4.733000
579 4.743000
580 4.749000
581 4.757000
582 4.765000
583 4.773000
584 4.783000
585 4.789000
586 4.797000
587 4.805000
588 4.813000
589 4.823000
590 4.829000
591 4.837000
592 4.845000
593 4.853000
594 4.863000
595 4.869000
596 4.877000
597 4.885000
598 4.893000
599 4.903000
600 4.909000
601 4.917000
602 4.925000
603 4.933000
604 4.943000
605 4.949000
606 4.957000
607 4.965000
608 4.973000
609 4.983000
610 4.989000
611 4.997000
612 5.005000
613 5.013000
614 5.023000
615 5.029000
616 5.037000
617 5.045000
618 5.053000
619 5.063000
620 5.069000
621 5.077000
622 5.085000
623 5.093000
624 5.103000
625 5.111000
626 5.119000
627 5.127000
628 5.135000
629 5.145000
630 5.151000
631 5.159000
632 5.167000
633 5.175000
634 5.185000
635 5.191000
636 5.199000
637 5.207000
638 5.215000
639 5.225000
640 5.231000
641 5.239000
642 5.247000
643 5.255000
644 5.265000
645 5.271000
646 5.279000
647 5.287000
648 5.295000
649 5.305000
650 5.311000
651 5.319000
652 5.327000
653 5.335000
654 5.345000
655 5.351000
656 5.359000
657 5.367000
658 5.375000
659 5.385000
660 5.391000
661 5.399000
662 5.407000
663 5.415000
664 5.425000
665 5.431000
666 5.439000
667 5.447000
668 5.455000
669 5.465000
670 5.471000
671 5.479000
672 5.487000
673 5.495000
674 5.505000
675 5.511000
676 5.519000
677 5.527000
678 5.535000
679 5.545000
680 5.551000
681 5.559000
682 5.567000
683 5.575000
684 5.585000
685 5.591000
686 5.599000
687 5.607000
688 5.615000
689 5.625000
690 5.631000
691 5.639000
692 5.647000
693 5.655000
694 5.665000
695 5.671000
696 5.679000
697 5.687000
698 5.695000
699 5.705000
700 5.711000
701 5.719000
702 5.727000
703 5.735000
704 5.745000
705 5.751000
706 5.759000
707 5.767000
708 5.775000
709 5.785000
710 5.791000
711 5.799000
712 5.807000
713 5.815000
714 5.825000
715 5.831000
716 5.839000
717 5.847000
718 5.855000
719 5.865000
720 5.871000
721 5.879000
722 5.887000
723 5.895000
724 5.905000
725 5.911000
726 5.919000
727 5.927000
728 5.935000
729 5.945000
730 5.951000
731 5.959000
732 5.967000
733 5.975000
734 5.985000
735 5.991000
736 5.999000
737 6.007000
738 6.015000
739 6.025000
740 6.031000
741 6.039000
742 6.047000
743 6.055000
744 6.065000
745 6.071000
746 6.079000
747 6.087000
748 6.095000
749 6.105000
750 6.111000
751 6.119000
752 6.127000
753 6.135000
754 6.145000
755 6.151000
756 6.159000
757 6.167000
758 6.175000
759 6.185000
760 6.191000
761 6.199000
762 6.207000
763 6.215000
764 6.225000
765 6.231000
766 6.239000
767 6.247000
768 6.255000
769 6.265000
770 6.271000
771 6.279000
772 6.287000
773 6.295000
774 6.305000
775 6.311000
776 6.319000
777 6.327000
778 6.335000
779 6.345000
780 6.351000
781 6.359000
782 6.367000
783 6.375000
784 6.385000
785 6.391000
786 6.399000
787 6.407000
788 6.415000
789 6.425000
790 6.431000
791 6.439000
792 6.447000
793 6.455000
794 6.465000
795 6.471000
796 6.479000
797 6.487000
798 6.495000
799 6.505000
800 6.511000
801 6.519000
802 6.527000
803 6.535000
804 6.545000
805 6.551000
806 6.559000
807 6.567000
808 6.575000
809 6.585000
810 6.591000
811 6.599000
812 6.607000
813 6.615000
814 6.625000
815 6.631000
816 6.639000
817 6.647000
818 6.655000
819 6.665000
820 6.671000
821 6.679000
822 6.687000
823 6.695000
824 6.705000
825 6.711000
826 6.719000
827 6.727000
828 6.735000
829 6.745000
830 6.751000
831 6.759000
832 6.767000
833 6.775000
834 6.785000
835 6.791000
836 6.799000
837 6.807000
838 6.815000
839 6.825000
840 6.831000
841 6.839000
842 6.847000
843 6.855000
844 6.865000
845 6.871000
846 6.879000
847 6.887000
848 6.895000
849 6.905000
850 6.911000
851 6.919000
852 6.927000
853 6.935000
854 6.945000
855 6.951000
856 6.959000
857 6.967000
858 6.975000
859 6.985000
860 6.991000
861 6.999000
862 7.007000
863 7.015000
864 7.025000
865 7.031000
866 7.039000
867 7.047000
868 7.055000
869 7.065000
870 7.071000
871 7.079000
872 7.087000
873 7.095000
874 7.105000
875 7.111000
876 7.119000
877 7.127000
878 7.135000
879 7.145000
880 7.151000
881 7.159000
882 7.167000
883 7.175000
884 7.185000
885 7.191000
886 7.199000
887 7.207000
888 7.215000
889 7.225000
890 7.231000
891 7.239000
892 7.247000
893 7.255000
894 7.265000
895 7.271000
896 7.279000
897 7.287000
898 7.295000
899 7.305000
900 7.311000
901 7.319000
902 7.327000
903 7.335000
904 7.345000
905 7.351000
906 7.359000
907 7.367000
908 7.375000
909 7.385000
910 7.391000
911 7.399000
912 7.407000
913 7.415000
914 7.425000
915 7.431000
916 7.439000
917 7.447000
918 7.455000
919 7.465000
920 7.471000
921 7.479000
922 7.487000
923 7.495000
924 7.505000
925 7.511000
926 7.519000
927 7.527000
928 7.535000
929 7.545000
930 7.551000
931 7.559000
932 7.567000
933 7.575000
934 7.585000
935 7.591000
936 7.599000
937 7.607000
938 7.615000
939 7.625000
940 7.631000
941 7.639000
942 7.647000
943 7.655000
944 7.665000
945 7.671000
946 7.679000
947 7.687000
948 7.695000
949 7.705000
950 7.711000
951 7.719000
952 7.727000
953 7.735000
954 7.745000
955 7.751000
956 7.759000
957 7.767000
958 7.775000
959 7.785000
960 7.791000
961 7.799000
962 7.807000
963 7.815000
964 7.825000
965 7.831000
966 7.839000
967 7.847000
968 7.855000
969 7.865000
970 7.871000
971 7.879000
972 7.887000
973 7.895000
974 7.905000
975 7.911000
976 7.919000
977 7.927000
978 7.935000
979 7.945000
980 7.951000
981 7.959000
982 7.967000
983 7.975000
984 7.985000
985 7.991000
986 7.999000
987 8.007000
988 8.015000
989 8.025000
990 8.031000
991 8.041000
992 8.047000
993 8.057000
994 8.063000
995 8.071000
996 8.081000
997 8.087000
998 8.097000
999 8.103000
1000 8.111000
1001 8.121000
1002 8.127000
1003 8.137000
1004 8.143000
1005 8.151000
1006 8.161000
1007 8.167000
1008 8.177000
1009 8.183000
1010 8.191000
1011 8.201000
1012 8.207000
1013 8.217000
1014 8.223000
1015 8.231000
1016 8.241000
1017 8.247000
1018 8.257000
1019 8.263000
1020 8.271000
1021 8.281000
1022 8.287000
1023 8.297000
1024 8.303000
1025 8.311000
1026 8.321000
1027 8.327000
1028 8.337000
1029 8.343000
1030 8.351000
1031 8.361000
1032 8.367000
1033 8.377000
1034 8.383000
1035 8.391000
1036 8.401000
1037 8.407000
1038 8.417000
1039 8.423000
1040 8.431000
1041 8.441000
1042 8.447000
1043 8.457000
1044 8.463000
1045 8.471000
1046 8.481000
1047 8.487000
1048 8.497000
1049 8.503000
1050 8.511000
1051 8.521000
1052 8.527000
1053 8.537000
1054 8.543000
1055 8.551000
1056 8.561000
1057 8.567000
1058 8.577000
1059 8.583000
1060 8.591000
1061 8.601000
1062 8.607000
1063 8.617000
1064 8.623000
1065 8.631000
1066 8.641000
1067 8.647000
1068 8.657000
1069 8.663000
1070 8.671000
1071 8.681000
1072 8.687000
1073 8.697000
1074 8.703000
1075 8.711000
1076 8.721000
1077 8.727000
1078 8.737000
1079 8.743000
1080 8.751000
1081 8.761000
1082 8.767000
1083 8.777000
1084 8.783000
1085 8.791000
1086 8.801000
1087 8.807000
1088 8.817000
1089 8.823000
1090 8.831000
1091 8.841000
1092 8.847000
1093 8.857000
1094 8.863000
1095 8.871000
1096 8.881000
1097 8.887000
1098 8.897000
1099 8.903000
1100 8.911000
1101 8.921000
1102 8.927000
1103 8.937000
1104 8.943000
1105 8.951000
1106 8.961000
1107 8.967000
1108 8.977000
1109 8.983000
1110 8.991000
1111 9.001000
1112 9.007000
1113 9.017000
1114 9.023000
1115 9.031000
1116 9.041000
1117 9.047000
1118 9.057000
1119 9.063000
1120 9.071000
1121 9.081000
1122 9.087000
1123 9.097000
1124 9.103000
1125 9.111000
1126 9.121000
1127 9.127000
1128 9.137000
1129 9.143000
1130 9.151000
1131 9.161000
1132 9.167000
1133 9.177000
1134 9.183000
1135 9.191000
1136 9.201000
1137 9.207000
1138 9.217000
1139 9.223000
1140 9.231000
1141 9.241000
1142 9.247000
1143 9.257000
1144 9.263000
1145 9.271000
1146 9.281000
1147 9.287000
1148 9.297000
1149 9.303000
1150 9.311000
1151 9.321000
1152 9.327000
1153 9.337000
1154 9.343000
1155 9.351000
1156 9.361000
1157 9.367000
1158 9.377000
1159 9.383000
1160 9.391000
1161 9.401000
1162 9.407000
1163 9.417000
1164 9.423000
1165 9.431000
1166 9.441000
1167 9.447000
1168 9.457000
1169 9.463000
1170 9.471000
1171 9.481000
1172 9.487000
1173 9.497000
1174 9.503000
1175 9.511000
1176 9.521000
1177 9.527000
1178 9.537000
1179 9.543000
1180 9.551000
1181 9.561000
1182 9.567000
1183 9.577000
1184 9.583000
1185 9.591000
1186 9.601000
1187 9.607000
1188 9.617000
1189 9.623000
1190 9.631000
1191 9.641000
1192 9.647000
1193 9.657000
1194 9.663000
1195 9.671000
1196 9.681000
1197 9.687000
1198 9.697000
1199 9.703000
1200 9.711000
1201 9.721000
1202 9.727000
1203 9.737000
1204 9.743000
1205 9.751000
1206 9.761000
1207 9.767000
1208 9.777000
1209 9.783000
1210 9.791000
1211 9.801000
1212 9.807000
1213 9.817000
1214 9.823000
1215 9.831000
1216 9.841000
1217 9.847000
1218 9.857000
1219 9.863000
1220 9.871000
1221 9.881000
1222 9.887000
1223 9.897000
1224 9.903000
1225 9.911000
1226 9.921000
1227 9.927000
1228 9.937000
1229 9.943000
1230 9.951000
1231 9.961000
1232 9.967000
1233 9.977000
1234 9.983000
1235 9.991000
1236 10.001000
1237 10.007000
1238 10.017000
1239 10.023000
1240 10.031000
1241 10.041000
1242 10.047000
1243 10.057000
1244 10.063000
1245 10.071000
1246 10.081000
1247 10.087000
1248 10.097000
1249 10.103000
1250 10.111000
1251 10.121000
1252 10.127000
1253 10.137000
1254 10.143000
1255 10.151000
1256 10.161000
1257 10.167000
1258 10.177000
1259 10.183000
1260 10.191000
1261 10.201000
1262 10.207000
1263 10.217000
1264 10.223000
1265 10.231000
1266 10.241000
1267 10.247000
1268 10.257000
1269 10.263000
1270 10.271000
1271 10.281000
1272 10.287000
1273 10.297000
1274 10.303000
1275 10.311000
1276 10.321000
1277 10.327000
1278 10.337000
1279 10.343000
1280 10.351000
1281 10.361000
1282 10.367000
1283 10.377000
1284 10.383000
1285 10.391000
1286 10.401000
1287 10.407000
1288 10.417000
1289 10.423000
1290 10.431000
1291 10.441000
1292 10.447000
1293 10.457000
1294 10.463000
1295 10.471000
1296 10.481000
1297 10.487000
1298 10.497000
1299 10.503000
1300 10.511000
1301 10.521000
1302 10.527000
1303 10.537000
1304 10.543000
1305 10.551000
1306 10.561000
1307 10.567000
1308 10.577000
1309 10.583000
1310 10.591000
1311 10.601000
1312 10.607000
1313 10.617000
1314 10.623000
1315 10.631000
1316 10.641000
1317 10.647000
1318 10.657000
1319 10.663000
1320 10.671000
1321 10.681000
1322 10.687000
1323 10.697000
1324 10.703000
1325 10.711000
1326 10.721000
1327 10.727000
1328 10.737000
1329 10.743000
1330 10.751000
1331 10.761000
1332 10.767000
1333 10.777000
1334 10.783000
1335 10.791000
1336 10.801000
1337 10.807000
1338 10.817000
1339 10.823000
1340 10.831000
1341 10.841000
1342 10.847000
1343 10.857000
1344 10.863000
1345 10.871000
1346 10.881000
1347 10.887000
1348 10.897000
1349 10.903000
1350 10.911000
1351 10.921000
1352 10.927000
1353 10.937000
1354 10.943000
1355 10.951000
1356 10.961000
1357 10.967000
1358 10.977000
1359 10.983000
1360 10.991000
1361 11.001000
1362 11.007000
1363 11.017000
1364 11.023000
1365 11.031000
1366 11.041000
1367 11.047000
1368 11.057000
1369 11.063000
1370 11.071000
1371 11.081000
1372 11.087000
1373 11.097000
1374 11.103000
1375 11.111000
1376 11.121000
1377 11.127000
1378 11.137000
1379 11.143000
1380 11.151000
1381 11.161000
1382 11.167000
1383 11.177000
1384 11.183000
1385 11.191000
1386 11.201000
1387 11.207000
1388 11.217000
1389 11.223000
1390 11.231000
1391 11.241000
1392 11.247000
1393 11.257000
1394 11.263000
1395 11.271000
1396 11.281000
1397 11.287000
1398 11.297000
1399 11.303000
1400 11.311000
1401 11.321000
1402 11.327000
1403 11.337000
1404 11.343000
1405 11.351000
1406 11.361000
1407 11.367000
1408 11.377000
1409 11.383000
1410 11.391000
1411 11.401000
1412 11.407000
1413 11.417000
1414 11.423000
1415 11.431000
1416 11.441000
1417 11.447000
1418 11.457000
1419 11.463000
1420 11.471000
1421 11.481000
1422 11.487000
1423 11.497000
1424 11.503000
1425 11.511000
1426 11.521000
1427 11.527000
1428 11.537000
1429 11.543000
1430 11.551000
1431 11.561000
1432 11.567000
1433 11.577000
1434 11.583000
1435 11.591000
1436 11.601000
1437 11.607000
1438 11.617000
1439 11.623000
1440 11.631000
1441 11.641000
1442 11.647000
1443 11.657000
1444 11.663000
1445 11.671000
1446 11.681000
1447 11.687000
1448 11.697000
1449 11.703000
1450 11.711000
1451 11.721000
1452 11.727000
1453 11.737000
1454 11.743000
1455 11.751000
1456 11.761000
1457 11.767000
1458 11.777000
1459 11.783000
1460 11.791000
1461 11.801000
1462 11.807000
1463 11.817000
1464 11.823000
1465 11.831000
1466 11.841000
1467 11.847000
1468 11.857000
1469 11.863000
1470 11.871000
1471 11.881000
1472 11.887000
1473 11.897000
1474 11.903000
1475 11.911000
1476 11.921000
1477 11.927000
1478 11.937000
1479 11.943000
1480 11.951000
1481 11.961000
1482 11.967000
1483 11.977000
1484 11.983000
1485 11.991000
1486 12.001000
1487 12.007000
