0.000000	0.006224
1.000000	0.011696
2.000000	0.016688
3.000000	0.011824
4.000000	0.013488
5.000000	0.018416
6.000000	0.023344
7.000000	0.017008
8.000000	0.022000
9.000000	0.026928
10.000000	0.033520
11.000000	0.028592
12.000000	0.035184
13.000000	0.036848
14.000000	0.041840
15.000000	0.043504
16.000000	0.050096
17.000000	0.051696
18.000000	0.058288
19.000000	0.058288
20.000000	0.063280
21.000000	0.066608
22.000000	0.068272
23.000000	0.074800
24.000000	0.078064
25.000000	0.081392
26.000000	0.083056
27.000000	0.086384
28.000000	0.088048
29.000000	0.092912
30.000000	0.096240
31.000000	0.102832
32.000000	0.104496
33.000000	0.104496
34.000000	0.107760
35.000000	0.112752
36.000000	0.114416
37.000000	0.116080
38.000000	0.117744
39.000000	0.119344
40.000000	0.119344
41.000000	0.119344
42.000000	0.119344
43.000000	0.119344
44.000000	0.119344
45.000000	0.119344
46.000000	0.119344
47.000000	0.119344
48.000000	0.119344
49.000000	0.119344
50.000000	0.119344
51.000000	0.119344
52.000000	0.119344
53.000000	0.119344
54.000000	0.117744
55.000000	0.119344
56.000000	0.119344
57.000000	0.117744
58.000000	0.119344
59.000000	0.117744
60.000000	0.117680
61.000000	0.114352
62.000000	0.117680
63.000000	0.112752
64.000000	0.116080
65.000000	0.117744
66.000000	0.117744
67.000000	0.117744
68.000000	0.119344
69.000000	0.117744
70.000000	0.119344
71.000000	0.117744
72.000000	0.117744
73.000000	0.119344
74.000000	0.119344
75.000000	0.117744
76.000000	0.117744
77.000000	0.119344
78.000000	0.117744
79.000000	0.119344
80.000000	0.117744
81.000000	0.117744
82.000000	0.117744
83.000000	0.117744
84.000000	0.117744
85.000000	0.119344
86.000000	0.119344
87.000000	0.119344
88.000000	0.117744
89.000000	0.119344
90.000000	0.117744
91.000000	0.119344
92.000000	0.119344
93.000000	0.117744
94.000000	0.119344
95.000000	0.119344
96.000000	0.119344
97.000000	0.119344
98.000000	0.119344
99.000000	0.119344
100.000000	0.119344
101.000000	0.119344
102.000000	0.119344
103.000000	0.119344
104.000000	0.119344
105.000000	0.117744
106.000000	0.119344
107.000000	0.117744
108.000000	0.119344
109.000000	0.119344
110.000000	0.117680
111.000000	0.109424
112.000000	0.112752
113.000000	0.112752
114.000000	0.116080
115.000000	0.117744
116.000000	0.117744
117.000000	0.117744
118.000000	0.119344
119.000000	0.117744
120.000000	0.119344
121.000000	0.117744
122.000000	0.119344
123.000000	0.117744
124.000000	0.119344
125.000000	0.119344
126.000000	0.117744
127.000000	0.119344
128.000000	0.117744
129.000000	0.117744
130.000000	0.119344
131.000000	0.117744
132.000000	0.119344
133.000000	0.117744
134.000000	0.117744
135.000000	0.119344
136.000000	0.119344
137.000000	0.119344
138.000000	0.117744
139.000000	0.119344
140.000000	0.117744
141.000000	0.119344
142.000000	0.117744
143.000000	0.119344
144.000000	0.117744
145.000000	0.119344
146.000000	0.119344
147.000000	0.119344
148.000000	0.119344
149.000000	0.119344
150.000000	0.117744
151.000000	0.119344
152.000000	0.117744
153.000000	0.119344
154.000000	0.119344
155.000000	0.119344
156.000000	0.119344
157.000000	0.117744
158.000000	0.119344
159.000000	0.117744
160.000000	0.119344
161.000000	0.119344
162.000000	0.119344
163.000000	0.119344
164.000000	0.119344
165.000000	0.117744
166.000000	0.117744
167.000000	0.117744
168.000000	0.119344
169.000000	0.117744
170.000000	0.119344
171.000000	0.117744
172.000000	0.119344
173.000000	0.117744
174.000000	0.119344
175.000000	0.117744
176.000000	0.117744
177.000000	0.119344
178.000000	0.117744
179.000000	0.119344
180.000000	0.119344
181.000000	0.117744
182.000000	0.119344
183.000000	0.117744
184.000000	0.117744
185.000000	0.119344
186.000000	0.119344
187.000000	0.119344
188.000000	0.117744
189.000000	0.119344
190.000000	0.117744
191.000000	0.119344
192.000000	0.117744
193.000000	0.119344
194.000000	0.117744
195.000000	0.119344
196.000000	0.119344
197.000000	0.119344
198.000000	0.119344
199.000000	0.119344
200.000000	0.117744
201.000000	0.119344
202.000000	0.117744
203.000000	0.119344
204.000000	0.119344
205.000000	0.117744
206.000000	0.119344
207.000000	0.117744
208.000000	0.119344
209.000000	0.119344
210.000000	0.119344
211.000000	0.119344
212.000000	0.119344
213.000000	0.119344
214.000000	0.119344
215.000000	0.117744
216.000000	0.117744
217.000000	0.117744
218.000000	0.119344
219.000000	0.117744
220.000000	0.119344
221.000000	0.117744
222.000000	0.119344
223.000000	0.117744
224.000000	0.119344
225.000000	0.119344
226.000000	0.117744
227.000000	0.119344
228.000000	0.117744
229.000000	0.117744
230.000000	0.119344
231.000000	0.117744
232.000000	0.119344
233.000000	0.117744
234.000000	0.117744
235.000000	0.119344
236.000000	0.119344
237.000000	0.119344
238.000000	0.117744
239.000000	0.119344
240.000000	0.117744
241.000000	0.119344
242.000000	0.117744
243.000000	0.119344
244.000000	0.117744
245.000000	0.119344
246.000000	0.119344
247.000000	0.119344
248.000000	0.119344
249.000000	0.119344
250.000000	0.117744
251.000000	0.119344
252.000000	0.117744
253.000000	0.119344
254.000000	0.119344
255.000000	0.119344
256.000000	0.119344
257.000000	0.117744
258.000000	0.119344
259.000000	0.117744
260.000000	0.119344
261.000000	0.119344
262.000000	0.119344
263.000000	0.119344
264.000000	0.119344
265.000000	0.117744
266.000000	0.117744
267.000000	0.117744
268.000000	0.119344
269.000000	0.117744
270.000000	0.119344
271.000000	0.117744
272.000000	0.119344
273.000000	0.117744
274.000000	0.119344
275.000000	0.117744
276.000000	0.117744
277.000000	0.119344
278.000000	0.117744
279.000000	0.119344
280.000000	0.119344
281.000000	0.117744
282.000000	0.119344
283.000000	0.117744
284.000000	0.117744
285.000000	0.119344
286.000000	0.119344
287.000000	0.119344
288.000000	0.117744
289.000000	0.119344
290.000000	0.117744
291.000000	0.119344
292.000000	0.117744
293.000000	0.119344
294.000000	0.117744
295.000000	0.119344
296.000000	0.119344
297.000000	0.119344
298.000000	0.119344
299.000000	0.119344
300.000000	0.117744
301.000000	0.119344
302.000000	0.117744
303.000000	0.119344
304.000000	0.119344
305.000000	0.117744
306.000000	0.119344
307.000000	0.117744
308.000000	0.119344
309.000000	0.119344
310.000000	0.119344
311.000000	0.119344
312.000000	0.119344
313.000000	0.119344
314.000000	0.119344
315.000000	0.117744
316.000000	0.117744
317.000000	0.117744
318.000000	0.119344
319.000000	0.117744
320.000000	0.119344
321.000000	0.117744
322.000000	0.119344
323.000000	0.117744
324.000000	0.119344
325.000000	0.119344
326.000000	0.117744
327.000000	0.119344
328.000000	0.117744
329.000000	0.117744
330.000000	0.119344
331.000000	0.117744
332.000000	0.119344
333.000000	0.117744
334.000000	0.117744
335.000000	0.119344
336.000000	0.119344
337.000000	0.119344
338.000000	0.117744
339.000000	0.119344
340.000000	0.117744
341.000000	0.119344
342.000000	0.117744
343.000000	0.119344
344.000000	0.117744
345.000000	0.119344
346.000000	0.119344
347.000000	0.119344
348.000000	0.119344
349.000000	0.119344
350.000000	0.117744
351.000000	0.119344
352.000000	0.117744
353.000000	0.119344
354.000000	0.119344
355.000000	0.119344
356.000000	0.119344
357.000000	0.117744
358.000000	0.119344
359.000000	0.117744
360.000000	0.119344
361.000000	0.119344
362.000000	0.119344
363.000000	0.119344
364.000000	0.119344
365.000000	0.117744
366.000000	0.117744
367.000000	0.117744
368.000000	0.119344
369.000000	0.117744
370.000000	0.119344
371.000000	0.117744
372.000000	0.119344
373.000000	0.117744
374.000000	0.119344
375.000000	0.117744
376.000000	0.117744
377.000000	0.119344
378.000000	0.117744
379.000000	0.119344
380.000000	0.119344
381.000000	0.117744
382.000000	0.119344
383.000000	0.117744
384.000000	0.117744
385.000000	0.119344
386.000000	0.119344
387.000000	0.119344
388.000000	0.117744
389.000000	0.119344
390.000000	0.117744
391.000000	0.119344
392.000000	0.117744
393.000000	0.119344
394.000000	0.117744
395.000000	0.119344
396.000000	0.119344
397.000000	0.119344
398.000000	0.119344
399.000000	0.119344
400.000000	0.117744
401.000000	0.119344
402.000000	0.117744
403.000000	0.119344
404.000000	0.119344
405.000000	0.117744
406.000000	0.119344
407.000000	0.117744
408.000000	0.119344
409.000000	0.119344
410.000000	0.119344
411.000000	0.119344
412.000000	0.119344
413.000000	0.119344
414.000000	0.119344
415.000000	0.117744
416.000000	0.117744
417.000000	0.117744
418.000000	0.119344
419.000000	0.117744
420.000000	0.119344
421.000000	0.117744
422.000000	0.119344
423.000000	0.117744
424.000000	0.119344
425.000000	0.119344
426.000000	0.117744
427.000000	0.119344
428.000000	0.117744
429.000000	0.117744
430.000000	0.117744
431.000000	0.117744
432.000000	0.117744
433.000000	0.117744
434.000000	0.117744
435.000000	0.119344
436.000000	0.119344
437.000000	0.119344
438.000000	0.117744
439.000000	0.119344
440.000000	0.117744
441.000000	0.119344
442.000000	0.117744
443.000000	0.119344
444.000000	0.117744
445.000000	0.119344
446.000000	0.119344
447.000000	0.119344
448.000000	0.119344
449.000000	0.119344
450.000000	0.119344
451.000000	0.119344
452.000000	0.119344
453.000000	0.119344
454.000000	0.119344
455.000000	0.119344
456.000000	0.119344
457.000000	0.117744
458.000000	0.119344
459.000000	0.117744
460.000000	0.119344
461.000000	0.119344
462.000000	0.119344
463.000000	0.119344
464.000000	0.119344
465.000000	0.117744
466.000000	0.117744
467.000000	0.117744
468.000000	0.119344
469.000000	0.117744
470.000000	0.119344
471.000000	0.117744
472.000000	0.119344
473.000000	0.117744
474.000000	0.119344
475.000000	0.117744
476.000000	0.117744
477.000000	0.119344
478.000000	0.117744
479.000000	0.119344
480.000000	0.117744
481.000000	0.117744
482.000000	0.117744
483.000000	0.117744
484.000000	0.117744
485.000000	0.119344
486.000000	0.119344
487.000000	0.119344
488.000000	0.117744
489.000000	0.119344
490.000000	0.117744
491.000000	0.119344
492.000000	0.117744
493.000000	0.119344
494.000000	0.117744
495.000000	0.119344
496.000000	0.119344
497.000000	0.119344
498.000000	0.119344
499.000000	0.119344
500.000000	0.119344
501.000000	0.119344
502.000000	0.119344
503.000000	0.119344
504.000000	0.119344
505.000000	0.117744
506.000000	0.119344
507.000000	0.117744
508.000000	0.119344
509.000000	0.119344
510.000000	0.119344
511.000000	0.119344
512.000000	0.119344
513.000000	0.119344
514.000000	0.119344
515.000000	0.117744
516.000000	0.117744
517.000000	0.117744
518.000000	0.119344
519.000000	0.117744
520.000000	0.119344
521.000000	0.117744
522.000000	0.119344
523.000000	0.117744
524.000000	0.119344
525.000000	0.119344
526.000000	0.117744
527.000000	0.119344
528.000000	0.117744
529.000000	0.117744
530.000000	0.117744
531.000000	0.117744
532.000000	0.117744
533.000000	0.117744
534.000000	0.117744
535.000000	0.119344
536.000000	0.119344
537.000000	0.119344
538.000000	0.117744
539.000000	0.119344
540.000000	0.117744
541.000000	0.119344
542.000000	0.117744
543.000000	0.119344
544.000000	0.117744
545.000000	0.119344
546.000000	0.119344
547.000000	0.119344
548.000000	0.119344
549.000000	0.119344
550.000000	0.119344
551.000000	0.119344
552.000000	0.119344
553.000000	0.119344
554.000000	0.119344
555.000000	0.119344
556.000000	0.119344
557.000000	0.117744
558.000000	0.119344
559.000000	0.117744
560.000000	0.119344
561.000000	0.119344
562.000000	0.119344
563.000000	0.119344
564.000000	0.119344
565.000000	0.117744
566.000000	0.117744
567.000000	0.117744
568.000000	0.119344
569.000000	0.117744
570.000000	0.119344
571.000000	0.117744
572.000000	0.119344
573.000000	0.117744
574.000000	0.119344
575.000000	0.117744
576.000000	0.117744
577.000000	0.119344
578.000000	0.117744
579.000000	0.119344
580.000000	0.117744
581.000000	0.117744
582.000000	0.117744
583.000000	0.117744
584.000000	0.117744
585.000000	0.119344
586.000000	0.119344
587.000000	0.119344
588.000000	0.117744
589.000000	0.119344
590.000000	0.117744
591.000000	0.119344
592.000000	0.117744
593.000000	0.119344
594.000000	0.117744
595.000000	0.119344
596.000000	0.119344
597.000000	0.119344
598.000000	0.119344
599.000000	0.119344
600.000000	0.119344
601.000000	0.119344
602.000000	0.119344
603.000000	0.119344
604.000000	0.119344
605.000000	0.117744
606.000000	0.119344
607.000000	0.117744
608.000000	0.119344
609.000000	0.119344
610.000000	0.119344
611.000000	0.119344
612.000000	0.119344
613.000000	0.119344
614.000000	0.119344
615.000000	0.117744
616.000000	0.117744
617.000000	0.117744
618.000000	0.119344
619.000000	0.117744
620.000000	0.119344
621.000000	0.117744
622.000000	0.119344
623.000000	0.117744
624.000000	0.119344
625.000000	0.119344
626.000000	0.117744
627.000000	0.119344
628.000000	0.117744
629.000000	0.117744
630.000000	0.117744
631.000000	0.117744
632.000000	0.117744
633.000000	0.117744
634.000000	0.117744
635.000000	0.119344
636.000000	0.119344
637.000000	0.119344
638.000000	0.117744
639.000000	0.119344
640.000000	0.117744
641.000000	0.119344
642.000000	0.117744
643.000000	0.119344
644.000000	0.117744
645.000000	0.119344
646.000000	0.119344
647.000000	0.119344
648.000000	0.119344
649.000000	0.119344
650.000000	0.119344
651.000000	0.119344
652.000000	0.119344
653.000000	0.119344
654.000000	0.119344
655.000000	0.119344
656.000000	0.119344
657.000000	0.117744
658.000000	0.119344
659.000000	0.117744
660.000000	0.119344
661.000000	0.119344
662.000000	0.119344
663.000000	0.119344
664.000000	0.119344
665.000000	0.117744
666.000000	0.117744
667.000000	0.117744
668.000000	0.119344
669.000000	0.117744
670.000000	0.119344
671.000000	0.117744
672.000000	0.119344
673.000000	0.117744
674.000000	0.119344
675.000000	0.117744
676.000000	0.117744
677.000000	0.119344
678.000000	0.117744
679.000000	0.119344
680.000000	0.117744
681.000000	0.117744
682.000000	0.117744
683.000000	0.117744
684.000000	0.117744
685.000000	0.119344
686.000000	0.119344
687.000000	0.119344
688.000000	0.117744
689.000000	0.119344
690.000000	0.117744
691.000000	0.119344
692.000000	0.117744
693.000000	0.119344
694.000000	0.117744
695.000000	0.119344
696.000000	0.119344
697.000000	0.119344
698.000000	0.119344
699.000000	0.119344
700.000000	0.119344
701.000000	0.119344
702.000000	0.119344
703.000000	0.119344
704.000000	0.119344
705.000000	0.117744
706.000000	0.119344
707.000000	0.117744
708.000000	0.119344
709.000000	0.119344
710.000000	0.119344
711.000000	0.119344
712.000000	0.119344
713.000000	0.119344
714.000000	0.119344
715.000000	0.117744
716.000000	0.117744
717.000000	0.117744
718.000000	0.119344
719.000000	0.117744
720.000000	0.119344
721.000000	0.117744
722.000000	0.119344
723.000000	0.117744
724.000000	0.119344
725.000000	0.119344
726.000000	0.117744
727.000000	0.119344
728.000000	0.117744
729.000000	0.117744
730.000000	0.117744
731.000000	0.117744
732.000000	0.117744
733.000000	0.117744
734.000000	0.117744
735.000000	0.119344
736.000000	0.119344
737.000000	0.119344
738.000000	0.117744
739.000000	0.119344
740.000000	0.117744
741.000000	0.119344
742.000000	0.117744
743.000000	0.119344
744.000000	0.117744
745.000000	0.119344
746.000000	0.119344
747.000000	0.119344
748.000000	0.119344
749.000000	0.119344
750.000000	0.119344
751.000000	0.119344
752.000000	0.119344
753.000000	0.119344
754.000000	0.119344
755.000000	0.119344
756.000000	0.119344
757.000000	0.117744
758.000000	0.119344
759.000000	0.117744
760.000000	0.119344
761.000000	0.119344
762.000000	0.119344
763.000000	0.119344
764.000000	0.119344
765.000000	0.117744
766.000000	0.117744
767.000000	0.117744
768.000000	0.119344
769.000000	0.117744
770.000000	0.119344
771.000000	0.117744
772.000000	0.119344
773.000000	0.117744
774.000000	0.119344
775.000000	0.117744
776.000000	0.117744
777.000000	0.119344
778.000000	0.117744
779.000000	0.119344
780.000000	0.117744
781.000000	0.117744
782.000000	0.117744
783.000000	0.117744
784.000000	0.117744
785.000000	0.119344
786.000000	0.119344
787.000000	0.119344
788.000000	0.117744
789.000000	0.119344
790.000000	0.117744
791.000000	0.119344
792.000000	0.117744
793.000000	0.119344
794.000000	0.117744
795.000000	0.119344
796.000000	0.119344
797.000000	0.119344
798.000000	0.119344
799.000000	0.119344
800.000000	0.119344
801.000000	0.119344
802.000000	0.119344
803.000000	0.119344
804.000000	0.119344
805.000000	0.117744
806.000000	0.119344
807.000000	0.117744
808.000000	0.119344
809.000000	0.119344
810.000000	0.119344
811.000000	0.119344
812.000000	0.119344
813.000000	0.119344
814.000000	0.119344
815.000000	0.117744
816.000000	0.117744
817.000000	0.117744
818.000000	0.119344
819.000000	0.117744
820.000000	0.119344
821.000000	0.117744
822.000000	0.119344
823.000000	0.117744
824.000000	0.119344
825.000000	0.119344
826.000000	0.117744
827.000000	0.119344
828.000000	0.117744
829.000000	0.117744
830.000000	0.117744
831.000000	0.117744
832.000000	0.117744
833.000000	0.117744
834.000000	0.117744
835.000000	0.119344
836.000000	0.119344
837.000000	0.119344
838.000000	0.117744
839.000000	0.119344
840.000000	0.117744
841.000000	0.119344
842.000000	0.117744
843.000000	0.119344
844.000000	0.117744
845.000000	0.119344
846.000000	0.119344
847.000000	0.119344
848.000000	0.119344
849.000000	0.119344
850.000000	0.119344
851.000000	0.119344
852.000000	0.119344
853.000000	0.119344
854.000000	0.119344
855.000000	0.119344
856.000000	0.119344
857.000000	0.117744
858.000000	0.119344
859.000000	0.117744
860.000000	0.119344
861.000000	0.119344
862.000000	0.119344
863.000000	0.119344
864.000000	0.119344
865.000000	0.117744
866.000000	0.117744
867.000000	0.117744
868.000000	0.119344
869.000000	0.117744
870.000000	0.119344
871.000000	0.117744
872.000000	0.119344
873.000000	0.117744
874.000000	0.119344
875.000000	0.117744
876.000000	0.117744
877.000000	0.119344
878.000000	0.117744
879.000000	0.119344
880.000000	0.117744
881.000000	0.117744
882.000000	0.117744
883.000000	0.117744
884.000000	0.117744
885.000000	0.119344
886.000000	0.119344
887.000000	0.119344
888.000000	0.117744
889.000000	0.119344
890.000000	0.117744
891.000000	0.119344
892.000000	0.117744
893.000000	0.119344
894.000000	0.117744
895.000000	0.119344
896.000000	0.119344
897.000000	0.119344
898.000000	0.119344
899.000000	0.119344
900.000000	0.119344
901.000000	0.119344
902.000000	0.119344
903.000000	0.119344
904.000000	0.119344
905.000000	0.117744
906.000000	0.119344
907.000000	0.117744
908.000000	0.119344
909.000000	0.119344
910.000000	0.119344
911.000000	0.119344
912.000000	0.119344
913.000000	0.119344
914.000000	0.119344
915.000000	0.117744
916.000000	0.117744
917.000000	0.117744
918.000000	0.119344
919.000000	0.117744
920.000000	0.119344
921.000000	0.117744
922.000000	0.119344
923.000000	0.117744
924.000000	0.119344
925.000000	0.119344
926.000000	0.117744
927.000000	0.119344
928.000000	0.117744
929.000000	0.117744
930.000000	0.117744
931.000000	0.117744
932.000000	0.117744
933.000000	0.117744
934.000000	0.117744
935.000000	0.119344
936.000000	0.119344
937.000000	0.119344
938.000000	0.117744
939.000000	0.119344
940.000000	0.117744
941.000000	0.119344
942.000000	0.117744
943.000000	0.119344
944.000000	0.117744
945.000000	0.119344
946.000000	0.119344
947.000000	0.119344
948.000000	0.119344
949.000000	0.119344
950.000000	0.119344
951.000000	0.119344
952.000000	0.119344
953.000000	0.119344
954.000000	0.119344
955.000000	0.119344
956.000000	0.119344
957.000000	0.117744
958.000000	0.119344
959.000000	0.117744
960.000000	0.119344
961.000000	0.119344
962.000000	0.119344
963.000000	0.119344
964.000000	0.119344
965.000000	0.117744
966.000000	0.117744
967.000000	0.117744
968.000000	0.119344
969.000000	0.117744
970.000000	0.119344
971.000000	0.117744
972.000000	0.119344
973.000000	0.117744
974.000000	0.119344
975.000000	0.117744
976.000000	0.117744
977.000000	0.119344
978.000000	0.117744
979.000000	0.119344
980.000000	0.117744
981.000000	0.117744
982.000000	0.117744
983.000000	0.117744
984.000000	0.117744
985.000000	0.119344
986.000000	0.119344
987.000000	0.119344
988.000000	0.117744
989.000000	0.119344
990.000000	0.117744
991.000000	0.119344
992.000000	0.117744
993.000000	0.119344
994.000000	0.117744
995.000000	0.119344
996.000000	0.119344
997.000000	0.119344
998.000000	0.119344
999.000000	0.119344
1000.000000	0.119344
1001.000000	0.119344
1002.000000	0.119344
1003.000000	0.119344
1004.000000	0.119344
1005.000000	0.117744
1006.000000	0.119344
1007.000000	0.117744
1008.000000	0.119344
1009.000000	0.119344
1010.000000	0.119344
1011.000000	0.119344
1012.000000	0.119344
1013.000000	0.119344
1014.000000	0.119344
1015.000000	0.117744
1016.000000	0.117744
1017.000000	0.117744
1018.000000	0.119344
1019.000000	0.117744
1020.000000	0.119344
1021.000000	0.117744
1022.000000	0.119344
1023.000000	0.117744
1024.000000	0.119344
1025.000000	0.119344
1026.000000	0.117744
1027.000000	0.119344
1028.000000	0.117744
1029.000000	0.117744
1030.000000	0.117744
1031.000000	0.117744
1032.000000	0.117744
1033.000000	0.117744
1034.000000	0.117744
1035.000000	0.119344
1036.000000	0.119344
1037.000000	0.119344
1038.000000	0.117744
1039.000000	0.119344
1040.000000	0.117744
1041.000000	0.119344
1042.000000	0.117744
1043.000000	0.119344
1044.000000	0.117744
1045.000000	0.119344
1046.000000	0.119344
1047.000000	0.119344
1048.000000	0.119344
1049.000000	0.119344
1050.000000	0.119344
1051.000000	0.119344
1052.000000	0.119344
1053.000000	0.119344
1054.000000	0.119344
1055.000000	0.119344
1056.000000	0.119344
1057.000000	0.117744
1058.000000	0.119344
1059.000000	0.117744
1060.000000	0.119344
1061.000000	0.119344
1062.000000	0.119344
1063.000000	0.119344
1064.000000	0.119344
1065.000000	0.117744
1066.000000	0.117744
1067.000000	0.117744
1068.000000	0.119344
1069.000000	0.117744
1070.000000	0.119344
1071.000000	0.117744
1072.000000	0.119344
1073.000000	0.117744
1074.000000	0.119344
1075.000000	0.117744
1076.000000	0.117744
1077.000000	0.119344
1078.000000	0.117744
1079.000000	0.119344
1080.000000	0.117744
1081.000000	0.117744
1082.000000	0.117744
1083.000000	0.117744
1084.000000	0.117744
1085.000000	0.119344
1086.000000	0.119344
1087.000000	0.119344
1088.000000	0.117744
1089.000000	0.119344
1090.000000	0.117744
1091.000000	0.119344
1092.000000	0.117744
1093.000000	0.119344
1094.000000	0.117744
1095.000000	0.119344
1096.000000	0.119344
1097.000000	0.119344
1098.000000	0.119344
1099.000000	0.119344
1100.000000	0.119344
1101.000000	0.119344
1102.000000	0.119344
1103.000000	0.119344
1104.000000	0.119344
1105.000000	0.117744
1106.000000	0.119344
1107.000000	0.117744
1108.000000	0.119344
1109.000000	0.119344
1110.000000	0.119344
1111.000000	0.119344
1112.000000	0.119344
1113.000000	0.119344
1114.000000	0.119344
1115.000000	0.117744
1116.000000	0.117744
1117.000000	0.117744
1118.000000	0.119344
1119.000000	0.117744
1120.000000	0.119344
1121.000000	0.117744
1122.000000	0.119344
1123.000000	0.117744
1124.000000	0.119344
1125.000000	0.119344
1126.000000	0.117744
1127.000000	0.119344
1128.000000	0.117744
1129.000000	0.117744
1130.000000	0.117744
1131.000000	0.117744
1132.000000	0.117744
1133.000000	0.117744
1134.000000	0.117744
1135.000000	0.119344
1136.000000	0.119344
1137.000000	0.119344
1138.000000	0.117744
1139.000000	0.119344
1140.000000	0.117744
1141.000000	0.119344
1142.000000	0.117744
1143.000000	0.119344
1144.000000	0.117744
1145.000000	0.119344
1146.000000	0.119344
1147.000000	0.119344
1148.000000	0.119344
1149.000000	0.119344
1150.000000	0.119344
1151.000000	0.119344
1152.000000	0.119344
1153.000000	0.119344
1154.000000	0.119344
1155.000000	0.119344
1156.000000	0.119344
1157.000000	0.117744
1158.000000	0.119344
1159.000000	0.117744
1160.000000	0.119344
1161.000000	0.119344
1162.000000	0.119344
1163.000000	0.119344
1164.000000	0.119344
1165.000000	0.117744
1166.000000	0.117744
1167.000000	0.117744
1168.000000	0.119344
1169.000000	0.117744
1170.000000	0.119344
1171.000000	0.117744
1172.000000	0.119344
1173.000000	0.117744
1174.000000	0.119344
1175.000000	0.117744
1176.000000	0.117744
1177.000000	0.119344
1178.000000	0.117744
1179.000000	0.119344
1180.000000	0.117744
1181.000000	0.117744
1182.000000	0.117744
1183.000000	0.117744
1184.000000	0.117744
1185.000000	0.119344
1186.000000	0.119344
1187.000000	0.119344
1188.000000	0.117744
1189.000000	0.119344
1190.000000	0.117744
1191.000000	0.119344
1192.000000	0.117744
1193.000000	0.119344
1194.000000	0.117744
1195.000000	0.119344
1196.000000	0.119344
1197.000000	0.119344
1198.000000	0.119344
1199.000000	0.119344
1200.000000	0.119344
1201.000000	0.119344
1202.000000	0.119344
1203.000000	0.119344
1204.000000	0.119344
1205.000000	0.117744
1206.000000	0.119344
1207.000000	0.117744
1208.000000	0.119344
1209.000000	0.119344
1210.000000	0.119344
1211.000000	0.119344
1212.000000	0.119344
1213.000000	0.119344
1214.000000	0.119344
1215.000000	0.117744
1216.000000	0.117744
1217.000000	0.117744
1218.000000	0.119344
1219.000000	0.117744
1220.000000	0.119344
1221.000000	0.117744
1222.000000	0.119344
1223.000000	0.117744
1224.000000	0.119344
1225.000000	0.119344
1226.000000	0.117744
1227.000000	0.119344
1228.000000	0.117744
1229.000000	0.117744
1230.000000	0.117744
1231.000000	0.117744
1232.000000	0.117744
1233.000000	0.117744
1234.000000	0.117744
1235.000000	0.119344
1236.000000	0.119344
1237.000000	0.119344
1238.000000	0.117744
1239.000000	0.119344
1240.000000	0.117744
1241.000000	0.119344
1242.000000	0.117744
1243.000000	0.119344
1244.000000	0.117744
1245.000000	0.119344
1246.000000	0.119344
1247.000000	0.119344
1248.000000	0.119344
1249.000000	0.119344
1250.000000	0.119344
1251.000000	0.119344
1252.000000	0.119344
1253.000000	0.119344
1254.000000	0.119344
1255.000000	0.119344
1256.000000	0.119344
1257.000000	0.117744
1258.000000	0.119344
1259.000000	0.117744
1260.000000	0.119344
1261.000000	0.119344
1262.000000	0.119344
1263.000000	0.119344
1264.000000	0.119344
1265.000000	0.117744
1266.000000	0.117744
1267.000000	0.117744
1268.000000	0.119344
1269.000000	0.117744
1270.000000	0.119344
1271.000000	0.117744
1272.000000	0.119344
1273.000000	0.117744
1274.000000	0.119344
1275.000000	0.117744
1276.000000	0.117744
1277.000000	0.119344
1278.000000	0.117744
1279.000000	0.119344
1280.000000	0.117744
1281.000000	0.117744
1282.000000	0.117744
1283.000000	0.117744
1284.000000	0.117744
1285.000000	0.119344
1286.000000	0.119344
1287.000000	0.119344
1288.000000	0.117744
1289.000000	0.119344
1290.000000	0.117744
1291.000000	0.119344
1292.000000	0.117744
1293.000000	0.119344
1294.000000	0.117744
1295.000000	0.119344
1296.000000	0.119344
1297.000000	0.119344
1298.000000	0.119344
1299.000000	0.119344
1300.000000	0.119344
1301.000000	0.119344
1302.000000	0.119344
1303.000000	0.119344
1304.000000	0.119344
1305.000000	0.117744
1306.000000	0.119344
1307.000000	0.117744
1308.000000	0.119344
1309.000000	0.119344
1310.000000	0.119344
1311.000000	0.119344
1312.000000	0.119344
1313.000000	0.119344
1314.000000	0.119344
1315.000000	0.117744
1316.000000	0.117744
1317.000000	0.117744
1318.000000	0.119344
1319.000000	0.117744
1320.000000	0.119344
1321.000000	0.117744
1322.000000	0.119344
1323.000000	0.117744
1324.000000	0.119344
1325.000000	0.119344
1326.000000	0.117744
1327.000000	0.119344
1328.000000	0.117744
1329.000000	0.117744
1330.000000	0.117744
1331.000000	0.117744
1332.000000	0.117744
1333.000000	0.117744
1334.000000	0.117744
1335.000000	0.119344
1336.000000	0.119344
1337.000000	0.119344
1338.000000	0.117744
1339.000000	0.119344
1340.000000	0.117744
1341.000000	0.119344
1342.000000	0.117744
1343.000000	0.119344
1344.000000	0.117744
1345.000000	0.119344
1346.000000	0.119344
1347.000000	0.119344
1348.000000	0.119344
1349.000000	0.119344
1350.000000	0.119344
1351.000000	0.119344
1352.000000	0.119344
1353.000000	0.119344
1354.000000	0.119344
1355.000000	0.119344
1356.000000	0.119344
1357.000000	0.117744
1358.000000	0.119344
1359.000000	0.117744
1360.000000	0.119344
1361.000000	0.119344
1362.000000	0.119344
1363.000000	0.119344
1364.000000	0.119344
1365.000000	0.117744
1366.000000	0.117744
1367.000000	0.117744
1368.000000	0.119344
1369.000000	0.117744
1370.000000	0.119344
1371.000000	0.117744
1372.000000	0.119344
1373.000000	0.117744
1374.000000	0.119344
1375.000000	0.117744
1376.000000	0.117744
1377.000000	0.119344
1378.000000	0.117744
1379.000000	0.119344
1380.000000	0.117744
1381.000000	0.117744
1382.000000	0.117744
1383.000000	0.117744
1384.000000	0.117744
1385.000000	0.119344
1386.000000	0.119344
1387.000000	0.119344
1388.000000	0.117744
1389.000000	0.119344
1390.000000	0.117744
1391.000000	0.119344
1392.000000	0.117744
1393.000000	0.119344
1394.000000	0.117744
1395.000000	0.119344
1396.000000	0.119344
1397.000000	0.119344
1398.000000	0.119344
1399.000000	0.119344
1400.000000	0.119344
1401.000000	0.119344
1402.000000	0.119344
1403.000000	0.119344
1404.000000	0.119344
1405.000000	0.117744
1406.000000	0.119344
1407.000000	0.117744
1408.000000	0.119344
1409.000000	0.119344
1410.000000	0.119344
1411.000000	0.119344
1412.000000	0.119344
1413.000000	0.119344
1414.000000	0.119344
1415.000000	0.117744
1416.000000	0.117744
1417.000000	0.117744
1418.000000	0.119344
1419.000000	0.117744
1420.000000	0.119344
1421.000000	0.117744
1422.000000	0.119344
1423.000000	0.117744
1424.000000	0.119344
1425.000000	0.119344
1426.000000	0.117744
1427.000000	0.119344
1428.000000	0.117744
1429.000000	0.117744
1430.000000	0.117744
1431.000000	0.117744
1432.000000	0.117744
1433.000000	0.117744
1434.000000	0.117744
1435.000000	0.119344
1436.000000	0.119344
1437.000000	0.119344
1438.000000	0.117744
1439.000000	0.119344
1440.000000	0.117744
1441.000000	0.119344
1442.000000	0.117744
1443.000000	0.119344
1444.000000	0.117744
1445.000000	0.119344
1446.000000	0.119344
1447.000000	0.119344
1448.000000	0.119344
1449.000000	0.119344
1450.000000	0.119344
1451.000000	0.119344
1452.000000	0.119344
1453.000000	0.119344
1454.000000	0.119344
1455.000000	0.119344
1456.000000	0.119344
1457.000000	0.117744
1458.000000	0.119344
1459.000000	0.117744
1460.000000	0.119344
1461.000000	0.119344
1462.000000	0.119344
1463.000000	0.119344
1464.000000	0.119344
1465.000000	0.117744
1466.000000	0.117744
1467.000000	0.117744
1468.000000	0.119344
1469.000000	0.117744
1470.000000	0.119344
1471.000000	0.117744
1472.000000	0.119344
1473.000000	0.117744
1474.000000	0.119344
1475.000000	0.117744
1476.000000	0.117744
1477.000000	0.119344
1478.000000	0.117744
1479.000000	0.119344
1480.000000	0.117744
1481.000000	0.117744
1482.000000	0.117744
1483.000000	0.117744
1484.000000	0.117744
1485.000000	0.119344
1486.000000	0.119344
1487.000000	0.119344
1488.000000	0.117744
1489.000000	0.119344
1490.000000	0.117744
1491.000000	0.119344
1492.000000	0.117744
1493.000000	0.119344
1494.000000	0.117744
1495.000000	0.119344
1496.000000	0.119344
1497.000000	0.119344
1498.000000	0.119344
1499.000000	0.119344
1500.000000	0.119344
1501.000000	0.119344
1502.000000	0.119344
1503.000000	0.119344
1504.000000	0.119344
1505.000000	0.117744
1506.000000	0.119344
1507.000000	0.117744
1508.000000	0.119344
1509.000000	0.119344
1510.000000	0.119344
1511.000000	0.119344
1512.000000	0.119344
1513.000000	0.119344
1514.000000	0.119344
1515.000000	0.117744
1516.000000	0.117744
1517.000000	0.117744
1518.000000	0.119344
1519.000000	0.117744
1520.000000	0.119344
1521.000000	0.117744
1522.000000	0.119344
1523.000000	0.117744
1524.000000	0.119344
1525.000000	0.119344
1526.000000	0.117744
1527.000000	0.119344
1528.000000	0.117744
1529.000000	0.117744
1530.000000	0.117744
1531.000000	0.117744
1532.000000	0.117744
1533.000000	0.117744
1534.000000	0.117744
1535.000000	0.119344
1536.000000	0.119344
1537.000000	0.119344
1538.000000	0.117744
1539.000000	0.119344
1540.000000	0.117744
1541.000000	0.119344
1542.000000	0.117744
1543.000000	0.119344
1544.000000	0.117744
1545.000000	0.119344
1546.000000	0.119344
1547.000000	0.119344
1548.000000	0.119344
1549.000000	0.119344
1550.000000	0.119344
1551.000000	0.119344
1552.000000	0.119344
1553.000000	0.119344
1554.000000	0.119344
1555.000000	0.119344
1556.000000	0.119344
1557.000000	0.117744
1558.000000	0.119344
1559.000000	0.117744
1560.000000	0.119344
1561.000000	0.119344
1562.000000	0.119344
1563.000000	0.119344
1564.000000	0.119344
1565.000000	0.117744
1566.000000	0.117744
1567.000000	0.117744
1568.000000	0.119344
1569.000000	0.117744
1570.000000	0.119344
1571.000000	0.117744
1572.000000	0.119344
1573.000000	0.117744
1574.000000	0.119344
1575.000000	0.117744
1576.000000	0.117744
1577.000000	0.119344
1578.000000	0.117744
1579.000000	0.119344
1580.000000	0.117744
1581.000000	0.117744
1582.000000	0.117744
1583.000000	0.117744
1584.000000	0.117744
1585.000000	0.119344
1586.000000	0.119344
1587.000000	0.119344
1588.000000	0.117744
1589.000000	0.119344
1590.000000	0.117744
1591.000000	0.119344
1592.000000	0.117744
1593.000000	0.119344
1594.000000	0.117744
1595.000000	0.119344
1596.000000	0.119344
1597.000000	0.119344
1598.000000	0.119344
1599.000000	0.119344
1600.000000	0.119344
1601.000000	0.119344
1602.000000	0.119344
1603.000000	0.119344
1604.000000	0.119344
1605.000000	0.117744
1606.000000	0.119344
1607.000000	0.117744
1608.000000	0.119344
1609.000000	0.119344
1610.000000	0.119344
1611.000000	0.119344
1612.000000	0.119344
1613.000000	0.119344
1614.000000	0.119344
1615.000000	0.117744
1616.000000	0.117744
1617.000000	0.117744
1618.000000	0.119344
1619.000000	0.117744
1620.000000	0.119344
1621.000000	0.117744
1622.000000	0.119344
1623.000000	0.117744
1624.000000	0.119344
1625.000000	0.119344
1626.000000	0.117744
1627.000000	0.119344
1628.000000	0.117744
1629.000000	0.117744
1630.000000	0.117744
1631.000000	0.117744
1632.000000	0.117744
1633.000000	0.117744
1634.000000	0.117744
1635.000000	0.119344
1636.000000	0.119344
1637.000000	0.119344
1638.000000	0.117744
1639.000000	0.119344
1640.000000	0.117744
1641.000000	0.119344
1642.000000	0.117744
1643.000000	0.119344
1644.000000	0.117744
1645.000000	0.119344
1646.000000	0.119344
1647.000000	0.119344
1648.000000	0.119344
1649.000000	0.119344
1650.000000	0.119344
1651.000000	0.119344
1652.000000	0.119344
1653.000000	0.119344
1654.000000	0.119344
1655.000000	0.119344
1656.000000	0.119344
1657.000000	0.117744
1658.000000	0.119344
1659.000000	0.117744
1660.000000	0.119344
1661.000000	0.119344
1662.000000	0.119344
1663.000000	0.119344
1664.000000	0.119344
1665.000000	0.117744
1666.000000	0.117744
1667.000000	0.117744
1668.000000	0.119344
1669.000000	0.117744
1670.000000	0.119344
1671.000000	0.117744
1672.000000	0.119344
1673.000000	0.117744
1674.000000	0.119344
1675.000000	0.117744
1676.000000	0.117744
1677.000000	0.119344
1678.000000	0.117744
1679.000000	0.119344
1680.000000	0.117744
1681.000000	0.117744
1682.000000	0.117744
1683.000000	0.117744
1684.000000	0.117744
1685.000000	0.119344
1686.000000	0.119344
1687.000000	0.119344
1688.000000	0.117744
1689.000000	0.119344
1690.000000	0.117744
1691.000000	0.119344
1692.000000	0.117744
1693.000000	0.119344
1694.000000	0.117744
1695.000000	0.119344
1696.000000	0.119344
1697.000000	0.119344
1698.000000	0.119344
1699.000000	0.119344
1700.000000	0.119344
1701.000000	0.119344
1702.000000	0.119344
1703.000000	0.119344
1704.000000	0.119344
1705.000000	0.117744
1706.000000	0.119344
1707.000000	0.117744
1708.000000	0.119344
1709.000000	0.119344
1710.000000	0.119344
1711.000000	0.119344
1712.000000	0.119344
1713.000000	0.119344
1714.000000	0.119344
1715.000000	0.117744
1716.000000	0.117744
1717.000000	0.117744
1718.000000	0.119344
1719.000000	0.117744
1720.000000	0.119344
1721.000000	0.117744
1722.000000	0.119344
1723.000000	0.117744
1724.000000	0.119344
1725.000000	0.119344
1726.000000	0.117744
1727.000000	0.119344
1728.000000	0.117744
1729.000000	0.117744
1730.000000	0.117744
1731.000000	0.117744
1732.000000	0.117744
1733.000000	0.117744
1734.000000	0.117744
1735.000000	0.119344
1736.000000	0.119344
1737.000000	0.119344
1738.000000	0.117744
1739.000000	0.119344
1740.000000	0.117744
1741.000000	0.119344
1742.000000	0.117744
1743.000000	0.119344
1744.000000	0.117744
1745.000000	0.119344
1746.000000	0.119344
1747.000000	0.119344
1748.000000	0.119344
1749.000000	0.119344
1750.000000	0.119344
1751.000000	0.119344
1752.000000	0.119344
1753.000000	0.119344
1754.000000	0.119344
1755.000000	0.119344
1756.000000	0.119344
1757.000000	0.117744
1758.000000	0.119344
1759.000000	0.117744
1760.000000	0.119344
1761.000000	0.119344
1762.000000	0.119344
1763.000000	0.119344
1764.000000	0.119344
1765.000000	0.117744
1766.000000	0.117744
1767.000000	0.117744
1768.000000	0.119344
1769.000000	0.117744
1770.000000	0.119344
1771.000000	0.117744
1772.000000	0.119344
1773.000000	0.117744
1774.000000	0.119344
1775.000000	0.117744
1776.000000	0.117744
1777.000000	0.119344
1778.000000	0.117744
1779.000000	0.119344
1780.000000	0.117744
1781.000000	0.117744
1782.000000	0.117744
1783.000000	0.117744
1784.000000	0.117744
1785.000000	0.119344
1786.000000	0.119344
1787.000000	0.119344
1788.000000	0.117744
1789.000000	0.119344
1790.000000	0.117744
1791.000000	0.119344
1792.000000	0.117744
1793.000000	0.119344
1794.000000	0.117744
1795.000000	0.119344
1796.000000	0.119344
1797.000000	0.119344
1798.000000	0.119344
1799.000000	0.119344
1800.000000	0.119344
1801.000000	0.119344
1802.000000	0.119344
1803.000000	0.119344
1804.000000	0.119344
1805.000000	0.117744
1806.000000	0.119344
1807.000000	0.117744
1808.000000	0.119344
1809.000000	0.119344
1810.000000	0.119344
1811.000000	0.119344
1812.000000	0.119344
1813.000000	0.119344
1814.000000	0.119344
1815.000000	0.117744
1816.000000	0.117744
1817.000000	0.117744
1818.000000	0.119344
1819.000000	0.117744
1820.000000	0.119344
1821.000000	0.117744
1822.000000	0.119344
1823.000000	0.117744
1824.000000	0.119344
1825.000000	0.119344
1826.000000	0.117744
1827.000000	0.119344
1828.000000	0.117744
1829.000000	0.117744
1830.000000	0.117744
1831.000000	0.117744
1832.000000	0.117744
1833.000000	0.117744
1834.000000	0.117744
1835.000000	0.119344
1836.000000	0.119344
1837.000000	0.119344
1838.000000	0.117744
1839.000000	0.119344
1840.000000	0.117744
1841.000000	0.119344
1842.000000	0.117744
1843.000000	0.119344
1844.000000	0.117744
1845.000000	0.119344
1846.000000	0.119344
1847.000000	0.119344
1848.000000	0.119344
1849.000000	0.119344
1850.000000	0.119344
1851.000000	0.119344
1852.000000	0.119344
1853.000000	0.119344
1854.000000	0.119344
1855.000000	0.119344
1856.000000	0.119344
1857.000000	0.117744
1858.000000	0.119344
1859.000000	0.117744
1860.000000	0.119344
1861.000000	0.119344
1862.000000	0.119344
1863.000000	0.119344
1864.000000	0.119344
1865.000000	0.117744
1866.000000	0.117744
1867.000000	0.117744
1868.000000	0.119344
1869.000000	0.117744
1870.000000	0.119344
1871.000000	0.117744
1872.000000	0.119344
1873.000000	0.117744
1874.000000	0.119344
1875.000000	0.117744
1876.000000	0.117744
1877.000000	0.119344
1878.000000	0.117744
1879.000000	0.119344
1880.000000	0.117744
1881.000000	0.117744
1882.000000	0.117744
1883.000000	0.117744
1884.000000	0.117744
1885.000000	0.119344
1886.000000	0.119344
1887.000000	0.119344
1888.000000	0.117744
1889.000000	0.119344
1890.000000	0.117744
1891.000000	0.119344
1892.000000	0.117744
1893.000000	0.119344
1894.000000	0.117744
1895.000000	0.119344
1896.000000	0.119344
1897.000000	0.119344
1898.000000	0.119344
1899.000000	0.119344
1900.000000	0.119344
1901.000000	0.119344
1902.000000	0.119344
1903.000000	0.119344
1904.000000	0.119344
1905.000000	0.117744
1906.000000	0.119344
1907.000000	0.117744
1908.000000	0.117744
1909.000000	0.114544
1910.000000	0.114544
1911.000000	0.112944
1912.000000	0.112944
1913.000000	0.111344
1914.000000	0.109744
1915.000000	0.106544
1916.000000	0.106544
1917.000000	0.104944
1918.000000	0.104944
1919.000000	0.101744
1920.000000	0.101744
1921.000000	0.100144
1922.000000	0.100144
