0 0.103160
1 0.119352
2 0.124344
3 0.137272
4 0.138936
5 0.148856
6 0.153784
7 0.160376
8 0.165368
9 0.171960
10 0.178552
11 0.183544
12 0.190136
13 0.196728
14 0.201720
15 0.209976
16 0.216568
17 0.223160
18 0.229752
19 0.236344
20 0.241336
21 0.251256
22 0.252920
23 0.264440
24 0.267704
25 0.277624
26 0.279288
27 0.289208
28 0.290872
29 0.300728
30 0.304056
31 0.318904
32 0.320568
33 0.327160
34 0.330424
35 0.342008
36 0.343672
37 0.351928
38 0.353592
39 0.361784
40 0.366776
41 0.376696
42 0.378360
43 0.389880
44 0.393144
45 0.403064
46 0.404728
47 0.414648
48 0.416312
49 0.426168
50 0.429496
51 0.444344
52 0.446008
53 0.452600
54 0.454264
55 0.467448
56 0.469112
57 0.475768
58 0.479032
59 0.485624
60 0.490552
61 0.497144
62 0.502136
63 0.508728
64 0.515320
65 0.526904
66 0.528568
67 0.538488
68 0.541752
69 0.550008
70 0.554936
71 0.568184
72 0.569848
73 0.578040
74 0.579704
75 0.591288
76 0.592952
77 0.601208
78 0.602872
79 0.611064
80 0.614392
81 0.620984
82 0.625976
83 0.632568
84 0.639160
85 0.652344
86 0.654008
87 0.663928
88 0.665592
89 0.675448
90 0.678776
91 0.693624
92 0.695288
93 0.701880
94 0.705144
95 0.716728
96 0.718392
97 0.726648
98 0.728312
99 0.736504
100 0.739832
101 0.746424
102 0.751416
103 0.758008
104 0.764600
105 0.776184
106 0.779448
107 0.787768
108 0.791032
109 0.800888
110 0.802552
111 0.809144
112 0.814136
113 0.820728
114 0.827320
115 0.840568
116 0.842232
117 0.850488
118 0.853752
119 0.860344
120 0.865272
121 0.870264
122 0.876856
123 0.881848
124 0.890040
125 0.901624
126 0.903288
127 0.913208
128 0.914872
129 0.924728
130 0.927992
131 0.932984
132 0.939576
133 0.944568
134 0.951160
135 0.966008
136 0.967672
137 0.975928
138 0.977592
139 0.985784
140 0.989112
141 0.995704
142 1.000696
143 1.007288
144 1.013880
145 1.027064
146 1.028728
147 1.038648
148 1.040312
149 1.050168
150 1.051832
151 1.058424
152 1.063416
153 1.070008
154 1.076600
155 1.091448
156 1.093112
157 1.099768
158 1.103032
159 1.109624
160 1.114552
161 1.121144
162 1.126136
163 1.132728
164 1.139320
165 1.150904
166 1.152568
167 1.162488
168 1.165752
169 1.174008
170 1.177272
171 1.182264
172 1.188856
173 1.193848
174 1.202040
175 1.215288
176 1.216952
177 1.225208
178 1.226872
179 1.235064
180 1.239992
181 1.244984
182 1.251576
183 1.256568
184 1.263160
185 1.276344
186 1.278008
187 1.287928
188 1.289592
189 1.299448
190 1.301112
191 1.307704
192 1.312696
193 1.319288
194 1.325880
195 1.340728
196 1.342392
197 1.350648
198 1.352312
199 1.360504
200 1.363832
201 1.370424
202 1.375416
203 1.382008
204 1.388600
205 1.400184
206 1.403448
207 1.411768
208 1.415032
209 1.424888
210 1.426552
211 1.433144
212 1.438136
213 1.444728
214 1.451320
215 1.464568
216 1.466232
217 1.474488
218 1.477752
219 1.484344
220 1.489272
221 1.494264
222 1.500856
223 1.505848
224 1.514040
225 1.525624
226 1.527288
227 1.537208
228 1.538872
229 1.548728
230 1.551992
231 1.556984
232 1.563576
233 1.568568
234 1.575160
235 1.590008
236 1.591672
237 1.599928
238 1.601592
239 1.609784
240 1.613112
241 1.619704
242 1.624696
243 1.631288
244 1.637880
245 1.651064
246 1.652728
247 1.662648
248 1.664312
249 1.674168
250 1.675832
251 1.682424
252 1.687416
253 1.694008
254 1.700600
255 1.715448
256 1.717112
257 1.723768
258 1.727032
259 1.733624
260 1.738552
261 1.745144
262 1.750136
263 1.756728
264 1.763320
265 1.774904
266 1.776568
267 1.786488
268 1.789752
269 1.798008
270 1.801272
271 1.806264
272 1.812856
273 1.817848
274 1.826040
275 1.839288
276 1.840952
277 1.849208
278 1.850872
279 1.859064
280 1.863992
281 1.868984
282 1.875576
283 1.880568
284 1.887160
285 1.900344
286 1.902008
287 1.911928
288 1.913592
289 1.923448
290 1.925112
291 1.931704
292 1.936696
293 1.943288
294 1.949880
295 1.964728
296 1.966392
297 1.974648
298 1.976312
299 1.984504
300 1.987832
301 1.994424
302 1.999416
303 2.006008
304 2.012600
305 2.024184
306 2.027448
307 2.035768
308 2.039032
309 2.048888
310 2.050552
311 2.057144
312 2.062136
313 2.068728
314 2.075320
315 2.088568
316 2.090232
317 2.098488
318 2.101752
319 2.108344
320 2.113272
321 2.118264
322 2.124856
323 2.129848
324 2.138040
325 2.149624
326 2.151288
327 2.161208
328 2.162872
329 2.172728
330 2.175992
331 2.180984
332 2.187576
333 2.192568
334 2.199160
335 2.214008
336 2.215672
337 2.223928
338 2.225592
339 2.233784
340 2.237112
341 2.243704
342 2.248696
343 2.255288
344 2.261880
345 2.275064
346 2.276728
347 2.286648
348 2.288312
349 2.298168
350 2.299832
351 2.306424
352 2.311416
353 2.318008
354 2.324600
355 2.339448
356 2.341112
357 2.347768
358 2.351032
359 2.357624
360 2.362552
361 2.369144
362 2.374136
363 2.380728
364 2.387320
365 2.398904
366 2.400568
367 2.410488
368 2.413752
369 2.422008
370 2.425272
371 2.430264
372 2.436856
373 2.441848
374 2.450040
375 2.463288
376 2.464952
377 2.473208
378 2.474872
379 2.483064
380 2.487992
381 2.492984
382 2.499576
383 2.504568
384 2.511160
385 2.524344
386 2.526008
387 2.535928
388 2.537592
389 2.547448
390 2.549112
391 2.555704
392 2.560696
393 2.567288
394 2.573880
395 2.588728
396 2.590392
397 2.598648
398 2.600312
399 2.608504
400 2.611832
401 2.618424
402 2.623416
403 2.630008
404 2.636600
405 2.648184
406 2.651448
407 2.659768
408 2.663032
409 2.672888
410 2.674552
411 2.681144
412 2.686136
413 2.692728
414 2.699320
415 2.712568
416 2.714232
417 2.722488
418 2.725752
419 2.732344
420 2.737272
421 2.742264
422 2.748856
423 2.753848
424 2.762040
425 2.773624
426 2.775288
427 2.785208
428 2.786872
429 2.796728
430 2.798392
431 2.804984
432 2.809976
433 2.816568
434 2.823160
435 2.838008
436 2.839672
437 2.847928
438 2.849592
439 2.857784
440 2.861112
441 2.867704
442 2.872696
443 2.879288
444 2.885880
445 2.899064
446 2.900728
447 2.910648
448 2.912312
449 2.922168
450 2.923832
451 2.930424
452 2.935416
453 2.942008
454 2.948600
455 2.963448
456 2.965112
457 2.971768
458 2.975032
459 2.981624
460 2.986552
461 2.993144
462 2.998136
463 3.004728
464 3.011320
465 3.022904
466 3.024568
467 3.034488
468 3.037752
469 3.046008
470 3.049272
471 3.054264
472 3.060856
473 3.065848
474 3.074040
475 3.087288
476 3.088952
477 3.097208
478 3.098872
479 3.107064
480 3.110392
481 3.116984
482 3.121976
483 3.128568
484 3.135160
485 3.148344
486 3.150008
487 3.159928
488 3.161592
489 3.171448
490 3.173112
491 3.179704
492 3.184696
493 3.191288
494 3.197880
495 3.212728
496 3.214392
497 3.222648
498 3.224312
499 3.232504
500 3.235832
501 3.242424
502 3.247416
503 3.254008
504 3.260600
505 3.272184
506 3.275448
507 3.283768
508 3.287032
509 3.296888
510 3.298552
511 3.305144
512 3.310136
513 3.316728
514 3.323320
515 3.336568
516 3.338232
517 3.346488
518 3.349752
519 3.356344
520 3.361272
521 3.366264
522 3.372856
523 3.377848
524 3.386040
525 3.397624
526 3.399288
527 3.409208
528 3.410872
529 3.420728
530 3.422392
531 3.428984
532 3.433976
533 3.440568
534 3.447160
535 3.462008
536 3.463672
537 3.471928
538 3.473592
539 3.481784
540 3.485112
541 3.491704
542 3.496696
543 3.503288
544 3.509880
545 3.523064
546 3.524728
547 3.534648
548 3.536312
549 3.546168
550 3.547832
551 3.554424
552 3.559416
553 3.566008
554 3.572600
555 3.587448
556 3.589112
557 3.595768
558 3.599032
559 3.605624
560 3.610552
561 3.617144
562 3.622136
563 3.628728
564 3.635320
565 3.646904
566 3.648568
567 3.658488
568 3.661752
569 3.670008
570 3.673272
571 3.678264
572 3.684856
573 3.689848
574 3.698040
575 3.711288
576 3.712952
577 3.721208
578 3.722872
579 3.731064
580 3.734392
581 3.740984
582 3.745976
583 3.752568
584 3.759160
585 3.772344
586 3.774008
587 3.783928
588 3.785592
589 3.795448
590 3.797112
591 3.803704
592 3.808696
593 3.815288
594 3.821880
595 3.836728
596 3.838392
597 3.846648
598 3.848312
599 3.856504
600 3.859832
601 3.866424
602 3.871416
603 3.878008
604 3.884600
605 3.896184
606 3.899448
607 3.907768
608 3.911032
609 3.920888
610 3.922552
611 3.929144
612 3.934136
613 3.940728
614 3.947320
615 3.960568
616 3.962232
617 3.970488
618 3.973752
619 3.980344
620 3.985272
621 3.990264
622 3.996856
623 4.001848
624 4.010040
625 4.021624
626 4.023288
627 4.033208
628 4.034872
629 4.044728
630 4.046392
631 4.052984
632 4.057976
633 4.064568
634 4.071160
635 4.086008
636 4.087672
637 4.095928
638 4.097592
639 4.105784
640 4.109112
641 4.115704
642 4.120696
643 4.127288
644 4.133880
645 4.147064
646 4.148728
647 4.158648
648 4.160312
649 4.170168
650 4.171832
651 4.178424
652 4.183416
653 4.190008
654 4.196600
655 4.211448
656 4.213112
657 4.219768
658 4.223032
659 4.229624
660 4.234552
661 4.241144
662 4.246136
663 4.252728
664 4.259320
665 4.270904
666 4.272568
667 4.282488
668 4.285752
669 4.294008
670 4.297272
671 4.302264
672 4.308856
673 4.313848
674 4.322040
675 4.335288
676 4.336952
677 4.345208
678 4.346872
679 4.355064
680 4.358392
681 4.364984
682 4.369976
683 4.376568
684 4.383160
685 4.396344
686 4.398008
687 4.407928
688 4.409592
689 4.419448
690 4.421112
691 4.427704
692 4.432696
693 4.439288
694 4.445880
695 4.460728
696 4.462392
697 4.470648
698 4.472312
699 4.480504
700 4.483832
701 4.490424
702 4.495416
703 4.502008
704 4.508600
705 4.520184
706 4.523448
707 4.531768
708 4.535032
709 4.544888
710 4.546552
711 4.553144
712 4.558136
713 4.564728
714 4.571320
715 4.584568
716 4.586232
717 4.594488
718 4.597752
719 4.604344
720 4.609272
721 4.614264
722 4.620856
723 4.625848
724 4.634040
725 4.645624
726 4.647288
727 4.657208
728 4.658872
729 4.668728
730 4.670392
731 4.676984
732 4.681976
733 4.688568
734 4.695160
735 4.710008
736 4.711672
737 4.719928
738 4.721592
739 4.729784
740 4.733112
741 4.739704
742 4.744696
743 4.751288
744 4.757880
745 4.771064
746 4.772728
747 4.782648
748 4.784312
749 4.794168
750 4.795832
751 4.802424
752 4.807416
753 4.814008
754 4.820600
755 4.835448
756 4.837112
757 4.843768
758 4.847032
759 4.853624
760 4.858552
761 4.865144
762 4.870136
763 4.876728
764 4.883320
765 4.894904
766 4.896568
767 4.906488
768 4.909752
769 4.918008
770 4.921272
771 4.926264
772 4.932856
773 4.937848
774 4.946040
775 4.959288
776 4.960952
777 4.969208
778 4.970872
779 4.979064
780 4.982392
781 4.988984
782 4.993976
783 5.000568
784 5.007160
785 5.020344
786 5.022008
787 5.031928
788 5.033592
789 5.043448
790 5.045112
791 5.051704
792 5.056696
793 5.063288
794 5.069880
795 5.084728
796 5.086392
797 5.094648
798 5.096312
799 5.104504
800 5.107832
801 5.114424
802 5.119416
803 5.126008
804 5.132600
805 5.144184
806 5.147448
807 5.155768
808 5.159032
809 5.168888
810 5.170552
811 5.177144
812 5.182136
813 5.188728
814 5.195320
815 5.208568
816 5.210232
817 5.218488
818 5.221752
819 5.228344
820 5.233272
821 5.238264
822 5.244856
823 5.249848
824 5.258040
825 5.269624
826 5.271288
827 5.281208
828 5.282872
829 5.292728
830 5.294392
831 5.300984
832 5.305976
833 5.312568
834 5.319160
835 5.334008
836 5.335672
837 5.343928
838 5.345592
839 5.353784
840 5.357112
841 5.363704
842 5.368696
843 5.375288
844 5.381880
845 5.395064
846 5.396728
847 5.406648
848 5.408312
849 5.418168
850 5.419832
851 5.426424
852 5.431416
853 5.438008
854 5.444600
855 5.459448
856 5.461112
857 5.467768
858 5.471032
859 5.477624
860 5.482552
861 5.489144
862 5.494136
863 5.500728
864 5.507320
865 5.518904
866 5.520568
867 5.530488
868 5.533752
869 5.542008
870 5.545272
871 5.550264
872 5.556856
873 5.561848
874 5.570040
875 5.583288
876 5.584952
877 5.593208
878 5.594872
879 5.603064
880 5.606392
881 5.612984
882 5.617976
883 5.624568
884 5.631160
885 5.644344
886 5.646008
887 5.655928
888 5.657592
889 5.667448
890 5.669112
891 5.675704
892 5.680696
893 5.687288
894 5.693880
895 5.708728
896 5.710392
897 5.718648
898 5.720312
899 5.728504
900 5.731832
901 5.738424
902 5.743416
903 5.750008
904 5.756600
905 5.768184
906 5.771448
907 5.779768
908 5.783032
909 5.792888
910 5.794552
911 5.801144
912 5.806136
913 5.812728
914 5.819320
915 5.832568
916 5.834232
917 5.842488
918 5.845752
919 5.852344
920 5.857272
921 5.862264
922 5.868856
923 5.873848
924 5.882040
925 5.893624
926 5.895288
927 5.905208
928 5.906872
929 5.916728
930 5.918392
931 5.924984
932 5.929976
933 5.936568
934 5.943160
935 5.958008
936 5.959672
937 5.967928
938 5.969592
939 5.977784
940 5.981112
941 5.987704
942 5.992696
943 5.999288
944 6.005880
945 6.019064
946 6.020728
947 6.030648
948 6.032312
949 6.042168
950 6.043832
951 6.050424
952 6.055416
953 6.062008
954 6.068600
955 6.083448
956 6.085112
957 6.091768
958 6.095032
959 6.101624
960 6.106552
961 6.113144
962 6.118136
963 6.124728
964 6.131320
965 6.142904
966 6.144568
967 6.154488
968 6.157752
969 6.166008
970 6.169272
971 6.174264
972 6.180856
973 6.185848
974 6.194040
975 6.207288
976 6.208952
977 6.217208
978 6.218872
979 6.227064
980 6.230392
981 6.236984
982 6.241976
983 6.248568
984 6.255160
985 6.268344
986 6.270008
987 6.279928
988 6.281592
989 6.291448
990 6.293112
991 6.299704
992 6.304696
993 6.311288
994 6.317880
995 6.332728
996 6.334392
997 6.342648
998 6.344312
999 6.352504
1000 6.355832
1001 6.362424
1002 6.367416
1003 6.374008
1004 6.380600
1005 6.392184
1006 6.395448
1007 6.403768
1008 6.407032
1009 6.416888
1010 6.418552
1011 6.425144
1012 6.430136
1013 6.436728
1014 6.443320
1015 6.456568
1016 6.458232
1017 6.466488
1018 6.469752
1019 6.476344
1020 6.481272
1021 6.486264
1022 6.492856
1023 6.497848
1024 6.506040
1025 6.517624
1026 6.519288
1027 6.529208
1028 6.530872
1029 6.540728
1030 6.542392
1031 6.548984
1032 6.553976
1033 6.560568
1034 6.567160
1035 6.582008
1036 6.583672
1037 6.591928
1038 6.593592
1039 6.601784
1040 6.605112
1041 6.611704
1042 6.616696
1043 6.623288
1044 6.629880
1045 6.643064
1046 6.644728
1047 6.654648
1048 6.656312
1049 6.666168
1050 6.667832
1051 6.674424
1052 6.679416
1053 6.686008
1054 6.692600
1055 6.707448
1056 6.709112
1057 6.715768
1058 6.719032
1059 6.725624
1060 6.730552
1061 6.737144
1062 6.742136
1063 6.748728
1064 6.755320
1065 6.766904
1066 6.768568
1067 6.778488
1068 6.781752
1069 6.790008
1070 6.793272
1071 6.798264
1072 6.804856
1073 6.809848
1074 6.818040
1075 6.831288
1076 6.832952
1077 6.841208
1078 6.842872
1079 6.851064
1080 6.854392
1081 6.860984
1082 6.865976
1083 6.872568
1084 6.879160
1085 6.892344
1086 6.894008
1087 6.903928
1088 6.905592
1089 6.915448
1090 6.917112
1091 6.923704
1092 6.928696
1093 6.935288
1094 6.941880
1095 6.956728
1096 6.958392
1097 6.966648
1098 6.968312
1099 6.976504
1100 6.979832
1101 6.986424
1102 6.991416
1103 6.998008
1104 7.004600
1105 7.016184
1106 7.019448
1107 7.027768
1108 7.031032
1109 7.040888
1110 7.042552
1111 7.049144
1112 7.054136
1113 7.060728
1114 7.067320
1115 7.080568
1116 7.082232
1117 7.090488
1118 7.093752
1119 7.100344
1120 7.105272
1121 7.110264
1122 7.116856
1123 7.121848
1124 7.130040
1125 7.141624
1126 7.143288
1127 7.153208
1128 7.154872
1129 7.164728
1130 7.166392
1131 7.172984
1132 7.177976
1133 7.184568
1134 7.191160
1135 7.206008
1136 7.207672
1137 7.215928
1138 7.217592
1139 7.225784
1140 7.229112
1141 7.235704
1142 7.240696
1143 7.247288
1144 7.253880
1145 7.267064
1146 7.268728
1147 7.278648
1148 7.280312
1149 7.290168
1150 7.291832
1151 7.298424
1152 7.303416
1153 7.310008
1154 7.316600
1155 7.331448
1156 7.333112
1157 7.339768
1158 7.343032
1159 7.349624
1160 7.354552
1161 7.361144
1162 7.366136
1163 7.372728
1164 7.379320
1165 7.390904
1166 7.392568
1167 7.402488
1168 7.405752
1169 7.414008
1170 7.417272
1171 7.422264
1172 7.428856
1173 7.433848
1174 7.442040
1175 7.455288
1176 7.456952
1177 7.465208
1178 7.466872
1179 7.475064
1180 7.478392
1181 7.484984
1182 7.489976
1183 7.496568
1184 7.503160
1185 7.516344
1186 7.518008
1187 7.527928
1188 7.529592
1189 7.539448
1190 7.541112
1191 7.547704
1192 7.552696
1193 7.559288
1194 7.565880
1195 7.580728
1196 7.582392
1197 7.590648
1198 7.592312
1199 7.600504
1200 7.603832
1201 7.610424
1202 7.615416
1203 7.622008
1204 7.628600
1205 7.640184
1206 7.643448
1207 7.651768
1208 7.655032
1209 7.664888
1210 7.666552
1211 7.673144
1212 7.678136
1213 7.684728
1214 7.691320
1215 7.704568
1216 7.706232
1217 7.714488
1218 7.717752
1219 7.724344
1220 7.729272
1221 7.734264
1222 7.740856
1223 7.745848
1224 7.754040
1225 7.765624
1226 7.767288
1227 7.777208
1228 7.778872
1229 7.788728
1230 7.790392
1231 7.796984
1232 7.801976
1233 7.808568
1234 7.815160
1235 7.830008
1236 7.831672
1237 7.839928
1238 7.841592
1239 7.849784
1240 7.853112
1241 7.859704
1242 7.864696
1243 7.871288
1244 7.877880
1245 7.891064
1246 7.892728
1247 7.902648
1248 7.904312
1249 7.914168
1250 7.915832
1251 7.922424
1252 7.927416
1253 7.934008
1254 7.940600
1255 7.955448
1256 7.957112
1257 7.963768
1258 7.967032
1259 7.973624
1260 7.978552
1261 7.985144
1262 7.990136
1263 7.996728
1264 8.003320
1265 8.014904
1266 8.016568
1267 8.026488
1268 8.029752
1269 8.038008
1270 8.041272
1271 8.046264
1272 8.052856
1273 8.057848
1274 8.066040
1275 8.079288
1276 8.080952
1277 8.089208
1278 8.090872
1279 8.099064
1280 8.102392
1281 8.108984
1282 8.113976
1283 8.120568
1284 8.127160
1285 8.140344
1286 8.142008
1287 8.151928
1288 8.153592
1289 8.163448
1290 8.165112
1291 8.171704
1292 8.176696
1293 8.183288
1294 8.189880
1295 8.204728
1296 8.206392
1297 8.214648
1298 8.216312
1299 8.224504
1300 8.227832
1301 8.234424
1302 8.239416
1303 8.246008
1304 8.252600
1305 8.264184
1306 8.267448
1307 8.275768
1308 8.279032
1309 8.288888
1310 8.290552
1311 8.297144
1312 8.302136
1313 8.308728
1314 8.315320
1315 8.328568
1316 8.330232
1317 8.338488
1318 8.341752
1319 8.348344
1320 8.353272
1321 8.358264
1322 8.364856
1323 8.369848
1324 8.378040
1325 8.389624
1326 8.391288
1327 8.401208
1328 8.402872
1329 8.412728
1330 8.414392
1331 8.420984
1332 8.425976
1333 8.432568
1334 8.439160
1335 8.454008
1336 8.455672
1337 8.463928
1338 8.465592
1339 8.473784
1340 8.477112
1341 8.483704
1342 8.488696
1343 8.495288
1344 8.501880
1345 8.515064
1346 8.516728
1347 8.526648
1348 8.528312
1349 8.538168
1350 8.539832
1351 8.546424
1352 8.551416
1353 8.558008
1354 8.564600
1355 8.579448
1356 8.581112
1357 8.587768
1358 8.591032
1359 8.597624
1360 8.602552
1361 8.609144
1362 8.614136
1363 8.620728
1364 8.627320
1365 8.638904
1366 8.640568
1367 8.650488
1368 8.653752
1369 8.662008
1370 8.665272
1371 8.670264
1372 8.676856
1373 8.681848
1374 8.690040
1375 8.703288
1376 8.704952
1377 8.713208
1378 8.714872
1379 8.723064
1380 8.726392
1381 8.732984
1382 8.737976
1383 8.744568
1384 8.751160
1385 8.764344
1386 8.766008
1387 8.775928
1388 8.777592
1389 8.787448
1390 8.789112
1391 8.795704
1392 8.800696
1393 8.807288
1394 8.813880
1395 8.828728
1396 8.830392
1397 8.838648
1398 8.840312
1399 8.848504
1400 8.851832
1401 8.858424
1402 8.863416
1403 8.870008
1404 8.876600
1405 8.888184
1406 8.891448
1407 8.899768
1408 8.903032
1409 8.912888
1410 8.914552
1411 8.921144
1412 8.926136
1413 8.932728
1414 8.939320
1415 8.952568
1416 8.954232
1417 8.962488
1418 8.965752
1419 8.972344
1420 8.977272
1421 8.982264
1422 8.988856
1423 8.993848
1424 9.002040
1425 9.013624
1426 9.015288
1427 9.025208
1428 9.026872
1429 9.036728
1430 9.038392
1431 9.044984
1432 9.049976
1433 9.056568
1434 9.063160
1435 9.078008
1436 9.079672
1437 9.087928
1438 9.089592
1439 9.097784
1440 9.101112
1441 9.107704
1442 9.112696
1443 9.119288
1444 9.125880
1445 9.139064
1446 9.140728
1447 9.150648
1448 9.152312
1449 9.162168
1450 9.163832
1451 9.170424
1452 9.175416
1453 9.182008
1454 9.188600
1455 9.203448
1456 9.205112
1457 9.211768
1458 9.215032
1459 9.221624
1460 9.226552
1461 9.233144
1462 9.238136
1463 9.244728
1464 9.251320
1465 9.262904
1466 9.264568
1467 9.274488
1468 9.277752
1469 9.286008
1470 9.289272
1471 9.294264
1472 9.300856
1473 9.305848
1474 9.314040
1475 9.327288
1476 9.328952
1477 9.337208
1478 9.338872
1479 9.347064
1480 9.350392
1481 9.356984
1482 9.361976
1483 9.368568
1484 9.375160
1485 9.388344
1486 9.390008
1487 9.399928
1488 9.401592
1489 9.411448
1490 9.413112
1491 9.419704
1492 9.424696
1493 9.431288
1494 9.437880
1495 9.452728
1496 9.454392
1497 9.462648
1498 9.464312
1499 9.472504
1500 9.475832
1501 9.482424
1502 9.487416
1503 9.494008
1504 9.500600
1505 9.512184
1506 9.515448
1507 9.523768
1508 9.527032
1509 9.536888
1510 9.538552
1511 9.545144
1512 9.550136
1513 9.556728
1514 9.563320
1515 9.576568
1516 9.578232
1517 9.586488
1518 9.589752
1519 9.596344
1520 9.601272
1521 9.606264
1522 9.612856
1523 9.617848
1524 9.626040
1525 9.637624
1526 9.639288
1527 9.649208
1528 9.650872
1529 9.660728
1530 9.662392
1531 9.668984
1532 9.673976
1533 9.680568
1534 9.687160
1535 9.702008
1536 9.703672
1537 9.711928
1538 9.713592
1539 9.721784
1540 9.725112
1541 9.731704
1542 9.736696
1543 9.743288
1544 9.749880
1545 9.763064
1546 9.764728
1547 9.774648
1548 9.776312
1549 9.786168
1550 9.787832
1551 9.794424
1552 9.799416
1553 9.806008
1554 9.812600
1555 9.827448
1556 9.829112
1557 9.835768
1558 9.839032
1559 9.845624
1560 9.850552
1561 9.857144
1562 9.862136
1563 9.868728
1564 9.875320
1565 9.886904
1566 9.888568
1567 9.898488
1568 9.901752
1569 9.910008
1570 9.913272
1571 9.918264
1572 9.924856
1573 9.929848
1574 9.938040
1575 9.951288
1576 9.952952
1577 9.961208
1578 9.962872
1579 9.971064
1580 9.974392
1581 9.980984
1582 9.985976
1583 9.992568
1584 9.999160
1585 10.012344
1586 10.014008
1587 10.023928
1588 10.025592
1589 10.035448
1590 10.037112
1591 10.043704
1592 10.048696
1593 10.055288
1594 10.061880
1595 10.076728
1596 10.078392
1597 10.086648
1598 10.088312
1599 10.096504
1600 10.099832
1601 10.106424
1602 10.111416
1603 10.118008
1604 10.124600
1605 10.136184
1606 10.139448
1607 10.147768
1608 10.151032
1609 10.160888
1610 10.162552
1611 10.169144
1612 10.174136
1613 10.180728
1614 10.187320
1615 10.200568
1616 10.202232
1617 10.210488
1618 10.213752
1619 10.220344
1620 10.225272
1621 10.230264
1622 10.236856
1623 10.241848
1624 10.250040
1625 10.261624
1626 10.263288
1627 10.273208
1628 10.274872
1629 10.284728
1630 10.286392
1631 10.292984
1632 10.297976
1633 10.304568
1634 10.311160
1635 10.326008
1636 10.327672
1637 10.335928
1638 10.337592
1639 10.345784
1640 10.349112
1641 10.355704
1642 10.360696
1643 10.367288
1644 10.373880
1645 10.387064
1646 10.388728
1647 10.398648
1648 10.400312
1649 10.410168
1650 10.411832
1651 10.418424
1652 10.423416
1653 10.430008
1654 10.436600
1655 10.451448
1656 10.453112
1657 10.459768
1658 10.463032
1659 10.469624
1660 10.474552
1661 10.481144
1662 10.486136
1663 10.492728
1664 10.499320
1665 10.510904
1666 10.512568
1667 10.522488
1668 10.525752
1669 10.534008
1670 10.537272
1671 10.542264
1672 10.548856
1673 10.553848
1674 10.562040
1675 10.575288
1676 10.576952
1677 10.585208
1678 10.586872
1679 10.595064
1680 10.598392
1681 10.604984
1682 10.609976
1683 10.616568
1684 10.623160
1685 10.636344
1686 10.638008
1687 10.647928
1688 10.649592
1689 10.659448
1690 10.661112
1691 10.667704
1692 10.672696
1693 10.679288
1694 10.685880
1695 10.700728
1696 10.702392
1697 10.710648
1698 10.712312
1699 10.720504
1700 10.723832
1701 10.730424
1702 10.735416
1703 10.742008
1704 10.748600
1705 10.760184
1706 10.763448
1707 10.771768
1708 10.775032
1709 10.784888
1710 10.786552
1711 10.793144
1712 10.798136
1713 10.804728
1714 10.811320
1715 10.824568
1716 10.826232
1717 10.834488
1718 10.837752
1719 10.844344
1720 10.849272
1721 10.854264
1722 10.860856
1723 10.865848
1724 10.874040
1725 10.885624
1726 10.887288
1727 10.897208
1728 10.898872
1729 10.908728
1730 10.910392
1731 10.916984
1732 10.921976
1733 10.928568
1734 10.935160
1735 10.950008
1736 10.951672
1737 10.959928
1738 10.961592
1739 10.969784
1740 10.973112
1741 10.979704
1742 10.984696
1743 10.991288
1744 10.997880
1745 11.011064
1746 11.012728
1747 11.022648
1748 11.024312
1749 11.034168
1750 11.035832
1751 11.042424
1752 11.047416
1753 11.054008
1754 11.060600
1755 11.075448
1756 11.077112
1757 11.083768
1758 11.087032
1759 11.093624
1760 11.098552
1761 11.105144
1762 11.110136
1763 11.116728
1764 11.123320
1765 11.134904
1766 11.136568
1767 11.146488
1768 11.149752
1769 11.158008
1770 11.161272
1771 11.166264
1772 11.172856
1773 11.177848
1774 11.186040
1775 11.199288
1776 11.200952
1777 11.209208
1778 11.210872
1779 11.219064
1780 11.222392
1781 11.228984
1782 11.233976
1783 11.240568
1784 11.247160
1785 11.260344
1786 11.262008
1787 11.271928
1788 11.273592
1789 11.283448
1790 11.285112
1791 11.291704
1792 11.296696
1793 11.303288
1794 11.309880
1795 11.324728
1796 11.326392
1797 11.334648
1798 11.336312
1799 11.344504
1800 11.347832
1801 11.354424
1802 11.359416
1803 11.366008
1804 11.372600
1805 11.384184
1806 11.387448
1807 11.395768
1808 11.399032
1809 11.408888
1810 11.410552
1811 11.417144
1812 11.422136
1813 11.428728
1814 11.435320
1815 11.448568
1816 11.450232
1817 11.458488
1818 11.461752
1819 11.468344
1820 11.473272
1821 11.478264
1822 11.484856
1823 11.489848
1824 11.498040
1825 11.509624
1826 11.511288
1827 11.521208
1828 11.522872
1829 11.532728
1830 11.534392
1831 11.540984
1832 11.545976
1833 11.552568
1834 11.559160
1835 11.574008
1836 11.575672
1837 11.583928
1838 11.585592
1839 11.593784
1840 11.597112
1841 11.603704
1842 11.608696
1843 11.615288
1844 11.621880
1845 11.635064
1846 11.636728
1847 11.646648
1848 11.648312
1849 11.658168
1850 11.659832
1851 11.666424
1852 11.671416
1853 11.678008
1854 11.684600
1855 11.699448
1856 11.701112
1857 11.707768
1858 11.711032
1859 11.717624
1860 11.722552
1861 11.729144
1862 11.734136
1863 11.740728
1864 11.747320
1865 11.758904
1866 11.760568
1867 11.770488
1868 11.773752
1869 11.782008
1870 11.785272
1871 11.790264
1872 11.796856
1873 11.801848
1874 11.810040
1875 11.823288
1876 11.824952
1877 11.833208
1878 11.834872
1879 11.843064
1880 11.846392
1881 11.852984
1882 11.857976
1883 11.864568
1884 11.871160
1885 11.884344
1886 11.886008
1887 11.895928
1888 11.897592
1889 11.907448
1890 11.909112
1891 11.915704
1892 11.920696
1893 11.927288
1894 11.933880
1895 11.948728
1896 11.950392
1897 11.958648
1898 11.960312
1899 11.968504
1900 11.971832
1901 11.978424
1902 11.983416
1903 11.990008
1904 11.996600
1905 12.008184
1906 12.011448
1907 12.019768
1908 12.021432
1909 12.028088
1910 12.029752
1911 12.034744
1912 12.039736
1913 12.044728
1914 12.049720
1915 12.061368
1916 12.063032
1917 12.069688
1918 12.071352
1919 12.076344
1920 12.079672
1921 12.084664
1922 12.089656
