0 0.103096
1 0.117688
2 0.122680
3 0.133944
4 0.135608
5 0.143864
6 0.147192
7 0.157112
8 0.163704
9 0.170296
10 0.173624
11 0.181880
12 0.186808
13 0.193464
14 0.198392
15 0.206648
16 0.214904
17 0.224824
18 0.228088
19 0.234680
20 0.238008
21 0.244600
22 0.246264
23 0.259512
24 0.262776
25 0.269368
26 0.272632
27 0.285880
28 0.287544
29 0.294136
30 0.295800
31 0.310648
32 0.312312
33 0.322232
34 0.325496
35 0.332088
36 0.345336
37 0.347000
38 0.350264
39 0.358520
40 0.363448
41 0.370040
42 0.371704
43 0.384952
44 0.388216
45 0.394808
46 0.396472
47 0.409720
48 0.412984
49 0.419576
50 0.421240
51 0.436088
52 0.437752
53 0.447672
54 0.449336
55 0.457528
56 0.470776
57 0.472440
58 0.474104
59 0.483960
60 0.488888
61 0.493880
62 0.498808
63 0.507064
64 0.512056
65 0.518648
66 0.520312
67 0.535160
68 0.536824
69 0.543416
70 0.546680
71 0.559928
72 0.561592
73 0.573112
74 0.574776
75 0.581368
76 0.596216
77 0.597880
78 0.599544
79 0.607800
80 0.612728
81 0.619320
82 0.622648
83 0.630904
84 0.637496
85 0.644088
86 0.645752
87 0.659000
88 0.662264
89 0.668856
90 0.670520
91 0.685368
92 0.687032
93 0.696952
94 0.700216
95 0.706808
96 0.720056
97 0.721720
98 0.724984
99 0.733240
100 0.738168
101 0.744760
102 0.748088
103 0.756344
104 0.761336
105 0.769528
106 0.771192
107 0.784440
108 0.786104
109 0.792696
110 0.795960
111 0.805880
112 0.812472
113 0.819064
114 0.824056
115 0.830648
116 0.845496
117 0.847160
118 0.848824
119 0.858680
120 0.862008
121 0.868600
122 0.871928
123 0.880184
124 0.886776
125 0.893368
126 0.896632
127 0.909880
128 0.911544
129 0.918136
130 0.919800
131 0.931320
132 0.936312
133 0.942904
134 0.949496
135 0.956088
136 0.969336
137 0.971000
138 0.974264
139 0.982520
140 0.987448
141 0.994040
142 0.997368
143 1.005624
144 1.012216
145 1.018808
146 1.020472
147 1.033720
148 1.036984
149 1.043576
150 1.045240
151 1.056760
152 1.061752
153 1.068344
154 1.073336
155 1.081528
156 1.094776
157 1.096440
158 1.098104
159 1.107960
160 1.112888
161 1.117880
162 1.122808
163 1.131064
164 1.136056
165 1.142648
166 1.144312
167 1.159160
168 1.160824
169 1.167416
170 1.170680
171 1.180600
172 1.185592
173 1.192184
174 1.198776
175 1.205368
176 1.220216
177 1.221880
178 1.223544
179 1.231800
180 1.236728
181 1.243320
182 1.246648
183 1.254904
184 1.261496
185 1.268088
186 1.269752
187 1.283000
188 1.286264
189 1.292856
190 1.294520
191 1.306040
192 1.311032
193 1.317624
194 1.324216
195 1.330808
196 1.344056
197 1.345720
198 1.348984
199 1.357240
200 1.362168
201 1.368760
202 1.372088
203 1.380344
204 1.385336
205 1.393528
206 1.395192
207 1.408440
208 1.410104
209 1.416696
210 1.419960
211 1.429880
212 1.436472
213 1.443064
214 1.448056
215 1.454648
216 1.469496
217 1.471160
218 1.472824
219 1.482680
220 1.486008
221 1.492600
222 1.495928
223 1.504184
224 1.510776
225 1.517368
226 1.520632
227 1.533880
228 1.535544
229 1.542136
230 1.543800
231 1.555320
232 1.560312
233 1.566904
234 1.573496
235 1.580088
236 1.593336
237 1.595000
238 1.598264
239 1.606520
240 1.611448
241 1.618040
242 1.621368
243 1.629624
244 1.636216
245 1.642808
246 1.644472
247 1.657720
248 1.660984
249 1.667576
250 1.669240
251 1.680760
252 1.685752
253 1.692344
254 1.697336
255 1.705528
256 1.718776
257 1.720440
258 1.722104
259 1.731960
260 1.736888
261 1.741880
262 1.746808
263 1.755064
264 1.760056
265 1.766648
266 1.768312
267 1.783160
268 1.784824
269 1.791416
270 1.794680
271 1.804600
272 1.809592
273 1.816184
274 1.822776
275 1.829368
276 1.844216
277 1.845880
278 1.847544
279 1.855800
280 1.860728
281 1.867320
282 1.870648
283 1.878904
284 1.885496
285 1.892088
286 1.893752
287 1.907000
288 1.910264
289 1.916856
290 1.918520
291 1.930040
292 1.935032
293 1.941624
294 1.948216
295 1.954808
296 1.968056
297 1.969720
298 1.972984
299 1.981240
300 1.986168
301 1.992760
302 1.996088
303 2.004344
304 2.009336
305 2.017528
306 2.019192
307 2.032440
308 2.034104
309 2.040696
310 2.043960
311 2.053880
312 2.060472
313 2.067064
314 2.072056
315 2.078648
316 2.093496
317 2.095160
318 2.096824
319 2.106680
320 2.110008
321 2.116600
322 2.119928
323 2.128184
324 2.134776
325 2.141368
326 2.144632
327 2.157880
328 2.159544
329 2.166136
330 2.167800
331 2.179320
332 2.184312
333 2.190904
334 2.197496
335 2.204088
336 2.217336
337 2.219000
338 2.222264
339 2.230520
340 2.235448
341 2.242040
342 2.245368
343 2.253624
344 2.260216
345 2.266808
346 2.268472
347 2.281720
348 2.284984
349 2.291576
350 2.293240
351 2.304760
352 2.309752
353 2.316344
354 2.321336
355 2.329528
356 2.342776
357 2.344440
358 2.346104
359 2.355960
360 2.360888
361 2.365880
362 2.370808
363 2.379064
364 2.384056
365 2.390648
366 2.392312
367 2.407160
368 2.408824
369 2.415416
370 2.418680
371 2.428600
372 2.433592
373 2.440184
374 2.446776
375 2.453368
376 2.468216
377 2.469880
378 2.471544
379 2.479800
380 2.484728
381 2.491320
382 2.494648
383 2.502904
384 2.509496
385 2.516088
386 2.517752
387 2.531000
388 2.534264
389 2.540856
390 2.542520
391 2.554040
392 2.559032
393 2.565624
394 2.572216
395 2.578808
396 2.592056
397 2.593720
398 2.596984
399 2.605240
400 2.610168
401 2.616760
402 2.620088
403 2.628344
404 2.633336
405 2.641528
406 2.643192
407 2.656440
408 2.658104
409 2.664696
410 2.667960
411 2.677880
412 2.684472
413 2.691064
414 2.696056
415 2.702648
416 2.717496
417 2.719160
418 2.720824
419 2.730680
420 2.734008
421 2.740600
422 2.743928
423 2.752184
424 2.758776
425 2.765368
426 2.768632
427 2.781880
428 2.783544
429 2.790136
430 2.791800
431 2.803320
432 2.808312
433 2.814904
434 2.821496
435 2.828088
436 2.841336
437 2.843000
438 2.846264
439 2.854520
440 2.859448
441 2.866040
442 2.869368
443 2.877624
444 2.884216
445 2.890808
446 2.892472
447 2.905720
448 2.908984
449 2.915576
450 2.917240
451 2.928760
452 2.933752
453 2.940344
454 2.945336
455 2.953528
456 2.966776
457 2.968440
458 2.970104
459 2.979960
460 2.984888
461 2.989880
462 2.994808
463 3.003064
464 3.008056
465 3.014648
466 3.016312
467 3.031160
468 3.032824
469 3.039416
470 3.042680
471 3.052600
472 3.057592
473 3.064184
474 3.070776
475 3.077368
476 3.092216
477 3.093880
478 3.095544
479 3.103800
480 3.108728
481 3.115320
482 3.118648
483 3.126904
484 3.133496
485 3.140088
486 3.141752
487 3.155000
488 3.158264
489 3.164856
490 3.166520
491 3.178040
492 3.183032
493 3.189624
494 3.196216
495 3.202808
496 3.216056
497 3.217720
498 3.220984
499 3.229240
500 3.234168
501 3.240760
502 3.244088
503 3.252344
504 3.257336
505 3.265528
506 3.267192
507 3.280440
508 3.282104
509 3.288696
510 3.291960
511 3.301880
512 3.308472
513 3.315064
514 3.320056
515 3.326648
516 3.341496
517 3.343160
518 3.344824
519 3.354680
520 3.358008
521 3.364600
522 3.367928
523 3.376184
524 3.382776
525 3.389368
526 3.392632
527 3.405880
528 3.407544
529 3.414136
530 3.415800
531 3.427320
532 3.432312
533 3.438904
534 3.445496
535 3.452088
536 3.465336
537 3.467000
538 3.470264
539 3.478520
540 3.483448
541 3.490040
542 3.493368
543 3.501624
544 3.508216
545 3.514808
546 3.516472
547 3.529720
548 3.532984
549 3.539576
550 3.541240
551 3.552760
552 3.557752
553 3.564344
554 3.569336
555 3.577528
556 3.590776
557 3.592440
558 3.594104
559 3.603960
560 3.608888
561 3.613880
562 3.618808
563 3.627064
564 3.632056
565 3.638648
566 3.640312
567 3.655160
568 3.656824
569 3.663416
570 3.666680
571 3.676600
572 3.681592
573 3.688184
574 3.694776
575 3.701368
576 3.716216
577 3.717880
578 3.719544
579 3.727800
580 3.732728
581 3.739320
582 3.742648
583 3.750904
584 3.757496
585 3.764088
586 3.765752
587 3.779000
588 3.782264
589 3.788856
590 3.790520
591 3.802040
592 3.807032
593 3.813624
594 3.820216
595 3.826808
596 3.840056
597 3.841720
598 3.844984
599 3.853240
600 3.858168
601 3.864760
602 3.868088
603 3.876344
604 3.881336
605 3.889528
606 3.891192
607 3.904440
608 3.906104
609 3.912696
610 3.915960
611 3.925880
612 3.932472
613 3.939064
614 3.944056
615 3.950648
616 3.965496
617 3.967160
618 3.968824
619 3.978680
620 3.982008
621 3.988600
622 3.991928
623 4.000184
624 4.006776
625 4.013368
626 4.016632
627 4.029880
628 4.031544
629 4.038136
630 4.039800
631 4.051320
632 4.056312
633 4.062904
634 4.069496
635 4.076088
636 4.089336
637 4.091000
638 4.094264
639 4.102520
640 4.107448
641 4.114040
642 4.117368
643 4.125624
644 4.132216
645 4.138808
646 4.140472
647 4.153720
648 4.156984
649 4.163576
650 4.165240
651 4.176760
652 4.181752
653 4.188344
654 4.193336
655 4.201528
656 4.214776
657 4.216440
658 4.218104
659 4.227960
660 4.232888
661 4.237880
662 4.242808
663 4.251064
664 4.256056
665 4.262648
666 4.264312
667 4.279160
668 4.280824
669 4.287416
670 4.290680
671 4.300600
672 4.305592
673 4.312184
674 4.318776
675 4.325368
676 4.340216
677 4.341880
678 4.343544
679 4.351800
680 4.356728
681 4.363320
682 4.366648
683 4.374904
684 4.381496
685 4.388088
686 4.389752
687 4.403000
688 4.406264
689 4.412856
690 4.414520
691 4.426040
692 4.431032
693 4.437624
694 4.444216
695 4.450808
696 4.464056
697 4.465720
698 4.468984
699 4.477240
700 4.482168
701 4.488760
702 4.492088
703 4.500344
704 4.505336
705 4.513528
706 4.515192
707 4.528440
708 4.530104
709 4.536696
710 4.539960
711 4.549880
712 4.556472
713 4.563064
714 4.568056
715 4.574648
716 4.589496
717 4.591160
718 4.592824
719 4.602680
720 4.606008
721 4.612600
722 4.615928
723 4.624184
724 4.630776
725 4.637368
726 4.640632
727 4.653880
728 4.655544
729 4.662136
730 4.663800
731 4.675320
732 4.680312
733 4.686904
734 4.693496
735 4.700088
736 4.713336
737 4.715000
738 4.718264
739 4.726520
740 4.731448
741 4.738040
742 4.741368
743 4.749624
744 4.756216
745 4.762808
746 4.764472
747 4.777720
748 4.780984
749 4.787576
750 4.789240
751 4.800760
752 4.805752
753 4.812344
754 4.817336
755 4.825528
756 4.838776
757 4.840440
758 4.842104
759 4.851960
760 4.856888
761 4.861880
762 4.866808
763 4.875064
764 4.880056
765 4.886648
766 4.888312
767 4.903160
768 4.904824
769 4.911416
770 4.914680
771 4.924600
772 4.929592
773 4.936184
774 4.942776
775 4.949368
776 4.964216
777 4.965880
778 4.967544
779 4.975800
780 4.980728
781 4.987320
782 4.990648
783 4.998904
784 5.005496
785 5.012088
786 5.013752
787 5.027000
788 5.030264
789 5.036856
790 5.038520
791 5.050040
792 5.055032
793 5.061624
794 5.068216
795 5.074808
796 5.088056
797 5.089720
798 5.092984
799 5.101240
800 5.106168
801 5.112760
802 5.116088
803 5.124344
804 5.129336
805 5.137528
806 5.139192
807 5.152440
808 5.154104
809 5.160696
810 5.163960
811 5.173880
812 5.180472
813 5.187064
814 5.192056
815 5.198648
816 5.213496
817 5.215160
818 5.216824
819 5.226680
820 5.230008
821 5.236600
822 5.239928
823 5.248184
824 5.254776
825 5.261368
826 5.264632
827 5.277880
828 5.279544
829 5.286136
830 5.287800
831 5.299320
832 5.304312
833 5.310904
834 5.317496
835 5.324088
836 5.337336
837 5.339000
838 5.342264
839 5.350520
840 5.355448
841 5.362040
842 5.365368
843 5.373624
844 5.380216
845 5.386808
846 5.388472
847 5.401720
848 5.404984
849 5.411576
850 5.413240
851 5.424760
852 5.429752
853 5.436344
854 5.441336
855 5.449528
856 5.462776
857 5.464440
858 5.466104
859 5.475960
860 5.480888
861 5.485880
862 5.490808
863 5.499064
864 5.504056
865 5.510648
866 5.512312
867 5.527160
868 5.528824
869 5.535416
870 5.538680
871 5.548600
872 5.553592
873 5.560184
874 5.566776
875 5.573368
876 5.588216
877 5.589880
878 5.591544
879 5.599800
880 5.604728
881 5.611320
882 5.614648
883 5.622904
884 5.629496
885 5.636088
886 5.637752
887 5.651000
888 5.654264
889 5.660856
890 5.662520
891 5.674040
892 5.679032
893 5.685624
894 5.692216
895 5.698808
896 5.712056
897 5.713720
898 5.716984
899 5.725240
900 5.730168
901 5.736760
902 5.740088
903 5.748344
904 5.753336
905 5.761528
906 5.763192
907 5.776440
908 5.778104
909 5.784696
910 5.787960
911 5.797880
912 5.804472
913 5.811064
914 5.816056
915 5.822648
916 5.837496
917 5.839160
918 5.840824
919 5.850680
920 5.854008
921 5.860600
922 5.863928
923 5.872184
924 5.878776
925 5.885368
926 5.888632
927 5.901880
928 5.903544
929 5.910136
930 5.911800
931 5.923320
932 5.928312
933 5.934904
934 5.941496
935 5.948088
936 5.961336
937 5.963000
938 5.966264
939 5.974520
940 5.979448
941 5.986040
942 5.989368
943 5.997624
944 6.004216
945 6.010808
946 6.012472
947 6.025720
948 6.028984
949 6.035576
950 6.037240
951 6.048760
952 6.053752
953 6.060344
954 6.065336
955 6.073528
956 6.086776
957 6.088440
958 6.090104
959 6.099960
960 6.104888
961 6.109880
962 6.114808
963 6.123064
964 6.128056
965 6.134648
966 6.136312
967 6.151160
968 6.152824
969 6.159416
970 6.162680
971 6.172600
972 6.177592
973 6.184184
974 6.190776
975 6.197368
976 6.212216
977 6.213880
978 6.215544
979 6.223800
980 6.228728
981 6.235320
982 6.238648
983 6.246904
984 6.253496
985 6.260088
986 6.261752
987 6.275000
988 6.278264
989 6.284856
990 6.286520
991 6.298040
992 6.303032
993 6.309624
994 6.316216
995 6.322808
996 6.336056
997 6.337720
998 6.340984
999 6.349240
1000 6.354168
1001 6.360760
1002 6.364088
1003 6.372344
1004 6.377336
1005 6.385528
1006 6.387192
1007 6.400440
1008 6.402104
1009 6.408696
1010 6.411960
1011 6.421880
1012 6.428472
1013 6.435064
1014 6.440056
1015 6.446648
1016 6.461496
1017 6.463160
1018 6.464824
1019 6.474680
1020 6.478008
1021 6.484600
1022 6.487928
1023 6.496184
1024 6.502776
1025 6.509368
1026 6.512632
1027 6.525880
1028 6.527544
1029 6.534136
1030 6.535800
1031 6.547320
1032 6.552312
1033 6.558904
1034 6.565496
1035 6.572088
1036 6.585336
1037 6.587000
1038 6.590264
1039 6.598520
1040 6.603448
1041 6.610040
1042 6.613368
1043 6.621624
1044 6.628216
1045 6.634808
1046 6.636472
1047 6.649720
1048 6.652984
1049 6.659576
1050 6.661240
1051 6.672760
1052 6.677752
1053 6.684344
1054 6.689336
1055 6.697528
1056 6.710776
1057 6.712440
1058 6.714104
1059 6.723960
1060 6.728888
1061 6.733880
1062 6.738808
1063 6.747064
1064 6.752056
1065 6.758648
1066 6.760312
1067 6.775160
1068 6.776824
1069 6.783416
1070 6.786680
1071 6.796600
1072 6.801592
1073 6.808184
1074 6.814776
1075 6.821368
1076 6.836216
1077 6.837880
1078 6.839544
1079 6.847800
1080 6.852728
1081 6.859320
1082 6.862648
1083 6.870904
1084 6.877496
1085 6.884088
1086 6.885752
1087 6.899000
1088 6.902264
1089 6.908856
1090 6.910520
1091 6.922040
1092 6.927032
1093 6.933624
1094 6.940216
1095 6.946808
1096 6.960056
1097 6.961720
1098 6.964984
1099 6.973240
1100 6.978168
1101 6.984760
1102 6.988088
1103 6.996344
1104 7.001336
1105 7.009528
1106 7.011192
1107 7.024440
1108 7.026104
1109 7.032696
1110 7.035960
1111 7.045880
1112 7.052472
1113 7.059064
1114 7.064056
1115 7.070648
1116 7.085496
1117 7.087160
1118 7.088824
1119 7.098680
1120 7.102008
1121 7.108600
1122 7.111928
1123 7.120184
1124 7.126776
1125 7.133368
1126 7.136632
1127 7.149880
1128 7.151544
1129 7.158136
1130 7.159800
1131 7.171320
1132 7.176312
1133 7.182904
1134 7.189496
1135 7.196088
1136 7.209336
1137 7.211000
1138 7.214264
1139 7.222520
1140 7.227448
1141 7.234040
1142 7.237368
1143 7.245624
1144 7.252216
1145 7.258808
1146 7.260472
1147 7.273720
1148 7.276984
1149 7.283576
1150 7.285240
1151 7.296760
1152 7.301752
1153 7.308344
1154 7.313336
1155 7.321528
1156 7.334776
1157 7.336440
1158 7.338104
1159 7.347960
1160 7.352888
1161 7.357880
1162 7.362808
1163 7.371064
1164 7.376056
1165 7.382648
1166 7.384312
1167 7.399160
1168 7.400824
1169 7.407416
1170 7.410680
1171 7.420600
1172 7.425592
1173 7.432184
1174 7.438776
1175 7.445368
1176 7.460216
1177 7.461880
1178 7.463544
1179 7.471800
1180 7.476728
1181 7.483320
1182 7.486648
1183 7.494904
1184 7.501496
1185 7.508088
1186 7.509752
1187 7.523000
1188 7.526264
1189 7.532856
1190 7.534520
1191 7.546040
1192 7.551032
1193 7.557624
1194 7.564216
1195 7.570808
1196 7.584056
1197 7.585720
1198 7.588984
1199 7.597240
1200 7.602168
1201 7.608760
1202 7.612088
1203 7.620344
1204 7.625336
1205 7.633528
1206 7.635192
1207 7.648440
1208 7.650104
1209 7.656696
1210 7.659960
1211 7.669880
1212 7.676472
1213 7.683064
1214 7.688056
1215 7.694648
1216 7.709496
1217 7.711160
1218 7.712824
1219 7.722680
1220 7.726008
1221 7.732600
1222 7.735928
1223 7.744184
1224 7.750776
1225 7.757368
1226 7.760632
1227 7.773880
1228 7.775544
1229 7.782136
1230 7.783800
1231 7.795320
1232 7.800312
1233 7.806904
1234 7.813496
1235 7.820088
1236 7.833336
1237 7.835000
1238 7.838264
1239 7.846520
1240 7.851448
1241 7.858040
1242 7.861368
1243 7.869624
1244 7.876216
1245 7.882808
1246 7.884472
1247 7.897720
1248 7.900984
1249 7.907576
1250 7.909240
1251 7.920760
1252 7.925752
1253 7.932344
1254 7.937336
1255 7.945528
1256 7.958776
1257 7.960440
1258 7.962104
1259 7.971960
1260 7.976888
1261 7.981880
1262 7.986808
1263 7.995064
1264 8.000056
1265 8.006648
1266 8.008312
1267 8.023160
1268 8.024824
1269 8.031416
1270 8.034680
1271 8.044600
1272 8.049592
1273 8.056184
1274 8.062776
1275 8.069368
1276 8.084216
1277 8.085880
1278 8.087544
1279 8.095800
1280 8.100728
1281 8.107320
1282 8.110648
1283 8.118904
1284 8.125496
1285 8.132088
1286 8.133752
1287 8.147000
1288 8.150264
1289 8.156856
1290 8.158520
1291 8.170040
1292 8.175032
1293 8.181624
1294 8.188216
1295 8.194808
1296 8.208056
1297 8.209720
1298 8.212984
1299 8.221240
1300 8.226168
1301 8.232760
1302 8.236088
1303 8.244344
1304 8.249336
1305 8.257528
1306 8.259192
1307 8.272440
1308 8.274104
1309 8.280696
1310 8.283960
1311 8.293880
1312 8.300472
1313 8.307064
1314 8.312056
1315 8.318648
1316 8.333496
1317 8.335160
1318 8.336824
1319 8.346680
1320 8.350008
1321 8.356600
1322 8.359928
1323 8.368184
1324 8.374776
1325 8.381368
1326 8.384632
1327 8.397880
1328 8.399544
1329 8.406136
1330 8.407800
1331 8.419320
1332 8.424312
1333 8.430904
1334 8.437496
1335 8.444088
1336 8.457336
1337 8.459000
1338 8.462264
1339 8.470520
1340 8.475448
1341 8.482040
1342 8.485368
1343 8.493624
1344 8.500216
1345 8.506808
1346 8.508472
1347 8.521720
1348 8.524984
1349 8.531576
1350 8.533240
1351 8.544760
1352 8.549752
1353 8.556344
1354 8.561336
1355 8.569528
1356 8.582776
1357 8.584440
1358 8.586104
1359 8.595960
1360 8.600888
1361 8.605880
1362 8.610808
1363 8.619064
1364 8.624056
1365 8.630648
1366 8.632312
1367 8.647160
1368 8.648824
1369 8.655416
1370 8.658680
1371 8.668600
1372 8.673592
1373 8.680184
1374 8.686776
1375 8.693368
1376 8.708216
1377 8.709880
1378 8.711544
1379 8.719800
1380 8.724728
1381 8.731320
1382 8.734648
1383 8.742904
1384 8.749496
1385 8.756088
1386 8.757752
1387 8.771000
1388 8.774264
1389 8.780856
1390 8.782520
1391 8.794040
1392 8.799032
1393 8.805624
1394 8.812216
1395 8.818808
1396 8.832056
1397 8.833720
1398 8.836984
1399 8.845240
1400 8.850168
1401 8.856760
1402 8.860088
1403 8.868344
1404 8.873336
1405 8.881528
1406 8.883192
1407 8.896440
1408 8.898104
1409 8.904696
1410 8.907960
1411 8.917880
1412 8.924472
1413 8.931064
1414 8.936056
1415 8.942648
1416 8.957496
1417 8.959160
1418 8.960824
1419 8.970680
1420 8.974008
1421 8.980600
1422 8.983928
1423 8.992184
1424 8.998776
1425 9.005368
1426 9.008632
1427 9.021880
1428 9.023544
1429 9.030136
1430 9.031800
1431 9.043320
1432 9.048312
1433 9.054904
1434 9.061496
1435 9.068088
1436 9.081336
1437 9.083000
1438 9.086264
1439 9.094520
1440 9.099448
1441 9.106040
1442 9.109368
1443 9.117624
1444 9.124216
1445 9.130808
1446 9.132472
1447 9.145720
1448 9.148984
1449 9.155576
1450 9.157240
1451 9.168760
1452 9.173752
1453 9.180344
1454 9.185336
1455 9.193528
1456 9.206776
1457 9.208440
1458 9.210104
1459 9.219960
1460 9.224888
1461 9.229880
1462 9.234808
1463 9.243064
1464 9.248056
1465 9.254648
1466 9.256312
1467 9.271160
1468 9.272824
1469 9.279416
1470 9.282680
1471 9.292600
1472 9.297592
1473 9.304184
1474 9.310776
1475 9.317368
1476 9.332216
1477 9.333880
1478 9.335544
1479 9.343800
1480 9.348728
1481 9.355320
1482 9.358648
1483 9.366904
1484 9.373496
1485 9.380088
1486 9.381752
1487 9.395000
1488 9.398264
1489 9.404856
1490 9.406520
1491 9.418040
1492 9.423032
1493 9.429624
1494 9.436216
1495 9.442808
1496 9.456056
1497 9.457720
1498 9.460984
1499 9.469240
1500 9.474168
1501 9.480760
1502 9.484088
1503 9.492344
1504 9.497336
1505 9.505528
1506 9.507192
1507 9.520440
1508 9.522104
1509 9.528696
1510 9.531960
1511 9.541880
1512 9.548472
1513 9.555064
1514 9.560056
1515 9.566648
1516 9.581496
1517 9.583160
1518 9.584824
1519 9.594680
1520 9.598008
1521 9.604600
1522 9.607928
1523 9.616184
1524 9.622776
1525 9.629368
1526 9.632632
1527 9.645880
1528 9.647544
1529 9.654136
1530 9.655800
1531 9.667320
1532 9.672312
1533 9.678904
1534 9.685496
1535 9.692088
1536 9.705336
1537 9.707000
1538 9.710264
1539 9.718520
1540 9.723448
1541 9.730040
1542 9.733368
1543 9.741624
1544 9.748216
1545 9.754808
1546 9.756472
1547 9.769720
1548 9.772984
1549 9.779576
1550 9.781240
1551 9.792760
1552 9.797752
1553 9.804344
1554 9.809336
1555 9.817528
1556 9.830776
1557 9.832440
1558 9.834104
1559 9.843960
1560 9.848888
1561 9.853880
1562 9.858808
1563 9.867064
1564 9.872056
1565 9.878648
1566 9.880312
1567 9.895160
1568 9.896824
1569 9.903416
1570 9.906680
1571 9.916600
1572 9.921592
1573 9.928184
1574 9.934776
1575 9.941368
1576 9.956216
1577 9.957880
1578 9.959544
1579 9.967800
1580 9.972728
1581 9.979320
1582 9.982648
1583 9.990904
1584 9.997496
1585 10.004088
1586 10.005752
1587 10.019000
1588 10.022264
1589 10.028856
1590 10.030520
1591 10.042040
1592 10.047032
1593 10.053624
1594 10.060216
1595 10.066808
1596 10.080056
1597 10.081720
1598 10.084984
1599 10.093240
1600 10.098168
1601 10.104760
1602 10.108088
1603 10.116344
1604 10.121336
1605 10.129528
1606 10.131192
1607 10.144440
1608 10.146104
1609 10.152696
1610 10.155960
1611 10.165880
1612 10.172472
1613 10.179064
1614 10.184056
1615 10.190648
1616 10.205496
1617 10.207160
1618 10.208824
1619 10.218680
1620 10.222008
1621 10.228600
1622 10.231928
1623 10.240184
1624 10.246776
1625 10.253368
1626 10.256632
1627 10.269880
1628 10.271544
1629 10.278136
1630 10.279800
1631 10.291320
1632 10.296312
1633 10.302904
1634 10.309496
1635 10.316088
1636 10.329336
1637 10.331000
1638 10.334264
1639 10.342520
1640 10.347448
1641 10.354040
1642 10.357368
1643 10.365624
1644 10.372216
1645 10.378808
1646 10.380472
1647 10.393720
1648 10.396984
1649 10.403576
1650 10.405240
1651 10.416760
1652 10.421752
1653 10.428344
1654 10.433336
1655 10.441528
1656 10.454776
1657 10.456440
1658 10.458104
1659 10.467960
1660 10.472888
1661 10.477880
1662 10.482808
1663 10.491064
1664 10.496056
1665 10.502648
1666 10.504312
1667 10.519160
1668 10.520824
1669 10.527416
1670 10.530680
1671 10.540600
1672 10.545592
1673 10.552184
1674 10.558776
1675 10.565368
1676 10.580216
1677 10.581880
1678 10.583544
1679 10.591800
1680 10.596728
1681 10.603320
1682 10.606648
1683 10.614904
1684 10.621496
1685 10.628088
1686 10.629752
1687 10.643000
1688 10.646264
1689 10.652856
1690 10.654520
1691 10.666040
1692 10.671032
1693 10.677624
1694 10.684216
1695 10.690808
1696 10.704056
1697 10.705720
1698 10.708984
1699 10.717240
1700 10.722168
1701 10.728760
1702 10.732088
1703 10.740344
1704 10.745336
1705 10.753528
1706 10.755192
1707 10.768440
1708 10.770104
1709 10.776696
1710 10.779960
1711 10.789880
1712 10.796472
1713 10.803064
1714 10.808056
1715 10.814648
1716 10.829496
1717 10.831160
1718 10.832824
1719 10.842680
1720 10.846008
1721 10.852600
1722 10.855928
1723 10.864184
1724 10.870776
1725 10.877368
1726 10.880632
1727 10.893880
1728 10.895544
1729 10.902136
1730 10.903800
1731 10.915320
1732 10.920312
1733 10.926904
1734 10.933496
1735 10.940088
1736 10.953336
1737 10.955000
1738 10.958264
1739 10.966520
1740 10.971448
1741 10.978040
1742 10.981368
1743 10.989624
1744 10.996216
1745 11.002808
1746 11.004472
1747 11.017720
1748 11.020984
1749 11.027576
1750 11.029240
1751 11.040760
1752 11.045752
1753 11.052344
1754 11.057336
1755 11.065528
1756 11.078776
1757 11.080440
1758 11.082104
1759 11.091960
1760 11.096888
1761 11.101880
1762 11.106808
1763 11.115064
1764 11.120056
1765 11.126648
1766 11.128312
1767 11.143160
1768 11.144824
1769 11.151416
1770 11.154680
1771 11.164600
1772 11.169592
1773 11.176184
1774 11.182776
1775 11.189368
1776 11.204216
1777 11.205880
1778 11.207544
1779 11.215800
1780 11.220728
1781 11.227320
1782 11.230648
1783 11.238904
1784 11.245496
1785 11.252088
1786 11.253752
1787 11.267000
1788 11.270264
1789 11.276856
1790 11.278520
1791 11.290040
1792 11.295032
1793 11.301624
1794 11.308216
1795 11.314808
1796 11.328056
1797 11.329720
1798 11.332984
1799 11.341240
1800 11.346168
1801 11.352760
1802 11.356088
1803 11.364344
1804 11.369336
1805 11.377528
1806 11.379192
1807 11.392440
1808 11.394104
1809 11.400696
1810 11.403960
1811 11.413880
1812 11.420472
1813 11.427064
1814 11.432056
1815 11.438648
1816 11.453496
1817 11.455160
1818 11.456824
1819 11.466680
1820 11.470008
1821 11.476600
1822 11.479928
1823 11.488184
1824 11.494776
1825 11.501368
1826 11.504632
1827 11.517880
1828 11.519544
1829 11.526136
1830 11.527800
1831 11.539320
1832 11.544312
1833 11.550904
1834 11.557496
1835 11.564088
1836 11.577336
1837 11.579000
1838 11.582264
1839 11.590520
1840 11.595448
1841 11.602040
1842 11.605368
1843 11.613624
1844 11.620216
1845 11.626808
1846 11.628472
1847 11.641720
1848 11.644984
1849 11.651576
1850 11.653240
1851 11.664760
1852 11.669752
1853 11.676344
1854 11.681336
1855 11.689528
1856 11.702776
1857 11.704440
1858 11.706104
1859 11.715960
1860 11.720888
1861 11.725880
1862 11.730808
1863 11.739064
1864 11.744056
1865 11.750648
1866 11.752312
1867 11.767160
1868 11.768824
1869 11.775416
1870 11.778680
1871 11.788600
1872 11.793592
1873 11.800184
1874 11.806776
1875 11.813368
1876 11.828216
1877 11.829880
1878 11.831544
1879 11.839800
1880 11.844728
1881 11.851320
1882 11.854648
1883 11.862904
1884 11.869496
1885 11.876088
1886 11.877752
1887 11.891000
1888 11.894264
1889 11.900856
1890 11.902520
1891 11.914040
1892 11.919032
1893 11.925624
1894 11.932216
1895 11.938808
1896 11.952056
1897 11.953720
1898 11.956984
1899 11.965240
1900 11.970168
1901 11.976760
1902 11.980088
1903 11.988344
1904 11.993336
1905 12.001528
1906 12.003192
1907 12.016440
1908 12.018104
1909 12.023096
1910 12.024760
1911 12.033080
1912 12.038072
1913 12.043064
1914 12.048056
1915 12.053048
1916 12.064696
1917 12.066360
1918 12.068024
1919 12.074680
1920 12.078008
1921 12.083000
1922 12.086328
1923 12.092984
