0.100000	0.006107
0.112213	0.008774
0.112213	0.010854
0.127093	0.010534
0.127093	0.012614
0.129173	0.012614
0.129173	0.014694
0.143733	0.016774
0.143733	0.020934
0.145813	0.027174
0.145813	0.035494
0.147893	0.041734
0.147893	0.050054
0.149973	0.056294
0.149973	0.064614
0.166613	0.056294
0.166613	0.064614
0.170773	0.068774
0.170773	0.077094
0.179093	0.077094
0.179093	0.085414
0.187413	0.085414
0.187413	0.093734
0.195733	0.093734
0.195733	0.102054
0.204053	0.102054
0.204053	0.110374
0.212373	0.110374
0.212373	0.118694
0.220693	0.118694
0.220693	0.127014
0.229013	0.127014
0.229013	0.135334
0.237333	0.135334
0.237333	0.143654
0.245653	0.143654
0.245653	0.151974
0.253973	0.151974
0.253973	0.160294
0.262293	0.160294
0.270613	0.160294
0.278933	0.160294
0.287253	0.160294
0.295573	0.160294
0.303893	0.160294
0.312213	0.160294
0.320533	0.160294
0.328853	0.160294
0.337173	0.160294
0.345493	0.160294
0.353813	0.160294
0.362133	0.160294
0.370453	0.160294
0.378773	0.160294
0.387093	0.160294
0.395413	0.160294
0.403733	0.160294
0.412053	0.160294
0.420373	0.160294
0.428693	0.160294
0.437013	0.160294
0.445333	0.160294
0.453653	0.160294
0.461973	0.160294
0.470293	0.160294
0.478613	0.160294
0.486933	0.160294
0.495253	0.160294
0.503573	0.160294
0.511893	0.160294
0.520213	0.160294
0.528533	0.160294
0.536853	0.160294
0.545173	0.160294
0.553493	0.160294
0.561813	0.160294
0.570133	0.160294
0.578453	0.160294
0.586773	0.160294
0.595093	0.160294
0.603413	0.160294
0.611733	0.160294
0.620053	0.160294
0.628373	0.160294
0.636693	0.160294
0.645013	0.160294
0.653333	0.160294
0.661653	0.160294
0.669973	0.160294
0.678293	0.160294
0.686613	0.160294
0.694933	0.160294
0.703253	0.160294
0.711573	0.160294
0.719893	0.160294
0.728213	0.160294
0.736533	0.160294
0.744853	0.160294
0.753173	0.160294
0.761493	0.160294
0.769813	0.160294
0.778133	0.160294
0.786453	0.160294
0.794773	0.160294
0.803093	0.160294
0.811413	0.160294
0.819733	0.160294
0.828053	0.160294
0.836373	0.160294
0.844693	0.160294
0.853013	0.160294
0.861333	0.160294
0.869653	0.160294
0.877973	0.160294
0.886293	0.160294
0.894613	0.160294
0.902933	0.160294
0.911253	0.160294
0.919573	0.160294
0.927893	0.160294
0.936213	0.160294
0.944533	0.160294
0.952853	0.160294
0.961173	0.160294
0.969493	0.160294
0.977813	0.160294
0.986133	0.160294
0.994453	0.160294
1.002773	0.160294
1.011093	0.160294
1.019413	0.160294
1.027733	0.160294
1.036053	0.160294
1.044373	0.160294
1.052693	0.160294
1.061013	0.160294
1.069333	0.160294
1.077653	0.160294
1.085973	0.160294
1.094293	0.160294
1.102613	0.160294
1.110933	0.160294
1.119253	0.160294
1.127573	0.160294
1.135893	0.160294
1.144213	0.160294
1.152533	0.160294
1.160853	0.160294
1.169173	0.160294
1.177493	0.160294
1.185813	0.160294
1.194133	0.160294
1.202453	0.160294
1.210773	0.160294
1.219093	0.160294
1.227413	0.160294
1.235733	0.160294
1.244053	0.160294
1.252373	0.160294
1.260693	0.160294
1.269013	0.160294
1.277333	0.160294
1.285653	0.160294
1.293973	0.160294
1.302293	0.160294
1.310613	0.160294
1.318933	0.160294
1.327253	0.160294
1.335573	0.160294
1.343893	0.160294
1.352213	0.160294
1.360533	0.160294
1.368853	0.160294
1.377173	0.160294
1.385493	0.160294
1.393813	0.160294
1.402133	0.160294
1.410453	0.160294
1.418773	0.160294
1.427093	0.160294
1.435413	0.160294
1.443733	0.160294
1.452053	0.160294
1.460373	0.160294
1.468693	0.160294
1.477013	0.160294
1.485333	0.160294
1.493653	0.160294
1.501973	0.160294
1.510293	0.160294
1.518613	0.160294
1.526933	0.160294
1.535253	0.160294
1.543573	0.160294
1.551893	0.160294
1.560213	0.160294
1.568533	0.160294
1.576853	0.160294
1.585173	0.160294
1.593493	0.160294
1.601813	0.160294
1.610133	0.160294
1.618453	0.160294
1.626773	0.160294
1.635093	0.160294
1.643413	0.160294
1.651733	0.160294
1.660053	0.160294
1.668373	0.160294
1.676693	0.160294
1.685013	0.160294
1.693333	0.160294
1.701653	0.160294
1.709973	0.160294
1.718293	0.160294
1.726613	0.160294
1.734933	0.160294
1.743253	0.160294
1.751573	0.160294
1.759893	0.160294
1.768213	0.160294
1.776533	0.160294
1.784853	0.160294
1.793173	0.160294
1.801493	0.160294
1.809813	0.160294
1.818133	0.160294
1.826453	0.160294
1.834773	0.160294
1.843093	0.160294
1.851413	0.160294
1.859733	0.160294
1.868053	0.160294
1.876373	0.160294
1.884693	0.160294
1.893013	0.160294
1.901333	0.160294
1.909653	0.160294
1.917973	0.160294
1.926293	0.160294
1.934613	0.160294
1.942933	0.160294
1.951253	0.160294
1.959573	0.160294
1.967893	0.160294
1.976213	0.160294
1.984533	0.160294
1.992853	0.160294
2.001173	0.160294
2.009493	0.160294
2.017813	0.160294
2.026133	0.160294
2.034453	0.160294
2.042773	0.160294
2.051093	0.160294
2.059413	0.160294
2.067733	0.160294
2.076053	0.160294
2.084373	0.160294
2.092693	0.160294
2.101013	0.160294
2.109333	0.160294
2.117653	0.160294
2.125973	0.160294
2.134293	0.160294
2.142613	0.160294
2.150933	0.160294
2.159253	0.160294
2.167573	0.160294
2.175893	0.160294
2.184213	0.160294
2.192533	0.160294
2.200853	0.160294
2.209173	0.160294
2.217493	0.160294
2.225813	0.160294
2.234133	0.160294
2.242453	0.160294
2.250773	0.160294
2.259093	0.160294
2.267413	0.160294
2.275733	0.160294
2.284053	0.160294
2.292373	0.160294
2.300693	0.160294
2.309013	0.160294
2.317333	0.160294
2.325653	0.160294
2.333973	0.160294
2.342293	0.160294
2.350613	0.160294
2.358933	0.160294
2.367253	0.160294
2.375573	0.160294
2.383893	0.160294
2.392213	0.160294
2.400533	0.160294
2.408853	0.160294
2.417173	0.160294
2.425493	0.160294
2.433813	0.160294
2.442133	0.160294
2.450453	0.160294
2.458773	0.160294
2.467093	0.160294
2.475413	0.160294
2.483733	0.160294
2.492053	0.160294
2.500373	0.160294
2.508693	0.160294
2.517013	0.160294
2.525333	0.160294
2.533653	0.160294
2.541973	0.160294
2.550293	0.160294
2.558613	0.160294
2.566933	0.160294
2.575253	0.160294
2.583573	0.160294
2.591893	0.160294
2.600213	0.160294
2.608533	0.160294
2.616853	0.160294
2.625173	0.160294
2.633493	0.160294
2.641813	0.160294
2.650133	0.160294
2.658453	0.160294
2.666773	0.160294
2.675093	0.160294
2.683413	0.160294
2.691733	0.160294
2.700053	0.160294
2.708373	0.160294
2.716693	0.160294
2.725013	0.160294
2.733333	0.160294
2.741653	0.160294
2.749973	0.160294
2.758293	0.160294
2.766613	0.160294
2.774933	0.160294
2.783253	0.160294
2.791573	0.160294
2.799893	0.160294
2.808213	0.160294
2.816533	0.160294
2.824853	0.160294
2.833173	0.160294
2.841493	0.160294
2.849813	0.160294
2.858133	0.160294
2.866453	0.160294
2.874773	0.160294
2.883093	0.160294
2.891413	0.160294
2.899733	0.160294
2.908053	0.160294
2.916373	0.160294
2.924693	0.160294
2.933013	0.160294
2.941333	0.160294
2.949653	0.160294
2.957973	0.160294
2.966293	0.160294
2.974613	0.160294
2.982933	0.160294
2.991253	0.160294
2.999573	0.160294
3.007893	0.160294
3.016213	0.160294
3.024533	0.160294
3.032853	0.160294
3.041173	0.160294
3.049493	0.160294
3.057813	0.160294
3.066133	0.160294
3.074453	0.160294
3.082773	0.160294
3.091093	0.160294
3.099413	0.160294
3.107733	0.160294
3.116053	0.160294
3.124373	0.160294
3.132693	0.160294
3.141013	0.160294
3.149333	0.160294
3.157653	0.160294
3.165973	0.160294
3.174293	0.160294
3.182613	0.160294
3.190933	0.160294
3.199253	0.160294
3.207573	0.160294
3.215893	0.160294
3.224213	0.160294
3.232533	0.160294
3.240853	0.160294
3.249173	0.160294
3.257493	0.160294
3.265813	0.160294
3.274133	0.160294
3.282453	0.160294
3.290773	0.160294
3.299093	0.160294
3.307413	0.160294
3.315733	0.160294
3.324053	0.160294
3.332373	0.160294
3.340693	0.160294
3.349013	0.160294
3.357333	0.160294
3.365653	0.160294
3.373973	0.160294
3.382293	0.160294
3.390613	0.160294
3.398933	0.160294
3.407253	0.160294
3.415573	0.160294
3.423893	0.160294
3.432213	0.160294
3.440533	0.160294
3.448853	0.160294
3.457173	0.160294
3.465493	0.160294
3.473813	0.160294
3.482133	0.160294
3.490453	0.160294
3.498773	0.160294
3.507093	0.160294
3.515413	0.160294
3.523733	0.160294
3.532053	0.160294
3.540373	0.160294
3.548693	0.160294
3.557013	0.160294
3.565333	0.160294
3.573653	0.160294
3.581973	0.160294
3.590293	0.160294
3.598613	0.160294
3.606933	0.160294
3.615253	0.160294
3.623573	0.160294
3.631893	0.160294
3.640213	0.160294
3.648533	0.160294
3.656853	0.160294
3.665173	0.160294
3.673493	0.160294
3.681813	0.160294
3.690133	0.160294
3.698453	0.160294
3.706773	0.160294
3.715093	0.160294
3.723413	0.160294
3.731733	0.160294
3.740053	0.160294
3.748373	0.160294
3.756693	0.160294
3.765013	0.160294
3.773333	0.160294
3.781653	0.160294
3.789973	0.160294
3.798293	0.160294
3.806613	0.160294
3.814933	0.160294
3.823253	0.160294
3.831573	0.160294
3.839893	0.160294
3.848213	0.160294
3.856533	0.160294
3.864853	0.160294
3.873173	0.160294
3.881493	0.160294
3.889813	0.160294
3.898133	0.160294
3.906453	0.160294
3.914773	0.160294
3.923093	0.160294
3.931413	0.160294
3.939733	0.160294
3.948053	0.160294
3.956373	0.160294
3.964693	0.160294
3.973013	0.160294
3.981333	0.160294
3.989653	0.160294
3.997973	0.160294
4.006293	0.160294
4.014613	0.160294
4.022933	0.160294
4.031253	0.160294
4.039573	0.160294
4.047893	0.160294
4.056213	0.160294
4.064533	0.160294
4.072853	0.160294
4.081173	0.160294
4.089493	0.160294
4.097813	0.160294
4.106133	0.160294
4.114453	0.160294
4.122773	0.160294
4.131093	0.160294
4.139413	0.160294
4.147733	0.160294
4.156053	0.160294
4.164373	0.160294
4.172693	0.160294
4.181013	0.160294
4.189333	0.160294
4.197653	0.160294
4.205973	0.160294
4.214293	0.160294
4.222613	0.160294
4.230933	0.160294
4.239253	0.160294
4.247573	0.160294
4.255893	0.160294
4.264213	0.160294
4.272533	0.160294
4.280853	0.160294
4.289173	0.160294
4.297493	0.160294
4.305813	0.160294
4.314133	0.160294
4.322453	0.160294
4.330773	0.160294
4.339093	0.160294
4.347413	0.160294
4.355733	0.160294
4.364053	0.160294
4.372373	0.160294
4.380693	0.160294
4.389013	0.160294
4.397333	0.160294
4.405653	0.160294
4.413973	0.160294
4.422293	0.160294
4.430613	0.160294
4.438933	0.160294
4.447253	0.160294
4.455573	0.160294
4.463893	0.160294
4.472213	0.160294
4.480533	0.160294
4.488853	0.160294
4.497173	0.160294
4.505493	0.160294
4.513813	0.160294
4.522133	0.160294
4.530453	0.160294
4.538773	0.160294
4.547093	0.160294
4.555413	0.160294
4.563733	0.160294
4.572053	0.160294
4.580373	0.160294
4.588693	0.160294
4.597013	0.160294
4.605333	0.160294
4.613653	0.160294
4.621973	0.160294
4.630293	0.160294
4.638613	0.160294
4.646933	0.160294
4.655253	0.160294
4.663573	0.160294
4.671893	0.160294
4.680213	0.160294
4.688533	0.160294
4.696853	0.160294
4.705173	0.160294
4.713493	0.160294
4.721813	0.160294
4.730133	0.160294
4.738453	0.160294
4.746773	0.160294
4.755093	0.160294
4.763413	0.160294
4.771733	0.160294
4.780053	0.160294
4.788373	0.160294
4.796693	0.160294
4.805013	0.160294
4.813333	0.160294
4.821653	0.160294
4.829973	0.160294
4.838293	0.160294
4.846613	0.160294
4.854933	0.160294
4.863253	0.160294
4.871573	0.160294
4.879893	0.160294
4.888213	0.160294
4.896533	0.160294
4.904853	0.160294
4.913173	0.160294
4.921493	0.160294
4.929813	0.160294
4.938133	0.160294
4.946453	0.160294
4.954773	0.160294
4.963093	0.160294
4.971413	0.160294
4.979733	0.160294
4.988053	0.160294
4.996373	0.160294
5.004693	0.160294
5.013013	0.160294
5.021333	0.160294
5.029653	0.160294
5.037973	0.160294
5.046293	0.160294
5.054613	0.160294
5.062933	0.160294
5.071253	0.160294
5.079573	0.160294
5.087893	0.160294
5.096213	0.160294
5.104533	0.160294
5.112853	0.160294
5.121173	0.160294
5.129493	0.160294
5.137813	0.160294
5.146133	0.160294
5.154453	0.160294
5.162773	0.160294
5.171093	0.160294
5.179413	0.160294
5.187733	0.160294
5.196053	0.160294
5.204373	0.160294
5.212693	0.160294
5.221013	0.160294
5.229333	0.160294
5.237653	0.160294
5.245973	0.160294
5.254293	0.160294
5.262613	0.160294
5.270933	0.160294
5.279253	0.160294
5.287573	0.160294
5.295893	0.160294
5.304213	0.160294
5.312533	0.160294
5.320853	0.160294
5.329173	0.160294
5.337493	0.160294
5.345813	0.160294
5.354133	0.160294
5.362453	0.160294
5.370773	0.160294
5.379093	0.160294
5.387413	0.160294
5.395733	0.160294
5.404053	0.160294
5.412373	0.160294
5.420693	0.160294
5.429013	0.160294
5.437333	0.160294
5.445653	0.160294
5.453973	0.160294
5.462293	0.160294
5.470613	0.160294
5.478933	0.160294
5.487253	0.160294
5.495573	0.160294
5.503893	0.160294
5.512213	0.160294
5.520533	0.160294
5.528853	0.160294
5.537173	0.160294
5.545493	0.160294
5.553813	0.160294
5.562133	0.160294
5.570453	0.160294
5.578773	0.160294
5.587093	0.160294
5.595413	0.160294
5.603733	0.160294
5.612053	0.160294
5.620373	0.160294
5.628693	0.160294
5.637013	0.160294
5.645333	0.160294
5.653653	0.160294
5.661973	0.160294
5.670293	0.160294
5.678613	0.160294
5.686933	0.160294
5.695253	0.160294
5.703573	0.160294
5.711893	0.160294
5.720213	0.160294
5.728533	0.160294
5.736853	0.160294
5.745173	0.160294
5.753493	0.160294
5.761813	0.160294
5.770133	0.160294
5.778453	0.160294
5.786773	0.160294
5.795093	0.160294
5.803413	0.160294
5.811733	0.160294
5.820053	0.160294
5.828373	0.160294
5.836693	0.160294
5.845013	0.160294
5.853333	0.160294
5.861653	0.160294
5.869973	0.160294
5.878293	0.160294
5.886613	0.160294
5.894933	0.160294
5.903253	0.160294
5.911573	0.160294
5.919893	0.160294
5.928213	0.160294
5.936533	0.160294
5.944853	0.160294
5.953173	0.160294
5.961493	0.160294
5.969813	0.160294
5.978133	0.160294
5.986453	0.160294
5.994773	0.160294
6.003093	0.160294
6.011413	0.160294
6.019733	0.160294
6.028053	0.160294
6.036373	0.160294
6.044693	0.160294
6.053013	0.160294
6.061333	0.160294
6.069653	0.160294
6.077973	0.160294
6.086293	0.160294
6.094613	0.160294
6.102933	0.160294
6.111253	0.160294
6.119573	0.160294
6.127893	0.160294
6.136213	0.160294
6.144533	0.160294
6.152853	0.160294
6.161173	0.160294
6.169493	0.160294
6.177813	0.160294
6.186133	0.160294
6.194453	0.160294
6.202773	0.160294
6.211093	0.160294
6.219413	0.160294
6.227733	0.160294
6.236053	0.160294
6.244373	0.160294
6.252693	0.160294
6.261013	0.160294
6.269333	0.160294
6.277653	0.160294
6.285973	0.160294
6.294293	0.160294
6.302613	0.160294
6.310933	0.160294
6.319253	0.160294
6.327573	0.160294
6.335893	0.160294
6.344213	0.160294
6.352533	0.160294
6.360853	0.160294
6.369173	0.160294
6.377493	0.160294
6.385813	0.160294
6.394133	0.160294
6.402453	0.160294
6.410773	0.160294
6.419093	0.160294
6.427413	0.160294
6.435733	0.160294
6.444053	0.160294
6.452373	0.160294
6.460693	0.160294
6.469013	0.160294
6.477333	0.160294
6.485653	0.160294
6.493973	0.160294
6.502293	0.160294
6.510613	0.160294
6.518933	0.160294
6.527253	0.160294
6.535573	0.160294
6.543893	0.160294
6.552213	0.160294
6.560533	0.160294
6.568853	0.160294
6.577173	0.160294
6.585493	0.160294
6.593813	0.160294
6.602133	0.160294
6.610453	0.160294
6.618773	0.160294
6.627093	0.160294
6.635413	0.160294
6.643733	0.160294
6.652053	0.160294
6.660373	0.160294
6.668693	0.160294
6.677013	0.160294
6.685333	0.160294
6.693653	0.160294
6.701973	0.160294
6.710293	0.160294
6.718613	0.160294
6.726933	0.160294
6.735253	0.160294
6.743573	0.160294
6.751893	0.160294
6.760213	0.160294
6.768533	0.160294
6.776853	0.160294
6.785173	0.160294
6.793493	0.160294
6.801813	0.160294
6.810133	0.160294
6.818453	0.160294
6.826773	0.160294
6.835093	0.160294
6.843413	0.160294
6.851733	0.160294
6.860053	0.160294
6.868373	0.160294
6.876693	0.160294
6.885013	0.160294
6.893333	0.160294
6.901653	0.160294
6.909973	0.160294
6.918293	0.160294
6.926613	0.160294
6.934933	0.160294
6.943253	0.160294
6.951573	0.160294
6.959893	0.160294
6.968213	0.160294
6.976533	0.160294
6.984853	0.160294
6.993173	0.160294
7.001493	0.160294
7.009813	0.160294
7.018133	0.160294
7.026453	0.160294
7.034773	0.160294
7.043093	0.160294
7.051413	0.160294
7.059733	0.160294
7.068053	0.160294
7.076373	0.160294
7.084693	0.160294
7.093013	0.160294
7.101333	0.160294
7.109653	0.160294
7.117973	0.160294
7.126293	0.160294
7.134613	0.160294
7.142933	0.160294
7.151253	0.160294
7.159573	0.160294
7.167893	0.160294
7.176213	0.160294
7.184533	0.160294
7.192853	0.160294
7.201173	0.160294
7.209493	0.160294
7.217813	0.160294
7.226133	0.160294
7.234453	0.160294
7.242773	0.160294
7.251093	0.160294
7.259413	0.160294
7.267733	0.160294
7.276053	0.160294
7.284373	0.160294
7.292693	0.160294
7.301013	0.160294
7.309333	0.160294
7.317653	0.160294
7.325973	0.160294
7.334293	0.160294
7.342613	0.160294
7.350933	0.160294
7.359253	0.160294
7.367573	0.160294
7.375893	0.160294
7.384213	0.160294
7.392533	0.160294
7.400853	0.160294
7.409173	0.160294
7.417493	0.160294
7.425813	0.160294
7.434133	0.160294
7.442453	0.160294
7.450773	0.160294
7.459093	0.160294
7.467413	0.160294
7.475733	0.160294
7.484053	0.160294
7.492373	0.160294
7.500693	0.160294
7.509013	0.160294
7.517333	0.160294
7.525653	0.160294
7.533973	0.160294
7.542293	0.160294
7.550613	0.160294
7.558933	0.160294
7.567253	0.160294
7.575573	0.160294
7.583893	0.160294
7.592213	0.160294
7.600533	0.160294
7.608853	0.160294
7.617173	0.160294
7.625493	0.160294
7.633813	0.160294
7.642133	0.160294
7.650453	0.160294
7.658773	0.160294
7.667093	0.160294
7.675413	0.160294
7.683733	0.160294
7.692053	0.160294
7.700373	0.160294
7.708693	0.160294
7.717013	0.160294
7.725333	0.160294
7.733653	0.160294
7.741973	0.160294
7.750293	0.160294
7.758613	0.160294
7.766933	0.160294
7.775253	0.160294
7.783573	0.160294
7.791893	0.160294
7.800213	0.160294
7.808533	0.160294
7.816853	0.160294
7.825173	0.160294
7.833493	0.160294
7.841813	0.160294
7.850133	0.160294
7.858453	0.160294
7.866773	0.160294
7.875093	0.160294
7.883413	0.160294
7.891733	0.160294
7.900053	0.160294
7.908373	0.160294
7.916693	0.160294
7.925013	0.160294
7.933333	0.160294
7.941653	0.160294
7.949973	0.160294
7.958293	0.160294
7.966613	0.160294
7.974933	0.160294
7.983253	0.160294
7.991573	0.160294
7.999893	0.160294
8.008213	0.160294
8.016533	0.160294
8.024853	0.160294
8.033173	0.160294
8.041493	0.160294
8.049813	0.160294
8.058133	0.160294
8.066453	0.160294
8.074773	0.160294
8.083093	0.160294
8.091413	0.160294
8.099733	0.160294
8.108053	0.160294
8.116373	0.160294
8.124693	0.160294
8.133013	0.160294
8.141333	0.160294
8.149653	0.160294
8.157973	0.160294
8.166293	0.160294
8.174613	0.160294
8.182933	0.160294
8.191253	0.160294
8.199573	0.160294
8.207893	0.160294
8.216213	0.160294
8.224533	0.160294
8.232853	0.160294
8.241173	0.160294
8.249493	0.160294
8.257813	0.160294
8.266133	0.160294
8.274453	0.160294
8.282773	0.160294
8.291093	0.160294
8.299413	0.160294
8.307733	0.160294
8.316053	0.160294
8.324373	0.160294
8.332693	0.160294
8.341013	0.160294
8.349333	0.160294
8.357653	0.160294
8.365973	0.160294
8.374293	0.160294
8.382613	0.160294
8.390933	0.160294
8.399253	0.160294
8.407573	0.160294
8.415893	0.160294
8.424213	0.160294
8.432533	0.160294
8.440853	0.160294
8.449173	0.160294
8.457493	0.160294
8.465813	0.160294
8.474133	0.160294
8.482453	0.160294
8.490773	0.160294
8.499093	0.160294
8.507413	0.160294
8.515733	0.160294
8.524053	0.160294
8.532373	0.160294
8.540693	0.160294
8.549013	0.160294
8.557333	0.160294
8.565653	0.160294
8.573973	0.160294
8.582293	0.160294
8.590613	0.160294
8.598933	0.160294
8.607253	0.160294
8.615573	0.160294
8.623893	0.160294
8.632213	0.160294
8.640533	0.160294
8.648853	0.160294
8.657173	0.160294
8.665493	0.160294
8.673813	0.160294
8.682133	0.160294
8.690453	0.160294
8.698773	0.160294
8.707093	0.160294
8.715413	0.160294
8.723733	0.160294
8.732053	0.160294
8.740373	0.160294
8.748693	0.160294
8.757013	0.160294
8.765333	0.160294
8.773653	0.160294
8.781973	0.160294
8.790293	0.160294
8.798613	0.160294
8.806933	0.160294
8.815253	0.160294
8.823573	0.160294
8.831893	0.160294
8.840213	0.160294
8.848533	0.160294
8.856853	0.160294
8.865173	0.160294
8.873493	0.160294
8.881813	0.160294
8.890133	0.160294
8.898453	0.160294
8.906773	0.160294
8.915093	0.160294
8.923413	0.160294
8.931733	0.160294
8.940053	0.160294
8.948373	0.160294
8.956693	0.160294
8.965013	0.160294
8.973333	0.160294
8.981653	0.160294
8.989973	0.160294
8.998293	0.160294
9.006613	0.160294
9.014933	0.160294
9.023253	0.160294
9.031573	0.160294
9.039893	0.160294
9.048213	0.160294
9.056533	0.160294
9.064853	0.160294
9.073173	0.160294
9.081493	0.160294
9.089813	0.160294
9.098133	0.160294
9.106453	0.160294
9.114773	0.160294
9.123093	0.160294
9.131413	0.160294
9.139733	0.160294
9.148053	0.160294
9.156373	0.160294
9.164693	0.160294
9.173013	0.160294
9.181333	0.160294
9.189653	0.160294
9.197973	0.160294
9.206293	0.160294
9.214613	0.160294
9.222933	0.160294
9.231253	0.160294
9.239573	0.160294
9.247893	0.160294
9.256213	0.160294
9.264533	0.160294
9.272853	0.160294
9.281173	0.160294
9.289493	0.160294
9.297813	0.160294
9.306133	0.160294
9.314453	0.160294
9.322773	0.160294
9.331093	0.160294
9.339413	0.160294
9.347733	0.160294
9.356053	0.160294
9.364373	0.160294
9.372693	0.160294
9.381013	0.160294
9.389333	0.160294
9.397653	0.160294
9.405973	0.160294
9.414293	0.160294
9.422613	0.160294
9.430933	0.160294
9.439253	0.160294
9.447573	0.160294
9.455893	0.160294
9.464213	0.160294
9.472533	0.160294
9.480853	0.160294
9.489173	0.160294
9.497493	0.160294
9.505813	0.160294
9.514133	0.160294
9.522453	0.160294
9.530773	0.160294
9.539093	0.160294
9.547413	0.160294
9.555733	0.160294
9.564053	0.160294
9.572373	0.160294
9.580693	0.160294
9.589013	0.160294
9.597333	0.160294
9.605653	0.160294
9.613973	0.160294
9.622293	0.160294
9.630613	0.160294
9.638933	0.160294
9.647253	0.160294
9.655573	0.160294
9.663893	0.160294
9.672213	0.160294
9.680533	0.160294
9.688853	0.160294
9.697173	0.160294
9.705493	0.160294
9.713813	0.160294
9.722133	0.160294
9.730453	0.160294
9.738773	0.160294
9.747093	0.160294
9.755413	0.160294
9.763733	0.160294
9.772053	0.160294
9.780373	0.160294
9.788693	0.160294
9.797013	0.160294
9.805333	0.160294
9.813653	0.160294
9.821973	0.160294
9.830293	0.160294
9.838613	0.160294
9.846933	0.160294
9.855253	0.160294
9.863573	0.160294
9.871893	0.160294
9.880213	0.160294
9.888533	0.160294
9.896853	0.160294
9.905173	0.160294
9.913493	0.160294
9.921813	0.160294
9.930133	0.160294
9.938453	0.160294
9.946773	0.160294
9.955093	0.160294
9.963413	0.160294
9.971733	0.160294
9.980053	0.160294
9.988373	0.160294
9.996693	0.160294
10.005013	0.160294
10.013333	0.160294
10.021653	0.160294
10.029973	0.160294
10.038293	0.160294
10.046613	0.160294
10.054933	0.160294
10.063253	0.160294
10.071573	0.160294
10.079893	0.160294
10.088213	0.160294
10.096533	0.160294
10.104853	0.160294
10.113173	0.160294
10.121493	0.160294
10.129813	0.160294
10.138133	0.160294
10.146453	0.160294
10.154773	0.160294
10.163093	0.160294
10.171413	0.160294
10.179733	0.160294
10.188053	0.160294
10.196373	0.160294
10.204693	0.160294
10.213013	0.160294
10.221333	0.160294
10.229653	0.160294
10.237973	0.160294
10.246293	0.160294
10.254613	0.160294
10.262933	0.160294
10.271253	0.160294
10.279573	0.160294
10.287893	0.160294
10.296213	0.160294
10.304533	0.160294
10.312853	0.160294
10.321173	0.160294
10.329493	0.160294
10.337813	0.160294
10.346133	0.160294
10.354453	0.160294
10.362773	0.160294
10.371093	0.160294
10.379413	0.160294
10.387733	0.160294
10.396053	0.160294
10.404373	0.160294
10.412693	0.160294
10.421013	0.160294
10.429333	0.160294
10.437653	0.160294
10.445973	0.160294
10.454293	0.160294
10.462613	0.160294
10.470933	0.160294
10.479253	0.160294
10.487573	0.160294
10.495893	0.160294
10.504213	0.160294
10.512533	0.160294
10.520853	0.160294
10.529173	0.160294
10.537493	0.160294
10.545813	0.160294
10.554133	0.160294
10.562453	0.160294
10.570773	0.160294
10.579093	0.160294
10.587413	0.160294
10.595733	0.160294
10.604053	0.160294
10.612373	0.160294
10.620693	0.160294
10.629013	0.160294
10.637333	0.160294
10.645653	0.160294
10.653973	0.160294
10.662293	0.160294
10.670613	0.160294
10.678933	0.160294
10.687253	0.160294
10.695573	0.160294
10.703893	0.160294
10.712213	0.160294
10.720533	0.160294
10.728853	0.160294
10.737173	0.160294
10.745493	0.160294
10.753813	0.160294
10.762133	0.160294
10.770453	0.160294
10.778773	0.160294
10.787093	0.160294
10.795413	0.160294
10.803733	0.160294
10.812053	0.160294
10.820373	0.160294
10.828693	0.160294
10.837013	0.160294
10.845333	0.160294
10.853653	0.160294
10.861973	0.160294
10.870293	0.160294
10.878613	0.160294
10.886933	0.160294
10.895253	0.160294
10.903573	0.160294
10.911893	0.160294
10.920213	0.160294
10.928533	0.160294
10.936853	0.160294
10.945173	0.160294
10.953493	0.160294
10.961813	0.160294
10.970133	0.160294
10.978453	0.160294
10.986773	0.160294
10.995093	0.160294
11.003413	0.160294
11.011733	0.160294
11.020053	0.160294
11.028373	0.160294
11.036693	0.160294
11.045013	0.160294
11.053333	0.160294
11.061653	0.160294
11.069973	0.160294
11.078293	0.160294
11.086613	0.160294
11.094933	0.160294
11.103253	0.160294
11.111573	0.160294
11.119893	0.160294
11.128213	0.160294
11.136533	0.160294
11.144853	0.160294
11.153173	0.160294
11.161493	0.160294
11.169813	0.160294
11.178133	0.160294
11.186453	0.160294
11.194773	0.160294
11.203093	0.160294
11.211413	0.160294
11.219733	0.160294
11.228053	0.160294
11.236373	0.160294
11.244693	0.160294
11.253013	0.160294
11.261333	0.160294
11.269653	0.160294
11.277973	0.160294
11.286293	0.160294
11.294613	0.160294
11.302933	0.160294
11.311253	0.160294
11.319573	0.160294
11.327893	0.160294
11.336213	0.160294
11.344533	0.160294
11.352853	0.160294
11.361173	0.160294
11.369493	0.160294
11.377813	0.160294
11.386133	0.160294
11.394453	0.160294
11.402773	0.160294
11.411093	0.160294
11.419413	0.160294
11.427733	0.160294
11.436053	0.160294
11.444373	0.160294
11.452693	0.160294
11.461013	0.160294
11.469333	0.160294
11.477653	0.160294
11.485973	0.160294
11.494293	0.160294
11.502613	0.160294
11.510933	0.160294
11.519253	0.160294
11.527573	0.160294
11.535893	0.160294
11.544213	0.160294
11.552533	0.160294
11.560853	0.160294
11.569173	0.160294
11.577493	0.160294
11.585813	0.160294
11.594133	0.160294
11.602453	0.160294
11.610773	0.160294
11.619093	0.160294
11.627413	0.160294
11.635733	0.160294
11.644053	0.160294
11.652373	0.160294
11.660693	0.160294
11.669013	0.160294
11.677333	0.160294
11.685653	0.160294
11.693973	0.160294
11.702293	0.160294
11.710613	0.160294
11.718933	0.160294
11.727253	0.160294
11.735573	0.160294
11.743893	0.160294
11.752213	0.160294
11.760533	0.160294
11.768853	0.160294
11.777173	0.160294
11.785493	0.160294
11.793813	0.160294
11.802133	0.160294
11.810453	0.160294
11.818773	0.160294
11.827093	0.160294
11.835413	0.160294
11.843733	0.160294
11.852053	0.160294
11.860373	0.160294
11.868693	0.160294
11.877013	0.160294
11.885333	0.160294
11.893653	0.160294
11.901973	0.160294
11.910293	0.160294
11.918613	0.160294
11.926933	0.160294
11.935253	0.160294
11.943573	0.160294
11.951893	0.160294
11.960213	0.160294
11.968533	0.160294
11.976853	0.160294
11.985173	0.160294
11.993493	0.160294
