0.100000	0.000000
0.112560	0.008347
0.112560	0.006240
0.133467	-0.006347
0.133467	0.006240
0.139707	0.002080
0.139707	0.008320
0.154267	-0.006240
0.154267	0.008320
0.160507	0.002080
0.160507	0.008320
0.168827	0.000000
0.168827	0.008320
0.177147	0.000000
0.177147	0.008320
0.185467	0.000000
0.185467	0.008320
0.193787	0.000000
0.193787	0.008320
0.202107	-0.000000
0.202107	0.008320
0.210427	0.000000
0.210427	0.008320
0.218747	0.000000
0.218747	0.008320
0.227067	0.000000
0.227067	0.008320
0.235387	-0.000000
0.235387	0.008320
0.243707	0.000000
0.243707	0.008320
0.252027	0.000000
0.252027	0.008320
0.260347	0.000000
0.260347	0.008320
0.268667	0.000000
0.268667	0.008320
0.276987	0.000000
0.276987	0.008320
0.285307	0.000000
0.293627	-0.000000
0.301947	0.000000
0.310267	0.000000
0.318587	0.000000
0.326907	0.000000
0.335227	0.000000
0.343547	0.000000
0.351867	0.000000
0.360187	0.000000
0.368507	0.000000
0.376827	-0.000000
0.385147	0.000000
0.393467	0.000000
0.401787	0.000000
0.410107	0.000000
0.418427	0.000000
0.426747	0.000000
0.435067	0.000000
0.443387	0.000000
0.451707	0.000000
0.460027	0.000000
0.468347	0.000000
0.476667	0.000000
0.484987	0.000000
0.493307	0.000000
0.501627	-0.000000
0.509947	0.000000
0.518267	0.000000
0.526587	0.000000
0.534907	0.000000
0.543227	0.000000
0.551547	0.000000
0.559867	0.000000
0.568187	0.000000
0.576507	0.000000
0.584827	0.000000
0.593147	0.000000
0.601467	0.000000
0.609787	0.000000
0.618107	0.000000
0.626427	0.000000
0.634747	0.000000
0.643067	-0.000000
0.651387	0.000000
0.659707	0.000000
0.668027	0.000000
0.676347	0.000000
0.684667	0.000000
0.692987	0.000000
0.701307	0.000000
0.709627	0.000000
0.717947	0.000000
0.726267	0.000000
0.734587	0.000000
0.742907	0.000000
0.751227	0.000000
0.759547	0.000000
0.767867	0.000000
0.776187	0.000000
0.784507	0.000000
0.792827	0.000000
0.801147	-0.000000
0.809467	0.000000
0.817787	0.000000
0.826107	0.000000
0.834427	0.000000
0.842747	0.000000
0.851067	0.000000
0.859387	-0.000000
0.867707	0.000000
0.876027	-0.000000
0.884347	0.000000
0.892667	-0.000000
0.900987	0.000000
0.909307	-0.000000
0.917627	0.000000
0.925947	-0.000000
0.934267	0.000000
0.942587	-0.000000
0.950907	0.000000
0.959227	-0.000000
0.967547	0.000000
0.975867	-0.000000
0.984187	0.000000
0.992507	0.000000
1.000827	0.000000
1.009147	0.000000
1.017467	0.000000
1.025787	0.000000
1.034107	-0.000000
1.042427	0.000000
1.050747	-0.000000
1.059067	0.000000
1.067387	-0.000000
1.075707	0.000000
1.084027	-0.000000
1.092347	0.000000
1.100667	-0.000000
1.108987	0.000000
1.117307	-0.000000
1.125627	0.000000
1.133947	-0.000000
1.142267	0.000000
1.150587	0.000000
1.158907	0.000000
1.167227	0.000000
1.175547	0.000000
1.183867	0.000000
1.192187	-0.000000
1.200507	0.000000
1.208827	-0.000000
1.217147	0.000000
1.225467	-0.000000
1.233787	0.000000
1.242107	-0.000000
1.250427	0.000000
1.258747	-0.000000
1.267067	0.000000
1.275387	-0.000000
1.283707	0.000000
1.292027	-0.000000
1.300347	0.000000
1.308667	0.000000
1.316987	0.000000
1.325307	0.000000
1.333627	0.000000
1.341947	0.000000
1.350267	-0.000000
1.358587	0.000000
1.366907	-0.000000
1.375227	0.000000
1.383547	-0.000000
1.391867	0.000000
1.400187	-0.000000
1.408507	0.000000
1.416827	-0.000000
1.425147	0.000000
1.433467	-0.000000
1.441787	0.000000
1.450107	-0.000000
1.458427	0.000000
1.466747	0.000000
1.475067	0.000000
1.483387	0.000000
1.491707	0.000000
1.500027	0.000000
1.508347	-0.000000
1.516667	0.000000
1.524987	-0.000000
1.533307	0.000000
1.541627	-0.000000
1.549947	0.000000
1.558267	-0.000000
1.566587	0.000000
1.574907	-0.000000
1.583227	0.000000
1.591547	-0.000000
1.599867	0.000000
1.608187	-0.000000
1.616507	0.000000
1.624827	0.000000
1.633147	0.000000
1.641467	0.000000
1.649787	0.000000
1.658107	0.000000
1.666427	-0.000000
1.674747	0.000000
1.683067	-0.000000
1.691387	0.000000
1.699707	-0.000000
1.708027	0.000000
1.716347	-0.000000
1.724667	0.000000
1.732987	-0.000000
1.741307	0.000000
1.749627	-0.000000
1.757947	0.000000
1.766267	-0.000000
1.774587	0.000000
1.782907	0.000000
1.791227	0.000000
1.799547	0.000000
1.807867	0.000000
1.816187	0.000000
1.824507	-0.000000
1.832827	0.000000
1.841147	0.000000
1.849467	0.000000
1.857787	-0.000000
1.866107	0.000000
1.874427	0.000000
1.882747	0.000000
1.891067	-0.000000
1.899387	0.000000
1.907707	0.000000
1.916027	0.000000
1.924347	-0.000000
1.932667	0.000000
1.940987	-0.000000
1.949307	0.000000
1.957627	-0.000000
1.965947	0.000000
1.974267	-0.000000
1.982587	-0.000000
1.990907	0.000000
1.999227	0.000000
2.007547	-0.000000
2.015867	0.000000
2.024187	0.000000
2.032507	0.000000
2.040827	-0.000000
2.049147	0.000000
2.057467	0.000000
2.065787	0.000000
2.074107	-0.000000
2.082427	0.000000
2.090747	0.000000
2.099067	0.000000
2.107387	-0.000000
2.115707	0.000000
2.124027	0.000000
2.132347	-0.000000
2.140667	0.000000
2.148987	0.000000
2.157307	0.000000
2.165627	-0.000000
2.173947	0.000000
2.182267	0.000000
2.190587	0.000000
2.198907	-0.000000
2.207227	0.000000
2.215547	0.000000
2.223867	0.000000
2.232187	-0.000000
2.240507	0.000000
2.248827	0.000000
2.257147	0.000000
2.265467	-0.000000
2.273787	0.000000
2.282107	0.000000
2.290427	-0.000000
2.298747	0.000000
2.307067	0.000000
2.315387	0.000000
2.323707	-0.000000
2.332027	0.000000
2.340347	0.000000
2.348667	0.000000
2.356987	-0.000000
2.365307	0.000000
2.373627	0.000000
2.381947	0.000000
2.390267	-0.000000
2.398587	0.000000
2.406907	0.000000
2.415227	0.000000
2.423547	-0.000000
2.431867	0.000000
2.440187	0.000000
2.448507	-0.000000
2.456827	0.000000
2.465147	0.000000
2.473467	0.000000
2.481787	-0.000000
2.490107	0.000000
2.498427	0.000000
2.506747	0.000000
2.515067	-0.000000
2.523387	0.000000
2.531707	0.000000
2.540027	0.000000
2.548347	-0.000000
2.556667	0.000000
2.564987	0.000000
2.573307	0.000000
2.581627	-0.000000
2.589947	0.000000
2.598267	0.000000
2.606587	-0.000000
2.614907	0.000000
2.623227	0.000000
2.631547	0.000000
2.639867	-0.000000
2.648187	0.000000
2.656507	0.000000
2.664827	0.000000
2.673147	-0.000000
2.681467	0.000000
2.689787	0.000000
2.698107	0.000000
2.706427	-0.000000
2.714747	0.000000
2.723067	0.000000
2.731387	0.000000
2.739707	-0.000000
2.748027	0.000000
2.756347	0.000000
2.764667	-0.000000
2.772987	0.000000
2.781307	0.000000
2.789627	0.000000
2.797947	-0.000000
2.806267	0.000000
2.814587	0.000000
2.822907	0.000000
2.831227	-0.000000
2.839547	0.000000
2.847867	0.000000
2.856187	0.000000
2.864507	-0.000000
2.872827	0.000000
2.881147	0.000000
2.889467	0.000000
2.897787	-0.000000
2.906107	0.000000
2.914427	0.000000
2.922747	-0.000000
2.931067	0.000000
2.939387	0.000000
2.947707	0.000000
2.956027	-0.000000
2.964347	0.000000
2.972667	0.000000
2.980987	0.000000
2.989307	-0.000000
2.997627	0.000000
3.005947	0.000000
3.014267	0.000000
3.022587	-0.000000
3.030907	0.000000
3.039227	0.000000
3.047547	0.000000
3.055867	-0.000000
3.064187	0.000000
3.072507	0.000000
3.080827	-0.000000
3.089147	0.000000
3.097467	0.000000
3.105787	0.000000
3.114107	-0.000000
3.122427	0.000000
3.130747	0.000000
3.139067	0.000000
3.147387	-0.000000
3.155707	0.000000
3.164027	0.000000
3.172347	0.000000
3.180667	-0.000000
3.188987	0.000000
3.197307	0.000000
3.205627	0.000000
3.213947	-0.000000
3.222267	0.000000
3.230587	0.000000
3.238907	-0.000000
3.247227	0.000000
3.255547	0.000000
3.263867	0.000000
3.272187	-0.000000
3.280507	0.000000
3.288827	0.000000
3.297147	0.000000
3.305467	-0.000000
3.313787	0.000000
3.322107	0.000000
3.330427	0.000000
3.338747	-0.000000
3.347067	0.000000
3.355387	0.000000
3.363707	0.000000
3.372027	-0.000000
3.380347	0.000000
3.388667	0.000000
3.396987	-0.000000
3.405307	0.000000
3.413627	0.000000
3.421947	0.000000
3.430267	-0.000000
3.438587	0.000000
3.446907	0.000000
3.455227	0.000000
3.463547	-0.000000
3.471867	0.000000
3.480187	0.000000
3.488507	0.000000
3.496827	-0.000000
3.505147	0.000000
3.513467	0.000000
3.521787	0.000000
3.530107	-0.000000
3.538427	0.000000
3.546747	0.000000
3.555067	-0.000000
3.563387	0.000000
3.571707	0.000000
3.580027	0.000000
3.588347	-0.000000
3.596667	0.000000
3.604987	0.000000
3.613307	0.000000
3.621627	-0.000000
3.629947	0.000000
3.638267	0.000000
3.646587	0.000000
3.654907	-0.000000
3.663227	0.000000
3.671547	0.000000
3.679867	-0.000000
3.688187	0.000000
3.696507	0.000000
3.704827	0.000000
3.713147	-0.000000
3.721467	0.000000
3.729787	0.000000
3.738107	0.000000
3.746427	-0.000000
3.754747	0.000000
3.763067	0.000000
3.771387	0.000000
3.779707	-0.000000
3.788027	0.000000
3.796347	0.000000
3.804667	0.000000
3.812987	-0.000000
3.821307	0.000000
3.829627	0.000000
3.837947	-0.000000
3.846267	0.000000
3.854587	-0.000000
3.862907	0.000000
3.871227	-0.000000
3.879547	0.000000
3.887867	0.000000
3.896187	-0.000000
3.904507	0.000000
3.912827	0.000000
3.921147	-0.000000
3.929467	0.000000
3.937787	-0.000000
3.946107	0.000000
3.954427	0.000000
3.962747	-0.000000
3.971067	0.000000
3.979387	0.000000
3.987707	-0.000000
3.996027	0.000000
4.004347	0.000000
4.012667	-0.000000
4.020987	0.000000
4.029307	-0.000000
4.037627	0.000000
4.045947	0.000000
4.054267	-0.000000
4.062587	0.000000
4.070907	0.000000
4.079227	-0.000000
4.087547	0.000000
4.095867	-0.000000
4.104187	0.000000
4.112507	0.000000
4.120827	-0.000000
4.129147	0.000000
4.137467	0.000000
4.145787	-0.000000
4.154107	0.000000
4.162427	0.000000
4.170747	-0.000000
4.179067	0.000000
4.187387	-0.000000
4.195707	0.000000
4.204027	0.000000
4.212347	-0.000000
4.220667	0.000000
4.228987	0.000000
4.237307	-0.000000
4.245627	0.000000
4.253947	-0.000000
4.262267	0.000000
4.270587	0.000000
4.278907	-0.000000
4.287227	0.000000
4.295547	0.000000
4.303867	-0.000000
4.312187	0.000000
4.320507	0.000000
4.328827	-0.000000
4.337147	0.000000
4.345467	-0.000000
4.353787	0.000000
4.362107	0.000000
4.370427	-0.000000
4.378747	0.000000
4.387067	0.000000
4.395387	-0.000000
4.403707	0.000000
4.412027	-0.000000
4.420347	0.000000
4.428667	0.000000
4.436987	-0.000000
4.445307	0.000000
4.453627	0.000000
4.461947	-0.000000
4.470267	0.000000
4.478587	0.000000
4.486907	-0.000000
4.495227	0.000000
4.503547	-0.000000
4.511867	0.000000
4.520187	0.000000
4.528507	-0.000000
4.536827	0.000000
4.545147	0.000000
4.553467	-0.000000
4.561787	0.000000
4.570107	0.000000
4.578427	0.000000
4.586747	0.000000
4.595067	-0.000000
4.603387	0.000000
4.611707	0.000000
4.620027	-0.000000
4.628347	0.000000
4.636667	0.000000
4.644987	-0.000000
4.653307	0.000000
4.661627	-0.000000
4.669947	0.000000
4.678267	0.000000
4.686587	-0.000000
4.694907	0.000000
4.703227	0.000000
4.711547	-0.000000
4.719867	0.000000
4.728187	0.000000
4.736507	0.000000
4.744827	0.000000
4.753147	-0.000000
4.761467	0.000000
4.769787	0.000000
4.778107	-0.000000
4.786427	0.000000
4.794747	0.000000
4.803067	-0.000000
4.811387	0.000000
4.819707	-0.000000
4.828027	0.000000
4.836347	0.000000
4.844667	-0.000000
4.852987	0.000000
4.861307	0.000000
4.869627	-0.000000
4.877947	0.000000
4.886267	0.000000
4.894587	0.000000
4.902907	0.000000
4.911227	-0.000000
4.919547	0.000000
4.927867	0.000000
4.936187	-0.000000
4.944507	0.000000
4.952827	0.000000
4.961147	-0.000000
4.969467	0.000000
4.977787	-0.000000
4.986107	0.000000
4.994427	0.000000
5.002747	-0.000000
5.011067	0.000000
5.019387	0.000000
5.027707	-0.000000
5.036027	0.000000
5.044347	0.000000
5.052667	0.000000
5.060987	0.000000
5.069307	-0.000000
5.077627	0.000000
5.085947	0.000000
5.094267	-0.000000
5.102587	0.000000
5.110907	0.000000
5.119227	-0.000000
5.127547	0.000000
5.135867	-0.000000
5.144187	0.000000
5.152507	0.000000
5.160827	-0.000000
5.169147	0.000000
5.177467	0.000000
5.185787	-0.000000
5.194107	0.000000
5.202427	0.000000
5.210747	0.000000
5.219067	0.000000
5.227387	-0.000000
5.235707	0.000000
5.244027	0.000000
5.252347	-0.000000
5.260667	0.000000
5.268987	0.000000
5.277307	-0.000000
5.285627	0.000000
5.293947	-0.000000
5.302267	0.000000
5.310587	0.000000
5.318907	-0.000000
5.327227	0.000000
5.335547	0.000000
5.343867	-0.000000
5.352187	0.000000
5.360507	0.000000
5.368827	0.000000
5.377147	0.000000
5.385467	-0.000000
5.393787	0.000000
5.402107	0.000000
5.410427	-0.000000
5.418747	0.000000
5.427067	0.000000
5.435387	-0.000000
5.443707	0.000000
5.452027	-0.000000
5.460347	0.000000
5.468667	0.000000
5.476987	-0.000000
5.485307	0.000000
5.493627	0.000000
5.501947	-0.000000
5.510267	0.000000
5.518587	0.000000
5.526907	0.000000
5.535227	0.000000
5.543547	-0.000000
5.551867	0.000000
5.560187	0.000000
5.568507	-0.000000
5.576827	0.000000
5.585147	0.000000
5.593467	-0.000000
5.601787	0.000000
5.610107	-0.000000
5.618427	0.000000
5.626747	0.000000
5.635067	-0.000000
5.643387	0.000000
5.651707	0.000000
5.660027	-0.000000
5.668347	0.000000
5.676667	0.000000
5.684987	0.000000
5.693307	0.000000
5.701627	-0.000000
5.709947	0.000000
5.718267	0.000000
5.726587	-0.000000
5.734907	0.000000
5.743227	0.000000
5.751547	-0.000000
5.759867	0.000000
5.768187	-0.000000
5.776507	0.000000
5.784827	0.000000
5.793147	-0.000000
5.801467	0.000000
5.809787	0.000000
5.818107	-0.000000
5.826427	0.000000
5.834747	0.000000
5.843067	0.000000
5.851387	0.000000
5.859707	-0.000000
5.868027	0.000000
5.876347	0.000000
5.884667	-0.000000
5.892987	0.000000
5.901307	0.000000
5.909627	-0.000000
5.917947	0.000000
5.926267	-0.000000
5.934587	0.000000
5.942907	0.000000
5.951227	-0.000000
5.959547	0.000000
5.967867	0.000000
5.976187	-0.000000
5.984507	0.000000
5.992827	0.000000
6.001147	0.000000
6.009467	0.000000
6.017787	-0.000000
6.026107	0.000000
6.034427	0.000000
6.042747	-0.000000
6.051067	0.000000
6.059387	0.000000
6.067707	-0.000000
6.076027	0.000000
6.084347	-0.000000
6.092667	0.000000
6.100987	0.000000
6.109307	-0.000000
6.117627	0.000000
6.125947	0.000000
6.134267	-0.000000
6.142587	0.000000
6.150907	0.000000
6.159227	0.000000
6.167547	0.000000
6.175867	-0.000000
6.184187	0.000000
6.192507	0.000000
6.200827	-0.000000
6.209147	0.000000
6.217467	0.000000
6.225787	-0.000000
6.234107	0.000000
6.242427	-0.000000
6.250747	0.000000
6.259067	0.000000
6.267387	-0.000000
6.275707	0.000000
6.284027	0.000000
6.292347	-0.000000
6.300667	0.000000
6.308987	0.000000
6.317307	0.000000
6.325627	0.000000
6.333947	-0.000000
6.342267	0.000000
6.350587	0.000000
6.358907	-0.000000
6.367227	0.000000
6.375547	0.000000
6.383867	-0.000000
6.392187	0.000000
6.400507	-0.000000
6.408827	0.000000
6.417147	0.000000
6.425467	-0.000000
6.433787	0.000000
6.442107	0.000000
6.450427	-0.000000
6.458747	0.000000
6.467067	0.000000
6.475387	0.000000
6.483707	0.000000
6.492027	-0.000000
6.500347	0.000000
6.508667	0.000000
6.516987	-0.000000
6.525307	0.000000
6.533627	0.000000
6.541947	-0.000000
6.550267	0.000000
6.558587	-0.000000
6.566907	0.000000
6.575227	0.000000
6.583547	-0.000000
6.591867	0.000000
6.600187	0.000000
6.608507	-0.000000
6.616827	0.000000
6.625147	0.000000
6.633467	0.000000
6.641787	0.000000
6.650107	-0.000000
6.658427	0.000000
6.666747	0.000000
6.675067	-0.000000
6.683387	0.000000
6.691707	0.000000
6.700027	-0.000000
6.708347	0.000000
6.716667	-0.000000
6.724987	0.000000
6.733307	0.000000
6.741627	-0.000000
6.749947	0.000000
6.758267	0.000000
6.766587	-0.000000
6.774907	0.000000
6.783227	0.000000
6.791547	0.000000
6.799867	0.000000
6.808187	-0.000000
6.816507	0.000000
6.824827	0.000000
6.833147	-0.000000
6.841467	0.000000
6.849787	0.000000
6.858107	-0.000000
6.866427	0.000000
6.874747	-0.000000
6.883067	0.000000
6.891387	0.000000
6.899707	-0.000000
6.908027	0.000000
6.916347	0.000000
6.924667	-0.000000
6.932987	0.000000
6.941307	0.000000
6.949627	-0.000000
6.957947	0.000000
6.966267	-0.000000
6.974587	0.000000
6.982907	0.000000
6.991227	-0.000000
6.999547	0.000000
7.007867	0.000000
7.016187	-0.000000
7.024507	0.000000
7.032827	-0.000000
7.041147	0.000000
7.049467	0.000000
7.057787	-0.000000
7.066107	0.000000
7.074427	0.000000
7.082747	-0.000000
7.091067	0.000000
7.099387	0.000000
7.107707	-0.000000
7.116027	0.000000
7.124347	-0.000000
7.132667	0.000000
7.140987	0.000000
7.149307	-0.000000
7.157627	0.000000
7.165947	0.000000
7.174267	-0.000000
7.182587	0.000000
7.190907	-0.000000
7.199227	0.000000
7.207547	0.000000
7.215867	-0.000000
7.224187	0.000000
7.232507	0.000000
7.240827	-0.000000
7.249147	0.000000
7.257467	0.000000
7.265787	-0.000000
7.274107	0.000000
7.282427	-0.000000
7.290747	0.000000
7.299067	0.000000
7.307387	-0.000000
7.315707	0.000000
7.324027	0.000000
7.332347	-0.000000
7.340667	0.000000
7.348987	-0.000000
7.357307	0.000000
7.365627	0.000000
7.373947	-0.000000
7.382267	0.000000
7.390587	0.000000
7.398907	-0.000000
7.407227	0.000000
7.415547	0.000000
7.423867	-0.000000
7.432187	0.000000
7.440507	-0.000000
7.448827	0.000000
7.457147	0.000000
7.465467	-0.000000
7.473787	0.000000
7.482107	0.000000
7.490427	-0.000000
7.498747	0.000000
7.507067	-0.000000
7.515387	0.000000
7.523707	0.000000
7.532027	-0.000000
7.540347	0.000000
7.548667	0.000000
7.556987	-0.000000
7.565307	0.000000
7.573627	0.000000
7.581947	-0.000000
7.590267	0.000000
7.598587	-0.000000
7.606907	0.000000
7.615227	0.000000
7.623547	-0.000000
7.631867	0.000000
7.640187	0.000000
7.648507	-0.000000
7.656827	0.000000
7.665147	-0.000000
7.673467	0.000000
7.681787	0.000000
7.690107	-0.000000
7.698427	0.000000
7.706747	0.000000
7.715067	-0.000000
7.723387	0.000000
7.731707	0.000000
7.740027	-0.000000
7.748347	0.000000
7.756667	-0.000000
7.764987	0.000000
7.773307	0.000000
7.781627	-0.000000
7.789947	0.000000
7.798267	0.000000
7.806587	-0.000000
7.814907	0.000000
7.823227	-0.000000
7.831547	0.000000
7.839867	-0.000000
7.848187	0.000000
7.856507	0.000000
7.864827	-0.000000
7.873147	0.000000
7.881467	0.000000
7.889787	-0.000000
7.898107	0.000000
7.906427	0.000000
7.914747	-0.000000
7.923067	0.000000
7.931387	-0.000000
7.939707	-0.000000
7.948027	0.000000
7.956347	0.000000
7.964667	-0.000000
7.972987	0.000000
7.981307	0.000000
7.989627	0.000000
7.997947	-0.000000
8.006267	0.000000
8.014587	-0.000000
8.022907	0.000000
8.031227	0.000000
8.039547	-0.000000
8.047867	0.000000
8.056187	0.000000
8.064507	-0.000000
8.072827	0.000000
8.081147	0.000000
8.089467	-0.000000
8.097787	0.000000
8.106107	0.000000
8.114427	0.000000
8.122747	-0.000000
8.131067	0.000000
8.139387	0.000000
8.147707	-0.000000
8.156027	0.000000
8.164347	0.000000
8.172667	-0.000000
8.180987	0.000000
8.189307	0.000000
8.197627	-0.000000
8.205947	0.000000
8.214267	0.000000
8.222587	-0.000000
8.230907	0.000000
8.239227	0.000000
8.247547	-0.000000
8.255867	0.000000
8.264187	0.000000
8.272507	0.000000
8.280827	-0.000000
8.289147	0.000000
8.297467	0.000000
8.305787	-0.000000
8.314107	0.000000
8.322427	0.000000
8.330747	-0.000000
8.339067	0.000000
8.347387	0.000000
8.355707	-0.000000
8.364027	0.000000
8.372347	0.000000
8.380667	-0.000000
8.388987	0.000000
8.397307	0.000000
8.405627	-0.000000
8.413947	0.000000
8.422267	0.000000
8.430587	0.000000
8.438907	-0.000000
8.447227	0.000000
8.455547	0.000000
8.463867	-0.000000
8.472187	0.000000
8.480507	0.000000
8.488827	-0.000000
8.497147	0.000000
8.505467	0.000000
8.513787	-0.000000
8.522107	0.000000
8.530427	0.000000
8.538747	-0.000000
8.547067	0.000000
8.555387	0.000000
8.563707	-0.000000
8.572027	0.000000
8.580347	0.000000
8.588667	0.000000
8.596987	-0.000000
8.605307	0.000000
8.613627	0.000000
8.621947	-0.000000
8.630267	0.000000
8.638587	0.000000
8.646907	-0.000000
8.655227	0.000000
8.663547	0.000000
8.671867	-0.000000
8.680187	0.000000
8.688507	0.000000
8.696827	-0.000000
8.705147	0.000000
8.713467	0.000000
8.721787	-0.000000
8.730107	0.000000
8.738427	0.000000
8.746747	0.000000
8.755067	-0.000000
8.763387	0.000000
8.771707	0.000000
8.780027	-0.000000
8.788347	0.000000
8.796667	0.000000
8.804987	-0.000000
8.813307	0.000000
8.821627	0.000000
8.829947	-0.000000
8.838267	0.000000
8.846587	0.000000
8.854907	-0.000000
8.863227	0.000000
8.871547	0.000000
8.879867	-0.000000
8.888187	0.000000
8.896507	0.000000
8.904827	0.000000
8.913147	-0.000000
8.921467	0.000000
8.929787	0.000000
8.938107	-0.000000
8.946427	0.000000
8.954747	0.000000
8.963067	-0.000000
8.971387	0.000000
8.979707	0.000000
8.988027	-0.000000
8.996347	0.000000
9.004667	0.000000
9.012987	-0.000000
9.021307	0.000000
9.029627	0.000000
9.037947	-0.000000
9.046267	0.000000
9.054587	0.000000
9.062907	0.000000
9.071227	-0.000000
9.079547	0.000000
9.087867	0.000000
9.096187	-0.000000
9.104507	0.000000
9.112827	0.000000
9.121147	-0.000000
9.129467	0.000000
9.137787	0.000000
9.146107	-0.000000
9.154427	0.000000
9.162747	0.000000
9.171067	-0.000000
9.179387	0.000000
9.187707	0.000000
9.196027	-0.000000
9.204347	0.000000
9.212667	0.000000
9.220987	0.000000
9.229307	-0.000000
9.237627	0.000000
9.245947	0.000000
9.254267	-0.000000
9.262587	0.000000
9.270907	0.000000
9.279227	-0.000000
9.287547	0.000000
9.295867	0.000000
9.304187	-0.000000
9.312507	0.000000
9.320827	0.000000
9.329147	-0.000000
9.337467	0.000000
9.345787	0.000000
9.354107	-0.000000
9.362427	0.000000
9.370747	0.000000
9.379067	0.000000
9.387387	-0.000000
9.395707	0.000000
9.404027	0.000000
9.412347	-0.000000
9.420667	0.000000
9.428987	0.000000
9.437307	-0.000000
9.445627	0.000000
9.453947	0.000000
9.462267	-0.000000
9.470587	0.000000
9.478907	0.000000
9.487227	-0.000000
9.495547	0.000000
9.503867	0.000000
9.512187	-0.000000
9.520507	0.000000
9.528827	0.000000
9.537147	0.000000
9.545467	-0.000000
9.553787	0.000000
9.562107	0.000000
9.570427	-0.000000
9.578747	0.000000
9.587067	0.000000
9.595387	-0.000000
9.603707	0.000000
9.612027	0.000000
9.620347	-0.000000
9.628667	0.000000
9.636987	0.000000
9.645307	-0.000000
9.653627	0.000000
9.661947	0.000000
9.670267	-0.000000
9.678587	0.000000
9.686907	0.000000
9.695227	0.000000
9.703547	-0.000000
9.711867	0.000000
9.720187	0.000000
9.728507	-0.000000
9.736827	0.000000
9.745147	0.000000
9.753467	-0.000000
9.761787	0.000000
9.770107	0.000000
9.778427	-0.000000
9.786747	0.000000
9.795067	0.000000
9.803387	-0.000000
9.811707	0.000000
9.820027	0.000000
9.828347	-0.000000
9.836667	0.000000
9.844987	0.000000
9.853307	0.000000
9.861627	-0.000000
9.869947	0.000000
9.878267	0.000000
9.886587	-0.000000
9.894907	0.000000
9.903227	0.000000
9.911547	-0.000000
9.919867	0.000000
9.928187	0.000000
9.936507	-0.000000
9.944827	0.000000
9.953147	0.000000
9.961467	-0.000000
9.969787	0.000000
9.978107	0.000000
9.986427	-0.000000
9.994747	0.000000
10.003067	0.000000
10.011387	0.000000
10.019707	-0.000000
10.028027	0.000000
10.036347	0.000000
10.044667	-0.000000
10.052987	0.000000
10.061307	0.000000
10.069627	-0.000000
10.077947	0.000000
10.086267	0.000000
10.094587	-0.000000
10.102907	0.000000
10.111227	0.000000
10.119547	-0.000000
10.127867	0.000000
10.136187	0.000000
10.144507	-0.000000
10.152827	0.000000
10.161147	0.000000
10.169467	0.000000
10.177787	-0.000000
10.186107	0.000000
10.194427	0.000000
10.202747	-0.000000
10.211067	0.000000
10.219387	0.000000
10.227707	-0.000000
10.236027	0.000000
10.244347	0.000000
10.252667	-0.000000
10.260987	0.000000
10.269307	0.000000
10.277627	-0.000000
10.285947	0.000000
10.294267	0.000000
10.302587	-0.000000
10.310907	0.000000
10.319227	0.000000
10.327547	0.000000
10.335867	-0.000000
10.344187	0.000000
10.352507	0.000000
10.360827	-0.000000
10.369147	0.000000
10.377467	0.000000
10.385787	-0.000000
10.394107	0.000000
10.402427	0.000000
10.410747	-0.000000
10.419067	0.000000
10.427387	0.000000
10.435707	-0.000000
10.444027	0.000000
10.452347	0.000000
10.460667	-0.000000
10.468987	0.000000
10.477307	0.000000
10.485627	0.000000
10.493947	-0.000000
10.502267	0.000000
10.510587	0.000000
10.518907	-0.000000
10.527227	0.000000
10.535547	0.000000
10.543867	-0.000000
10.552187	0.000000
10.560507	0.000000
10.568827	-0.000000
10.577147	0.000000
10.585467	0.000000
10.593787	-0.000000
10.602107	0.000000
10.610427	0.000000
10.618747	-0.000000
10.627067	0.000000
10.635387	0.000000
10.643707	0.000000
10.652027	-0.000000
10.660347	0.000000
10.668667	0.000000
10.676987	-0.000000
10.685307	0.000000
10.693627	0.000000
10.701947	-0.000000
10.710267	0.000000
10.718587	0.000000
10.726907	-0.000000
10.735227	0.000000
10.743547	0.000000
10.751867	-0.000000
10.760187	0.000000
10.768507	0.000000
10.776827	-0.000000
10.785147	0.000000
10.793467	0.000000
10.801787	0.000000
10.810107	-0.000000
10.818427	0.000000
10.826747	0.000000
10.835067	-0.000000
10.843387	0.000000
10.851707	0.000000
10.860027	-0.000000
10.868347	0.000000
10.876667	0.000000
10.884987	-0.000000
10.893307	0.000000
10.901627	0.000000
10.909947	-0.000000
10.918267	0.000000
10.926587	0.000000
10.934907	-0.000000
10.943227	0.000000
10.951547	0.000000
10.959867	0.000000
10.968187	-0.000000
10.976507	0.000000
10.984827	0.000000
10.993147	-0.000000
11.001467	0.000000
11.009787	0.000000
11.018107	-0.000000
11.026427	0.000000
11.034747	0.000000
11.043067	-0.000000
11.051387	0.000000
11.059707	0.000000
11.068027	-0.000000
11.076347	0.000000
11.084667	0.000000
11.092987	-0.000000
11.101307	0.000000
11.109627	0.000000
11.117947	0.000000
11.126267	-0.000000
11.134587	0.000000
11.142907	0.000000
11.151227	-0.000000
11.159547	0.000000
11.167867	0.000000
11.176187	-0.000000
11.184507	0.000000
11.192827	0.000000
11.201147	-0.000000
11.209467	0.000000
11.217787	0.000000
11.226107	-0.000000
11.234427	0.000000
11.242747	0.000000
11.251067	-0.000000
11.259387	0.000000
11.267707	0.000000
11.276027	0.000000
11.284347	-0.000000
11.292667	0.000000
11.300987	0.000000
11.309307	-0.000000
11.317627	0.000000
11.325947	0.000000
11.334267	-0.000000
11.342587	0.000000
11.350907	0.000000
11.359227	-0.000000
11.367547	0.000000
11.375867	0.000000
11.384187	-0.000000
11.392507	0.000000
11.400827	0.000000
11.409147	-0.000000
11.417467	0.000000
11.425787	0.000000
11.434107	0.000000
11.442427	-0.000000
11.450747	0.000000
11.459067	0.000000
11.467387	-0.000000
11.475707	0.000000
11.484027	0.000000
11.492347	-0.000000
11.500667	0.000000
11.508987	0.000000
11.517307	-0.000000
11.525627	0.000000
11.533947	0.000000
11.542267	-0.000000
11.550587	0.000000
11.558907	0.000000
11.567227	-0.000000
11.575547	0.000000
11.583867	0.000000
11.592187	0.000000
11.600507	-0.000000
11.608827	0.000000
11.617147	0.000000
11.625467	-0.000000
11.633787	0.000000
11.642107	0.000000
11.650427	-0.000000
11.658747	0.000000
11.667067	0.000000
11.675387	-0.000000
11.683707	0.000000
11.692027	0.000000
11.700347	-0.000000
11.708667	0.000000
11.716987	0.000000
11.725307	-0.000000
11.733627	0.000000
11.741947	0.000000
11.750267	0.000000
11.758587	-0.000000
11.766907	0.000000
11.775227	0.000000
11.783547	-0.000000
11.791867	0.000000
11.800187	0.000000
11.808507	-0.000000
11.816827	0.000000
11.825147	0.000000
11.833467	-0.000000
11.841787	0.000000
11.850107	0.000000
11.858427	-0.000000
11.866747	0.000000
11.875067	0.000000
11.883387	-0.000000
11.891707	0.000000
11.900027	0.000000
11.908347	0.000000
11.916667	-0.000000
11.924987	0.000000
11.933307	0.000000
11.941627	-0.000000
11.949947	0.000000
11.958267	0.000000
11.966587	-0.000000
11.974907	0.000000
11.983227	0.000000
11.991547	-0.000000
11.999867	0.000000
