0 0.109000
1 0.117000
2 0.125000
3 0.133000
4 0.141000
5 0.149000
6 0.157000
7 0.165000
8 0.173000
9 0.181000
10 0.189000
11 0.197000
12 0.205000
13 0.213000
14 0.221000
15 0.229000
16 0.237000
17 0.245000
18 0.253000
19 0.261000
20 0.269000
21 0.277000
22 0.285000
23 0.293000
24 0.301000
25 0.309000
26 0.317000
27 0.325000
28 0.333000
29 0.341000
30 0.349000
31 0.357000
32 0.365000
33 0.375000
34 0.383000
35 0.391000
36 0.399000
37 0.407000
38 0.415000
39 0.423000
40 0.431000
41 0.439000
42 0.447000
43 0.455000
44 0.463000
45 0.471000
46 0.479000
47 0.487000
48 0.495000
49 0.503000
50 0.511000
51 0.519000
52 0.527000
53 0.535000
54 0.543000
55 0.551000
56 0.559000
57 0.567000
58 0.575000
59 0.583000
60 0.591000
61 0.599000
62 0.607000
63 0.615000
64 0.623000
65 0.631000
66 0.639000
67 0.647000
68 0.655000
69 0.663000
70 0.671000
71 0.679000
72 0.687000
73 0.695000
74 0.703000
75 0.711000
76 0.719000
77 0.727000
78 0.735000
79 0.743000
80 0.751000
81 0.759000
82 0.767000
83 0.777000
84 0.785000
85 0.791000
86 0.799000
87 0.807000
88 0.815000
89 0.823000
90 0.831000
91 0.839000
92 0.847000
93 0.855000
94 0.863000
95 0.871000
96 0.879000
97 0.887000
98 0.895000
99 0.903000
100 0.911000
101 0.919000
102 0.927000
103 0.935000
104 0.943000
105 0.951000
106 0.959000
107 0.967000
108 0.975000
109 0.983000
110 0.991000
111 0.999000
112 1.007000
113 1.015000
114 1.023000
115 1.031000
116 1.039000
117 1.047000
118 1.055000
119 1.063000
120 1.071000
121 1.079000
122 1.087000
123 1.095000
124 1.103000
125 1.111000
126 1.119000
127 1.127000
128 1.135000
129 1.143000
130 1.151000
131 1.159000
132 1.167000
133 1.177000
134 1.185000
135 1.191000
136 1.199000
137 1.207000
138 1.215000
139 1.223000
140 1.231000
141 1.239000
142 1.247000
143 1.255000
144 1.263000
145 1.271000
146 1.279000
147 1.287000
148 1.295000
149 1.303000
150 1.311000
151 1.319000
152 1.327000
153 1.335000
154 1.343000
155 1.351000
156 1.359000
157 1.367000
158 1.375000
159 1.383000
160 1.391000
161 1.399000
162 1.407000
163 1.415000
164 1.423000
165 1.431000
166 1.439000
167 1.447000
168 1.455000
169 1.463000
170 1.471000
171 1.479000
172 1.487000
173 1.495000
174 1.503000
175 1.511000
176 1.519000
177 1.527000
178 1.535000
179 1.543000
180 1.551000
181 1.559000
182 1.567000
183 1.575000
184 1.585000
185 1.593000
186 1.599000
187 1.607000
188 1.615000
189 1.623000
190 1.631000
191 1.639000
192 1.647000
193 1.655000
194 1.663000
195 1.671000
196 1.679000
197 1.687000
198 1.695000
199 1.703000
200 1.711000
201 1.719000
202 1.727000
203 1.735000
204 1.743000
205 1.751000
206 1.759000
207 1.767000
208 1.775000
209 1.783000
210 1.791000
211 1.799000
212 1.807000
213 1.815000
214 1.823000
215 1.831000
216 1.839000
217 1.847000
218 1.855000
219 1.863000
220 1.871000
221 1.879000
222 1.887000
223 1.895000
224 1.903000
225 1.911000
226 1.919000
227 1.927000
228 1.935000
229 1.943000
230 1.951000
231 1.959000
232 1.967000
233 1.975000
234 1.985000
235 1.993000
236 1.999000
237 2.007000
238 2.017000
239 2.027000
240 2.037000
241 2.041000
242 2.053000
243 2.059000
244 2.063000
245 2.077000
246 2.081000
247 2.089000
248 2.097000
249 2.105000
250 2.113000
251 2.121000
252 2.129000
253 2.137000
254 2.145000
255 2.153000
256 2.161000
257 2.169000
258 2.177000
259 2.185000
260 2.193000
261 2.201000
262 2.209000
263 2.217000
264 2.225000
265 2.233000
266 2.241000
267 2.249000
268 2.257000
269 2.265000
270 2.273000
271 2.281000
272 2.289000
273 2.297000
274 2.305000
275 2.313000
276 2.321000
277 2.329000
278 2.337000
279 2.345000
280 2.353000
281 2.361000
282 2.369000
283 2.377000
284 2.387000
285 2.395000
286 2.401000
287 2.409000
288 2.417000
289 2.425000
290 2.437000
291 2.443000
292 2.447000
293 2.461000
294 2.465000
295 2.477000
296 2.483000
297 2.487000
298 2.497000
299 2.505000
300 2.517000
301 2.523000
302 2.527000
303 2.541000
304 2.545000
305 2.557000
306 2.563000
307 2.567000
308 2.581000
309 2.585000
310 2.597000
311 2.603000
312 2.607000
313 2.621000
314 2.625000
315 2.637000
316 2.643000
317 2.647000
318 2.661000
319 2.665000
320 2.677000
321 2.683000
322 2.687000
323 2.697000
324 2.705000
325 2.717000
326 2.723000
327 2.727000
328 2.741000
329 2.745000
330 2.757000
331 2.763000
332 2.767000
333 2.781000
334 2.785000
335 2.799000
336 2.805000
337 2.809000
338 2.821000
339 2.827000
340 2.831000
341 2.845000
342 2.849000
343 2.861000
344 2.867000
345 2.871000
346 2.885000
347 2.889000
348 2.897000
349 2.905000
350 2.915000
351 2.925000
352 2.929000
353 2.941000
354 2.947000
355 2.951000
356 2.965000
357 2.969000
358 2.981000
359 2.987000
360 2.991000
361 3.005000
362 3.009000
363 3.021000
364 3.027000
365 3.031000
366 3.045000
367 3.049000
368 3.061000
369 3.067000
370 3.071000
371 3.085000
372 3.089000
373 3.097000
374 3.105000
375 3.115000
376 3.125000
377 3.129000
378 3.141000
379 3.147000
380 3.151000
381 3.165000
382 3.169000
383 3.181000
384 3.187000
385 3.191000
386 3.205000
387 3.211000
388 3.215000
389 3.229000
390 3.233000
391 3.245000
392 3.251000
393 3.255000
394 3.269000
395 3.273000
396 3.285000
397 3.291000
398 3.295000
399 3.305000
400 3.313000
401 3.325000
402 3.331000
403 3.335000
404 3.349000
405 3.353000
406 3.365000
407 3.371000
408 3.375000
409 3.389000
410 3.393000
411 3.405000
412 3.411000
413 3.415000
414 3.429000
415 3.433000
416 3.445000
417 3.451000
418 3.455000
419 3.469000
420 3.473000
421 3.485000
422 3.491000
423 3.495000
424 3.505000
425 3.513000
426 3.525000
427 3.531000
428 3.535000
429 3.549000
430 3.553000
431 3.565000
432 3.571000
433 3.575000
434 3.589000
435 3.593000
436 3.607000
437 3.613000
438 3.617000
439 3.629000
440 3.635000
441 3.639000
442 3.653000
443 3.657000
444 3.669000
445 3.675000
446 3.679000
447 3.693000
448 3.697000
449 3.705000
450 3.713000
451 3.723000
452 3.733000
453 3.737000
454 3.749000
455 3.755000
456 3.759000
457 3.773000
458 3.777000
459 3.789000
460 3.795000
461 3.799000
462 3.813000
463 3.817000
464 3.829000
465 3.835000
466 3.839000
467 3.853000
468 3.857000
469 3.869000
470 3.875000
471 3.879000
472 3.893000
473 3.897000
474 3.905000
475 3.913000
476 3.923000
477 3.933000
478 3.937000
479 3.949000
480 3.955000
481 3.959000
482 3.973000
483 3.977000
484 3.989000
485 3.995000
486 3.999000
487 4.013000
488 4.019000
489 4.023000
490 4.037000
491 4.041000
492 4.053000
493 4.059000
494 4.063000
495 4.077000
496 4.081000
497 4.093000
498 4.099000
499 4.103000
500 4.113000
501 4.121000
502 4.133000
503 4.139000
504 4.143000
505 4.157000
506 4.161000
507 4.173000
508 4.179000
509 4.183000
510 4.197000
511 4.201000
512 4.213000
513 4.219000
514 4.223000
515 4.237000
516 4.241000
517 4.253000
518 4.259000
519 4.263000
520 4.277000
521 4.281000
522 4.293000
523 4.299000
524 4.303000
525 4.313000
526 4.321000
527 4.333000
528 4.339000
529 4.343000
530 4.357000
531 4.361000
532 4.373000
533 4.379000
534 4.383000
535 4.397000
536 4.401000
537 4.415000
538 4.421000
539 4.425000
540 4.437000
541 4.443000
542 4.447000
543 4.461000
544 4.465000
545 4.477000
546 4.483000
547 4.487000
548 4.501000
549 4.505000
550 4.513000
551 4.521000
552 4.531000
553 4.541000
554 4.545000
555 4.557000
556 4.563000
557 4.567000
558 4.581000
559 4.585000
560 4.597000
561 4.603000
562 4.607000
563 4.621000
564 4.625000
565 4.637000
566 4.643000
567 4.647000
568 4.661000
569 4.665000
570 4.677000
571 4.683000
572 4.687000
573 4.701000
574 4.705000
575 4.713000
576 4.721000
577 4.731000
578 4.741000
579 4.745000
580 4.757000
581 4.763000
582 4.767000
583 4.781000
584 4.785000
585 4.797000
586 4.803000
587 4.807000
588 4.821000
589 4.827000
590 4.831000
591 4.845000
592 4.849000
593 4.861000
594 4.867000
595 4.871000
596 4.885000
597 4.889000
598 4.901000
599 4.907000
600 4.911000
601 4.921000
602 4.929000
603 4.941000
604 4.947000
605 4.951000
606 4.965000
607 4.969000
608 4.981000
609 4.987000
610 4.991000
611 5.005000
612 5.009000
613 5.021000
614 5.027000
615 5.031000
616 5.045000
617 5.049000
618 5.061000
619 5.067000
620 5.071000
621 5.085000
622 5.089000
623 5.101000
624 5.107000
625 5.111000
626 5.121000
627 5.129000
628 5.141000
629 5.147000
630 5.151000
631 5.165000
632 5.169000
633 5.181000
634 5.187000
635 5.191000
636 5.205000
637 5.209000
638 5.223000
639 5.229000
640 5.233000
641 5.245000
642 5.251000
643 5.255000
644 5.269000
645 5.273000
646 5.285000
647 5.291000
648 5.295000
649 5.309000
650 5.313000
651 5.321000
652 5.329000
653 5.339000
654 5.349000
655 5.353000
656 5.365000
657 5.371000
658 5.375000
659 5.389000
660 5.393000
661 5.405000
662 5.411000
663 5.415000
664 5.429000
665 5.433000
666 5.445000
667 5.451000
668 5.455000
669 5.469000
670 5.473000
671 5.485000
672 5.491000
673 5.495000
674 5.509000
675 5.513000
676 5.521000
677 5.529000
678 5.539000
679 5.549000
680 5.553000
681 5.565000
682 5.571000
683 5.575000
684 5.589000
685 5.593000
686 5.605000
687 5.611000
688 5.615000
689 5.629000
690 5.635000
691 5.639000
692 5.653000
693 5.657000
694 5.669000
695 5.675000
696 5.679000
697 5.693000
698 5.697000
699 5.709000
700 5.715000
701 5.719000
702 5.729000
703 5.737000
704 5.749000
705 5.755000
706 5.759000
707 5.773000
708 5.777000
709 5.789000
710 5.795000
711 5.799000
712 5.813000
713 5.817000
714 5.829000
715 5.835000
716 5.839000
717 5.853000
718 5.857000
719 5.869000
720 5.875000
721 5.879000
722 5.893000
723 5.897000
724 5.909000
725 5.915000
726 5.919000
727 5.929000
728 5.937000
729 5.949000
730 5.955000
731 5.959000
732 5.973000
733 5.977000
734 5.989000
735 5.995000
736 5.999000
737 6.013000
738 6.017000
739 6.031000
740 6.037000
741 6.041000
742 6.053000
743 6.059000
744 6.063000
745 6.077000
746 6.081000
747 6.093000
748 6.099000
749 6.103000
750 6.117000
751 6.121000
752 6.129000
753 6.137000
754 6.147000
755 6.157000
756 6.161000
757 6.173000
758 6.179000
759 6.183000
760 6.197000
761 6.201000
762 6.213000
763 6.219000
764 6.223000
765 6.237000
766 6.241000
767 6.253000
768 6.259000
769 6.263000
770 6.277000
771 6.281000
772 6.293000
773 6.299000
774 6.303000
775 6.317000
776 6.321000
777 6.329000
778 6.337000
779 6.347000
780 6.357000
781 6.361000
782 6.373000
783 6.379000
784 6.383000
785 6.397000
786 6.401000
787 6.413000
788 6.419000
789 6.423000
790 6.437000
791 6.443000
792 6.447000
793 6.461000
794 6.465000
795 6.477000
796 6.483000
797 6.487000
798 6.501000
799 6.505000
800 6.517000
801 6.523000
802 6.527000
803 6.537000
804 6.545000
805 6.557000
806 6.563000
807 6.567000
808 6.581000
809 6.585000
810 6.597000
811 6.603000
812 6.607000
813 6.621000
814 6.625000
815 6.637000
816 6.643000
817 6.647000
818 6.661000
819 6.665000
820 6.677000
821 6.683000
822 6.687000
823 6.701000
824 6.705000
825 6.717000
826 6.723000
827 6.727000
828 6.737000
829 6.745000
830 6.757000
831 6.763000
832 6.767000
833 6.781000
834 6.785000
835 6.797000
836 6.803000
837 6.807000
838 6.821000
839 6.825000
840 6.839000
841 6.845000
842 6.849000
843 6.861000
844 6.867000
845 6.871000
846 6.885000
847 6.889000
848 6.901000
849 6.907000
850 6.911000
851 6.925000
852 6.929000
853 6.937000
854 6.945000
855 6.955000
856 6.965000
857 6.969000
858 6.981000
859 6.987000
860 6.991000
861 7.005000
862 7.009000
863 7.021000
864 7.027000
865 7.031000
866 7.045000
867 7.049000
868 7.061000
869 7.067000
870 7.071000
871 7.085000
872 7.089000
873 7.101000
874 7.107000
875 7.111000
876 7.125000
877 7.129000
878 7.137000
879 7.145000
880 7.155000
881 7.165000
882 7.169000
883 7.181000
884 7.187000
885 7.191000
886 7.205000
887 7.209000
888 7.221000
889 7.227000
890 7.231000
891 7.245000
892 7.251000
893 7.255000
894 7.269000
895 7.273000
896 7.285000
897 7.291000
898 7.295000
899 7.309000
900 7.313000
901 7.325000
902 7.331000
903 7.335000
904 7.345000
905 7.353000
906 7.365000
907 7.371000
908 7.375000
909 7.389000
910 7.393000
911 7.405000
912 7.411000
913 7.415000
914 7.429000
915 7.433000
916 7.445000
917 7.451000
918 7.455000
919 7.469000
920 7.473000
921 7.485000
922 7.491000
923 7.495000
924 7.509000
925 7.513000
926 7.525000
927 7.531000
928 7.535000
929 7.545000
930 7.553000
931 7.565000
932 7.571000
933 7.575000
934 7.589000
935 7.593000
936 7.605000
937 7.611000
938 7.615000
939 7.629000
940 7.633000
941 7.647000
942 7.653000
943 7.657000
944 7.669000
945 7.675000
946 7.679000
947 7.693000
948 7.697000
949 7.709000
950 7.715000
951 7.719000
952 7.733000
953 7.737000
954 7.745000
955 7.753000
956 7.763000
957 7.773000
958 7.777000
959 7.789000
960 7.795000
961 7.799000
962 7.813000
963 7.817000
964 7.829000
965 7.835000
966 7.839000
967 7.853000
968 7.857000
969 7.869000
970 7.875000
971 7.879000
972 7.893000
973 7.897000
974 7.909000
975 7.915000
976 7.919000
977 7.933000
978 7.937000
979 7.945000
980 7.953000
981 7.963000
982 7.973000
983 7.977000
984 7.989000
985 7.995000
986 7.999000
987 8.013000
988 8.017000
989 8.029000
990 8.035000
991 8.039000
992 8.053000
993 8.059000
994 8.063000
995 8.077000
996 8.081000
997 8.093000
998 8.099000
999 8.103000
1000 8.117000
1001 8.121000
1002 8.133000
1003 8.139000
1004 8.143000
1005 8.153000
1006 8.161000
1007 8.173000
1008 8.179000
1009 8.183000
1010 8.197000
1011 8.201000
1012 8.213000
1013 8.219000
1014 8.223000
1015 8.237000
1016 8.241000
1017 8.253000
1018 8.259000
1019 8.263000
1020 8.277000
1021 8.281000
1022 8.293000
1023 8.299000
1024 8.303000
1025 8.317000
1026 8.321000
1027 8.333000
1028 8.339000
1029 8.343000
1030 8.353000
1031 8.361000
1032 8.373000
1033 8.379000
1034 8.383000
1035 8.397000
1036 8.401000
1037 8.413000
1038 8.419000
1039 8.423000
1040 8.437000
1041 8.441000
1042 8.455000
1043 8.461000
1044 8.465000
1045 8.477000
1046 8.483000
1047 8.487000
1048 8.501000
1049 8.505000
1050 8.517000
1051 8.523000
1052 8.527000
1053 8.541000
1054 8.545000
1055 8.553000
1056 8.561000
1057 8.571000
1058 8.581000
1059 8.585000
1060 8.597000
1061 8.603000
1062 8.607000
1063 8.621000
1064 8.625000
1065 8.637000
1066 8.643000
1067 8.647000
1068 8.661000
1069 8.665000
1070 8.677000
1071 8.683000
1072 8.687000
1073 8.701000
1074 8.705000
1075 8.717000
1076 8.723000
1077 8.727000
1078 8.741000
1079 8.745000
1080 8.753000
1081 8.761000
1082 8.771000
1083 8.781000
1084 8.785000
1085 8.797000
1086 8.803000
1087 8.807000
1088 8.821000
1089 8.825000
1090 8.837000
1091 8.843000
1092 8.847000
1093 8.861000
1094 8.867000
1095 8.871000
1096 8.885000
1097 8.889000
1098 8.901000
1099 8.907000
1100 8.911000
1101 8.925000
1102 8.929000
1103 8.941000
1104 8.947000
1105 8.951000
1106 8.961000
1107 8.969000
1108 8.981000
1109 8.987000
1110 8.991000
1111 9.005000
1112 9.009000
1113 9.021000
1114 9.027000
1115 9.031000
1116 9.045000
1117 9.049000
1118 9.061000
1119 9.067000
1120 9.071000
1121 9.085000
1122 9.089000
1123 9.101000
1124 9.107000
1125 9.111000
1126 9.125000
1127 9.129000
1128 9.141000
1129 9.147000
1130 9.151000
1131 9.161000
1132 9.169000
1133 9.181000
1134 9.187000
1135 9.191000
1136 9.205000
1137 9.209000
1138 9.221000
1139 9.227000
1140 9.231000
1141 9.245000
1142 9.249000
1143 9.263000
1144 9.269000
1145 9.273000
1146 9.285000
1147 9.291000
1148 9.295000
1149 9.309000
1150 9.313000
1151 9.325000
1152 9.331000
1153 9.335000
1154 9.349000
1155 9.353000
1156 9.361000
1157 9.369000
1158 9.379000
1159 9.389000
1160 9.393000
1161 9.405000
1162 9.411000
1163 9.415000
1164 9.429000
1165 9.433000
1166 9.445000
1167 9.451000
1168 9.455000
1169 9.469000
1170 9.473000
1171 9.485000
1172 9.491000
1173 9.495000
1174 9.507000
1175 9.513000
1176 9.517000
1177 9.531000
1178 9.535000
1179 9.547000
1180 9.553000
1181 9.557000
1182 9.567000
1183 9.575000
1184 9.587000
1185 9.593000
1186 9.597000
1187 9.611000
1188 9.615000
1189 9.627000
1190 9.633000
1191 9.637000
1192 9.651000
1193 9.655000
1194 9.669000
1195 9.675000
1196 9.679000
1197 9.691000
1198 9.697000
1199 9.701000
1200 9.715000
1201 9.719000
1202 9.731000
1203 9.737000
1204 9.741000
1205 9.755000
1206 9.759000
1207 9.767000
1208 9.775000
1209 9.785000
1210 9.795000
1211 9.799000
1212 9.811000
1213 9.817000
1214 9.821000
1215 9.835000
1216 9.839000
1217 9.851000
1218 9.857000
1219 9.861000
1220 9.875000
1221 9.879000
1222 9.891000
1223 9.897000
1224 9.901000
1225 9.915000
1226 9.919000
1227 9.931000
1228 9.937000
1229 9.941000
1230 9.955000
1231 9.959000
1232 9.967000
1233 9.975000
1234 9.985000
1235 9.995000
1236 9.999000
1237 10.011000
1238 10.017000
1239 10.021000
1240 10.035000
1241 10.039000
1242 10.051000
1243 10.057000
1244 10.061000
1245 10.075000
1246 10.081000
1247 10.085000
1248 10.099000
1249 10.103000
1250 10.115000
1251 10.121000
1252 10.125000
1253 10.139000
1254 10.143000
1255 10.155000
1256 10.161000
1257 10.165000
1258 10.175000
1259 10.183000
1260 10.195000
1261 10.201000
1262 10.205000
1263 10.219000
1264 10.223000
1265 10.235000
1266 10.241000
1267 10.245000
1268 10.259000
1269 10.263000
1270 10.275000
1271 10.281000
1272 10.285000
1273 10.299000
1274 10.303000
1275 10.315000
1276 10.321000
1277 10.325000
1278 10.339000
1279 10.343000
1280 10.355000
1281 10.361000
1282 10.365000
1283 10.375000
1284 10.383000
1285 10.395000
1286 10.401000
1287 10.405000
1288 10.419000
1289 10.423000
1290 10.435000
1291 10.441000
1292 10.445000
1293 10.459000
1294 10.463000
1295 10.477000
1296 10.483000
1297 10.487000
1298 10.499000
1299 10.505000
1300 10.509000
1301 10.523000
1302 10.527000
1303 10.539000
1304 10.545000
1305 10.549000
1306 10.563000
1307 10.567000
1308 10.575000
1309 10.583000
1310 10.593000
1311 10.603000
1312 10.607000
1313 10.619000
1314 10.625000
1315 10.629000
1316 10.643000
1317 10.647000
1318 10.659000
1319 10.665000
1320 10.669000
1321 10.683000
1322 10.687000
1323 10.699000
1324 10.705000
1325 10.709000
1326 10.723000
1327 10.727000
1328 10.739000
1329 10.745000
1330 10.749000
1331 10.763000
1332 10.767000
1333 10.775000
1334 10.783000
1335 10.793000
1336 10.803000
1337 10.807000
1338 10.819000
1339 10.825000
1340 10.829000
1341 10.843000
1342 10.847000
1343 10.859000
1344 10.865000
1345 10.869000
1346 10.883000
1347 10.889000
1348 10.893000
1349 10.907000
1350 10.911000
1351 10.923000
1352 10.929000
1353 10.933000
1354 10.947000
1355 10.951000
1356 10.963000
1357 10.969000
1358 10.973000
1359 10.983000
1360 10.991000
1361 11.003000
1362 11.009000
1363 11.013000
1364 11.027000
1365 11.031000
1366 11.043000
1367 11.049000
1368 11.053000
1369 11.067000
1370 11.071000
1371 11.083000
1372 11.089000
1373 11.093000
1374 11.107000
1375 11.111000
1376 11.123000
1377 11.129000
1378 11.133000
1379 11.147000
1380 11.151000
1381 11.163000
1382 11.169000
1383 11.173000
1384 11.183000
1385 11.191000
1386 11.203000
1387 11.209000
1388 11.213000
1389 11.227000
1390 11.231000
1391 11.243000
1392 11.249000
1393 11.253000
1394 11.267000
1395 11.271000
1396 11.285000
1397 11.291000
1398 11.295000
1399 11.307000
1400 11.313000
1401 11.317000
1402 11.331000
1403 11.335000
1404 11.347000
1405 11.353000
1406 11.357000
1407 11.371000
1408 11.375000
1409 11.383000
1410 11.391000
1411 11.401000
1412 11.411000
1413 11.415000
1414 11.427000
1415 11.433000
1416 11.437000
1417 11.451000
1418 11.455000
1419 11.467000
1420 11.473000
1421 11.477000
1422 11.491000
1423 11.495000
1424 11.507000
1425 11.513000
1426 11.517000
1427 11.531000
1428 11.535000
1429 11.547000
1430 11.553000
1431 11.557000
1432 11.571000
1433 11.575000
1434 11.583000
1435 11.591000
1436 11.601000
1437 11.611000
1438 11.615000
1439 11.627000
1440 11.633000
1441 11.637000
1442 11.651000
1443 11.655000
1444 11.667000
1445 11.673000
1446 11.677000
1447 11.691000
1448 11.697000
1449 11.701000
1450 11.715000
1451 11.719000
1452 11.731000
1453 11.737000
1454 11.741000
1455 11.755000
1456 11.759000
1457 11.771000
1458 11.777000
1459 11.781000
1460 11.791000
1461 11.799000
1462 11.811000
1463 11.817000
1464 11.821000
1465 11.835000
1466 11.839000
1467 11.851000
1468 11.857000
1469 11.861000
1470 11.875000
1471 11.879000
1472 11.891000
1473 11.897000
1474 11.901000
1475 11.915000
1476 11.919000
1477 11.931000
1478 11.937000
1479 11.941000
1480 11.955000
1481 11.959000
1482 11.971000
1483 11.977000
1484 11.981000
1485 11.991000
1486 11.999000
1487 12.011000
