0 0.107000
1 0.115000
2 0.123000
3 0.131000
4 0.139000
5 0.147000
6 0.155000
7 0.163000
8 0.171000
9 0.179000
10 0.187000
11 0.195000
12 0.203000
13 0.211000
14 0.219000
15 0.227000
16 0.235000
17 0.243000
18 0.251000
19 0.259000
20 0.267000
21 0.275000
22 0.283000
23 0.291000
24 0.299000
25 0.307000
26 0.315000
27 0.323000
28 0.331000
29 0.339000
30 0.347000
31 0.355000
32 0.363000
33 0.373000
34 0.381000
35 0.389000
36 0.397000
37 0.405000
38 0.413000
39 0.421000
40 0.429000
41 0.437000
42 0.445000
43 0.453000
44 0.461000
45 0.469000
46 0.477000
47 0.485000
48 0.493000
49 0.501000
50 0.509000
51 0.517000
52 0.525000
53 0.533000
54 0.541000
55 0.549000
56 0.557000
57 0.565000
58 0.573000
59 0.581000
60 0.589000
61 0.597000
62 0.605000
63 0.613000
64 0.621000
65 0.629000
66 0.637000
67 0.645000
68 0.653000
69 0.661000
70 0.669000
71 0.677000
72 0.685000
73 0.693000
74 0.701000
75 0.709000
76 0.717000
77 0.725000
78 0.733000
79 0.741000
80 0.749000
81 0.757000
82 0.765000
83 0.775000
84 0.783000
85 0.789000
86 0.797000
87 0.805000
88 0.813000
89 0.821000
90 0.829000
91 0.837000
92 0.845000
93 0.853000
94 0.861000
95 0.869000
96 0.877000
97 0.885000
98 0.893000
99 0.901000
100 0.909000
101 0.917000
102 0.925000
103 0.933000
104 0.941000
105 0.949000
106 0.957000
107 0.965000
108 0.973000
109 0.981000
110 0.989000
111 0.997000
112 1.005000
113 1.013000
114 1.021000
115 1.029000
116 1.037000
117 1.045000
118 1.053000
119 1.061000
120 1.069000
121 1.077000
122 1.085000
123 1.093000
124 1.101000
125 1.109000
126 1.117000
127 1.125000
128 1.133000
129 1.141000
130 1.149000
131 1.157000
132 1.165000
133 1.175000
134 1.183000
135 1.189000
136 1.197000
137 1.205000
138 1.213000
139 1.221000
140 1.229000
141 1.237000
142 1.245000
143 1.253000
144 1.261000
145 1.269000
146 1.277000
147 1.285000
148 1.293000
149 1.301000
150 1.309000
151 1.317000
152 1.325000
153 1.333000
154 1.341000
155 1.349000
156 1.357000
157 1.365000
158 1.373000
159 1.381000
160 1.389000
161 1.397000
162 1.405000
163 1.413000
164 1.421000
165 1.429000
166 1.437000
167 1.445000
168 1.453000
169 1.461000
170 1.469000
171 1.477000
172 1.485000
173 1.493000
174 1.501000
175 1.509000
176 1.517000
177 1.525000
178 1.533000
179 1.541000
180 1.549000
181 1.557000
182 1.565000
183 1.573000
184 1.583000
185 1.591000
186 1.597000
187 1.605000
188 1.613000
189 1.621000
190 1.629000
191 1.637000
192 1.645000
193 1.653000
194 1.661000
195 1.669000
196 1.677000
197 1.685000
198 1.693000
199 1.701000
200 1.709000
201 1.717000
202 1.725000
203 1.733000
204 1.741000
205 1.749000
206 1.757000
207 1.765000
208 1.773000
209 1.781000
210 1.789000
211 1.797000
212 1.805000
213 1.813000
214 1.821000
215 1.829000
216 1.837000
217 1.845000
218 1.853000
219 1.861000
220 1.869000
221 1.877000
222 1.885000
223 1.893000
224 1.901000
225 1.909000
226 1.917000
227 1.925000
228 1.933000
229 1.941000
230 1.949000
231 1.957000
232 1.965000
233 1.973000
234 1.983000
235 1.991000
236 1.997000
237 2.005000
238 2.015000
239 2.025000
240 2.035000
241 2.039000
242 2.051000
243 2.057000
244 2.061000
245 2.075000
246 2.079000
247 2.087000
248 2.095000
249 2.103000
250 2.111000
251 2.119000
252 2.127000
253 2.135000
254 2.143000
255 2.151000
256 2.159000
257 2.167000
258 2.175000
259 2.183000
260 2.191000
261 2.199000
262 2.207000
263 2.215000
264 2.223000
265 2.231000
266 2.239000
267 2.247000
268 2.255000
269 2.263000
270 2.271000
271 2.279000
272 2.287000
273 2.295000
274 2.303000
275 2.311000
276 2.319000
277 2.327000
278 2.335000
279 2.343000
280 2.351000
281 2.359000
282 2.367000
283 2.375000
284 2.385000
285 2.393000
286 2.399000
287 2.407000
288 2.415000
289 2.423000
290 2.435000
291 2.441000
292 2.445000
293 2.459000
294 2.463000
295 2.475000
296 2.481000
297 2.485000
298 2.495000
299 2.503000
300 2.515000
301 2.521000
302 2.525000
303 2.539000
304 2.543000
305 2.555000
306 2.561000
307 2.565000
308 2.579000
309 2.583000
310 2.595000
311 2.601000
312 2.605000
313 2.619000
314 2.623000
315 2.635000
316 2.641000
317 2.645000
318 2.659000
319 2.663000
320 2.675000
321 2.681000
322 2.685000
323 2.695000
324 2.703000
325 2.715000
326 2.721000
327 2.725000
328 2.739000
329 2.743000
330 2.755000
331 2.761000
332 2.765000
333 2.779000
334 2.783000
335 2.797000
336 2.803000
337 2.807000
338 2.819000
339 2.825000
340 2.829000
341 2.843000
342 2.847000
343 2.859000
344 2.865000
345 2.869000
346 2.883000
347 2.887000
348 2.895000
349 2.903000
350 2.913000
351 2.923000
352 2.927000
353 2.939000
354 2.945000
355 2.949000
356 2.963000
357 2.967000
358 2.979000
359 2.985000
360 2.989000
361 3.003000
362 3.007000
363 3.019000
364 3.025000
365 3.029000
366 3.043000
367 3.047000
368 3.059000
369 3.065000
370 3.069000
371 3.083000
372 3.087000
373 3.095000
374 3.103000
375 3.113000
376 3.123000
377 3.127000
378 3.139000
379 3.145000
380 3.149000
381 3.163000
382 3.167000
383 3.179000
384 3.185000
385 3.189000
386 3.203000
387 3.209000
388 3.213000
389 3.227000
390 3.231000
391 3.243000
392 3.249000
393 3.253000
394 3.267000
395 3.271000
396 3.283000
397 3.289000
398 3.293000
399 3.303000
400 3.311000
401 3.323000
402 3.329000
403 3.333000
404 3.347000
405 3.351000
406 3.363000
407 3.369000
408 3.373000
409 3.387000
410 3.391000
411 3.403000
412 3.409000
413 3.413000
414 3.427000
415 3.431000
416 3.443000
417 3.449000
418 3.453000
419 3.467000
420 3.471000
421 3.483000
422 3.489000
423 3.493000
424 3.503000
425 3.511000
426 3.523000
427 3.529000
428 3.533000
429 3.547000
430 3.551000
431 3.563000
432 3.569000
433 3.573000
434 3.587000
435 3.591000
436 3.605000
437 3.611000
438 3.615000
439 3.627000
440 3.633000
441 3.637000
442 3.651000
443 3.655000
444 3.667000
445 3.673000
446 3.677000
447 3.691000
448 3.695000
449 3.703000
450 3.711000
451 3.721000
452 3.731000
453 3.735000
454 3.747000
455 3.753000
456 3.757000
457 3.771000
458 3.775000
459 3.787000
460 3.793000
461 3.797000
462 3.811000
463 3.815000
464 3.827000
465 3.833000
466 3.837000
467 3.851000
468 3.855000
469 3.867000
470 3.873000
471 3.877000
472 3.891000
473 3.895000
474 3.903000
475 3.911000
476 3.921000
477 3.931000
478 3.935000
479 3.947000
480 3.953000
481 3.957000
482 3.971000
483 3.975000
484 3.987000
485 3.993000
486 3.997000
487 4.011000
488 4.017000
489 4.021000
490 4.035000
491 4.039000
492 4.051000
493 4.057000
494 4.061000
495 4.075000
496 4.079000
497 4.091000
498 4.097000
499 4.101000
500 4.111000
501 4.119000
502 4.131000
503 4.137000
504 4.141000
505 4.155000
506 4.159000
507 4.171000
508 4.177000
509 4.181000
510 4.195000
511 4.199000
512 4.211000
513 4.217000
514 4.221000
515 4.235000
516 4.239000
517 4.251000
518 4.257000
519 4.261000
520 4.275000
521 4.279000
522 4.291000
523 4.297000
524 4.301000
525 4.311000
526 4.319000
527 4.331000
528 4.337000
529 4.341000
530 4.355000
531 4.359000
532 4.371000
533 4.377000
534 4.381000
535 4.395000
536 4.399000
537 4.413000
538 4.419000
539 4.423000
540 4.435000
541 4.441000
542 4.445000
543 4.459000
544 4.463000
545 4.475000
546 4.481000
547 4.485000
548 4.499000
549 4.503000
550 4.511000
551 4.519000
552 4.529000
553 4.539000
554 4.543000
555 4.555000
556 4.561000
557 4.565000
558 4.579000
559 4.583000
560 4.595000
561 4.601000
562 4.605000
563 4.619000
564 4.623000
565 4.635000
566 4.641000
567 4.645000
568 4.659000
569 4.663000
570 4.675000
571 4.681000
572 4.685000
573 4.699000
574 4.703000
575 4.711000
576 4.719000
577 4.729000
578 4.739000
579 4.743000
580 4.755000
581 4.761000
582 4.765000
583 4.779000
584 4.783000
585 4.795000
586 4.801000
587 4.805000
588 4.819000
589 4.825000
590 4.829000
591 4.843000
592 4.847000
593 4.859000
594 4.865000
595 4.869000
596 4.883000
597 4.887000
598 4.899000
599 4.905000
600 4.909000
601 4.919000
602 4.927000
603 4.939000
604 4.945000
605 4.949000
606 4.963000
607 4.967000
608 4.979000
609 4.985000
610 4.989000
611 5.003000
612 5.007000
613 5.019000
614 5.025000
615 5.029000
616 5.043000
617 5.047000
618 5.059000
619 5.065000
620 5.069000
621 5.083000
622 5.087000
623 5.099000
624 5.105000
625 5.109000
626 5.119000
627 5.127000
628 5.139000
629 5.145000
630 5.149000
631 5.163000
632 5.167000
633 5.179000
634 5.185000
635 5.189000
636 5.203000
637 5.207000
638 5.221000
639 5.227000
640 5.231000
641 5.243000
642 5.249000
643 5.253000
644 5.267000
645 5.271000
646 5.283000
647 5.289000
648 5.293000
649 5.307000
650 5.311000
651 5.319000
652 5.327000
653 5.337000
654 5.347000
655 5.351000
656 5.363000
657 5.369000
658 5.373000
659 5.387000
660 5.391000
661 5.403000
662 5.409000
663 5.413000
664 5.427000
665 5.431000
666 5.443000
667 5.449000
668 5.453000
669 5.467000
670 5.471000
671 5.483000
672 5.489000
673 5.493000
674 5.507000
675 5.511000
676 5.519000
677 5.527000
678 5.537000
679 5.547000
680 5.551000
681 5.563000
682 5.569000
683 5.573000
684 5.587000
685 5.591000
686 5.603000
687 5.609000
688 5.613000
689 5.627000
690 5.633000
691 5.637000
692 5.651000
693 5.655000
694 5.667000
695 5.673000
696 5.677000
697 5.691000
698 5.695000
699 5.707000
700 5.713000
701 5.717000
702 5.727000
703 5.735000
704 5.747000
705 5.753000
706 5.757000
707 5.771000
708 5.775000
709 5.787000
710 5.793000
711 5.797000
712 5.811000
713 5.815000
714 5.827000
715 5.833000
716 5.837000
717 5.851000
718 5.855000
719 5.867000
720 5.873000
721 5.877000
722 5.891000
723 5.895000
724 5.907000
725 5.913000
726 5.917000
727 5.927000
728 5.935000
729 5.947000
730 5.953000
731 5.957000
732 5.971000
733 5.975000
734 5.987000
735 5.993000
736 5.997000
737 6.011000
738 6.015000
739 6.029000
740 6.035000
741 6.039000
742 6.051000
743 6.057000
744 6.061000
745 6.075000
746 6.079000
747 6.091000
748 6.097000
749 6.101000
750 6.115000
751 6.119000
752 6.127000
753 6.135000
754 6.145000
755 6.155000
756 6.159000
757 6.171000
758 6.177000
759 6.181000
760 6.195000
761 6.199000
762 6.211000
763 6.217000
764 6.221000
765 6.235000
766 6.239000
767 6.251000
768 6.257000
769 6.261000
770 6.275000
771 6.279000
772 6.291000
773 6.297000
774 6.301000
775 6.315000
776 6.319000
777 6.327000
778 6.335000
779 6.345000
780 6.355000
781 6.359000
782 6.371000
783 6.377000
784 6.381000
785 6.395000
786 6.399000
787 6.411000
788 6.417000
789 6.421000
790 6.435000
791 6.441000
792 6.445000
793 6.459000
794 6.463000
795 6.475000
796 6.481000
797 6.485000
798 6.499000
799 6.503000
800 6.515000
801 6.521000
802 6.525000
803 6.535000
804 6.543000
805 6.555000
806 6.561000
807 6.565000
808 6.579000
809 6.583000
810 6.595000
811 6.601000
812 6.605000
813 6.619000
814 6.623000
815 6.635000
816 6.641000
817 6.645000
818 6.659000
819 6.663000
820 6.675000
821 6.681000
822 6.685000
823 6.699000
824 6.703000
825 6.715000
826 6.721000
827 6.725000
828 6.735000
829 6.743000
830 6.755000
831 6.761000
832 6.765000
833 6.779000
834 6.783000
835 6.795000
836 6.801000
837 6.805000
838 6.819000
839 6.823000
840 6.837000
841 6.843000
842 6.847000
843 6.859000
844 6.865000
845 6.869000
846 6.883000
847 6.887000
848 6.899000
849 6.905000
850 6.909000
851 6.923000
852 6.927000
853 6.935000
854 6.943000
855 6.953000
856 6.963000
857 6.967000
858 6.979000
859 6.985000
860 6.989000
861 7.003000
862 7.007000
863 7.019000
864 7.025000
865 7.029000
866 7.043000
867 7.047000
868 7.059000
869 7.065000
870 7.069000
871 7.083000
872 7.087000
873 7.099000
874 7.105000
875 7.109000
876 7.123000
877 7.127000
878 7.135000
879 7.143000
880 7.153000
881 7.163000
882 7.167000
883 7.179000
884 7.185000
885 7.189000
886 7.203000
887 7.207000
888 7.219000
889 7.225000
890 7.229000
891 7.243000
892 7.249000
893 7.253000
894 7.267000
895 7.271000
896 7.283000
897 7.289000
898 7.293000
899 7.307000
900 7.311000
901 7.323000
902 7.329000
903 7.333000
904 7.343000
905 7.351000
906 7.363000
907 7.369000
908 7.373000
909 7.387000
910 7.391000
911 7.403000
912 7.409000
913 7.413000
914 7.427000
915 7.431000
916 7.443000
917 7.449000
918 7.453000
919 7.467000
920 7.471000
921 7.483000
922 7.489000
923 7.493000
924 7.507000
925 7.511000
926 7.523000
927 7.529000
928 7.533000
929 7.543000
930 7.551000
931 7.563000
932 7.569000
933 7.573000
934 7.587000
935 7.591000
936 7.603000
937 7.609000
938 7.613000
939 7.627000
940 7.631000
941 7.645000
942 7.651000
943 7.655000
944 7.667000
945 7.673000
946 7.677000
947 7.691000
948 7.695000
949 7.707000
950 7.713000
951 7.717000
952 7.731000
953 7.735000
954 7.743000
955 7.751000
956 7.761000
957 7.771000
958 7.775000
959 7.787000
960 7.793000
961 7.797000
962 7.811000
963 7.815000
964 7.827000
965 7.833000
966 7.837000
967 7.851000
968 7.855000
969 7.867000
970 7.873000
971 7.877000
972 7.891000
973 7.895000
974 7.907000
975 7.913000
976 7.917000
977 7.931000
978 7.935000
979 7.943000
980 7.951000
981 7.961000
982 7.971000
983 7.975000
984 7.987000
985 7.993000
986 7.997000
987 8.011000
988 8.015000
989 8.027000
990 8.033000
991 8.037000
992 8.051000
993 8.057000
994 8.061000
995 8.075000
996 8.079000
997 8.091000
998 8.097000
999 8.101000
1000 8.115000
1001 8.119000
1002 8.131000
1003 8.137000
1004 8.141000
1005 8.151000
1006 8.159000
1007 8.171000
1008 8.177000
1009 8.181000
1010 8.195000
1011 8.199000
1012 8.211000
1013 8.217000
1014 8.221000
1015 8.235000
1016 8.239000
1017 8.251000
1018 8.257000
1019 8.261000
1020 8.275000
1021 8.279000
1022 8.291000
1023 8.297000
1024 8.301000
1025 8.315000
1026 8.319000
1027 8.331000
1028 8.337000
1029 8.341000
1030 8.351000
1031 8.359000
1032 8.371000
1033 8.377000
1034 8.381000
1035 8.395000
1036 8.399000
1037 8.411000
1038 8.417000
1039 8.421000
1040 8.435000
1041 8.439000
1042 8.453000
1043 8.459000
1044 8.463000
1045 8.475000
1046 8.481000
1047 8.485000
1048 8.499000
1049 8.503000
1050 8.515000
1051 8.521000
1052 8.525000
1053 8.539000
1054 8.543000
1055 8.551000
1056 8.559000
1057 8.569000
1058 8.579000
1059 8.583000
1060 8.595000
1061 8.601000
1062 8.605000
1063 8.619000
1064 8.623000
1065 8.635000
1066 8.641000
1067 8.645000
1068 8.659000
1069 8.663000
1070 8.675000
1071 8.681000
1072 8.685000
1073 8.699000
1074 8.703000
1075 8.715000
1076 8.721000
1077 8.725000
1078 8.739000
1079 8.743000
1080 8.751000
1081 8.759000
1082 8.769000
1083 8.779000
1084 8.783000
1085 8.795000
1086 8.801000
1087 8.805000
1088 8.819000
1089 8.823000
1090 8.835000
1091 8.841000
1092 8.845000
1093 8.859000
1094 8.865000
1095 8.869000
1096 8.883000
1097 8.887000
1098 8.899000
1099 8.905000
1100 8.909000
1101 8.923000
1102 8.927000
1103 8.939000
1104 8.945000
1105 8.949000
1106 8.959000
1107 8.967000
1108 8.979000
1109 8.985000
1110 8.989000
1111 9.003000
1112 9.007000
1113 9.019000
1114 9.025000
1115 9.029000
1116 9.043000
1117 9.047000
1118 9.059000
1119 9.065000
1120 9.069000
1121 9.083000
1122 9.087000
1123 9.099000
1124 9.105000
1125 9.109000
1126 9.123000
1127 9.127000
1128 9.139000
1129 9.145000
1130 9.149000
1131 9.159000
1132 9.167000
1133 9.179000
1134 9.185000
1135 9.189000
1136 9.203000
1137 9.207000
1138 9.219000
1139 9.225000
1140 9.229000
1141 9.243000
1142 9.247000
1143 9.261000
1144 9.267000
1145 9.271000
1146 9.283000
1147 9.289000
1148 9.293000
1149 9.307000
1150 9.311000
1151 9.323000
1152 9.329000
1153 9.333000
1154 9.347000
1155 9.351000
1156 9.359000
1157 9.367000
1158 9.377000
1159 9.387000
1160 9.391000
1161 9.403000
1162 9.409000
1163 9.413000
1164 9.427000
1165 9.431000
1166 9.443000
1167 9.449000
1168 9.453000
1169 9.467000
1170 9.471000
1171 9.483000
1172 9.489000
1173 9.493000
1174 9.505000
1175 9.511000
1176 9.515000
1177 9.529000
1178 9.533000
1179 9.545000
1180 9.551000
1181 9.555000
1182 9.565000
1183 9.573000
1184 9.585000
1185 9.591000
1186 9.595000
1187 9.609000
1188 9.613000
1189 9.625000
1190 9.631000
1191 9.635000
1192 9.649000
1193 9.653000
1194 9.667000
1195 9.673000
1196 9.677000
1197 9.689000
1198 9.695000
1199 9.699000
1200 9.713000
1201 9.717000
1202 9.729000
1203 9.735000
1204 9.739000
1205 9.753000
1206 9.757000
1207 9.765000
1208 9.773000
1209 9.783000
1210 9.793000
1211 9.797000
1212 9.809000
1213 9.815000
1214 9.819000
1215 9.833000
1216 9.837000
1217 9.849000
1218 9.855000
1219 9.859000
1220 9.873000
1221 9.877000
1222 9.889000
1223 9.895000
1224 9.899000
1225 9.913000
1226 9.917000
1227 9.929000
1228 9.935000
1229 9.939000
1230 9.953000
1231 9.957000
1232 9.965000
1233 9.973000
1234 9.983000
1235 9.993000
1236 9.997000
1237 10.009000
1238 10.015000
1239 10.019000
1240 10.033000
1241 10.037000
1242 10.049000
1243 10.055000
1244 10.059000
1245 10.073000
1246 10.079000
1247 10.083000
1248 10.097000
1249 10.101000
1250 10.113000
1251 10.119000
1252 10.123000
1253 10.137000
1254 10.141000
1255 10.153000
1256 10.159000
1257 10.163000
1258 10.173000
1259 10.181000
1260 10.193000
1261 10.199000
1262 10.203000
1263 10.217000
1264 10.221000
1265 10.233000
1266 10.239000
1267 10.243000
1268 10.257000
1269 10.261000
1270 10.273000
1271 10.279000
1272 10.283000
1273 10.297000
1274 10.301000
1275 10.313000
1276 10.319000
1277 10.323000
1278 10.337000
1279 10.341000
1280 10.353000
1281 10.359000
1282 10.363000
1283 10.373000
1284 10.381000
1285 10.393000
1286 10.399000
1287 10.403000
1288 10.417000
1289 10.421000
1290 10.433000
1291 10.439000
1292 10.443000
1293 10.457000
1294 10.461000
1295 10.475000
1296 10.481000
1297 10.485000
1298 10.497000
1299 10.503000
1300 10.507000
1301 10.521000
1302 10.525000
1303 10.537000
1304 10.543000
1305 10.547000
1306 10.561000
1307 10.565000
1308 10.573000
1309 10.581000
1310 10.591000
1311 10.601000
1312 10.605000
1313 10.617000
1314 10.623000
1315 10.627000
1316 10.641000
1317 10.645000
1318 10.657000
1319 10.663000
1320 10.667000
1321 10.681000
1322 10.685000
1323 10.697000
1324 10.703000
1325 10.707000
1326 10.721000
1327 10.725000
1328 10.737000
1329 10.743000
1330 10.747000
1331 10.761000
1332 10.765000
1333 10.773000
1334 10.781000
1335 10.791000
1336 10.801000
1337 10.805000
1338 10.817000
1339 10.823000
1340 10.827000
1341 10.841000
1342 10.845000
1343 10.857000
1344 10.863000
1345 10.867000
1346 10.881000
1347 10.887000
1348 10.891000
1349 10.905000
1350 10.909000
1351 10.921000
1352 10.927000
1353 10.931000
1354 10.945000
1355 10.949000
1356 10.961000
1357 10.967000
1358 10.971000
1359 10.981000
1360 10.989000
1361 11.001000
1362 11.007000
1363 11.011000
1364 11.025000
1365 11.029000
1366 11.041000
1367 11.047000
1368 11.051000
1369 11.065000
1370 11.069000
1371 11.081000
1372 11.087000
1373 11.091000
1374 11.105000
1375 11.109000
1376 11.121000
1377 11.127000
1378 11.131000
1379 11.145000
1380 11.149000
1381 11.161000
1382 11.167000
1383 11.171000
1384 11.181000
1385 11.189000
1386 11.201000
1387 11.207000
1388 11.211000
1389 11.225000
1390 11.229000
1391 11.241000
1392 11.247000
1393 11.251000
1394 11.265000
1395 11.269000
1396 11.283000
1397 11.289000
1398 11.293000
1399 11.305000
1400 11.311000
1401 11.315000
1402 11.329000
1403 11.333000
1404 11.345000
1405 11.351000
1406 11.355000
1407 11.369000
1408 11.373000
1409 11.381000
1410 11.389000
1411 11.399000
1412 11.409000
1413 11.413000
1414 11.425000
1415 11.431000
1416 11.435000
1417 11.449000
1418 11.453000
1419 11.465000
1420 11.471000
1421 11.475000
1422 11.489000
1423 11.493000
1424 11.505000
1425 11.511000
1426 11.515000
1427 11.529000
1428 11.533000
1429 11.545000
1430 11.551000
1431 11.555000
1432 11.569000
1433 11.573000
1434 11.581000
1435 11.589000
1436 11.599000
1437 11.609000
1438 11.613000
1439 11.625000
1440 11.631000
1441 11.635000
1442 11.649000
1443 11.653000
1444 11.665000
1445 11.671000
1446 11.675000
1447 11.689000
1448 11.695000
1449 11.699000
1450 11.713000
1451 11.717000
1452 11.729000
1453 11.735000
1454 11.739000
1455 11.753000
1456 11.757000
1457 11.769000
1458 11.775000
1459 11.779000
1460 11.789000
1461 11.797000
1462 11.809000
1463 11.815000
1464 11.819000
1465 11.833000
1466 11.837000
1467 11.849000
1468 11.855000
1469 11.859000
1470 11.873000
1471 11.877000
1472 11.889000
1473 11.895000
1474 11.899000
1475 11.913000
1476 11.917000
1477 11.929000
1478 11.935000
1479 11.939000
1480 11.953000
1481 11.957000
1482 11.969000
1483 11.975000
1484 11.979000
1485 11.989000
1486 11.997000
1487 12.009000
