0 0.103027
1 0.115907
2 0.117987
3 0.130787
4 0.132867
5 0.134947
6 0.137027
7 0.146787
8 0.150867
9 0.155027
10 0.159107
11 0.161187
12 0.165267
13 0.169427
14 0.173507
15 0.179667
16 0.183827
17 0.187907
18 0.192067
19 0.196147
20 0.200307
21 0.202387
22 0.206547
23 0.210627
24 0.212707
25 0.216867
26 0.218947
27 0.223027
28 0.225107
29 0.229267
30 0.231347
31 0.239507
32 0.241587
33 0.245747
34 0.247827
35 0.251987
36 0.254067
37 0.260227
38 0.262307
39 0.268467
40 0.274627
41 0.280787
42 0.284947
43 0.289107
44 0.293187
45 0.299347
46 0.303507
47 0.307667
48 0.311747
49 0.317907
50 0.322067
51 0.330307
52 0.336387
53 0.342547
54 0.346707
55 0.350867
56 0.352947
57 0.361187
58 0.363267
59 0.369427
60 0.377667
61 0.383827
62 0.387987
63 0.392147
64 0.396307
65 0.404547
66 0.408627
67 0.412787
68 0.416947
69 0.423107
70 0.427187
71 0.435427
72 0.441587
73 0.447747
74 0.451827
75 0.455987
76 0.460147
77 0.464307
78 0.468467
79 0.472627
80 0.478787
81 0.485027
82 0.489107
83 0.493267
84 0.497427
85 0.505667
86 0.509827
87 0.513907
88 0.518067
89 0.524227
90 0.528387
91 0.534547
92 0.542787
93 0.548867
94 0.553027
95 0.557107
96 0.561267
97 0.565427
98 0.569587
99 0.573747
100 0.577907
101 0.584147
102 0.588307
103 0.590387
104 0.594547
105 0.600787
106 0.606947
107 0.611107
108 0.615187
109 0.621427
110 0.625507
111 0.631667
112 0.639907
113 0.646067
114 0.650147
115 0.654307
116 0.658387
117 0.662547
118 0.666707
119 0.670867
120 0.675027
121 0.681267
122 0.685427
123 0.687507
124 0.691667
125 0.697907
126 0.704067
127 0.708227
128 0.712387
129 0.718547
130 0.722707
131 0.728867
132 0.737027
133 0.743267
134 0.747347
135 0.751427
136 0.755587
137 0.759667
138 0.763827
139 0.767987
140 0.772147
141 0.778387
142 0.782547
143 0.784627
144 0.788787
145 0.795027
146 0.799187
147 0.805347
148 0.809507
149 0.815667
150 0.819827
151 0.825987
152 0.834227
153 0.840387
154 0.844547
155 0.848627
156 0.852707
157 0.856867
158 0.860947
159 0.865107
160 0.869267
161 0.875507
162 0.879667
163 0.881747
164 0.885907
165 0.892147
166 0.896307
167 0.902467
168 0.906627
169 0.912867
170 0.916947
171 0.923187
172 0.931347
173 0.937507
174 0.941667
175 0.945827
176 0.949907
177 0.953987
178 0.958147
179 0.962227
180 0.966387
181 0.972627
182 0.976787
183 0.978867
184 0.983027
185 0.989267
186 0.993427
187 0.997587
188 1.003747
189 1.009987
190 1.014147
191 1.020307
192 1.028547
193 1.034707
194 1.038787
195 1.042947
196 1.047107
197 1.051187
198 1.055267
199 1.059427
200 1.063507
201 1.069747
202 1.073907
203 1.075987
204 1.080147
205 1.086387
206 1.090547
207 1.094707
208 1.100867
209 1.107107
210 1.111267
211 1.117427
212 1.125667
213 1.131827
214 1.135987
215 1.140067
216 1.144227
217 1.148387
218 1.152467
219 1.156547
220 1.160707
221 1.166867
222 1.171027
223 1.173107
224 1.177267
225 1.183507
226 1.187667
227 1.191827
228 1.195987
229 1.204227
230 1.208387
231 1.212547
232 1.220787
233 1.229027
234 1.233107
235 1.237267
236 1.241347
237 1.245507
238 1.249667
239 1.253747
240 1.257827
241 1.263987
242 1.268147
243 1.272307
244 1.274387
245 1.280627
246 1.284787
247 1.288947
248 1.293107
249 1.301347
250 1.305507
251 1.309667
252 1.317907
253 1.326147
254 1.330307
255 1.334387
256 1.338547
257 1.342627
258 1.346787
259 1.350947
260 1.355027
261 1.361187
262 1.365267
263 1.369427
264 1.373587
265 1.377747
266 1.381907
267 1.386067
268 1.390227
269 1.398467
270 1.402627
271 1.406787
272 1.415027
273 1.423267
274 1.427427
275 1.431587
276 1.435667
277 1.439827
278 1.443907
279 1.448067
280 1.452227
281 1.458307
282 1.462467
283 1.466547
284 1.470707
285 1.474867
286 1.479027
287 1.483187
288 1.487347
289 1.495587
290 1.499747
291 1.503907
292 1.512147
293 1.520387
294 1.524547
295 1.528707
296 1.532867
297 1.536947
298 1.541107
299 1.545187
300 1.549347
301 1.555507
302 1.559587
303 1.563747
304 1.567827
305 1.571987
306 1.576147
307 1.580307
308 1.584467
309 1.590707
310 1.596867
311 1.601027
312 1.607267
313 1.615507
314 1.621667
315 1.625827
316 1.629987
317 1.634147
318 1.638227
319 1.642387
320 1.646467
321 1.652707
322 1.656787
323 1.660867
324 1.665027
325 1.669107
326 1.673267
327 1.677427
328 1.681587
329 1.687827
330 1.693987
331 1.698147
332 1.704387
333 1.712627
334 1.718787
335 1.722947
336 1.727107
337 1.731267
338 1.735427
339 1.739507
340 1.743667
341 1.749827
342 1.753987
343 1.758067
344 1.762147
345 1.766307
346 1.770387
347 1.774547
348 1.778707
349 1.784947
350 1.789107
351 1.795267
352 1.801507
353 1.809747
354 1.813907
355 1.820067
356 1.824227
357 1.828387
358 1.832547
359 1.836707
360 1.840787
361 1.846947
362 1.851107
363 1.855267
364 1.859347
365 1.863427
366 1.867587
367 1.871667
368 1.875827
369 1.882067
370 1.886227
371 1.892387
372 1.898627
373 1.906867
374 1.911027
375 1.917187
376 1.921347
377 1.925507
378 1.929667
379 1.933827
380 1.937987
381 1.944147
382 1.948227
383 1.952387
384 1.956547
385 1.960627
386 1.964707
387 1.968867
388 1.972947
389 1.979187
390 1.983347
391 1.987507
392 1.995747
393 2.003987
394 2.008147
395 2.012307
396 2.018467
397 2.022627
398 2.026787
399 2.030947
400 2.035107
401 2.041267
402 2.045427
403 2.049507
404 2.053667
405 2.057827
406 2.061907
407 2.065987
408 2.070147
409 2.076307
410 2.080467
411 2.084627
412 2.092867
413 2.101107
414 2.105267
415 2.109427
416 2.115587
417 2.119747
418 2.123907
419 2.128067
420 2.132227
421 2.138467
422 2.142547
423 2.146707
424 2.150787
425 2.154947
426 2.159107
427 2.163187
428 2.167267
429 2.173427
430 2.177587
431 2.181747
432 2.189987
433 2.198227
434 2.202387
435 2.206547
436 2.212787
437 2.216867
438 2.221027
439 2.225187
440 2.229347
441 2.235587
442 2.239747
443 2.243827
444 2.247987
445 2.252067
446 2.256227
447 2.260387
448 2.264467
449 2.270627
450 2.274707
451 2.278867
452 2.285107
453 2.293347
454 2.299507
455 2.303667
456 2.309907
457 2.314067
458 2.318147
459 2.322307
460 2.326467
461 2.332707
462 2.336867
463 2.341027
464 2.345107
465 2.349267
466 2.353347
467 2.357507
468 2.361667
469 2.367747
470 2.371907
471 2.375987
472 2.382227
473 2.390467
474 2.396627
475 2.400787
476 2.407027
477 2.411187
478 2.415347
479 2.419427
480 2.423587
481 2.429827
482 2.433987
483 2.438147
484 2.442307
485 2.446387
486 2.450547
487 2.454627
488 2.458787
489 2.464947
490 2.469027
491 2.473187
492 2.479347
493 2.487587
494 2.491747
495 2.497907
496 2.504147
497 2.508307
498 2.512467
499 2.516627
500 2.520707
501 2.526947
502 2.531107
503 2.535267
504 2.539427
505 2.543587
506 2.547667
507 2.551827
508 2.555907
509 2.562147
510 2.566227
511 2.570307
512 2.576467
513 2.584707
514 2.588867
515 2.595027
516 2.601267
517 2.605427
518 2.609587
519 2.613747
520 2.617907
521 2.624067
522 2.628227
523 2.632387
524 2.636547
525 2.640707
526 2.644867
527 2.648947
528 2.653107
529 2.659267
530 2.663427
531 2.667507
532 2.673667
533 2.679827
534 2.685987
535 2.692227
536 2.698387
537 2.702547
538 2.706707
539 2.710867
540 2.715027
541 2.721187
542 2.725347
543 2.729507
544 2.733667
545 2.737827
546 2.741987
547 2.746147
548 2.750227
549 2.756387
550 2.760547
551 2.764707
552 2.770787
553 2.776947
554 2.783107
555 2.789347
556 2.795507
557 2.799667
558 2.803827
559 2.807987
560 2.812147
561 2.818387
562 2.822467
563 2.826627
564 2.830787
565 2.834947
566 2.839107
567 2.843267
568 2.847427
569 2.853587
570 2.857667
571 2.861827
572 2.867987
573 2.874147
574 2.880307
575 2.886467
576 2.890627
577 2.896787
578 2.900947
579 2.905107
580 2.909267
581 2.915507
582 2.919667
583 2.923747
584 2.927907
585 2.932067
586 2.936227
587 2.940387
588 2.944547
589 2.950707
590 2.954867
591 2.958947
592 2.965187
593 2.971267
594 2.977427
595 2.983587
596 2.987747
597 2.993907
598 2.998067
599 3.002227
600 3.006387
601 3.012627
602 3.016787
603 3.020947
604 3.025027
605 3.029187
606 3.033347
607 3.037507
608 3.041667
609 3.047907
610 3.051987
611 3.056147
612 3.062307
613 3.068467
614 3.074627
615 3.080787
616 3.084867
617 3.091107
618 3.095187
619 3.099347
620 3.103507
621 3.109747
622 3.113907
623 3.118067
624 3.122227
625 3.126307
626 3.130467
627 3.134627
628 3.138787
629 3.145027
630 3.149187
631 3.153267
632 3.159427
633 3.165667
634 3.171747
635 3.177907
636 3.182067
637 3.188227
638 3.192387
639 3.196467
640 3.200627
641 3.206867
642 3.211027
643 3.215187
644 3.219347
645 3.223507
646 3.227587
647 3.231747
648 3.235907
649 3.242147
650 3.246307
651 3.250467
652 3.256627
653 3.262787
654 3.268947
655 3.275107
656 3.279187
657 3.285347
658 3.289507
659 3.293667
660 3.297747
661 3.303987
662 3.308147
663 3.312307
664 3.316467
665 3.320627
666 3.324787
667 3.328867
668 3.333027
669 3.339267
670 3.343427
671 3.347587
672 3.353747
673 3.359907
674 3.366147
675 3.372227
676 3.376387
677 3.382547
678 3.386627
679 3.390787
680 3.394947
681 3.401107
682 3.405267
683 3.409427
684 3.413587
685 3.417747
686 3.421907
687 3.426067
688 3.430147
689 3.436387
690 3.440547
691 3.444707
692 3.448867
693 3.457107
694 3.463267
695 3.469427
696 3.473507
697 3.479667
698 3.483827
699 3.487907
700 3.492067
701 3.498227
702 3.502387
703 3.506547
704 3.510707
705 3.514867
706 3.519027
707 3.523187
708 3.527347
709 3.533507
710 3.537667
711 3.541827
712 3.545987
713 3.554227
714 3.560387
715 3.566627
716 3.570707
717 3.576867
718 3.580947
719 3.585107
720 3.589187
721 3.595427
722 3.599507
723 3.603667
724 3.607827
725 3.611987
726 3.616147
727 3.620307
728 3.624467
729 3.630627
730 3.634787
731 3.638947
732 3.643107
733 3.651347
734 3.657587
735 3.663747
736 3.667907
737 3.673987
738 3.678147
739 3.682227
740 3.686387
741 3.692547
742 3.696707
743 3.700787
744 3.704947
745 3.709107
746 3.713267
747 3.717427
748 3.721587
749 3.727827
750 3.731907
751 3.736067
752 3.740227
753 3.746467
754 3.754707
755 3.760867
756 3.765027
757 3.771187
758 3.775267
759 3.779427
760 3.783507
761 3.789667
762 3.793827
763 3.797987
764 3.802067
765 3.806227
766 3.810387
767 3.814547
768 3.818707
769 3.824947
770 3.829107
771 3.833187
772 3.837347
773 3.843587
774 3.851827
775 3.855987
776 3.862147
777 3.868387
778 3.872467
779 3.876547
780 3.880707
781 3.886867
782 3.890947
783 3.895107
784 3.899267
785 3.903347
786 3.907507
787 3.911667
788 3.915827
789 3.922067
790 3.926227
791 3.930387
792 3.934467
793 3.940707
794 3.948947
795 3.953107
796 3.959267
797 3.965507
798 3.969667
799 3.973747
800 3.977827
801 3.983987
802 3.988147
803 3.992227
804 3.996387
805 4.000547
806 4.004627
807 4.008787
808 4.012947
809 4.019187
810 4.023347
811 4.027507
812 4.031667
813 4.037827
814 4.046067
815 4.050227
816 4.054387
817 4.062627
818 4.066787
819 4.070947
820 4.075027
821 4.081187
822 4.085267
823 4.089427
824 4.093507
825 4.097667
826 4.101827
827 4.105907
828 4.110067
829 4.116307
830 4.120467
831 4.124627
832 4.128787
833 4.134947
834 4.143187
835 4.147347
836 4.151507
837 4.159747
838 4.163907
839 4.168067
840 4.172227
841 4.178307
842 4.182467
843 4.186547
844 4.190707
845 4.194787
846 4.198947
847 4.203107
848 4.207187
849 4.213427
850 4.217587
851 4.221747
852 4.225907
853 4.230067
854 4.238307
855 4.244467
856 4.248627
857 4.256867
858 4.261027
859 4.265187
860 4.269347
861 4.275507
862 4.279587
863 4.283747
864 4.287827
865 4.291987
866 4.296067
867 4.300227
868 4.304387
869 4.310547
870 4.314707
871 4.318867
872 4.323027
873 4.327187
874 4.335427
875 4.341587
876 4.345747
877 4.351987
878 4.358147
879 4.362307
880 4.366467
881 4.372707
882 4.376787
883 4.380867
884 4.385027
885 4.389107
886 4.393267
887 4.397347
888 4.401507
889 4.407667
890 4.411827
891 4.415987
892 4.420147
893 4.424307
894 4.432547
895 4.438787
896 4.442867
897 4.449107
898 4.455267
899 4.459427
900 4.463587
901 4.469827
902 4.473987
903 4.478067
904 4.482147
905 4.486307
906 4.490387
907 4.494547
908 4.498627
909 4.504867
910 4.508947
911 4.513107
912 4.517267
913 4.521427
914 4.527667
915 4.535907
916 4.540067
917 4.546227
918 4.550387
919 4.556547
920 4.560707
921 4.566947
922 4.571107
923 4.575267
924 4.579347
925 4.583427
926 4.587587
927 4.591667
928 4.595827
929 4.601987
930 4.606147
931 4.610227
932 4.614387
933 4.618547
934 4.624787
935 4.633027
936 4.637187
937 4.643347
938 4.647507
939 4.653667
940 4.657827
941 4.664067
942 4.668227
943 4.672387
944 4.676547
945 4.680627
946 4.684707
947 4.688867
948 4.692947
949 4.699107
950 4.703267
951 4.707427
952 4.711507
953 4.715667
954 4.721907
955 4.730147
956 4.734307
957 4.738467
958 4.744627
959 4.750867
960 4.754947
961 4.761187
962 4.765347
963 4.769507
964 4.773667
965 4.777827
966 4.781907
967 4.785987
968 4.790147
969 4.796307
970 4.800387
971 4.804547
972 4.808707
973 4.812787
974 4.819027
975 4.827267
976 4.831427
977 4.835587
978 4.841747
979 4.847987
980 4.852147
981 4.858307
982 4.862467
983 4.866627
984 4.870787
985 4.874947
986 4.879107
987 4.883187
988 4.887267
989 4.893427
990 4.897587
991 4.901667
992 4.905827
993 4.909987
994 4.916147
995 4.924387
996 4.928547
997 4.932707
998 4.936867
999 4.945107
1000 4.949267
1001 4.955427
1002 4.959587
1003 4.963747
1004 4.967907
1005 4.972067
1006 4.976227
1007 4.980387
1008 4.984467
1009 4.990627
1010 4.994707
1011 4.998867
1012 5.002947
1013 5.007107
1014 5.013267
1015 5.021507
1016 5.025667
1017 5.029827
1018 5.033987
1019 5.042227
1020 5.046387
1021 5.050547
1022 5.056707
1023 5.060867
1024 5.065027
1025 5.069187
1026 5.073347
1027 5.077507
1028 5.081667
1029 5.087747
1030 5.091907
1031 5.095987
1032 5.100147
1033 5.104227
1034 5.110467
1035 5.116627
1036 5.122787
1037 5.126947
1038 5.131107
1039 5.139347
1040 5.143507
1041 5.147667
1042 5.153827
1043 5.157987
1044 5.162147
1045 5.166307
1046 5.170467
1047 5.174627
1048 5.178787
1049 5.184947
1050 5.189027
1051 5.193187
1052 5.197267
1053 5.201427
1054 5.207587
1055 5.213747
1056 5.219907
1057 5.224067
1058 5.228227
1059 5.234467
1060 5.240627
1061 5.244787
1062 5.251027
1063 5.255107
1064 5.259267
1065 5.263427
1066 5.267587
1067 5.271747
1068 5.275907
1069 5.282147
1070 5.286227
1071 5.290307
1072 5.294467
1073 5.298547
1074 5.304707
1075 5.310947
1076 5.317107
1077 5.321187
1078 5.325347
1079 5.331587
1080 5.337747
1081 5.341907
1082 5.348147
1083 5.352307
1084 5.356387
1085 5.360547
1086 5.364707
1087 5.368867
1088 5.373027
1089 5.379267
1090 5.383427
1091 5.387507
1092 5.391587
1093 5.395747
1094 5.401907
1095 5.408067
1096 5.414227
1097 5.418387
1098 5.422467
1099 5.428707
1100 5.432867
1101 5.439027
1102 5.445267
1103 5.449427
1104 5.453587
1105 5.457667
1106 5.461827
1107 5.465987
1108 5.470147
1109 5.476387
1110 5.480547
1111 5.484707
1112 5.488787
1113 5.492867
1114 5.499027
1115 5.505187
1116 5.511427
1117 5.515507
1118 5.519667
1119 5.525827
1120 5.529987
1121 5.536147
1122 5.542387
1123 5.546547
1124 5.550707
1125 5.554867
1126 5.558947
1127 5.563107
1128 5.567267
1129 5.573507
1130 5.577667
1131 5.581827
1132 5.585987
1133 5.590067
1134 5.596227
1135 5.602387
1136 5.608547
1137 5.612707
1138 5.616787
1139 5.622947
1140 5.627107
1141 5.633347
1142 5.639507
1143 5.643667
1144 5.647827
1145 5.651987
1146 5.656147
1147 5.660227
1148 5.664387
1149 5.670627
1150 5.674787
1151 5.678947
1152 5.683107
1153 5.687267
1154 5.693347
1155 5.699507
1156 5.705667
1157 5.709827
1158 5.713987
1159 5.720147
1160 5.724227
1161 5.730467
1162 5.736627
1163 5.740787
1164 5.744947
1165 5.749107
1166 5.753267
1167 5.757427
1168 5.761507
1169 5.767747
1170 5.771907
1171 5.776067
1172 5.780227
1173 5.784387
1174 5.790547
1175 5.796707
1176 5.802867
1177 5.806947
1178 5.811107
1179 5.817267
1180 5.821427
1181 5.827587
1182 5.831747
1183 5.837907
1184 5.842067
1185 5.846227
1186 5.850387
1187 5.854547
1188 5.858707
1189 5.864867
1190 5.869027
1191 5.873187
1192 5.877347
1193 5.881507
1194 5.885667
1195 5.893827
1196 5.899987
1197 5.904147
1198 5.908227
1199 5.914467
1200 5.918547
1201 5.924707
1202 5.928867
1203 5.935027
1204 5.939187
1205 5.943347
1206 5.947507
1207 5.951667
1208 5.955827
1209 5.961987
1210 5.966147
1211 5.970307
1212 5.974467
1213 5.978627
1214 5.982787
1215 5.991027
1216 5.997187
1217 6.001267
1218 6.005427
1219 6.011587
1220 6.015747
1221 6.021907
1222 6.025987
1223 6.032227
1224 6.036307
1225 6.040467
1226 6.044627
1227 6.048787
1228 6.052947
1229 6.059187
1230 6.063267
1231 6.067427
1232 6.071587
1233 6.075747
1234 6.079907
1235 6.088147
1236 6.094307
1237 6.098467
1238 6.102547
1239 6.108707
1240 6.112867
1241 6.119027
1242 6.123187
1243 6.129347
1244 6.133507
1245 6.137587
1246 6.141747
1247 6.145907
1248 6.150067
1249 6.156307
1250 6.160467
1251 6.164547
1252 6.168707
1253 6.172867
1254 6.177027
1255 6.183267
1256 6.191507
1257 6.195587
1258 6.199747
1259 6.205907
1260 6.209987
1261 6.216227
1262 6.220307
1263 6.226467
1264 6.230627
1265 6.234787
1266 6.238867
1267 6.243027
1268 6.247187
1269 6.253427
1270 6.257587
1271 6.261747
1272 6.265827
1273 6.269987
1274 6.274147
1275 6.280387
1276 6.288627
1277 6.292787
1278 6.296867
1279 6.303027
1280 6.307187
1281 6.313347
1282 6.317507
1283 6.323667
1284 6.327747
1285 6.331907
1286 6.336067
1287 6.340147
1288 6.344307
1289 6.350547
1290 6.354707
1291 6.358867
1292 6.363027
1293 6.367107
1294 6.371267
1295 6.377507
1296 6.385747
1297 6.389907
1298 6.394067
1299 6.400227
1300 6.404307
1301 6.410467
1302 6.414627
1303 6.420787
1304 6.424947
1305 6.429027
1306 6.433187
1307 6.437347
1308 6.441427
1309 6.447667
1310 6.451827
1311 6.455987
1312 6.460147
1313 6.464307
1314 6.468387
1315 6.474627
1316 6.482867
1317 6.487027
1318 6.491187
1319 6.497347
1320 6.501507
1321 6.507667
1322 6.511747
1323 6.517987
1324 6.522067
1325 6.526227
1326 6.530307
1327 6.534467
1328 6.538627
1329 6.544787
1330 6.548947
1331 6.553107
1332 6.557267
1333 6.561427
1334 6.565587
1335 6.571747
1336 6.579987
1337 6.584147
1338 6.588307
1339 6.592467
1340 6.598627
1341 6.604787
1342 6.608947
1343 6.615107
1344 6.619267
1345 6.623347
1346 6.627507
1347 6.631587
1348 6.635747
1349 6.641907
1350 6.646067
1351 6.650227
1352 6.654387
1353 6.658547
1354 6.662707
1355 6.668867
1356 6.677107
1357 6.681267
1358 6.685427
1359 6.689587
1360 6.695747
1361 6.701987
1362 6.706067
1363 6.712227
1364 6.716387
1365 6.720547
1366 6.724627
1367 6.728787
1368 6.732867
1369 6.739107
1370 6.743187
1371 6.747347
1372 6.751507
1373 6.755667
1374 6.759827
1375 6.766067
1376 6.772227
1377 6.778387
1378 6.782547
1379 6.786707
1380 6.792947
1381 6.799107
1382 6.803267
1383 6.809427
1384 6.813507
1385 6.817667
1386 6.821827
1387 6.825907
1388 6.830067
1389 6.836227
1390 6.840387
1391 6.844467
1392 6.848627
1393 6.852787
1394 6.856947
1395 6.863187
1396 6.869347
1397 6.875507
1398 6.879667
1399 6.883827
1400 6.890067
1401 6.896227
1402 6.900387
1403 6.906547
1404 6.910707
1405 6.914787
1406 6.918947
1407 6.923107
1408 6.927187
1409 6.933347
1410 6.937507
1411 6.941667
1412 6.945747
1413 6.949907
1414 6.954067
1415 6.960307
1416 6.964467
1417 6.972707
1418 6.976787
1419 6.980947
1420 6.987187
1421 6.991347
1422 6.997507
1423 7.003747
1424 7.007827
1425 7.011987
1426 7.016067
1427 7.020227
1428 7.024387
1429 7.030547
1430 7.034627
1431 7.038787
1432 7.042947
1433 7.047027
1434 7.051187
1435 7.057427
1436 7.061587
1437 7.069827
1438 7.073987
1439 7.078067
1440 7.084307
1441 7.088467
1442 7.094627
1443 7.100867
1444 7.105027
1445 7.109107
1446 7.113267
1447 7.117347
1448 7.121507
1449 7.127667
1450 7.131827
1451 7.135907
1452 7.140067
1453 7.144227
1454 7.148307
1455 7.154547
1456 7.158707
1457 7.166947
1458 7.171107
1459 7.175267
1460 7.181427
1461 7.185587
1462 7.189747
1463 7.197987
1464 7.202147
1465 7.206307
1466 7.210387
1467 7.214547
1468 7.218627
1469 7.224867
1470 7.228947
1471 7.233107
1472 7.237187
1473 7.241347
1474 7.245507
1475 7.251667
1476 7.255827
1477 7.264067
1478 7.268227
1479 7.272387
1480 7.278547
1481 7.282707
1482 7.286867
1483 7.295107
1484 7.299267
1485 7.303427
1486 7.307587
1487 7.311667
1488 7.315827
1489 7.321987
1490 7.326147
1491 7.330227
1492 7.334387
1493 7.338467
1494 7.342627
1495 7.348787
1496 7.352947
1497 7.361187
1498 7.365347
1499 7.369507
1500 7.375747
1501 7.379827
1502 7.383987
1503 7.392227
1504 7.396387
1505 7.400547
1506 7.404707
1507 7.408867
1508 7.412947
1509 7.419107
1510 7.423267
1511 7.427427
1512 7.431507
1513 7.435667
1514 7.439747
1515 7.445987
1516 7.450067
1517 7.456307
1518 7.462467
1519 7.466627
1520 7.472867
1521 7.477027
1522 7.481107
1523 7.487347
1524 7.493507
1525 7.497667
1526 7.501827
1527 7.505987
1528 7.510147
1529 7.516307
1530 7.520387
1531 7.524547
1532 7.528707
1533 7.532787
1534 7.536947
1535 7.543107
1536 7.547267
1537 7.553427
1538 7.559587
1539 7.563747
1540 7.569987
1541 7.574147
1542 7.578307
1543 7.584467
1544 7.590627
1545 7.594787
1546 7.598947
1547 7.603107
1548 7.607267
1549 7.613427
1550 7.617587
1551 7.621667
1552 7.625827
1553 7.629987
1554 7.634067
1555 7.640227
1556 7.644387
1557 7.650547
1558 7.656787
1559 7.660867
1560 7.667107
1561 7.671267
1562 7.675427
1563 7.681587
1564 7.687827
1565 7.691907
1566 7.696067
1567 7.700227
1568 7.704387
1569 7.710627
1570 7.714707
1571 7.718867
1572 7.722947
1573 7.727107
1574 7.731267
1575 7.737427
1576 7.741507
1577 7.747747
1578 7.753907
1579 7.758067
1580 7.764227
1581 7.768387
1582 7.772547
1583 7.776707
1584 7.784947
1585 7.789107
1586 7.793187
1587 7.797347
1588 7.801507
1589 7.807747
1590 7.811907
1591 7.815987
1592 7.820147
1593 7.824227
1594 7.828387
1595 7.834547
1596 7.838707
1597 7.844867
1598 7.851027
1599 7.855187
1600 7.861347
1601 7.865507
1602 7.869667
1603 7.873827
1604 7.882067
1605 7.886227
1606 7.890387
1607 7.894467
1608 7.898627
1609 7.904867
1610 7.909027
1611 7.913187
1612 7.917267
1613 7.921427
1614 7.925507
1615 7.931747
1616 7.935827
1617 7.941987
1618 7.948227
1619 7.952307
1620 7.958547
1621 7.962627
1622 7.966787
1623 7.970947
1624 7.979187
1625 7.983347
1626 7.987507
1627 7.991667
1628 7.995747
1629 8.001987
1630 8.006147
1631 8.010307
1632 8.014467
1633 8.018547
1634 8.022707
1635 8.028867
1636 8.033027
1637 8.039187
1638 8.045347
1639 8.049507
1640 8.055667
1641 8.059827
1642 8.063907
1643 8.068067
1644 8.074307
1645 8.080467
1646 8.084627
1647 8.088787
1648 8.092947
1649 8.099107
1650 8.103267
1651 8.107427
1652 8.111587
1653 8.115747
1654 8.119827
1655 8.125987
1656 8.130147
1657 8.136307
1658 8.142467
1659 8.146627
1660 8.152787
1661 8.156947
1662 8.161107
1663 8.165187
1664 8.171427
1665 8.177587
1666 8.181747
1667 8.185907
1668 8.190067
1669 8.196227
1670 8.200387
1671 8.204547
1672 8.208707
1673 8.212867
1674 8.217027
1675 8.223187
1676 8.227267
1677 8.233507
1678 8.239667
1679 8.243747
1680 8.249987
1681 8.254067
1682 8.258227
1683 8.262387
1684 8.268547
1685 8.272707
1686 8.278867
1687 8.283027
1688 8.287187
1689 8.293427
1690 8.297507
1691 8.301667
1692 8.305827
1693 8.309987
1694 8.314147
1695 8.320307
1696 8.324467
1697 8.330627
1698 8.336787
1699 8.340947
1700 8.347107
1701 8.351267
1702 8.355347
1703 8.359507
1704 8.365667
1705 8.369827
1706 8.375987
1707 8.380147
1708 8.384307
1709 8.390547
1710 8.394707
1711 8.398787
1712 8.402947
1713 8.407107
1714 8.411267
1715 8.417507
1716 8.421587
1717 8.427747
1718 8.433987
1719 8.438067
1720 8.444227
1721 8.448387
1722 8.452547
1723 8.456627
1724 8.462867
1725 8.466947
1726 8.473187
1727 8.477267
1728 8.481427
1729 8.487667
1730 8.491827
1731 8.495987
1732 8.500067
1733 8.504227
1734 8.508387
1735 8.514627
1736 8.518787
1737 8.524947
1738 8.531107
1739 8.535267
1740 8.541427
1741 8.545507
1742 8.549667
1743 8.553827
1744 8.559987
1745 8.564147
1746 8.570307
1747 8.574467
1748 8.578547
1749 8.584787
1750 8.588947
1751 8.593107
1752 8.597267
1753 8.601347
1754 8.605507
1755 8.611747
1756 8.615907
1757 8.622067
1758 8.628227
1759 8.632387
1760 8.638547
1761 8.642707
1762 8.646787
1763 8.650947
1764 8.657107
1765 8.661267
1766 8.667427
1767 8.671587
1768 8.675747
1769 8.681907
1770 8.686067
1771 8.690227
1772 8.694387
1773 8.698547
1774 8.702627
1775 8.708867
1776 8.713027
1777 8.717187
1778 8.725427
1779 8.729507
1780 8.735747
1781 8.739827
1782 8.743987
1783 8.748067
1784 8.754307
1785 8.758387
1786 8.764627
1787 8.768707
1788 8.772867
1789 8.779027
1790 8.783187
1791 8.787347
1792 8.791507
1793 8.795667
1794 8.799827
1795 8.805987
1796 8.810147
1797 8.814307
1798 8.822547
1799 8.826707
1800 8.832867
1801 8.837027
1802 8.841107
1803 8.845267
1804 8.851427
1805 8.855587
1806 8.861747
1807 8.865907
1808 8.869987
1809 8.876227
1810 8.880307
1811 8.884467
1812 8.888627
1813 8.892787
1814 8.896947
1815 8.903107
1816 8.907267
1817 8.911427
1818 8.919667
1819 8.923827
1820 8.929987
1821 8.934147
1822 8.938307
1823 8.942387
1824 8.948547
1825 8.952707
1826 8.958867
1827 8.963027
1828 8.967187
1829 8.973347
1830 8.977507
1831 8.981587
1832 8.985747
1833 8.989907
1834 8.994067
1835 9.000307
1836 9.004387
1837 9.008547
1838 9.014787
1839 9.020947
1840 9.027187
1841 9.031267
1842 9.035427
1843 9.039587
1844 9.045747
1845 9.049827
1846 9.056067
1847 9.060147
1848 9.064307
1849 9.070467
1850 9.074627
1851 9.078787
1852 9.082867
1853 9.087027
1854 9.091187
1855 9.097427
1856 9.101587
1857 9.105667
1858 9.111907
1859 9.118067
1860 9.124307
1861 9.128467
1862 9.132547
1863 9.136707
1864 9.142867
1865 9.147027
1866 9.153187
1867 9.157347
1868 9.161427
1869 9.167667
1870 9.171747
1871 9.175907
1872 9.180067
1873 9.184147
1874 9.188307
1875 9.194547
1876 9.198707
1877 9.202867
1878 9.209027
1879 9.213187
1880 9.221427
1881 9.225587
1882 9.229747
1883 9.233827
1884 9.240067
1885 9.244147
1886 9.250307
1887 9.254467
1888 9.258627
1889 9.264787
1890 9.268947
1891 9.273027
1892 9.277187
1893 9.281347
1894 9.285427
1895 9.291667
1896 9.295827
1897 9.299987
1898 9.306147
1899 9.310307
1900 9.318547
1901 9.322707
1902 9.326867
1903 9.331027
1904 9.337187
1905 9.341347
1906 9.347507
1907 9.351587
1908 9.355747
1909 9.361907
1910 9.366067
1911 9.370227
1912 9.374307
1913 9.378467
1914 9.382627
1915 9.388787
1916 9.392947
1917 9.397107
1918 9.401267
1919 9.407427
1920 9.415667
1921 9.419827
1922 9.423987
1923 9.428147
1924 9.434307
1925 9.438467
1926 9.444627
1927 9.448787
1928 9.452867
1929 9.459107
1930 9.463187
1931 9.467347
1932 9.471507
1933 9.475587
1934 9.479747
1935 9.485907
1936 9.490067
1937 9.494227
1938 9.498387
1939 9.504547
1940 9.510787
1941 9.516947
1942 9.521107
1943 9.525267
1944 9.531507
1945 9.535587
1946 9.541827
1947 9.545907
1948 9.550067
1949 9.556227
1950 9.560387
1951 9.564467
1952 9.568627
1953 9.572787
1954 9.576867
1955 9.583107
1956 9.587187
1957 9.591347
1958 9.595507
1959 9.601747
1960 9.607907
1961 9.614067
1962 9.618227
1963 9.622387
1964 9.628627
1965 9.632787
1966 9.638947
1967 9.643107
1968 9.647187
1969 9.653347
1970 9.657507
1971 9.661667
1972 9.665747
1973 9.669907
1974 9.674067
1975 9.680227
1976 9.684387
1977 9.688467
1978 9.692627
1979 9.698867
1980 9.705027
1981 9.711267
1982 9.715347
1983 9.719507
1984 9.725747
1985 9.729907
1986 9.736067
1987 9.740227
1988 9.744387
1989 9.750547
1990 9.754627
1991 9.758787
1992 9.762947
1993 9.767027
1994 9.771187
1995 9.777347
1996 9.781507
1997 9.785667
1998 9.789747
1999 9.795987
2000 9.800147
2001 9.808387
2002 9.812547
2003 9.816627
2004 9.822867
2005 9.827027
2006 9.831187
2007 9.837347
2008 9.841507
2009 9.847667
2010 9.851827
2011 9.855907
2012 9.860067
2013 9.864227
2014 9.868307
2015 9.874547
2016 9.878627
2017 9.882787
2018 9.886947
2019 9.893107
2020 9.897267
2021 9.905507
2022 9.909667
2023 9.913827
2024 9.919987
2025 9.924147
2026 9.928307
2027 9.934467
2028 9.938627
2029 9.944867
2030 9.948947
2031 9.953107
2032 9.957187
2033 9.961347
2034 9.965507
2035 9.971667
2036 9.975827
2037 9.979907
2038 9.984067
2039 9.990227
2040 9.994387
2041 10.002627
2042 10.006787
2043 10.010947
2044 10.017107
2045 10.021267
2046 10.025427
2047 10.031667
2048 10.035747
2049 10.041987
2050 10.046147
2051 10.050227
2052 10.054387
2053 10.058467
2054 10.062627
2055 10.068787
2056 10.072947
2057 10.077107
2058 10.081187
2059 10.087427
2060 10.091507
2061 10.097747
2062 10.103907
2063 10.108067
2064 10.114307
2065 10.118387
2066 10.122547
2067 10.128787
2068 10.132947
2069 10.139107
2070 10.143267
2071 10.147427
2072 10.151507
2073 10.155667
2074 10.159747
2075 10.165987
2076 10.170067
2077 10.174227
2078 10.178387
2079 10.184547
2080 10.188707
2081 10.194867
2082 10.201027
2083 10.205187
2084 10.211427
2085 10.215587
2086 10.219667
2087 10.225907
2088 10.230067
2089 10.236227
2090 10.240387
2091 10.244547
2092 10.248707
2093 10.252787
2094 10.256947
2095 10.263107
2096 10.267267
2097 10.271347
2098 10.275507
2099 10.281667
2100 10.285827
2101 10.291987
2102 10.298227
2103 10.302307
2104 10.308547
2105 10.312707
2106 10.316867
2107 10.323027
2108 10.327187
2109 10.331347
2110 10.337507
2111 10.341667
2112 10.345827
2113 10.349987
2114 10.354067
2115 10.360227
2116 10.364387
2117 10.368547
2118 10.372627
2119 10.378867
2120 10.382947
2121 10.389187
2122 10.395347
2123 10.399507
2124 10.405667
2125 10.409827
2126 10.413987
2127 10.420147
2128 10.424307
2129 10.428467
2130 10.434627
2131 10.438787
2132 10.442947
2133 10.447107
2134 10.451267
2135 10.457427
2136 10.461507
2137 10.465667
2138 10.469827
2139 10.475987
2140 10.480147
2141 10.486307
2142 10.492467
2143 10.496627
2144 10.502787
2145 10.506947
2146 10.511107
2147 10.517347
2148 10.521427
2149 10.525587
2150 10.531827
2151 10.535907
2152 10.540067
2153 10.544227
2154 10.548387
2155 10.554547
2156 10.558707
2157 10.562787
2158 10.566947
2159 10.573107
2160 10.577267
2161 10.583427
2162 10.589667
2163 10.593747
2164 10.599987
2165 10.604067
2166 10.608227
2167 10.614467
2168 10.618627
2169 10.622707
2170 10.628947
2171 10.633107
2172 10.637187
2173 10.641347
2174 10.645507
2175 10.651747
2176 10.655827
2177 10.659987
2178 10.664067
2179 10.670307
2180 10.674387
2181 10.680627
2182 10.686787
2183 10.690947
2184 10.697107
2185 10.701267
2186 10.705347
2187 10.711587
2188 10.715747
2189 10.719907
2190 10.726067
2191 10.730227
2192 10.734387
2193 10.738467
2194 10.742627
2195 10.748867
2196 10.753027
2197 10.757107
2198 10.761267
2199 10.767427
2200 10.771587
2201 10.777747
2202 10.783907
2203 10.788067
2204 10.794227
2205 10.798387
2206 10.802547
2207 10.808707
2208 10.812867
2209 10.817027
2210 10.823187
2211 10.827347
2212 10.831507
2213 10.835667
2214 10.839747
2215 10.845987
2216 10.850147
2217 10.854307
2218 10.858387
2219 10.864547
2220 10.868707
2221 10.874867
2222 10.881107
2223 10.885187
2224 10.891427
2225 10.895507
2226 10.899667
2227 10.905827
2228 10.909987
2229 10.914147
2230 10.920387
2231 10.924467
2232 10.928627
2233 10.932787
2234 10.936947
2235 10.943107
2236 10.947267
2237 10.951427
2238 10.955587
2239 10.961747
2240 10.965827
2241 10.972067
2242 10.978227
2243 10.982387
2244 10.988547
2245 10.992707
2246 10.996787
2247 11.003027
2248 11.007107
2249 11.011267
2250 11.017507
2251 11.021667
2252 11.025747
2253 11.029907
2254 11.034067
2255 11.040227
2256 11.044387
2257 11.048547
2258 11.052707
2259 11.058867
2260 11.063027
2261 11.069187
2262 11.075347
2263 11.079507
2264 11.085667
2265 11.089827
2266 11.093987
2267 11.100147
2268 11.104307
2269 11.108387
2270 11.114627
2271 11.118787
2272 11.122947
2273 11.127027
2274 11.131187
2275 11.137427
2276 11.141507
2277 11.145667
2278 11.149827
2279 11.156067
2280 11.160147
2281 11.166307
2282 11.172547
2283 11.176627
2284 11.182867
2285 11.186947
2286 11.191107
2287 11.197267
2288 11.201427
2289 11.205587
2290 11.211747
2291 11.215907
2292 11.220067
2293 11.224227
2294 11.228307
2295 11.234547
2296 11.238707
2297 11.242787
2298 11.246947
2299 11.253187
2300 11.257347
2301 11.263507
2302 11.269667
2303 11.273827
2304 11.279987
2305 11.284147
2306 11.288227
2307 11.294467
2308 11.298547
2309 11.302707
2310 11.308867
2311 11.313027
2312 11.317187
2313 11.321347
2314 11.325507
2315 11.331667
2316 11.335827
2317 11.339987
2318 11.344067
2319 11.350307
2320 11.354467
2321 11.360627
2322 11.366787
2323 11.370947
2324 11.377107
2325 11.381267
2326 11.385427
2327 11.391587
2328 11.395747
2329 11.399827
2330 11.406067
2331 11.410147
2332 11.414307
2333 11.418467
2334 11.422627
2335 11.428787
2336 11.432947
2337 11.437107
2338 11.441267
2339 11.447427
2340 11.451587
2341 11.455747
2342 11.463987
2343 11.468067
2344 11.474307
2345 11.478387
2346 11.482547
2347 11.488707
2348 11.492867
2349 11.497027
2350 11.503187
2351 11.507347
2352 11.511427
2353 11.515587
2354 11.519747
2355 11.525987
2356 11.530067
2357 11.534227
2358 11.538387
2359 11.544547
2360 11.548707
2361 11.552867
2362 11.561107
2363 11.565267
2364 11.571427
2365 11.575587
2366 11.579667
2367 11.585907
2368 11.589987
2369 11.594147
2370 11.600307
2371 11.604467
2372 11.608627
2373 11.612707
2374 11.616867
2375 11.623107
2376 11.627267
2377 11.631347
2378 11.635507
2379 11.641747
2380 11.645827
2381 11.649987
2382 11.658227
2383 11.662387
2384 11.668547
2385 11.672707
2386 11.676867
2387 11.683027
2388 11.687187
2389 11.691267
2390 11.697507
2391 11.701587
2392 11.705747
2393 11.709907
2394 11.713987
2395 11.720227
2396 11.724387
2397 11.728547
2398 11.732627
2399 11.738867
2400 11.743027
2401 11.747107
2402 11.753347
2403 11.759507
2404 11.765747
2405 11.769827
2406 11.773987
2407 11.780147
2408 11.784307
2409 11.788467
2410 11.794627
2411 11.798787
2412 11.802867
2413 11.807027
2414 11.811187
2415 11.817347
2416 11.821507
2417 11.825667
2418 11.829827
2419 11.835987
2420 11.840147
2421 11.844307
2422 11.850467
2423 11.856627
2424 11.862867
2425 11.867027
2426 11.871107
2427 11.877347
2428 11.881427
2429 11.885587
2430 11.891747
2431 11.895907
2432 11.900067
2433 11.904147
2434 11.908307
2435 11.914467
2436 11.918627
2437 11.922787
2438 11.926947
2439 11.933107
2440 11.937267
2441 11.941427
2442 11.947587
2443 11.953827
2444 11.959987
2445 11.964147
2446 11.968307
2447 11.974467
2448 11.978627
2449 11.982707
2450 11.988947
2451 11.993027
2452 11.997187
2453 12.001347
2454 12.005427
2455 12.011667
2456 12.015747
2457 12.019907
2458 12.024067
2459 12.030307
2460 12.034387
2461 12.038547
2462 12.044787
2463 12.050947
2464 12.057107
2465 12.061267
2466 12.065427
2467 12.071587
2468 12.075747
2469 12.079907
