0.11	0.00	0.00
0.13	16.92	0.02
0.13	381.63	0.02
0.14	446.94	0.04
0.15	608.47	0.04
0.16	648.81	0.05
0.17	633.36	0.07
0.18	657.36	0.08
0.19	726.67	0.08
0.20	752.92	0.09
0.20	774.72	0.10
0.21	985.78	0.08
0.22	914.42	0.09
0.23	944.60	0.09
0.24	897.33	0.09
0.25	917.11	0.09
0.25	1007.75	0.08
0.26	1032.77	0.08
0.27	982.99	0.08
0.28	1007.75	0.08
0.28	1033.80	0.08
0.29	1061.22	0.08
0.29	1151.72	0.07
0.30	1222.09	0.07
0.31	1260.61	0.07
0.31	1343.67	0.06
0.32	1301.63	0.06
0.33	1345.41	0.06
0.33	1440.44	0.06
0.33	1494.25	0.06
0.34	1392.24	0.06
0.35	1347.15	0.06
0.35	1347.15	0.06
0.36	1392.24	0.06
0.36	1442.44	0.06
0.37	1392.24	0.06
0.38	1442.44	0.06
0.38	1552.24	0.05
0.38	1496.40	0.06
0.39	1442.44	0.06
0.40	1612.40	0.05
0.40	1677.42	0.05
0.40	1677.42	0.05
0.41	1753.79	0.05
0.42	1612.40	0.05
0.42	1680.13	0.05
0.43	1680.13	0.05
0.43	1494.25	0.06
0.44	1612.40	0.05
0.44	1612.40	0.05
0.45	1496.40	0.06
0.46	1394.10	0.06
0.46	1394.10	0.06
0.47	1392.24	0.06
0.47	1494.25	0.06
0.48	1494.25	0.06
0.48	1494.25	0.06
0.49	1612.40	0.05
0.49	1612.40	0.05
0.50	1549.93	0.05
0.50	1674.72	0.05
0.50	1824.56	0.05
0.51	1911.76	0.04
0.51	1827.77	0.05
0.52	1677.42	0.05
0.53	1677.42	0.05
0.53	1677.42	0.05
0.54	1612.40	0.05
0.54	1494.25	0.06
0.55	1680.13	0.05
0.56	1496.40	0.06
0.56	1394.10	0.06
0.57	1347.15	0.06
0.57	1392.24	0.06
0.58	1494.25	0.06
0.58	1494.25	0.06
0.59	1549.93	0.05
0.59	1677.42	0.05
0.59	1747.90	0.05
0.60	1607.42	0.05
0.60	1821.37	0.05
0.60	2105.26	0.04
0.61	2003.85	0.04
0.61	2003.85	0.04
0.62	1824.56	0.05
0.62	1911.76	0.04
0.63	1747.90	0.05
0.64	1609.91	0.05
0.64	1612.40	0.05
0.65	1680.13	0.05
0.66	1496.40	0.06
0.67	1347.15	0.06
0.67	1392.24	0.06
0.67	1392.24	0.06
0.68	1494.25	0.06
0.68	1440.44	0.06
0.68	1612.40	0.05
0.69	1677.42	0.05
0.69	1607.42	0.05
0.70	1607.42	0.05
0.70	1908.26	0.04
0.71	2105.26	0.04
0.71	2003.85	0.04
0.72	2003.85	0.04
0.72	1911.76	0.04
0.73	1911.76	0.04
0.73	1747.90	0.05
0.74	1677.42	0.05
0.74	1680.13	0.05
0.75	1753.79	0.05
0.76	1442.44	0.06
0.77	1347.15	0.06
0.77	1392.24	0.06
0.78	1392.24	0.06
0.78	1440.44	0.06
0.78	1494.25	0.06
0.79	1549.93	0.05
0.79	1547.62	0.05
0.80	1607.42	0.05
0.80	1607.42	0.05
0.80	1908.26	0.04
0.81	2003.85	0.04
0.81	2003.85	0.04
0.82	2003.85	0.04
0.82	1911.76	0.04
0.83	1824.56	0.05
0.83	1747.90	0.05
0.84	1830.99	0.05
0.84	1753.79	0.05
0.85	1680.13	0.05
0.86	1442.44	0.06
0.87	1392.24	0.06
0.87	1392.24	0.06
0.88	1392.24	0.06
0.88	1494.25	0.06
0.88	1494.25	0.06
0.89	1492.11	0.06
0.89	1489.97	0.06
0.90	1607.42	0.05
0.90	1607.42	0.05
0.90	1908.26	0.04
0.91	2003.85	0.04
0.91	2003.85	0.04
0.92	2109.53	0.04
0.92	1824.56	0.05
0.93	1911.76	0.04
0.93	1915.29	0.04
0.94	1830.99	0.05
0.94	1680.13	0.05
0.95	1680.13	0.05
0.96	1442.44	0.06
0.97	1392.24	0.06
0.97	1392.24	0.06
0.98	1392.24	0.06
0.98	1494.25	0.06
0.99	1390.37	0.06
0.99	1438.45	0.06
0.99	1547.62	0.05
1.00	1607.42	0.05
1.00	1607.42	0.05
1.01	1824.56	0.05
1.01	2003.85	0.04
1.01	2109.53	0.04
1.02	2003.85	0.04
1.02	1911.76	0.04
1.03	2007.72	0.04
1.03	2011.61	0.04
1.04	1830.99	0.05
1.05	1680.13	0.05
1.05	1680.13	0.05
1.06	1494.25	0.06
1.07	1392.24	0.06
1.07	1392.24	0.06
1.08	1392.24	0.06
1.08	1390.37	0.06
1.09	1390.37	0.06
1.09	1438.45	0.06
1.09	1489.97	0.06
1.10	1607.42	0.05
1.10	1607.42	0.05
1.11	1824.56	0.05
1.11	2109.53	0.04
1.11	2003.85	0.04
1.12	2003.85	0.04
1.12	2007.72	0.04
1.13	2113.82	0.04
1.13	1915.29	0.04
1.14	1830.99	0.05
1.15	1680.13	0.05
1.15	1680.13	0.05
1.16	1494.25	0.06
1.17	1392.24	0.06
1.17	1392.24	0.06
1.18	1345.41	0.06
1.18	1390.37	0.06
1.19	1390.37	0.06
1.19	1438.45	0.06
1.19	1489.97	0.06
1.20	1607.42	0.05
1.21	1547.62	0.05
1.21	1911.76	0.04
1.21	2003.85	0.04
1.22	2003.85	0.04
1.22	2007.72	0.04
1.22	2113.82	0.04
1.23	1915.29	0.04
1.23	2011.61	0.04
1.24	1830.99	0.05
1.25	1680.13	0.05
1.25	1750.84	0.05
1.26	1440.44	0.06
1.27	1392.24	0.06
1.28	1392.24	0.06
1.28	1390.37	0.06
1.28	1390.37	0.06
1.29	1438.45	0.06
1.29	1388.52	0.06
1.30	1489.97	0.06
1.30	1607.42	0.05
1.30	1609.91	0.05
1.31	1911.76	0.04
1.31	2003.85	0.04
1.32	2003.85	0.04
1.32	2113.82	0.04
1.33	2007.72	0.04
1.33	2011.61	0.04
1.33	2011.61	0.04
1.34	1830.99	0.05
1.35	1680.13	0.05
1.35	1677.42	0.05
1.36	1494.25	0.06
1.37	1392.24	0.06
1.38	1392.24	0.06
1.38	1390.37	0.06
1.38	1390.37	0.06
1.39	1388.52	0.06
1.39	1388.52	0.06
1.40	1489.97	0.06
1.40	1609.91	0.05
1.41	1609.91	0.05
1.41	1824.56	0.05
1.41	2003.85	0.04
1.42	2007.72	0.04
1.42	2007.72	0.04
1.43	2011.61	0.04
1.43	2011.61	0.04
1.43	2011.61	0.04
1.44	1830.99	0.05
1.45	1677.42	0.05
1.46	1677.42	0.05
1.47	1494.25	0.06
1.47	1392.24	0.06
1.48	1390.37	0.06
1.48	1390.37	0.06
1.49	1388.52	0.06
1.49	1388.52	0.06
1.49	1388.52	0.06
1.50	1547.62	0.05
1.50	1609.91	0.05
1.51	1609.91	0.05
1.51	1824.56	0.05
1.51	2109.53	0.04
1.52	2007.72	0.04
1.52	2113.82	0.04
1.53	2011.61	0.04
1.53	2011.61	0.04
1.54	2011.61	0.04
1.54	1750.84	0.05
1.55	1677.42	0.05
1.56	1677.42	0.05
1.57	1494.25	0.06
1.57	1345.41	0.06
1.58	1390.37	0.06
1.58	1343.67	0.06
1.59	1388.52	0.06
1.59	1388.52	0.06
1.59	1438.45	0.06
1.60	1492.11	0.06
1.60	1609.91	0.05
1.61	1609.91	0.05
1.61	1911.76	0.04
1.62	2007.72	0.04
1.62	2113.82	0.04
1.62	2011.61	0.04
1.63	2011.61	0.04
1.63	2011.61	0.04
1.64	1915.29	0.04
1.65	1827.77	0.05
1.65	1677.42	0.05
1.66	1750.84	0.05
1.67	1440.44	0.06
1.68	1390.37	0.06
1.68	1343.67	0.06
1.68	1388.52	0.06
1.69	1388.52	0.06
1.69	1438.45	0.06
1.69	1438.45	0.06
1.70	1492.11	0.06
1.71	1609.91	0.05
1.71	1609.91	0.05
1.71	1911.76	0.04
1.72	2113.82	0.04
1.72	2113.82	0.04
1.73	2011.61	0.04
1.73	2011.61	0.04
1.73	1915.29	0.04
1.74	1915.29	0.04
1.75	1827.77	0.05
1.75	1750.84	0.05
1.76	1677.42	0.05
1.77	1440.44	0.06
1.78	1343.67	0.06
1.78	1343.67	0.06
1.79	1388.52	0.06
1.79	1438.45	0.06
1.79	1438.45	0.06
1.80	1390.37	0.06
1.80	1492.11	0.06
1.80	1609.91	0.05
1.81	1609.91	0.05
1.81	1915.29	0.04
1.82	2113.82	0.04
1.82	2011.61	0.04
1.83	2011.61	0.04
1.83	1915.29	0.04
1.84	1915.29	0.04
1.84	2007.72	0.04
1.85	1827.77	0.05
1.85	1677.42	0.05
1.86	1677.42	0.05
1.87	1438.45	0.06
1.88	1343.67	0.06
1.88	1388.52	0.06
1.89	1438.45	0.06
1.89	1438.45	0.06
1.89	1438.45	0.06
1.90	1390.37	0.06
1.90	1549.93	0.05
1.91	1609.91	0.05
1.91	1612.40	0.05
1.91	1915.29	0.04
1.92	2113.82	0.04
1.92	2011.61	0.04
1.93	1915.29	0.04
1.93	1915.29	0.04
1.94	1915.29	0.04
1.94	2007.72	0.04
1.95	1827.77	0.05
1.96	1677.42	0.05
1.96	1674.72	0.05
1.97	1438.45	0.06
1.98	1343.67	0.06
1.98	1438.45	0.06
1.99	1438.45	0.06
1.99	1438.45	0.06
2.00	1390.37	0.06
2.00	1440.44	0.06
2.00	1492.11	0.06
2.01	1612.40	0.05
2.01	1612.40	0.05
2.02	1915.29	0.04
2.02	2011.61	0.04
2.03	1915.29	0.04
2.03	1915.29	0.04
2.03	1915.29	0.04
2.04	2007.72	0.04
2.04	1911.76	0.04
2.05	1827.77	0.05
2.06	1674.72	0.05
2.06	1674.72	0.05
2.07	1438.45	0.06
2.08	1438.45	0.06
2.08	1438.45	0.06
2.09	1438.45	0.06
2.09	1438.45	0.06
2.10	1440.44	0.06
2.10	1440.44	0.06
2.10	1494.25	0.06
2.11	1612.40	0.05
2.11	1612.40	0.05
2.12	1915.29	0.04
2.12	1915.29	0.04
2.13	1915.29	0.04
2.13	1915.29	0.04
2.14	1915.29	0.04
2.14	1911.76	0.04
2.14	2007.72	0.04
2.15	1824.56	0.05
2.16	1674.72	0.05
2.16	1674.72	0.05
2.17	1438.45	0.06
2.18	1438.45	0.06
2.18	1438.45	0.06
2.19	1438.45	0.06
2.19	1492.11	0.06
2.20	1440.44	0.06
2.20	1440.44	0.06
2.21	1494.25	0.06
2.21	1612.40	0.05
2.21	1612.40	0.05
2.22	2011.61	0.04
2.22	1915.29	0.04
2.23	1915.29	0.04
2.23	1915.29	0.04
2.24	1827.77	0.05
2.24	2007.72	0.04
2.24	1911.76	0.04
2.25	1824.56	0.05
2.26	1674.72	0.05
2.26	1674.72	0.05
2.27	1438.45	0.06
2.28	1438.45	0.06
2.29	1438.45	0.06
2.29	1492.11	0.06
2.29	1440.44	0.06
2.30	1440.44	0.06
2.30	1392.24	0.06
2.31	1494.25	0.06
2.31	1612.40	0.05
2.31	1680.13	0.05
2.32	1915.29	0.04
2.33	1915.29	0.04
2.33	1915.29	0.04
2.33	1827.77	0.05
2.34	2007.72	0.04
2.34	1911.76	0.04
2.34	2003.85	0.04
2.35	1824.56	0.05
2.36	1674.72	0.05
2.36	1607.42	0.05
2.37	1438.45	0.06
2.38	1438.45	0.06
2.39	1492.11	0.06
2.39	1492.11	0.06
2.39	1440.44	0.06
2.40	1440.44	0.06
2.40	1392.24	0.06
2.41	1494.25	0.06
2.41	1680.13	0.05
2.41	1680.13	0.05
2.42	1915.29	0.04
2.43	1915.29	0.04
2.43	1827.77	0.05
2.43	1915.29	0.04
2.44	1911.76	0.04
2.44	1911.76	0.04
2.45	2003.85	0.04
2.45	1824.56	0.05
2.46	1607.42	0.05
2.47	1607.42	0.05
2.48	1438.45	0.06
2.48	1492.11	0.06
2.49	1492.11	0.06
2.49	1440.44	0.06
2.49	1440.44	0.06
2.50	1392.24	0.06
2.51	1392.24	0.06
2.51	1552.24	0.05
2.51	1680.13	0.05
2.52	1680.13	0.05
2.52	1915.29	0.04
2.53	1827.77	0.05
2.53	1915.29	0.04
2.53	1911.76	0.04
2.54	1911.76	0.04
2.54	2003.85	0.04
2.55	2003.85	0.04
2.55	1744.97	0.05
2.56	1607.42	0.05
2.57	1674.72	0.05
2.58	1438.45	0.06
2.58	1492.11	0.06
2.59	1492.11	0.06
2.59	1440.44	0.06
2.60	1440.44	0.06
2.60	1392.24	0.06
2.60	1442.44	0.06
2.61	1552.24	0.05
2.61	1680.13	0.05
2.62	1612.40	0.05
2.62	1915.29	0.04
2.63	1915.29	0.04
2.63	1827.77	0.05
2.64	1911.76	0.04
2.64	1911.76	0.04
2.64	2003.85	0.04
2.65	1908.26	0.04
2.66	1744.97	0.05
2.66	1674.72	0.05
2.67	1674.72	0.05
2.68	1492.11	0.06
2.68	1492.11	0.06
2.69	1440.44	0.06
2.69	1440.44	0.06
2.70	1494.25	0.06
2.70	1442.44	0.06
2.71	1442.44	0.06
2.71	1552.24	0.05
2.71	1612.40	0.05
2.72	1612.40	0.05
2.72	1827.77	0.05
2.73	1827.77	0.05
2.73	1911.76	0.04
2.74	1911.76	0.04
2.74	1824.56	0.05
2.74	1908.26	0.04
2.75	1908.26	0.04
2.76	1744.97	0.05
2.76	1674.72	0.05
2.77	1674.72	0.05
2.78	1492.11	0.06
2.78	1492.11	0.06
2.79	1440.44	0.06
2.79	1494.25	0.06
2.80	1494.25	0.06
2.80	1442.44	0.06
2.81	1442.44	0.06
2.81	1552.24	0.05
2.82	1612.40	0.05
2.82	1612.40	0.05
2.82	1915.29	0.04
2.83	1827.77	0.05
2.83	1911.76	0.04
2.84	1824.56	0.05
2.84	1824.56	0.05
2.85	1908.26	0.04
2.85	1908.26	0.04
2.86	1824.56	0.05
2.86	1674.72	0.05
2.87	1674.72	0.05
2.88	1492.11	0.06
2.88	1549.93	0.05
2.89	1494.25	0.06
2.89	1494.25	0.06
2.90	1442.44	0.06
2.90	1442.44	0.06
2.91	1442.44	0.06
2.91	1494.25	0.06
2.92	1612.40	0.05
2.92	1680.13	0.05
2.92	1827.77	0.05
2.93	1747.90	0.05
2.94	1824.56	0.05
2.94	1824.56	0.05
2.94	1908.26	0.04
2.95	1908.26	0.04
2.95	1908.26	0.04
2.96	1824.56	0.05
2.97	1674.72	0.05
2.97	1674.72	0.05
2.98	1492.11	0.06
2.98	1549.93	0.05
2.99	1494.25	0.06
2.99	1494.25	0.06
3.00	1442.44	0.06
3.01	1442.44	0.06
3.01	1442.44	0.06
3.01	1494.25	0.06
3.02	1680.13	0.05
3.02	1612.40	0.05
3.02	1827.77	0.05
3.03	1747.90	0.05
3.04	1824.56	0.05
3.04	1824.56	0.05
3.04	1908.26	0.04
3.05	1908.26	0.04
3.05	2003.85	0.04
3.06	1824.56	0.05
3.07	1674.72	0.05
3.07	1674.72	0.05
3.08	1549.93	0.05
3.08	1612.40	0.05
3.09	1494.25	0.06
3.09	1552.24	0.05
3.10	1442.44	0.06
3.11	1442.44	0.06
3.11	1392.24	0.06
3.11	1552.24	0.05
3.12	1612.40	0.05
3.12	1612.40	0.05
3.13	1747.90	0.05
3.13	1674.72	0.05
3.14	1824.56	0.05
3.14	1744.97	0.05
3.15	1908.26	0.04
3.15	2003.85	0.04
3.15	2003.85	0.04
3.16	1744.97	0.05
3.17	1674.72	0.05
3.17	1747.90	0.05
3.18	1549.93	0.05
3.19	1612.40	0.05
3.19	1552.24	0.05
3.20	1552.24	0.05
3.20	1442.44	0.06
3.21	1392.24	0.06
3.21	1442.44	0.06
3.21	1552.24	0.05
3.22	1612.40	0.05
3.22	1549.93	0.05
3.23	1747.90	0.05
3.23	1674.72	0.05
3.24	1744.97	0.05
3.24	1744.97	0.05
3.25	2003.85	0.04
3.25	2003.85	0.04
3.25	1908.26	0.04
3.26	1824.56	0.05
3.27	1747.90	0.05
3.27	1747.90	0.05
3.28	1612.40	0.05
3.29	1612.40	0.05
3.29	1552.24	0.05
3.30	1552.24	0.05
3.30	1392.24	0.06
3.31	1442.44	0.06
3.31	1442.44	0.06
3.32	1494.25	0.06
3.32	1549.93	0.05
3.32	1549.93	0.05
3.33	1674.72	0.05
3.34	1674.72	0.05
3.34	1744.97	0.05
3.34	1824.56	0.05
3.35	2003.85	0.04
3.35	1908.26	0.04
3.35	1908.26	0.04
3.36	1824.56	0.05
3.37	1747.90	0.05
3.37	1827.77	0.05
3.38	1612.40	0.05
3.39	1680.13	0.05
3.39	1552.24	0.05
3.40	1494.25	0.06
3.40	1442.44	0.06
3.41	1442.44	0.06
3.41	1442.44	0.06
3.42	1494.25	0.06
3.42	1549.93	0.05
3.42	1492.11	0.06
3.43	1674.72	0.05
3.44	1607.42	0.05
3.44	1824.56	0.05
3.44	1824.56	0.05
3.45	1908.26	0.04
3.45	1908.26	0.04
3.46	1824.56	0.05
3.46	1911.76	0.04
3.47	1827.77	0.05
3.47	1827.77	0.05
3.48	1612.40	0.05
3.49	1680.13	0.05
3.50	1494.25	0.06
3.50	1494.25	0.06
3.51	1442.44	0.06
3.51	1442.44	0.06
3.51	1494.25	0.06
3.52	1440.44	0.06
3.52	1492.11	0.06
3.53	1492.11	0.06
3.53	1674.72	0.05
3.54	1674.72	0.05
3.54	1824.56	0.05
3.54	1824.56	0.05
3.55	1908.26	0.04
3.55	1908.26	0.04
3.56	1911.76	0.04
3.56	1911.76	0.04
3.57	1827.77	0.05
3.57	1915.29	0.04
3.58	1680.13	0.05
3.59	1612.40	0.05
3.60	1494.25	0.06
3.60	1552.24	0.05
3.61	1442.44	0.06
3.61	1442.44	0.06
3.61	1440.44	0.06
3.62	1440.44	0.06
3.62	1492.11	0.06
3.63	1438.45	0.06
3.63	1607.42	0.05
3.64	1674.72	0.05
3.64	1824.56	0.05
3.65	1744.97	0.05
3.65	1908.26	0.04
3.65	2003.85	0.04
3.66	1911.76	0.04
3.66	2007.72	0.04
3.67	1915.29	0.04
3.67	1915.29	0.04
3.68	1680.13	0.05
3.69	1612.40	0.05
3.70	1552.24	0.05
3.70	1552.24	0.05
3.71	1442.44	0.06
3.71	1392.24	0.06
3.72	1440.44	0.06
3.72	1390.37	0.06
3.72	1438.45	0.06
3.73	1438.45	0.06
3.73	1674.72	0.05
3.74	1674.72	0.05
3.74	1744.97	0.05
3.75	1744.97	0.05
3.75	2003.85	0.04
3.76	1911.76	0.04
3.76	2007.72	0.04
3.76	2007.72	0.04
3.77	1915.29	0.04
3.77	1915.29	0.04
3.78	1612.40	0.05
3.79	1612.40	0.05
3.80	1552.24	0.05
3.80	1552.24	0.05
3.81	1392.24	0.06
3.81	1440.44	0.06
3.82	1390.37	0.06
3.82	1390.37	0.06
3.83	1438.45	0.06
3.83	1492.11	0.06
3.83	1674.72	0.05
3.84	1674.72	0.05
3.84	1744.97	0.05
3.85	1824.56	0.05
3.85	2003.85	0.04
3.85	2007.72	0.04
3.86	2007.72	0.04
3.87	1915.29	0.04
3.87	1915.29	0.04
3.87	1915.29	0.04
3.88	1612.40	0.05
3.89	1680.13	0.05
3.90	1552.24	0.05
3.90	1494.25	0.06
3.91	1392.24	0.06
3.91	1390.37	0.06
3.92	1390.37	0.06
3.92	1438.45	0.06
3.93	1492.11	0.06
3.93	1438.45	0.06
3.93	1674.72	0.05
3.94	1607.42	0.05
3.94	1824.56	0.05
3.95	1824.56	0.05
3.95	2007.72	0.04
3.96	2007.72	0.04
3.96	2007.72	0.04
3.97	1915.29	0.04
3.97	1915.29	0.04
3.97	1915.29	0.04
3.98	1612.40	0.05
3.99	1680.13	0.05
4.00	1494.25	0.06
4.00	1494.25	0.06
4.01	1390.37	0.06
4.02	1390.37	0.06
4.02	1390.37	0.06
4.02	1492.11	0.06
4.03	1438.45	0.06
4.03	1438.45	0.06
4.03	1674.72	0.05
4.04	1674.72	0.05
4.04	1824.56	0.05
4.05	1827.77	0.05
4.05	2007.72	0.04
4.06	2007.72	0.04
4.06	1915.29	0.04
4.07	1915.29	0.04
4.07	1915.29	0.04
4.07	1915.29	0.04
4.08	1680.13	0.05
4.09	1612.40	0.05
4.10	1494.25	0.06
4.10	1492.11	0.06
4.11	1390.37	0.06
4.12	1390.37	0.06
4.12	1492.11	0.06
4.12	1438.45	0.06
4.13	1438.45	0.06
4.13	1438.45	0.06
4.14	1607.42	0.05
4.14	1674.72	0.05
4.14	1911.76	0.04
4.15	1827.77	0.05
4.15	2007.72	0.04
4.16	2007.72	0.04
4.16	1915.29	0.04
4.17	1915.29	0.04
4.17	1915.29	0.04
4.18	1915.29	0.04
4.19	1680.13	0.05
4.19	1612.40	0.05
4.20	1440.44	0.06
4.21	1492.11	0.06
4.21	1390.37	0.06
4.22	1440.44	0.06
4.22	1438.45	0.06
4.22	1438.45	0.06
4.23	1438.45	0.06
4.23	1438.45	0.06
4.24	1547.62	0.05
4.24	1747.90	0.05
4.25	1827.77	0.05
4.25	1827.77	0.05
4.26	2007.72	0.04
4.26	2007.72	0.04
4.26	1915.29	0.04
4.27	1915.29	0.04
4.27	1915.29	0.04
4.28	1915.29	0.04
4.29	1750.84	0.05
4.29	1549.93	0.05
4.30	1492.11	0.06
4.31	1492.11	0.06
4.31	1440.44	0.06
4.32	1390.37	0.06
4.32	1438.45	0.06
4.33	1438.45	0.06
4.33	1438.45	0.06
4.33	1438.45	0.06
4.34	1609.91	0.05
4.34	1747.90	0.05
4.35	1827.77	0.05
4.35	1827.77	0.05
4.35	2007.72	0.04
4.36	1915.29	0.04
4.37	1915.29	0.04
4.37	1915.29	0.04
4.37	1915.29	0.04
4.38	2011.61	0.04
4.39	1677.42	0.05
4.40	1549.93	0.05
4.40	1492.11	0.06
4.41	1492.11	0.06
4.41	1390.37	0.06
4.42	1438.45	0.06
4.42	1438.45	0.06
4.43	1438.45	0.06
4.43	1438.45	0.06
4.43	1438.45	0.06
4.44	1609.91	0.05
4.44	1827.77	0.05
4.45	1827.77	0.05
4.45	1915.29	0.04
4.46	2007.72	0.04
4.46	1915.29	0.04
4.47	1915.29	0.04
4.47	1915.29	0.04
4.47	2011.61	0.04
4.48	1915.29	0.04
4.49	1677.42	0.05
4.50	1492.11	0.06
4.51	1492.11	0.06
4.51	1492.11	0.06
4.52	1390.37	0.06
4.52	1438.45	0.06
4.52	1438.45	0.06
4.53	1438.45	0.06
4.53	1438.45	0.06
4.54	1390.37	0.06
4.54	1677.42	0.05
4.54	1827.77	0.05
4.55	1915.29	0.04
4.55	1827.77	0.05
4.56	1915.29	0.04
4.56	1915.29	0.04
4.57	1915.29	0.04
4.57	2011.61	0.04
4.57	1915.29	0.04
4.58	2007.72	0.04
4.59	1609.91	0.05
4.60	1492.11	0.06
4.60	1492.11	0.06
4.61	1492.11	0.06
4.62	1438.45	0.06
4.62	1438.45	0.06
4.63	1438.45	0.06
4.63	1438.45	0.06
4.63	1438.45	0.06
4.64	1440.44	0.06
4.64	1677.42	0.05
4.64	1827.77	0.05
4.65	1827.77	0.05
4.65	1827.77	0.05
4.66	1915.29	0.04
4.66	1915.29	0.04
4.67	2011.61	0.04
4.67	1915.29	0.04
4.68	1915.29	0.04
4.68	1911.76	0.04
4.69	1609.91	0.05
4.70	1492.11	0.06
4.71	1492.11	0.06
4.71	1492.11	0.06
4.72	1438.45	0.06
4.72	1438.45	0.06
4.72	1438.45	0.06
4.73	1438.45	0.06
4.73	1440.44	0.06
4.74	1440.44	0.06
4.74	1677.42	0.05
4.75	1750.84	0.05
4.75	1827.77	0.05
4.75	1915.29	0.04
4.76	1915.29	0.04
4.76	2011.61	0.04
4.77	1915.29	0.04
4.77	1915.29	0.04
4.78	1911.76	0.04
4.78	1911.76	0.04
4.79	1609.91	0.05
4.80	1609.91	0.05
4.81	1492.11	0.06
4.81	1438.45	0.06
4.82	1438.45	0.06
4.82	1438.45	0.06
4.83	1438.45	0.06
4.83	1440.44	0.06
4.83	1440.44	0.06
4.84	1440.44	0.06
4.84	1677.42	0.05
4.85	1677.42	0.05
4.85	1915.29	0.04
4.86	1915.29	0.04
4.86	2011.61	0.04
4.87	1915.29	0.04
4.87	1915.29	0.04
4.87	1911.76	0.04
4.88	1911.76	0.04
4.88	1911.76	0.04
4.89	1609.91	0.05
4.90	1609.91	0.05
4.91	1438.45	0.06
4.91	1438.45	0.06
4.92	1438.45	0.06
4.92	1438.45	0.06
4.93	1440.44	0.06
4.93	1440.44	0.06
4.94	1440.44	0.06
4.94	1440.44	0.06
4.95	1612.40	0.05
4.95	1750.84	0.05
4.95	1915.29	0.04
4.96	1915.29	0.04
4.96	1915.29	0.04
4.97	1915.29	0.04
4.97	1911.76	0.04
4.98	1911.76	0.04
4.98	1911.76	0.04
4.98	1911.76	0.04
4.99	1747.90	0.05
5.00	1547.62	0.05
5.01	1438.45	0.06
5.01	1438.45	0.06
5.02	1438.45	0.06
5.02	1492.11	0.06
5.03	1440.44	0.06
5.03	1440.44	0.06
5.04	1440.44	0.06
5.04	1440.44	0.06
5.05	1612.40	0.05
5.05	1750.84	0.05
5.05	1915.29	0.04
5.06	1830.99	0.05
5.06	1915.29	0.04
5.07	1827.77	0.05
5.07	1911.76	0.04
5.08	1911.76	0.04
5.08	1911.76	0.04
5.08	1911.76	0.04
5.09	1674.72	0.05
5.10	1547.62	0.05
5.11	1438.45	0.06
5.11	1547.62	0.05
5.12	1492.11	0.06
5.13	1440.44	0.06
5.13	1440.44	0.06
5.13	1440.44	0.06
5.14	1440.44	0.06
5.14	1494.25	0.06
5.15	1612.40	0.05
5.15	1750.84	0.05
5.15	1915.29	0.04
5.16	1750.84	0.05
5.17	1827.77	0.05
5.17	1911.76	0.04
5.17	1911.76	0.04
5.18	1911.76	0.04
5.18	1911.76	0.04
5.19	1824.56	0.05
5.20	1674.72	0.05
5.20	1547.62	0.05
5.21	1492.11	0.06
5.21	1547.62	0.05
5.22	1492.11	0.06
5.23	1440.44	0.06
5.23	1440.44	0.06
5.24	1440.44	0.06
5.24	1494.25	0.06
5.24	1442.44	0.06
5.25	1612.40	0.05
5.25	1750.84	0.05
5.25	1915.29	0.04
5.26	1750.84	0.05
5.27	1827.77	0.05
5.27	1911.76	0.04
5.27	1911.76	0.04
5.28	1911.76	0.04
5.28	1824.56	0.05
5.29	2003.85	0.04
5.30	1674.72	0.05
5.31	1547.62	0.05
5.31	1438.45	0.06
5.31	1609.91	0.05
5.32	1549.93	0.05
5.33	1440.44	0.06
5.33	1440.44	0.06
5.33	1494.25	0.06
5.34	1494.25	0.06
5.34	1392.24	0.06
5.35	1612.40	0.05
5.35	1830.99	0.05
5.36	1915.29	0.04
5.36	1677.42	0.05
5.37	1747.90	0.05
5.37	1911.76	0.04
5.38	1911.76	0.04
5.38	1824.56	0.05
5.38	1911.76	0.04
5.39	2003.85	0.04
5.40	1674.72	0.05
5.40	1547.62	0.05
5.41	1492.11	0.06
5.42	1609.91	0.05
5.42	1549.93	0.05
5.43	1440.44	0.06
5.43	1494.25	0.06
5.44	1494.25	0.06
5.44	1392.24	0.06
5.45	1392.24	0.06
5.45	1680.13	0.05
5.45	1750.84	0.05
5.46	1827.77	0.05
5.46	1677.42	0.05
5.47	1747.90	0.05
5.47	1911.76	0.04
5.48	1824.56	0.05
5.48	1911.76	0.04
5.48	2003.85	0.04
5.49	2003.85	0.04
5.50	1607.42	0.05
5.51	1547.62	0.05
5.51	1492.11	0.06
5.51	1677.42	0.05
5.52	1549.93	0.05
5.53	1494.25	0.06
5.53	1494.25	0.06
5.54	1440.44	0.06
5.54	1392.24	0.06
5.55	1442.44	0.06
5.55	1680.13	0.05
5.55	1750.84	0.05
5.56	1827.77	0.05
5.57	1609.91	0.05
5.57	1747.90	0.05
5.57	1824.56	0.05
5.58	1911.76	0.04
5.58	1911.76	0.04
5.58	2003.85	0.04
5.59	1908.26	0.04
5.60	1674.72	0.05
5.61	1609.91	0.05
5.61	1549.93	0.05
5.62	1677.42	0.05
5.62	1549.93	0.05
5.63	1494.25	0.06
5.63	1440.44	0.06
5.64	1494.25	0.06
5.64	1442.44	0.06
5.65	1442.44	0.06
5.65	1612.40	0.05
5.65	1677.42	0.05
5.66	1747.90	0.05
5.67	1609.91	0.05
5.67	1747.90	0.05
5.67	1911.76	0.04
5.68	1911.76	0.04
5.68	1824.56	0.05
5.69	1908.26	0.04
5.69	1908.26	0.04
5.70	1674.72	0.05
5.71	1609.91	0.05
5.71	1549.93	0.05
5.72	1677.42	0.05
5.72	1612.40	0.05
5.73	1440.44	0.06
5.73	1494.25	0.06
5.74	1494.25	0.06
5.74	1442.44	0.06
5.75	1442.44	0.06
5.75	1612.40	0.05
5.76	1677.42	0.05
5.76	1747.90	0.05
5.77	1609.91	0.05
5.77	1747.90	0.05
5.77	1911.76	0.04
5.78	1824.56	0.05
5.78	1824.56	0.05
5.79	1908.26	0.04
5.79	1908.26	0.04
5.80	1747.90	0.05
5.81	1677.42	0.05
5.81	1549.93	0.05
5.82	1677.42	0.05
5.82	1549.93	0.05
5.83	1494.25	0.06
5.83	1494.25	0.06
5.84	1442.44	0.06
5.85	1442.44	0.06
5.85	1442.44	0.06
5.85	1549.93	0.05
5.86	1609.91	0.05
5.86	1747.90	0.05
5.87	1677.42	0.05
5.87	1747.90	0.05
5.88	1824.56	0.05
5.88	1824.56	0.05
5.88	1908.26	0.04
5.89	1908.26	0.04
5.89	1824.56	0.05
5.90	1747.90	0.05
5.91	1677.42	0.05
5.92	1549.93	0.05
5.92	1677.42	0.05
5.93	1549.93	0.05
5.93	1494.25	0.06
5.94	1494.25	0.06
5.94	1442.44	0.06
5.95	1442.44	0.06
5.95	1494.25	0.06
5.95	1549.93	0.05
5.96	1609.91	0.05
5.96	1747.90	0.05
5.97	1609.91	0.05
5.97	1747.90	0.05
5.98	1824.56	0.05
5.98	1824.56	0.05
5.99	1908.26	0.04
5.99	1908.26	0.04
5.99	1911.76	0.04
6.00	1827.77	0.05
6.01	1677.42	0.05
6.01	1612.40	0.05
6.02	1677.42	0.05
6.02	1612.40	0.05
6.03	1494.25	0.06
6.04	1552.24	0.05
6.04	1442.44	0.06
6.05	1442.44	0.06
6.05	1440.44	0.06
6.06	1492.11	0.06
6.06	1609.91	0.05
6.06	1747.90	0.05
6.07	1609.91	0.05
6.07	1674.72	0.05
6.08	1824.56	0.05
6.08	1744.97	0.05
6.09	1908.26	0.04
6.09	2003.85	0.04
6.10	1911.76	0.04
6.10	1827.77	0.05
6.11	1677.42	0.05
6.12	1549.93	0.05
6.12	1677.42	0.05
6.13	1612.40	0.05
6.13	1552.24	0.05
6.14	1552.24	0.05
6.14	1442.44	0.06
6.15	1392.24	0.06
6.15	1440.44	0.06
6.16	1492.11	0.06
6.16	1677.42	0.05
6.16	1747.90	0.05
6.17	1609.91	0.05
6.18	1674.72	0.05
6.18	1744.97	0.05
6.18	1744.97	0.05
6.19	2003.85	0.04
6.19	1911.76	0.04
6.19	2007.72	0.04
6.20	1827.77	0.05
6.21	1677.42	0.05
6.22	1549.93	0.05
6.22	1750.84	0.05
6.23	1612.40	0.05
6.23	1552.24	0.05
6.24	1552.24	0.05
6.25	1392.24	0.06
6.25	1440.44	0.06
6.25	1390.37	0.06
6.26	1549.93	0.05
6.26	1609.91	0.05
6.26	1747.90	0.05
6.27	1547.62	0.05
6.28	1674.72	0.05
6.28	1744.97	0.05
6.28	1824.56	0.05
6.29	2003.85	0.04
6.29	2007.72	0.04
6.30	2007.72	0.04
6.30	1747.90	0.05
6.31	1677.42	0.05
6.32	1612.40	0.05
6.32	1750.84	0.05
6.33	1680.13	0.05
6.33	1552.24	0.05
6.34	1494.25	0.06
6.35	1392.24	0.06
6.35	1390.37	0.06
6.35	1440.44	0.06
6.36	1549.93	0.05
6.36	1609.91	0.05
6.37	1674.72	0.05
6.37	1547.62	0.05
6.38	1607.42	0.05
6.38	1824.56	0.05
6.38	1824.56	0.05
6.39	2007.72	0.04
6.39	2007.72	0.04
6.40	1911.76	0.04
6.40	1827.77	0.05
6.41	1677.42	0.05
6.42	1612.40	0.05
6.42	1750.84	0.05
6.43	1680.13	0.05
6.44	1494.25	0.06
6.44	1494.25	0.06
6.45	1390.37	0.06
6.45	1440.44	0.06
6.45	1440.44	0.06
6.46	1492.11	0.06
6.46	1609.91	0.05
6.47	1674.72	0.05
6.48	1547.62	0.05
6.48	1674.72	0.05
6.48	1824.56	0.05
6.49	1827.77	0.05
6.49	2007.72	0.04
6.49	1911.76	0.04
6.50	1911.76	0.04
6.50	1827.77	0.05
6.51	1750.84	0.05
6.52	1612.40	0.05
6.52	1830.99	0.05
6.53	1612.40	0.05
6.54	1494.25	0.06
6.54	1492.11	0.06
6.55	1440.44	0.06
6.55	1440.44	0.06
6.56	1440.44	0.06
6.56	1492.11	0.06
6.56	1547.62	0.05
6.57	1674.72	0.05
6.57	1547.62	0.05
6.58	1674.72	0.05
6.58	1827.77	0.05
6.59	1827.77	0.05
6.59	1911.76	0.04
6.60	1911.76	0.04
6.60	1827.77	0.05
6.61	1827.77	0.05
6.61	1750.84	0.05
6.62	1680.13	0.05
6.62	1750.84	0.05
6.63	1612.40	0.05
6.64	1492.11	0.06
6.64	1492.11	0.06
6.65	1440.44	0.06
6.65	1440.44	0.06
6.66	1492.11	0.06
6.66	1492.11	0.06
6.67	1547.62	0.05
6.67	1607.42	0.05
6.68	1547.62	0.05
6.68	1747.90	0.05
6.68	1827.77	0.05
6.69	1827.77	0.05
6.69	1911.76	0.04
6.70	1911.76	0.04
6.70	1827.77	0.05
6.70	1915.29	0.04
6.71	1750.84	0.05
6.72	1680.13	0.05
6.72	1750.84	0.05
6.73	1549.93	0.05
6.74	1492.11	0.06
6.74	1549.93	0.05
6.75	1440.44	0.06
6.75	1440.44	0.06
6.76	1492.11	0.06
6.76	1438.45	0.06
6.77	1547.62	0.05
6.77	1674.72	0.05
6.78	1609.91	0.05
6.78	1677.42	0.05
6.79	1827.77	0.05
6.79	1747.90	0.05
6.79	1911.76	0.04
6.80	2007.72	0.04
6.80	1915.29	0.04
6.81	1915.29	0.04
6.81	1830.99	0.05
6.82	1612.40	0.05
6.82	1677.42	0.05
6.83	1609.91	0.05
6.84	1549.93	0.05
6.84	1549.93	0.05
6.85	1440.44	0.06
6.86	1390.37	0.06
6.86	1438.45	0.06
6.86	1438.45	0.06
6.87	1547.62	0.05
6.87	1674.72	0.05
6.88	1609.91	0.05
6.88	1677.42	0.05
6.89	1747.90	0.05
6.89	1747.90	0.05
6.89	2007.72	0.04
6.90	2007.72	0.04
6.90	1915.29	0.04
6.91	1915.29	0.04
6.91	1750.84	0.05
6.92	1612.40	0.05
6.93	1677.42	0.05
6.93	1609.91	0.05
6.94	1549.93	0.05
6.94	1549.93	0.05
6.95	1390.37	0.06
6.96	1390.37	0.06
6.96	1438.45	0.06
6.96	1492.11	0.06
6.97	1547.62	0.05
6.97	1609.91	0.05
6.98	1677.42	0.05
6.98	1677.42	0.05
6.99	1747.90	0.05
6.99	1827.77	0.05
6.99	2007.72	0.04
7.00	1915.29	0.04
7.00	1915.29	0.04
7.01	1915.29	0.04
7.01	1750.84	0.05
7.02	1677.42	0.05
7.03	1609.91	0.05
7.03	1677.42	0.05
7.04	1549.93	0.05
7.05	1492.11	0.06
7.05	1390.37	0.06
7.06	1438.45	0.06
7.06	1492.11	0.06
7.06	1438.45	0.06
7.07	1547.62	0.05
7.07	1677.42	0.05
7.08	1677.42	0.05
7.09	1609.91	0.05
7.09	1827.77	0.05
7.09	1827.77	0.05
7.10	2007.72	0.04
7.10	1915.29	0.04
7.10	1915.29	0.04
7.11	1915.29	0.04
7.12	1750.84	0.05
7.12	1609.91	0.05
7.13	1609.91	0.05
7.13	1677.42	0.05
7.14	1492.11	0.06
7.15	1492.11	0.06
7.16	1390.37	0.06
7.16	1492.11	0.06
7.16	1438.45	0.06
7.17	1438.45	0.06
7.17	1549.93	0.05
7.17	1677.42	0.05
7.18	1677.42	0.05
7.18	1677.42	0.05
7.19	1827.77	0.05
7.19	1827.77	0.05
7.20	1915.29	0.04
7.20	1915.29	0.04
7.21	1915.29	0.04
7.21	1915.29	0.04
7.22	1747.90	0.05
7.23	1609.91	0.05
7.23	1677.42	0.05
7.24	1609.91	0.05
7.24	1492.11	0.06
7.25	1492.11	0.06
7.25	1492.11	0.06
7.26	1438.45	0.06
7.26	1438.45	0.06
7.27	1440.44	0.06
7.27	1549.93	0.05
7.28	1677.42	0.05
7.28	1609.91	0.05
7.29	1677.42	0.05
7.29	1827.77	0.05
7.29	1827.77	0.05
7.30	1915.29	0.04
7.30	1915.29	0.04
7.31	1915.29	0.04
7.31	1911.76	0.04
7.32	1747.90	0.05
7.32	1677.42	0.05
7.33	1677.42	0.05
7.34	1609.91	0.05
7.35	1492.11	0.06
7.35	1492.11	0.06
7.36	1438.45	0.06
7.36	1438.45	0.06
7.36	1492.11	0.06
7.37	1440.44	0.06
7.37	1549.93	0.05
7.38	1609.91	0.05
7.38	1677.42	0.05
7.39	1677.42	0.05
7.39	1827.77	0.05
7.39	1915.29	0.04
7.40	1915.29	0.04
7.40	1915.29	0.04
7.41	1827.77	0.05
7.41	1911.76	0.04
7.42	1747.90	0.05
7.43	1677.42	0.05
7.43	1609.91	0.05
7.44	1609.91	0.05
7.45	1492.11	0.06
7.45	1492.11	0.06
7.46	1438.45	0.06
7.46	1492.11	0.06
7.47	1440.44	0.06
7.47	1440.44	0.06
7.47	1549.93	0.05
7.48	1677.42	0.05
7.48	1677.42	0.05
7.49	1677.42	0.05
7.49	1915.29	0.04
7.50	1750.84	0.05
7.50	1915.29	0.04
7.50	1827.77	0.05
7.51	1911.76	0.04
7.51	1911.76	0.04
7.52	1827.77	0.05
7.53	1609.91	0.05
7.53	1609.91	0.05
7.54	1609.91	0.05
7.55	1492.11	0.06
7.55	1547.62	0.05
7.56	1492.11	0.06
7.56	1492.11	0.06
7.57	1440.44	0.06
7.57	1440.44	0.06
7.57	1549.93	0.05
7.58	1677.42	0.05
7.58	1677.42	0.05
7.59	1750.84	0.05
7.59	1827.77	0.05
7.60	1750.84	0.05
7.60	1827.77	0.05
7.61	1827.77	0.05
7.61	1911.76	0.04
7.61	1911.76	0.04
7.62	1747.90	0.05
7.63	1609.91	0.05
7.63	1609.91	0.05
7.64	1547.62	0.05
7.65	1492.11	0.06
7.65	1547.62	0.05
7.66	1492.11	0.06
7.66	1549.93	0.05
7.67	1440.44	0.06
7.67	1494.25	0.06
7.67	1549.93	0.05
7.68	1677.42	0.05
7.68	1677.42	0.05
7.69	1750.84	0.05
7.69	1915.29	0.04
7.70	1750.84	0.05
7.70	1827.77	0.05
7.71	1747.90	0.05
7.71	1911.76	0.04
7.71	1911.76	0.04
7.72	1747.90	0.05
7.73	1609.91	0.05
7.73	1609.91	0.05
7.74	1609.91	0.05
7.75	1438.45	0.06
7.75	1609.91	0.05
7.76	1549.93	0.05
7.76	1549.93	0.05
7.77	1494.25	0.06
7.77	1440.44	0.06
7.78	1549.93	0.05
7.78	1677.42	0.05
7.79	1612.40	0.05
7.79	1750.84	0.05
7.79	1915.29	0.04
7.80	1677.42	0.05
7.80	1747.90	0.05
7.81	1747.90	0.05
7.81	1911.76	0.04
7.81	1911.76	0.04
7.82	1747.90	0.05
7.83	1609.91	0.05
7.84	1674.72	0.05
7.84	1547.62	0.05
7.85	1492.11	0.06
7.85	1609.91	0.05
7.86	1549.93	0.05
7.86	1549.93	0.05
7.87	1440.44	0.06
7.87	1440.44	0.06
7.88	1549.93	0.05
7.88	1677.42	0.05
7.89	1680.13	0.05
7.89	1750.84	0.05
7.89	1827.77	0.05
7.90	1677.42	0.05
7.91	1747.90	0.05
7.91	1827.77	0.05
7.91	1911.76	0.04
7.92	1911.76	0.04
7.92	1747.90	0.05
7.93	1609.91	0.05
7.93	1674.72	0.05
7.94	1547.62	0.05
7.95	1492.11	0.06
7.95	1677.42	0.05
7.96	1549.93	0.05
7.96	1549.93	0.05
7.97	1440.44	0.06
7.97	1440.44	0.06
7.98	1549.93	0.05
7.98	1750.84	0.05
7.99	1612.40	0.05
7.99	1750.84	0.05
7.99	1827.77	0.05
8.00	1609.91	0.05
8.00	1827.77	0.05
8.01	1747.90	0.05
8.01	1911.76	0.04
8.02	1911.76	0.04
8.03	1747.90	0.05
8.03	1609.91	0.05
8.04	1674.72	0.05
8.04	1609.91	0.05
8.05	1549.93	0.05
8.05	1677.42	0.05
8.06	1549.93	0.05
8.06	1549.93	0.05
8.07	1440.44	0.06
8.08	1440.44	0.06
8.08	1612.40	0.05
8.08	1612.40	0.05
8.09	1612.40	0.05
8.09	1677.42	0.05
8.10	1747.90	0.05
8.10	1677.42	0.05
8.11	1747.90	0.05
8.11	1747.90	0.05
8.11	1911.76	0.04
8.12	1911.76	0.04
8.13	1674.72	0.05
8.13	1674.72	0.05
8.14	1674.72	0.05
8.14	1609.91	0.05
8.15	1549.93	0.05
8.15	1609.91	0.05
8.16	1549.93	0.05
8.16	1549.93	0.05
8.17	1440.44	0.06
8.17	1494.25	0.06
8.18	1612.40	0.05
8.18	1612.40	0.05
8.19	1612.40	0.05
8.19	1677.42	0.05
8.20	1747.90	0.05
8.20	1677.42	0.05
8.21	1747.90	0.05
8.21	1747.90	0.05
8.22	1911.76	0.04
8.22	1824.56	0.05
8.23	1747.90	0.05
8.23	1674.72	0.05
8.24	1747.90	0.05
8.24	1677.42	0.05
8.25	1549.93	0.05
8.25	1677.42	0.05
8.26	1549.93	0.05
8.27	1549.93	0.05
8.27	1494.25	0.06
8.28	1494.25	0.06
8.28	1494.25	0.06
8.29	1612.40	0.05
8.29	1549.93	0.05
8.29	1609.91	0.05
8.30	1827.77	0.05
8.30	1609.91	0.05
8.31	1747.90	0.05
8.31	1747.90	0.05
8.32	1824.56	0.05
8.32	1824.56	0.05
8.33	1824.56	0.05
8.33	1747.90	0.05
8.34	1747.90	0.05
8.34	1677.42	0.05
8.35	1549.93	0.05
8.35	1677.42	0.05
8.36	1549.93	0.05
8.37	1549.93	0.05
8.37	1494.25	0.06
8.38	1494.25	0.06
8.38	1494.25	0.06
8.39	1549.93	0.05
8.39	1549.93	0.05
8.39	1677.42	0.05
8.40	1747.90	0.05
8.41	1609.91	0.05
8.41	1747.90	0.05
8.41	1747.90	0.05
8.42	1824.56	0.05
8.42	1911.76	0.04
8.43	1824.56	0.05
8.43	1747.90	0.05
8.44	1827.77	0.05
8.45	1609.91	0.05
8.45	1549.93	0.05
8.46	1677.42	0.05
8.46	1549.93	0.05
8.47	1612.40	0.05
8.47	1494.25	0.06
8.48	1494.25	0.06
8.48	1494.25	0.06
8.49	1549.93	0.05
8.49	1549.93	0.05
8.49	1677.42	0.05
8.50	1747.90	0.05
8.51	1609.91	0.05
8.51	1747.90	0.05
8.52	1674.72	0.05
8.52	1911.76	0.04
8.52	1824.56	0.05
8.53	1911.76	0.04
8.53	1827.77	0.05
8.54	1747.90	0.05
8.54	1677.42	0.05
8.55	1549.93	0.05
8.56	1677.42	0.05
8.56	1612.40	0.05
8.57	1612.40	0.05
8.57	1494.25	0.06
8.58	1494.25	0.06
8.59	1440.44	0.06
8.59	1549.93	0.05
8.59	1549.93	0.05
8.60	1609.91	0.05
8.60	1747.90	0.05
8.61	1609.91	0.05
8.61	1674.72	0.05
8.61	1747.90	0.05
8.62	1824.56	0.05
8.62	1824.56	0.05
8.63	1911.76	0.04
8.64	1747.90	0.05
8.64	1747.90	0.05
8.65	1677.42	0.05
8.65	1549.93	0.05
8.66	1677.42	0.05
8.66	1612.40	0.05
8.67	1549.93	0.05
8.67	1494.25	0.06
8.68	1494.25	0.06
8.68	1494.25	0.06
8.69	1549.93	0.05
8.69	1549.93	0.05
8.70	1609.91	0.05
8.70	1747.90	0.05
8.71	1609.91	0.05
8.71	1747.90	0.05
8.72	1747.90	0.05
8.72	1824.56	0.05
8.73	1747.90	0.05
8.73	1911.76	0.04
8.74	1747.90	0.05
8.74	1827.77	0.05
8.75	1677.42	0.05
8.76	1549.93	0.05
8.76	1750.84	0.05
8.77	1549.93	0.05
8.77	1612.40	0.05
8.78	1494.25	0.06
8.78	1549.93	0.05
8.79	1440.44	0.06
8.79	1549.93	0.05
8.79	1492.11	0.06
8.80	1609.91	0.05
8.80	1747.90	0.05
8.81	1609.91	0.05
8.81	1747.90	0.05
8.82	1674.72	0.05
8.82	1824.56	0.05
8.83	1827.77	0.05
8.83	1911.76	0.04
8.84	1827.77	0.05
8.84	1827.77	0.05
8.85	1677.42	0.05
8.85	1612.40	0.05
8.86	1677.42	0.05
8.86	1612.40	0.05
8.87	1612.40	0.05
8.88	1494.25	0.06
8.88	1549.93	0.05
8.89	1440.44	0.06
8.89	1492.11	0.06
8.90	1492.11	0.06
8.90	1609.91	0.05
8.90	1674.72	0.05
8.91	1609.91	0.05
8.91	1674.72	0.05
8.92	1674.72	0.05
8.92	1911.76	0.04
8.93	1747.90	0.05
8.93	1911.76	0.04
8.94	1827.77	0.05
8.94	1827.77	0.05
8.95	1677.42	0.05
8.96	1612.40	0.05
8.96	1677.42	0.05
8.97	1612.40	0.05
8.97	1612.40	0.05
8.98	1494.25	0.06
8.98	1549.93	0.05
8.99	1440.44	0.06
8.99	1492.11	0.06
9.00	1492.11	0.06
9.00	1609.91	0.05
9.00	1747.90	0.05
9.01	1609.91	0.05
9.02	1674.72	0.05
9.02	1747.90	0.05
9.02	1747.90	0.05
9.03	1747.90	0.05
9.03	2007.72	0.04
9.04	1827.77	0.05
9.04	1827.77	0.05
9.05	1750.84	0.05
9.06	1549.93	0.05
9.06	1750.84	0.05
9.07	1612.40	0.05
9.07	1549.93	0.05
9.08	1549.93	0.05
9.08	1549.93	0.05
9.09	1390.37	0.06
9.09	1492.11	0.06
9.10	1492.11	0.06
9.10	1609.91	0.05
9.10	1747.90	0.05
9.11	1547.62	0.05
9.11	1747.90	0.05
9.12	1747.90	0.05
9.13	1747.90	0.05
9.13	1827.77	0.05
9.13	2007.72	0.04
9.14	1827.77	0.05
9.14	1827.77	0.05
9.15	1677.42	0.05
9.16	1612.40	0.05
9.16	1750.84	0.05
9.17	1549.93	0.05
9.17	1612.40	0.05
9.18	1549.93	0.05
9.18	1492.11	0.06
9.19	1390.37	0.06
9.20	1492.11	0.06
9.20	1549.93	0.05
9.20	1609.91	0.05
9.21	1674.72	0.05
9.21	1609.91	0.05
9.22	1747.90	0.05
9.22	1609.91	0.05
9.22	1827.77	0.05
9.23	1827.77	0.05
9.23	2007.72	0.04
9.24	1827.77	0.05
9.24	1827.77	0.05
9.25	1677.42	0.05
9.26	1612.40	0.05
9.26	1677.42	0.05
9.27	1612.40	0.05
9.27	1677.42	0.05
9.28	1492.11	0.06
9.28	1492.11	0.06
9.29	1390.37	0.06
9.29	1549.93	0.05
9.30	1492.11	0.06
9.30	1609.91	0.05
9.31	1674.72	0.05
9.31	1609.91	0.05
9.32	1674.72	0.05
9.32	1677.42	0.05
9.33	1827.77	0.05
9.33	1827.77	0.05
9.33	2007.72	0.04
9.34	1827.77	0.05
9.34	1827.77	0.05
9.35	1750.84	0.05
9.36	1612.40	0.05
9.36	1677.42	0.05
9.37	1612.40	0.05
9.37	1609.91	0.05
9.38	1492.11	0.06
9.39	1492.11	0.06
9.39	1440.44	0.06
9.40	1492.11	0.06
9.40	1492.11	0.06
9.40	1547.62	0.05
9.41	1609.91	0.05
9.41	1609.91	0.05
9.42	1747.90	0.05
9.42	1677.42	0.05
9.43	1827.77	0.05
9.43	1827.77	0.05
9.44	1911.76	0.04
9.44	1827.77	0.05
9.45	1827.77	0.05
9.45	1750.84	0.05
9.46	1677.42	0.05
9.46	1750.84	0.05
9.47	1549.93	0.05
9.47	1609.91	0.05
9.48	1492.11	0.06
9.49	1492.11	0.06
9.49	1440.44	0.06
9.50	1492.11	0.06
9.50	1492.11	0.06
9.51	1547.62	0.05
9.51	1609.91	0.05
9.51	1609.91	0.05
9.52	1677.42	0.05
9.52	1677.42	0.05
9.53	1827.77	0.05
9.53	1827.77	0.05
9.53	2007.72	0.04
9.54	1827.77	0.05
9.54	1915.29	0.04
9.55	1750.84	0.05
9.56	1750.84	0.05
9.56	1677.42	0.05
9.57	1609.91	0.05
9.58	1609.91	0.05
9.58	1492.11	0.06
9.59	1549.93	0.05
9.59	1390.37	0.06
9.60	1492.11	0.06
9.60	1438.45	0.06
9.60	1609.91	0.05
9.61	1609.91	0.05
9.62	1609.91	0.05
9.62	1677.42	0.05
9.63	1677.42	0.05
9.63	1827.77	0.05
9.63	1827.77	0.05
9.64	2007.72	0.04
9.64	1915.29	0.04
9.65	1915.29	0.04
9.65	1677.42	0.05
9.66	1677.42	0.05
9.66	1677.42	0.05
9.67	1609.91	0.05
9.68	1609.91	0.05
9.68	1549.93	0.05
9.69	1492.11	0.06
9.70	1390.37	0.06
9.70	1438.45	0.06
9.70	1492.11	0.06
9.71	1609.91	0.05
9.71	1609.91	0.05
9.71	1677.42	0.05
9.72	1677.42	0.05
9.73	1677.42	0.05
9.73	1827.77	0.05
9.73	1827.77	0.05
9.74	2007.72	0.04
9.74	1915.29	0.04
9.75	1827.77	0.05
9.75	1750.84	0.05
9.76	1677.42	0.05
9.77	1609.91	0.05
9.77	1609.91	0.05
9.78	1609.91	0.05
9.78	1492.11	0.06
9.79	1492.11	0.06
9.80	1390.37	0.06
9.80	1492.11	0.06
9.80	1492.11	0.06
9.81	1492.11	0.06
9.81	1677.42	0.05
9.82	1677.42	0.05
9.82	1677.42	0.05
9.83	1750.84	0.05
9.83	1827.77	0.05
9.83	1827.77	0.05
9.84	1915.29	0.04
9.84	1827.77	0.05
9.85	1827.77	0.05
9.85	1827.77	0.05
9.86	1609.91	0.05
9.87	1609.91	0.05
9.88	1609.91	0.05
9.88	1609.91	0.05
9.89	1492.11	0.06
9.89	1492.11	0.06
9.90	1492.11	0.06
9.90	1492.11	0.06
9.90	1492.11	0.06
9.91	1549.93	0.05
9.91	1677.42	0.05
9.92	1677.42	0.05
9.92	1750.84	0.05
9.93	1677.42	0.05
9.93	1827.77	0.05
9.94	1827.77	0.05
9.94	1827.77	0.05
9.95	1827.77	0.05
9.95	1915.29	0.04
9.96	1747.90	0.05
9.96	1609.91	0.05
9.97	1609.91	0.05
9.97	1609.91	0.05
9.98	1609.91	0.05
9.99	1492.11	0.06
9.99	1492.11	0.06
10.00	1492.11	0.06
10.00	1492.11	0.06
10.00	1492.11	0.06
10.01	1549.93	0.05
10.01	1677.42	0.05
10.02	1677.42	0.05
10.02	1677.42	0.05
10.03	1677.42	0.05
10.03	1827.77	0.05
10.03	1915.29	0.04
10.04	1827.77	0.05
10.04	1915.29	0.04
10.05	1827.77	0.05
10.06	1747.90	0.05
10.07	1609.91	0.05
10.07	1609.91	0.05
10.08	1609.91	0.05
10.08	1609.91	0.05
10.09	1492.11	0.06
10.09	1492.11	0.06
10.10	1492.11	0.06
10.10	1492.11	0.06
10.11	1440.44	0.06
10.11	1549.93	0.05
10.12	1677.42	0.05
10.12	1750.84	0.05
10.13	1677.42	0.05
10.13	1677.42	0.05
10.13	1915.29	0.04
10.14	1827.77	0.05
10.14	1915.29	0.04
10.15	1827.77	0.05
10.15	1911.76	0.04
10.16	1747.90	0.05
10.17	1609.91	0.05
10.17	1609.91	0.05
10.18	1609.91	0.05
10.18	1609.91	0.05
10.19	1492.11	0.06
10.19	1492.11	0.06
10.20	1492.11	0.06
10.20	1492.11	0.06
10.21	1440.44	0.06
10.21	1549.93	0.05
10.21	1750.84	0.05
10.22	1677.42	0.05
10.23	1677.42	0.05
10.23	1750.84	0.05
10.23	1827.77	0.05
10.24	1827.77	0.05
10.24	1827.77	0.05
10.25	1827.77	0.05
10.25	1911.76	0.04
10.26	1747.90	0.05
10.27	1609.91	0.05
10.27	1609.91	0.05
10.28	1609.91	0.05
10.28	1547.62	0.05
10.29	1492.11	0.06
10.29	1492.11	0.06
10.30	1492.11	0.06
10.30	1549.93	0.05
10.31	1440.44	0.06
10.31	1612.40	0.05
10.32	1677.42	0.05
10.32	1677.42	0.05
10.33	1750.84	0.05
10.33	1750.84	0.05
10.33	1827.77	0.05
10.34	1750.84	0.05
10.34	1827.77	0.05
10.35	1747.90	0.05
10.35	1911.76	0.04
10.36	1674.72	0.05
10.37	1609.91	0.05
10.37	1609.91	0.05
10.38	1547.62	0.05
10.38	1609.91	0.05
10.39	1492.11	0.06
10.39	1609.91	0.05
10.40	1549.93	0.05
10.40	1549.93	0.05
10.41	1494.25	0.06
10.41	1612.40	0.05
10.42	1677.42	0.05
10.42	1677.42	0.05
10.43	1750.84	0.05
10.43	1677.42	0.05
10.44	1827.77	0.05
10.44	1677.42	0.05
10.45	1747.90	0.05
10.45	1747.90	0.05
10.45	1824.56	0.05
10.46	1747.90	0.05
10.47	1609.91	0.05
10.47	1609.91	0.05
10.48	1609.91	0.05
10.48	1609.91	0.05
10.49	1549.93	0.05
10.49	1609.91	0.05
10.50	1549.93	0.05
10.50	1549.93	0.05
10.51	1494.25	0.06
10.51	1549.93	0.05
10.52	1677.42	0.05
10.52	1750.84	0.05
10.53	1677.42	0.05
10.53	1677.42	0.05
10.53	1827.77	0.05
10.54	1677.42	0.05
10.55	1747.90	0.05
10.55	1747.90	0.05
10.56	1824.56	0.05
10.56	1747.90	0.05
10.57	1609.91	0.05
10.57	1547.62	0.05
10.58	1609.91	0.05
10.58	1609.91	0.05
10.59	1492.11	0.06
10.59	1677.42	0.05
10.60	1549.93	0.05
10.60	1612.40	0.05
10.61	1494.25	0.06
10.62	1549.93	0.05
10.62	1750.84	0.05
10.62	1750.84	0.05
10.63	1677.42	0.05
10.63	1750.84	0.05
10.64	1827.77	0.05
10.64	1609.91	0.05
10.65	1747.90	0.05
10.65	1674.72	0.05
10.65	1911.76	0.04
10.66	1747.90	0.05
10.67	1547.62	0.05
10.67	1609.91	0.05
10.68	1609.91	0.05
10.68	1609.91	0.05
10.69	1549.93	0.05
10.69	1677.42	0.05
10.70	1612.40	0.05
10.70	1612.40	0.05
10.71	1440.44	0.06
10.71	1612.40	0.05
10.72	1750.84	0.05
10.72	1677.42	0.05
10.73	1750.84	0.05
10.73	1677.42	0.05
10.74	1747.90	0.05
10.75	1609.91	0.05
10.75	1674.72	0.05
10.75	1747.90	0.05
10.76	1911.76	0.04
10.76	1674.72	0.05
10.77	1609.91	0.05
10.77	1609.91	0.05
10.78	1609.91	0.05
10.78	1609.91	0.05
10.79	1549.93	0.05
10.80	1677.42	0.05
10.80	1612.40	0.05
10.81	1549.93	0.05
10.81	1494.25	0.06
10.82	1612.40	0.05
10.82	1677.42	0.05
10.82	1677.42	0.05
10.83	1677.42	0.05
10.83	1677.42	0.05
10.84	1747.90	0.05
10.85	1609.91	0.05
10.85	1747.90	0.05
10.85	1747.90	0.05
10.86	1824.56	0.05
10.87	1674.72	0.05
10.87	1609.91	0.05
10.88	1609.91	0.05
10.88	1609.91	0.05
10.88	1677.42	0.05
10.89	1549.93	0.05
10.89	1750.84	0.05
10.90	1549.93	0.05
10.91	1549.93	0.05
10.91	1494.25	0.06
10.92	1612.40	0.05
10.92	1677.42	0.05
10.92	1750.84	0.05
10.93	1677.42	0.05
10.94	1609.91	0.05
10.94	1747.90	0.05
10.95	1609.91	0.05
10.95	1747.90	0.05
10.95	1747.90	0.05
10.96	1824.56	0.05
10.96	1747.90	0.05
10.97	1609.91	0.05
10.98	1609.91	0.05
10.98	1677.42	0.05
10.99	1677.42	0.05
10.99	1612.40	0.05
11.00	1677.42	0.05
11.00	1549.93	0.05
11.01	1612.40	0.05
11.01	1494.25	0.06
11.02	1549.93	0.05
11.02	1750.84	0.05
11.02	1677.42	0.05
11.03	1609.91	0.05
11.04	1609.91	0.05
11.04	1674.72	0.05
11.05	1609.91	0.05
11.05	1747.90	0.05
11.06	1674.72	0.05
11.06	1824.56	0.05
11.07	1747.90	0.05
11.07	1609.91	0.05
11.08	1609.91	0.05
11.08	1677.42	0.05
11.09	1677.42	0.05
11.09	1612.40	0.05
11.10	1677.42	0.05
11.10	1612.40	0.05
11.11	1612.40	0.05
11.12	1494.25	0.06
11.12	1612.40	0.05
11.12	1677.42	0.05
11.13	1677.42	0.05
11.13	1609.91	0.05
11.14	1609.91	0.05
11.14	1747.90	0.05
11.15	1609.91	0.05
11.15	1674.72	0.05
11.16	1674.72	0.05
11.16	1911.76	0.04
11.17	1674.72	0.05
11.17	1609.91	0.05
11.18	1677.42	0.05
11.18	1677.42	0.05
11.19	1750.84	0.05
11.19	1549.93	0.05
11.20	1677.42	0.05
11.20	1612.40	0.05
11.21	1612.40	0.05
11.21	1494.25	0.06
11.22	1612.40	0.05
11.22	1677.42	0.05
11.23	1609.91	0.05
11.24	1609.91	0.05
11.24	1609.91	0.05
11.24	1747.90	0.05
11.25	1609.91	0.05
11.25	1674.72	0.05
11.26	1747.90	0.05
11.26	1824.56	0.05
11.27	1747.90	0.05
11.27	1677.42	0.05
11.28	1677.42	0.05
11.28	1750.84	0.05
11.29	1677.42	0.05
11.30	1549.93	0.05
11.30	1750.84	0.05
11.31	1612.40	0.05
11.31	1549.93	0.05
11.32	1494.25	0.06
11.32	1549.93	0.05
11.32	1609.91	0.05
11.33	1609.91	0.05
11.33	1609.91	0.05
11.34	1609.91	0.05
11.34	1747.90	0.05
11.35	1547.62	0.05
11.35	1747.90	0.05
11.36	1747.90	0.05
11.36	1824.56	0.05
11.37	1747.90	0.05
11.37	1677.42	0.05
11.38	1677.42	0.05
11.38	1677.42	0.05
11.39	1677.42	0.05
11.39	1612.40	0.05
11.40	1750.84	0.05
11.41	1549.93	0.05
11.41	1612.40	0.05
11.42	1494.25	0.06
11.42	1549.93	0.05
11.43	1609.91	0.05
11.43	1609.91	0.05
11.44	1609.91	0.05
11.44	1609.91	0.05
11.44	1674.72	0.05
11.45	1609.91	0.05
11.45	1747.90	0.05
11.46	1674.72	0.05
11.46	1747.90	0.05
11.47	1827.77	0.05
11.48	1677.42	0.05
11.48	1750.84	0.05
11.49	1677.42	0.05
11.49	1677.42	0.05
11.50	1612.40	0.05
11.50	1677.42	0.05
11.51	1612.40	0.05
11.51	1612.40	0.05
11.52	1549.93	0.05
11.52	1492.11	0.06
11.53	1609.91	0.05
11.53	1609.91	0.05
11.54	1609.91	0.05
11.54	1609.91	0.05
11.55	1674.72	0.05
11.55	1609.91	0.05
11.56	1674.72	0.05
11.56	1674.72	0.05
11.56	1827.77	0.05
11.57	1827.77	0.05
11.57	1750.84	0.05
11.58	1677.42	0.05
11.59	1677.42	0.05
11.59	1750.84	0.05
11.60	1612.40	0.05
11.60	1677.42	0.05
11.61	1612.40	0.05
11.61	1612.40	0.05
11.62	1492.11	0.06
11.62	1492.11	0.06
11.63	1609.91	0.05
11.63	1609.91	0.05
11.64	1609.91	0.05
11.64	1547.62	0.05
11.64	1747.90	0.05
11.65	1609.91	0.05
11.66	1674.72	0.05
11.66	1747.90	0.05
11.67	1827.77	0.05
11.67	1827.77	0.05
11.68	1677.42	0.05
11.68	1677.42	0.05
11.69	1750.84	0.05
11.69	1750.84	0.05
11.70	1549.93	0.05
11.70	1750.84	0.05
11.71	1612.40	0.05
11.71	1549.93	0.05
11.72	1492.11	0.06
11.72	1549.93	0.05
11.73	1609.91	0.05
11.73	1609.91	0.05
11.74	1547.62	0.05
11.74	1609.91	0.05
11.75	1747.90	0.05
11.75	1547.62	0.05
11.76	1747.90	0.05
11.76	1677.42	0.05
11.77	1827.77	0.05
11.77	1827.77	0.05
11.78	1677.42	0.05
11.78	1677.42	0.05
11.79	1750.84	0.05
11.79	1677.42	0.05
11.80	1612.40	0.05
11.80	1750.84	0.05
11.81	1549.93	0.05
11.81	1609.91	0.05
11.82	1549.93	0.05
11.82	1492.11	0.06
11.83	1609.91	0.05
11.83	1609.91	0.05
11.84	1609.91	0.05
11.84	1609.91	0.05
11.85	1674.72	0.05
11.85	1609.91	0.05
11.86	1747.90	0.05
11.86	1677.42	0.05
11.87	1827.77	0.05
11.87	1827.77	0.05
11.88	1677.42	0.05
11.88	1750.84	0.05
11.89	1677.42	0.05
11.89	1677.42	0.05
11.90	1612.40	0.05
11.90	1677.42	0.05
11.91	1549.93	0.05
11.92	1609.91	0.05
11.92	1492.11	0.06
11.93	1492.11	0.06
11.93	1609.91	0.05
11.93	1547.62	0.05
11.94	1609.91	0.05
11.94	1609.91	0.05
11.95	1674.72	0.05
11.95	1609.91	0.05
11.96	1827.77	0.05
11.96	1750.84	0.05
11.97	1827.77	0.05
11.97	1827.77	0.05
11.98	1750.84	0.05
11.98	1750.84	0.05
11.99	1677.42	0.05
11.99	1750.84	0.05
12.00	1612.40	0.05
12.00	1677.42	0.05
12.01	1492.11	0.06
12.01	1609.91	0.05
12.02	1492.11	0.06
12.03	1492.11	0.06
12.03	1547.62	0.05
12.03	1609.91	0.05
12.04	1609.91	0.05
12.05	1547.62	0.05
12.05	1747.90	0.05
12.05	1677.42	0.05
12.06	1827.77	0.05
12.06	1677.42	0.05
12.07	1827.77	0.05
12.07	1827.77	0.05
12.08	1750.84	0.05
12.08	1677.42	0.05
12.09	1750.84	0.05
12.09	1830.99	0.05
12.09	0.00	0.00
