0.100000	0.012000
0.118240	0.012000
0.136480	0.012000
0.136480	0.016000
0.136480	0.026000
0.154720	0.017760
0.158720	0.017760
0.168720	0.021760
0.178720	0.023760
0.178720	0.029760
0.182720	0.031760
0.182720	0.047760
0.196720	0.039760
0.196720	0.045760
0.208720	0.037760
0.214720	0.039760
0.220720	0.051760
0.236720	0.039760
0.242720	0.041760
0.248720	0.039760
0.260720	0.045760
0.278720	0.035760
0.282720	0.035760
0.290720	0.033760
0.294720	0.043760
0.312720	0.035760
0.320720	0.035760
0.324720	0.035760
0.330720	0.043760
0.344720	0.035760
0.354720	0.035760
0.362720	0.035760
0.366720	0.033760
0.380720	0.033760
0.386720	0.033760
0.396720	0.035760
0.404720	0.043760
0.406720	0.043760
0.420720	0.035760
0.426720	0.035760
0.438720	0.039760
0.454720	0.027760
0.456720	0.029760
0.462720	0.027760
0.468720	0.029760
0.484720	0.023760
0.488720	0.025760
0.492720	0.023760
0.496720	0.025760
0.504720	0.025760
0.514720	0.023760
0.520720	0.023760
0.522720	0.025760
0.528720	0.025760
0.536720	0.025760
0.544720	0.025760
0.550720	0.025760
0.554720	0.023760
0.560720	0.025760
0.568720	0.023760
0.576720	0.023760
0.582720	0.023760
0.584720	0.025760
0.592720	0.025760
0.598720	0.025760
0.606720	0.025760
0.612720	0.025760
0.616720	0.025760
0.624720	0.023760
0.630720	0.023760
0.638720	0.023760
0.644720	0.025760
0.648720	0.025760
0.654720	0.025760
0.660720	0.025760
0.668720	0.025760
0.676720	0.025760
0.680720	0.023760
0.686720	0.023760
0.692720	0.025760
0.700720	0.027760
0.708720	0.023760
0.710720	0.025760
0.716720	0.025760
0.724720	0.023760
0.734720	0.023760
0.738720	0.025760
0.742720	0.023760
0.748720	0.023760
0.754720	0.023760
0.764720	0.023760
0.770720	0.023760
0.772720	0.025760
0.778720	0.025760
0.784720	0.025760
0.794720	0.025760
0.800720	0.025760
0.804720	0.023760
0.810720	0.023760
0.816720	0.025760
0.826720	0.023760
0.832720	0.023760
0.834720	0.025760
0.840720	0.025760
0.848720	0.027760
0.856720	0.025760
0.862720	0.025760
0.866720	0.023760
0.872720	0.023760
0.882720	0.025760
0.888720	0.023760
0.894720	0.025760
0.896720	0.027760
0.902720	0.025760
0.914720	0.023760
0.918720	0.025760
0.926720	0.025760
0.930720	0.023760
0.934720	0.025760
0.944720	0.023760
0.950720	0.023760
0.958720	0.023760
0.960720	0.025760
0.966720	0.025760
0.974720	0.025760
0.980720	0.025760
0.988720	0.025760
0.992720	0.023760
0.998720	0.033760
1.006720	0.017760
1.012720	0.023760
1.020720	0.023760
1.022720	0.025760
1.038720	0.025760
1.038720	0.031760
1.042720	0.029760
1.050720	0.029760
1.054720	0.027760
1.070720	0.027760
1.076720	0.025760
1.078720	0.027760
1.086720	0.025760
1.088720	0.029760
1.104720	0.025760
1.108720	0.027760
1.112720	0.025760
1.118720	0.027760
1.124720	0.027760
1.136720	0.025760
1.142720	0.025760
1.144720	0.027760
1.152720	0.027760
1.158720	0.037760
1.168720	0.021760
1.174720	0.027760
1.178720	0.025760
1.186720	0.027760
1.196720	0.021760
1.202720	0.027760
1.202720	0.029760
1.208720	0.027760
1.210720	0.031760
1.220720	0.031760
1.236720	0.025760
1.238720	0.025760
1.242720	0.027760
1.248720	0.025760
1.258720	0.025760
1.268720	0.025760
1.270720	0.027760
1.276720	0.025760
1.280720	0.027760
1.290720	0.027760
1.300720	0.027760
1.304720	0.025760
1.308720	0.025760
1.314720	0.027760
1.324720	0.027760
1.334720	0.025760
1.336720	0.025760
1.340720	0.027760
1.348720	0.025760
1.358720	0.027760
1.366720	0.025760
1.368720	0.027760
1.374720	0.027760
1.380720	0.027760
1.392720	0.027760
1.398720	0.027760
1.402720	0.025760
1.408720	0.025760
1.414720	0.027760
1.426720	0.025760
1.432720	0.025760
1.434720	0.027760
1.440720	0.027760
1.448720	0.027760
1.458720	0.027760
1.464720	0.027760
1.468720	0.025760
1.474720	0.027760
1.482720	0.027760
1.492720	0.025760
1.498720	0.025760
1.500720	0.027760
1.508720	0.027760
1.516720	0.025760
1.524720	0.027760
1.530720	0.027760
1.534720	0.027760
1.542720	0.027760
1.548720	0.027760
1.558720	0.025760
1.564720	0.027760
1.568720	0.027760
1.576720	0.025760
1.582720	0.025760
1.590720	0.027760
1.598720	0.027760
1.602720	0.027760
1.608720	0.027760
1.614720	0.027760
1.624720	0.027760
1.632720	0.027760
1.636720	0.025760
1.642720	0.025760
1.648720	0.025760
1.658720	0.027760
1.666720	0.035760
1.668720	0.037760
1.674720	0.037760
1.680720	0.053760
1.692720	0.053760
1.708720	0.043760
1.712720	0.041760
1.718720	0.051760
1.740720	0.035760
1.752720	0.033760
1.758720	0.033760
1.760720	0.035760
1.776720	0.025760
1.782720	0.023760
1.792720	0.023760
1.798720	0.023760
1.802720	0.021760
1.808720	0.021760
1.812720	0.023760
1.822720	0.021760
1.828720	0.021760
1.830720	0.023760
1.836720	0.021760
1.842720	0.021760
1.850720	0.023760
1.856720	0.023760
1.860720	0.021760
1.864720	0.023760
1.870720	0.023760
1.880720	0.021760
1.886720	0.021760
1.888720	0.023760
1.894720	0.021760
1.900720	0.021760
1.908720	0.023760
1.914720	0.023760
1.918720	0.021760
1.922720	0.023760
1.928720	0.023760
1.938720	0.021760
1.944720	0.021760
1.946720	0.023760
1.952720	0.021760
1.958720	0.021760
1.966720	0.025760
1.972720	0.025760
1.976720	0.023760
1.980720	0.027760
1.986720	0.027760
1.998720	0.023760
2.004720	0.023760
2.006720	0.025760
2.014720	0.025760
2.020720	0.025760
2.028720	0.029760
2.034720	0.029760
2.038720	0.027760
2.046720	0.027760
2.052720	0.027760
2.064720	0.025760
2.070720	0.025760
2.072720	0.029760
2.080720	0.025760
2.086720	0.025760
2.096720	0.027760
2.102720	0.027760
2.108720	0.025760
2.112720	0.027760
2.118720	0.027760
2.130720	0.025760
2.136720	0.025760
2.140720	0.025760
2.146720	0.027760
2.152720	0.027760
2.162720	0.029760
2.168720	0.027760
2.172720	0.029760
2.180720	0.025760
2.186720	0.025760
2.198720	0.025760
2.202720	0.025760
2.208720	0.027760
2.212720	0.027760
2.218720	0.027760
2.230720	0.027760
2.234720	0.029760
2.242720	0.027760
2.246720	0.031760
2.252720	0.031760
2.264720	0.029760
2.270720	0.031760
2.276720	0.029760
2.284720	0.029760
2.290720	0.029760
2.300720	0.027760
2.308720	0.031760
2.312720	0.033760
2.320720	0.029760
2.326720	0.029760
2.334720	0.029760
2.346720	0.027760
2.352720	0.029760
2.356720	0.027760
2.362720	0.029760
2.370720	0.029760
2.380720	0.025760
2.388720	0.023760
2.390720	0.023760
2.398720	0.021760
2.406720	0.019760
2.412720	0.023760
2.418720	0.021760
2.420720	0.025760
2.426720	0.023760
2.432720	0.021760
2.442720	0.021760
2.446720	0.023760
2.452720	0.023760
2.456720	0.021760
2.460720	0.023760
2.470720	0.021760
2.476720	0.021760
2.482720	0.021760
2.484720	0.025760
2.490720	0.023760
2.498720	0.023760
2.504720	0.023760
2.510720	0.023760
2.516720	0.023760
2.520720	0.021760
2.528720	0.019760
2.534720	0.019760
2.540720	0.021760
2.546720	0.021760
2.548720	0.023760
2.554720	0.023760
2.560720	0.021760
2.568720	0.023760
2.574720	0.023760
2.578720	0.021760
2.584720	0.021760
2.588720	0.023760
2.598720	0.021760
2.604720	0.021760
2.606720	0.023760
2.612720	0.021760
2.618720	0.027760
2.626720	0.017760
2.632720	0.023760
2.636720	0.021760
2.640720	0.023760
2.652720	0.019760
2.652720	0.023760
2.662720	0.019760
2.664720	0.023760
2.670720	0.021760
2.678720	0.021760
2.682720	0.023760
2.688720	0.021760
2.694720	0.021760
2.698720	0.023760
2.706720	0.021760
2.712720	0.021760
2.716720	0.023760
2.722720	0.021760
2.728720	0.023760
2.734720	0.029760
2.740720	0.015760
2.746720	0.021760
2.750720	0.023760
2.758720	0.021760
2.770720	0.017760
2.770720	0.021760
2.774720	0.023760
2.780720	0.023760
2.786720	0.023760
2.794720	0.021760
2.798720	0.021760
2.804720	0.021760
2.810720	0.021760
2.816720	0.023760
2.822720	0.021760
2.826720	0.023760
2.832720	0.023760
2.838720	0.023760
2.846720	0.021760
2.850720	0.021760
2.856720	0.021760
2.862720	0.021760
2.868720	0.023760
2.874720	0.021760
2.878720	0.023760
2.884720	0.023760
2.890720	0.023760
2.898720	0.021760
2.902720	0.021760
2.908720	0.021760
2.914720	0.021760
2.920720	0.023760
2.926720	0.021760
2.930720	0.023760
2.936720	0.023760
2.942720	0.023760
2.950720	0.021760
2.954720	0.021760
2.960720	0.021760
2.966720	0.021760
2.972720	0.023760
2.978720	0.021760
2.982720	0.023760
2.988720	0.023760
2.994720	0.023760
3.002720	0.021760
3.006720	0.021760
3.012720	0.021760
3.018720	0.021760
3.024720	0.023760
3.030720	0.021760
3.034720	0.023760
3.040720	0.023760
3.046720	0.023760
3.054720	0.021760
3.058720	0.021760
3.064720	0.021760
3.070720	0.021760
3.076720	0.023760
3.082720	0.021760
3.086720	0.023760
3.092720	0.023760
3.098720	0.033760
3.106720	0.037760
3.110720	0.037760
3.116720	0.037760
3.122720	0.037760
3.138720	0.037760
3.150720	0.029760
3.154720	0.031760
3.160720	0.033760
3.166720	0.031760
3.182720	0.025760
3.186720	0.025760
3.192720	0.025760
3.200720	0.025760
3.204720	0.027760
3.214720	0.025760
3.218720	0.027760
3.224720	0.025760
3.232720	0.025760
3.238720	0.027760
3.246720	0.025760
3.252720	0.025760
3.256720	0.027760
3.264720	0.027760
3.272720	0.025760
3.278720	0.027760
3.284720	0.025760
3.290720	0.025760
3.298720	0.025760
3.304720	0.027760
3.312720	0.025760
3.316720	0.027760
3.322720	0.027760
3.330720	0.025760
3.338720	0.027760
3.344720	0.025760
3.350720	0.025760
3.356720	0.029760
3.362720	0.027760
3.372720	0.025760
3.376720	0.027760
3.382720	0.027760
3.392720	0.025760
3.396720	0.025760
3.404720	0.025760
3.410720	0.025760
3.416720	0.025760
3.424720	0.025760
3.428720	0.027760
3.436720	0.027760
3.442720	0.027760
3.448720	0.027760
3.456720	0.025760
3.462720	0.025760
3.470720	0.023760
3.476720	0.023760
3.482720	0.027760
3.488720	0.027760
3.494720	0.027760
3.500720	0.027760
3.506720	0.027760
3.516720	0.025760
3.522720	0.025760
3.528720	0.025760
3.534720	0.027760
3.540720	0.027760
3.548720	0.027760
3.554720	0.027760
3.560720	0.027760
3.568720	0.027760
3.574720	0.025760
3.582720	0.025760
3.588720	0.025760
3.594720	0.025760
3.602720	0.025760
3.606720	0.027760
3.614720	0.027760
3.620720	0.027760
3.626720	0.025760
3.634720	0.025760
3.640720	0.025760
3.648720	0.023760
3.654720	0.023760
3.658720	0.025760
3.666720	0.027760
3.672720	0.025760
3.678720	0.029760
3.684720	0.027760
3.690720	0.027760
3.700720	0.025760
3.704720	0.027760
3.714720	0.025760
3.718720	0.027760
3.724720	0.027760
3.732720	0.025760
3.738720	0.027760
3.746720	0.025760
3.752720	0.025760
3.758720	0.025760
3.764720	0.027760
3.772720	0.025760
3.778720	0.025760
3.784720	0.025760
3.790720	0.023760
3.798720	0.023760
3.804720	0.021760
3.810720	0.021760
3.816720	0.021760
3.820720	0.023760
3.828720	0.021760
3.832720	0.023760
3.838720	0.023760
3.844720	0.021760
3.850720	0.023760
3.856720	0.021760
3.862720	0.021760
3.868720	0.021760
3.872720	0.023760
3.880720	0.021760
3.884720	0.023760
3.890720	0.023760
3.896720	0.021760
3.902720	0.023760
3.908720	0.021760
3.914720	0.021760
3.920720	0.021760
3.924720	0.023760
3.932720	0.021760
3.936720	0.023760
3.942720	0.023760
3.948720	0.021760
3.954720	0.023760
3.960720	0.021760
3.966720	0.021760
3.972720	0.021760
3.976720	0.023760
3.984720	0.021760
3.988720	0.023760
3.994720	0.023760
4.000720	0.021760
4.006720	0.023760
4.012720	0.021760
4.018720	0.021760
4.024720	0.021760
4.028720	0.023760
4.036720	0.021760
4.040720	0.023760
4.046720	0.029760
4.052720	0.017760
4.058720	0.023760
4.064720	0.021760
4.070720	0.021760
4.082720	0.015760
4.082720	0.023760
4.088720	0.021760
4.092720	0.023760
4.098720	0.023760
4.104720	0.023760
4.112720	0.021760
4.116720	0.023760
4.122720	0.021760
4.128720	0.021760
4.134720	0.023760
4.140720	0.021760
4.146720	0.021760
4.150720	0.023760
4.156720	0.023760
4.164720	0.027760
4.168720	0.017760
4.174720	0.021760
4.180720	0.021760
4.186720	0.021760
4.198720	0.017760
4.198720	0.023760
4.202720	0.023760
4.208720	0.023760
4.214720	0.023760
4.222720	0.021760
4.228720	0.021760
4.232720	0.023760
4.238720	0.021760
4.244720	0.023760
4.250720	0.023760
4.256720	0.021760
4.262720	0.021760
4.266720	0.023760
4.274720	0.021760
4.280720	0.021760
4.284720	0.023760
4.290720	0.021760
4.296720	0.023760
4.302720	0.023760
4.308720	0.021760
4.314720	0.021760
4.318720	0.023760
4.326720	0.021760
4.332720	0.021760
4.336720	0.023760
4.342720	0.021760
4.348720	0.023760
4.354720	0.023760
4.360720	0.021760
4.366720	0.021760
4.370720	0.023760
4.378720	0.021760
4.384720	0.021760
4.388720	0.023760
4.394720	0.021760
4.400720	0.023760
4.406720	0.023760
4.412720	0.021760
4.418720	0.021760
4.422720	0.023760
4.430720	0.021760
4.436720	0.021760
4.440720	0.023760
4.446720	0.021760
4.452720	0.023760
4.458720	0.023760
4.464720	0.021760
4.470720	0.021760
4.474720	0.023760
4.482720	0.021760
4.488720	0.021760
4.492720	0.023760
4.498720	0.021760
4.504720	0.023760
4.510720	0.023760
4.516720	0.021760
4.522720	0.031760
4.526720	0.033760
4.534720	0.035760
4.540720	0.035760
4.544720	0.037760
4.560720	0.029760
4.566720	0.031760
4.576720	0.027760
4.582720	0.025760
4.588720	0.025760
4.596720	0.023760
4.604720	0.021760
4.610720	0.021760
4.614720	0.023760
4.620720	0.021760
4.626720	0.023760
4.632720	0.023760
4.638720	0.021760
4.644720	0.021760
4.648720	0.023760
4.656720	0.021760
4.662720	0.021760
4.666720	0.023760
4.672720	0.021760
4.678720	0.023760
4.684720	0.023760
4.690720	0.021760
4.696720	0.021760
4.700720	0.023760
4.708720	0.021760
4.714720	0.021760
4.718720	0.023760
4.724720	0.021760
4.730720	0.023760
4.736720	0.023760
4.742720	0.021760
4.748720	0.021760
4.752720	0.023760
4.760720	0.021760
4.766720	0.021760
4.770720	0.023760
4.776720	0.021760
4.782720	0.025760
4.788720	0.025760
4.794720	0.023760
4.800720	0.025760
4.804720	0.027760
4.814720	0.025760
4.820720	0.025760
4.824720	0.027760
4.832720	0.025760
4.838720	0.027760
4.846720	0.027760
4.852720	0.025760
4.858720	0.027760
4.864720	0.027760
4.872720	0.025760
4.880720	0.025760
4.884720	0.027760
4.892720	0.025760
4.898720	0.027760
4.904720	0.025760
4.912720	0.025760
4.918720	0.025760
4.924720	0.027760
4.932720	0.025760
4.936720	0.025760
4.944720	0.027760
4.950720	0.025760
4.958720	0.027760
4.964720	0.025760
4.968720	0.027760
4.978720	0.023760
4.982720	0.023760
4.992720	0.025760
4.996720	0.025760
5.002720	0.027760
5.008720	0.027760
5.012720	0.029760
5.024720	0.025760
5.028720	0.027760
5.036720	0.025760
5.042720	0.025760
5.048720	0.025760
5.056720	0.025760
5.062720	0.027760
5.068720	0.025760
5.074720	0.027760
5.080720	0.027760
5.088720	0.027760
5.096720	0.025760
5.100720	0.025760
5.108720	0.025760
5.114720	0.025760
5.122720	0.027760
5.128720	0.025760
5.132720	0.025760
5.140720	0.029760
5.146720	0.027760
5.156720	0.023760
5.160720	0.023760
5.164720	0.025760
5.176720	0.023760
5.180720	0.025760
5.186720	0.027760
5.190720	0.027760
5.196720	0.027760
5.206720	0.025760
5.212720	0.027760
5.220720	0.025760
5.224720	0.027760
5.230720	0.027760
5.238720	0.027760
5.246720	0.025760
5.252720	0.025760
5.258720	0.025760
5.264720	0.025760
5.272720	0.027760
5.278720	0.025760
5.284720	0.027760
5.290720	0.027760
5.296720	0.025760
5.306720	0.025760
5.310720	0.025760
5.318720	0.027760
5.324720	0.027760
5.328720	0.013760
5.338720	0.023760
5.342720	0.023760
5.352720	0.025760
5.358720	0.023760
5.358720	0.031760
5.368720	0.027760
5.372720	0.029760
5.384720	0.025760
5.388720	0.027760
5.396720	0.025760
5.402720	0.025760
5.408720	0.025760
5.416720	0.025760
5.422720	0.027760
5.428720	0.025760
5.434720	0.025760
5.440720	0.025760
5.448720	0.023760
5.456720	0.021760
5.460720	0.021760
5.466720	0.021760
5.472720	0.021760
5.478720	0.029760
5.484720	0.015760
5.488720	0.023760
5.494720	0.023760
5.500720	0.023760
5.514720	0.017760
5.514720	0.021760
5.518720	0.023760
5.524720	0.023760
5.530720	0.021760
5.538720	0.021760
5.542720	0.023760
5.548720	0.021760
5.554720	0.021760
5.558720	0.023760
5.566720	0.021760
5.572720	0.021760
5.576720	0.023760
5.582720	0.021760
5.588720	0.023760
5.594720	0.029760
5.600720	0.015760
5.606720	0.021760
5.610720	0.023760
5.618720	0.021760
5.630720	0.019760
5.630720	0.023760
5.634720	0.025760
5.640720	0.023760
5.646720	0.023760
5.656720	0.021760
5.660720	0.023760
5.666720	0.023760
5.670720	0.021760
5.676720	0.023760
5.684720	0.023760
5.690720	0.021760
5.696720	0.021760
5.698720	0.023760
5.706720	0.021760
5.714720	0.021760
5.718720	0.023760
5.724720	0.023760
5.728720	0.023760
5.734720	0.023760
5.742720	0.021760
5.748720	0.021760
5.754720	0.023760
5.758720	0.021760
5.764720	0.021760
5.770720	0.023760
5.776720	0.023760
5.784720	0.021760
5.786720	0.023760
5.792720	0.021760
5.800720	0.021760
5.806720	0.023760
5.812720	0.023760
5.816720	0.021760
5.820720	0.023760
5.828720	0.023760
5.836720	0.021760
5.842720	0.021760
5.844720	0.023760
5.850720	0.021760
5.858720	0.023760
5.864720	0.023760
5.870720	0.023760
5.874720	0.021760
5.878720	0.023760
5.888720	0.021760
5.894720	0.021760
5.900720	0.021760
5.902720	0.023760
5.908720	0.021760
5.916720	0.023760
5.922720	0.023760
5.928720	0.023760
5.932720	0.021760
5.936720	0.023760
5.946720	0.021760
5.952720	0.021760
5.958720	0.029760
5.960720	0.031760
5.966720	0.029760
5.974720	0.031760
5.980720	0.031760
5.994720	0.027760
5.998720	0.025760
6.002720	0.027760
6.012720	0.025760
6.018720	0.025760
6.028720	0.025760
6.030720	0.027760
6.036720	0.025760
6.044720	0.029760
6.050720	0.027760
6.060720	0.027760
6.064720	0.025760
6.068720	0.027760
6.080720	0.025760
6.084720	0.027760
6.094720	0.025760
6.096720	0.027760
6.102720	0.025760
6.112720	0.025760
6.118720	0.025760
6.126720	0.027760
6.130720	0.025760
6.134720	0.025760
6.144720	0.025760
6.150720	0.025760
6.160720	0.025760
6.162720	0.025760
6.166720	0.027760
6.176720	0.027760
6.182720	0.027760
6.192720	0.025760
6.194720	0.027760
6.200720	0.027760
6.210720	0.027760
6.216720	0.027760
6.224720	0.027760
6.228720	0.025760
6.234720	0.025760
6.244720	0.025760
6.250720	0.025760
6.258720	0.025760
6.260720	0.027760
6.266720	0.025760
6.276720	0.027760
6.282720	0.025760
6.290720	0.027760
6.294720	0.025760
6.298720	0.027760
6.310720	0.025760
6.314720	0.027760
6.324720	0.023760
6.326720	0.025760
6.332720	0.027760
6.342720	0.025760
6.348720	0.029760
6.354720	0.029760
6.358720	0.027760
6.366720	0.027760
6.374720	0.027760
6.384720	0.025760
6.390720	0.025760
6.392720	0.027760
6.400720	0.025760
6.408720	0.027760
6.416720	0.027760
6.422720	0.027760
6.426720	0.025760
6.432720	0.027760
6.442720	0.025760
6.450720	0.025760
6.456720	0.025760
6.458720	0.025760
6.466720	0.025760
6.474720	0.025760
6.482720	0.027760
6.488720	0.025760
6.490720	0.027760
6.498720	0.025760
6.506720	0.025760
6.516720	0.025760
6.520720	0.027760
6.524720	0.025760
6.530720	0.027760
6.538720	0.027760
6.548720	0.025760
6.554720	0.025760
6.556720	0.027760
6.564720	0.027760
6.572720	0.027760
6.580720	0.027760
6.586720	0.027760
6.590720	0.025760
6.598720	0.025760
6.606720	0.025760
6.614720	0.025760
6.620720	0.025760
6.622720	0.029760
6.630720	0.027760
6.638720	0.025760
6.646720	0.027760
6.652720	0.027760
6.658720	0.025760
6.664720	0.025760
6.670720	0.027760
6.680720	0.023760
6.686720	0.027760
6.690720	0.027760
6.696720	0.025760
6.704720	0.027760
6.710720	0.027760
6.720720	0.025760
6.724720	0.023760
6.728720	0.025760
6.738720	0.023760
6.744720	0.023760
6.752720	0.021760
6.754720	0.023760
6.760720	0.021760
6.768720	0.023760
6.774720	0.021760
6.780720	0.023760
6.784720	0.021760
6.788720	0.023760
6.798720	0.021760
6.802720	0.023760
6.810720	0.021760
6.812720	0.023760
6.818720	0.021760
6.826720	0.021760
6.832720	0.023760
6.838720	0.023760
6.842720	0.021760
6.846720	0.023760
6.854720	0.023760
6.862720	0.021760
6.868720	0.021760
6.870720	0.023760
6.876720	0.021760
6.884720	0.023760
6.890720	0.023760
6.896720	0.023760
6.900720	0.021760
6.904720	0.023760
6.914720	0.021760
6.920720	0.021760
6.926720	0.025760
6.928720	0.017760
6.934720	0.021760
6.942720	0.023760
6.948720	0.023760
6.958720	0.019760
6.958720	0.025760
6.962720	0.023760
6.972720	0.021760
6.978720	0.021760
6.984720	0.021760
6.990720	0.021760
6.992720	0.023760
7.000720	0.023760
7.006720	0.023760
7.012720	0.023760
7.018720	0.023760
7.022720	0.021760
7.030720	0.021760
7.036720	0.021760
7.042720	0.025760
7.048720	0.015760
7.050720	0.023760
7.058720	0.023760
7.064720	0.023760
7.074720	0.019760
7.074720	0.025760
7.080720	0.021760
7.088720	0.021760
7.094720	0.021760
7.100720	0.023760
7.106720	0.021760
7.108720	0.023760
7.116720	0.023760
7.122720	0.023760
7.130720	0.021760
7.134720	0.023760
7.138720	0.021760
7.146720	0.021760
7.152720	0.023760
7.158720	0.021760
7.164720	0.021760
7.166720	0.023760
7.174720	0.023760
7.182720	0.021760
7.186720	0.023760
7.192720	0.023760
7.196720	0.021760
7.204720	0.023760
7.210720	0.021760
7.216720	0.021760
7.222720	0.021760
7.224720	0.023760
7.234720	0.021760
7.238720	0.023760
7.244720	0.023760
7.250720	0.023760
7.254720	0.021760
7.262720	0.021760
7.268720	0.021760
7.274720	0.021760
7.280720	0.021760
7.282720	0.023760
7.290720	0.023760
7.296720	0.023760
7.302720	0.023760
7.308720	0.023760
7.312720	0.021760
7.320720	0.021760
7.326720	0.021760
7.332720	0.021760
7.338720	0.021760
7.340720	0.023760
7.348720	0.023760
7.354720	0.023760
7.360720	0.023760
7.366720	0.023760
7.370720	0.021760
7.378720	0.021760
7.384720	0.021760
7.390720	0.021760
7.396720	0.021760
7.398720	0.023760
7.406720	0.033760
7.412720	0.033760
7.418720	0.037760
7.424720	0.037760
7.428720	0.035760
7.446720	0.029760
7.452720	0.029760
7.462720	0.025760
7.468720	0.025760
7.470720	0.027760
7.482720	0.027760
7.488720	0.027760
7.494720	0.029760
7.500720	0.029760
7.504720	0.027760
7.516720	0.025760
7.522720	0.025760
7.530720	0.025760
7.536720	0.025760
7.538720	0.027760
7.548720	0.027760
7.554720	0.027760
7.562720	0.027760
7.568720	0.027760
7.572720	0.025760
7.582720	0.025760
7.588720	0.025760
7.596720	0.023760
7.602720	0.023760
7.604720	0.023760
7.614720	0.027760
7.620720	0.025760
7.626720	0.029760
7.632720	0.027760
7.634720	0.029760
7.648720	0.025760
7.652720	0.027760
7.662720	0.025760
7.666720	0.027760
7.670720	0.025760
7.680720	0.025760
7.686720	0.027760
7.694720	0.025760
7.700720	0.025760
7.702720	0.027760
7.712720	0.027760
7.720720	0.025760
7.726720	0.027760
7.732720	0.027760
7.736720	0.025760
7.746720	0.027760
7.752720	0.025760
7.760720	0.025760
7.766720	0.025760
7.768720	0.025760
7.780720	0.023760
7.784720	0.023760
7.792720	0.027760
7.798720	0.025760
7.800720	0.027760
7.810720	0.027760
7.814720	0.029760
7.826720	0.025760
7.830720	0.027760
7.834720	0.025760
7.844720	0.025760
7.850720	0.025760
7.858720	0.025760
7.864720	0.025760
7.866720	0.027760
7.876720	0.027760
7.882720	0.027760
7.890720	0.027760
7.896720	0.027760
7.900720	0.025760
7.910720	0.025760
7.916720	0.025760
7.924720	0.025760
7.930720	0.025760
7.932720	0.025760
7.942720	0.027760
7.948720	0.025760
7.956720	0.025760
7.962720	0.023760
7.964720	0.025760
7.976720	0.025760
7.980720	0.027760
7.988720	0.027760
7.992720	0.029760
7.996720	0.027760
8.008720	0.025760
8.014720	0.027760
8.022720	0.025760
8.028720	0.025760
8.030720	0.027760
8.040720	0.027760
8.048720	0.025760
8.054720	0.027760
8.060720	0.027760
8.064720	0.025760
8.074720	0.027760
8.080720	0.025760
8.088720	0.025760
8.094720	0.025760
8.096720	0.025760
8.108720	0.025760
8.112720	0.025760
8.120720	0.029760
8.126720	0.027760
8.128720	0.015760
8.140720	0.023760
8.144720	0.025760
8.156720	0.019760
8.160720	0.021760
8.160720	0.025760
8.170720	0.021760
8.176720	0.021760
8.182720	0.021760
8.188720	0.023760
8.192720	0.021760
8.198720	0.023760
8.204720	0.023760
8.210720	0.023760
8.218720	0.021760
8.220720	0.023760
8.228720	0.021760
8.234720	0.021760
8.240720	0.023760
8.246720	0.023760
8.250720	0.021760
8.256720	0.023760
8.262720	0.023760
8.270720	0.021760
8.276720	0.021760
8.278720	0.023760
8.286720	0.021760
8.292720	0.023760
8.298720	0.023760
8.304720	0.023760
8.308720	0.021760
8.314720	0.023760
8.322720	0.021760
8.328720	0.021760
8.334720	0.021760
8.336720	0.023760
8.344720	0.023760
8.350720	0.023760
8.356720	0.023760
8.362720	0.023760
8.366720	0.021760
8.374720	0.025760
8.380720	0.021760
8.386720	0.021760
8.392720	0.021760
8.394720	0.021760
8.406720	0.019760
8.408720	0.023760
8.414720	0.023760
8.420720	0.021760
8.422720	0.025760
8.432720	0.023760
8.438720	0.023760
8.444720	0.021760
8.448720	0.023760
8.454720	0.021760
8.462720	0.021760
8.468720	0.021760
8.472720	0.021760
8.478720	0.023760
8.482720	0.023760
8.490720	0.027760
8.496720	0.015760
8.500720	0.023760
8.508720	0.023760
8.512720	0.021760
8.524720	0.017760
8.524720	0.023760
8.530720	0.023760
8.538720	0.021760
8.540720	0.023760
8.548720	0.023760
8.554720	0.023760
8.560720	0.023760
8.566720	0.023760
8.570720	0.021760
8.578720	0.021760
8.584720	0.021760
8.590720	0.021760
8.596720	0.021760
8.598720	0.023760
8.606720	0.023760
8.612720	0.023760
8.618720	0.023760
8.624720	0.023760
8.628720	0.021760
8.636720	0.021760
8.642720	0.021760
8.648720	0.021760
8.654720	0.021760
8.656720	0.023760
8.664720	0.023760
8.670720	0.023760
8.676720	0.023760
8.682720	0.023760
8.686720	0.021760
8.694720	0.021760
8.700720	0.021760
8.706720	0.021760
8.712720	0.021760
8.714720	0.023760
8.722720	0.023760
8.728720	0.023760
8.734720	0.023760
8.740720	0.023760
8.744720	0.021760
8.752720	0.021760
8.758720	0.021760
8.764720	0.021760
8.770720	0.021760
8.772720	0.023760
8.780720	0.023760
8.786720	0.023760
8.792720	0.023760
8.798720	0.023760
8.802720	0.021760
8.810720	0.021760
8.816720	0.021760
8.822720	0.021760
8.828720	0.021760
8.830720	0.023760
8.838720	0.023760
8.844720	0.023760
8.850720	0.023760
8.856720	0.023760
8.860720	0.021760
8.868720	0.031760
8.874720	0.035760
8.880720	0.035760
8.886720	0.035760
8.888720	0.035760
8.906720	0.031760
8.916720	0.027760
8.922720	0.027760
8.928720	0.025760
8.930720	0.025760
8.944720	0.021760
8.950720	0.021760
8.956720	0.021760
8.960720	0.021760
8.962720	0.023760
8.972720	0.023760
8.978720	0.023760
8.984720	0.021760
8.988720	0.023760
8.992720	0.023760
9.002720	0.021760
9.008720	0.021760
9.012720	0.021760
9.018720	0.023760
9.022720	0.021760
9.030720	0.023760
9.036720	0.021760
9.040720	0.023760
9.048720	0.021760
9.050720	0.023760
9.060720	0.021760
9.064720	0.021760
9.070720	0.023760
9.076720	0.023760
9.080720	0.021760
9.088720	0.021760
9.092720	0.023760
9.100720	0.021760
9.106720	0.021760
9.108720	0.023760
9.116720	0.021760
9.122720	0.023760
9.128720	0.023760
9.134720	0.025760
9.138720	0.025760
9.144720	0.027760
9.152720	0.025760
9.158720	0.025760
9.166720	0.025760
9.170720	0.025760
9.178720	0.027760
9.184720	0.027760
9.190720	0.031760
9.198720	0.027760
9.202720	0.027760
9.212720	0.025760
9.218720	0.025760
9.228720	0.025760
9.232720	0.027760
9.236720	0.025760
9.244720	0.029760
9.250720	0.027760
9.260720	0.027760
9.266720	0.027760
9.268720	0.029760
9.280720	0.027760
9.284720	0.029760
9.294720	0.031760
9.300720	0.031760
9.304720	0.029760
9.314720	0.027760
9.320720	0.027760
9.332720	0.027760
9.338720	0.027760
9.340720	0.029760
9.348720	0.033760
9.354720	0.033760
9.366720	0.031760
9.372720	0.031760
9.376720	0.029760
9.388720	0.027760
9.394720	0.027760
9.404720	0.027760
9.410720	0.027760
9.412720	0.029760
9.422720	0.029760
9.428720	0.029760
9.438720	0.029760
9.444720	0.029760
9.448720	0.027760
9.458720	0.029760
9.464720	0.029760
9.474720	0.027760
9.480720	0.027760
9.482720	0.029760
9.494720	0.031760
9.500720	0.029760
9.508720	0.027760
9.514720	0.027760
9.518720	0.025760
9.532720	0.025760
9.536720	0.027760
9.542720	0.029760
9.548720	0.029760
9.550720	0.029760
9.564720	0.027760
9.570720	0.029760
9.578720	0.027760
9.584720	0.025760
9.586720	0.027760
9.598720	0.023760
9.606720	0.021760
9.612720	0.021760
9.616720	0.023760
9.620720	0.021760
9.628720	0.023760
9.634720	0.023760
9.640720	0.021760
9.646720	0.021760
9.648720	0.023760
9.658720	0.021760
9.664720	0.021760
9.668720	0.023760
9.674720	0.023760
9.678720	0.021760
9.686720	0.023760
9.692720	0.021760
9.698720	0.021760
9.704720	0.021760
9.706720	0.023760
9.716720	0.021760
9.720720	0.023760
9.726720	0.023760
9.732720	0.023760
9.736720	0.021760
9.744720	0.021760
9.750720	0.021760
9.756720	0.021760
9.762720	0.021760
9.764720	0.023760
9.772720	0.023760
9.778720	0.029760
9.784720	0.017760
9.790720	0.023760
9.794720	0.021760
9.802720	0.021760
9.814720	0.019760
9.814720	0.025760
9.820720	0.023760
9.822720	0.023760
9.830720	0.023760
9.840720	0.023760
9.846720	0.023760
9.850720	0.021760
9.852720	0.023760
9.860720	0.023760
9.870720	0.021760
9.876720	0.021760
9.878720	0.023760
9.882720	0.021760
9.890720	0.027760
9.898720	0.017760
9.904720	0.023760
9.908720	0.021760
9.910720	0.023760
9.924720	0.017760
9.924720	0.023760
9.934720	0.021760
9.936720	0.023760
9.940720	0.023760
9.948720	0.023760
9.954720	0.023760
9.962720	0.023760
9.966720	0.023760
9.970720	0.021760
9.978720	0.021760
9.984720	0.021760
9.992720	0.023760
9.996720	0.021760
9.998720	0.023760
10.006720	0.023760
10.012720	0.023760
10.022720	0.021760
10.024720	0.023760
10.028720	0.021760
10.036720	0.021760
10.042720	0.021760
10.050720	0.023760
10.054720	0.021760
10.056720	0.023760
10.064720	0.023760
10.070720	0.023760
10.080720	0.021760
10.082720	0.023760
10.086720	0.021760
10.094720	0.021760
10.100720	0.021760
10.108720	0.023760
10.112720	0.021760
10.114720	0.023760
10.122720	0.023760
10.128720	0.023760
10.138720	0.021760
10.140720	0.023760
10.144720	0.021760
10.152720	0.021760
10.158720	0.021760
10.166720	0.023760
10.170720	0.021760
10.172720	0.023760
10.180720	0.023760
10.186720	0.023760
10.196720	0.021760
10.198720	0.023760
10.202720	0.021760
10.210720	0.021760
10.216720	0.021760
10.224720	0.023760
10.228720	0.021760
10.230720	0.023760
10.238720	0.023760
10.244720	0.033760
10.254720	0.037760
10.256720	0.039760
10.260720	0.037760
10.268720	0.037760
10.284720	0.035760
10.298720	0.031760
10.302720	0.029760
10.304720	0.033760
10.312720	0.031760
10.326720	0.027760
10.336720	0.025760
10.338720	0.029760
10.344720	0.025760
10.350720	0.027760
10.360720	0.025760
10.368720	0.025760
10.374720	0.025760
10.376720	0.027760
10.384720	0.025760
10.392720	0.027760
10.400720	0.027760
10.406720	0.027760
10.410720	0.025760
10.416720	0.027760
10.426720	0.025760
10.434720	0.025760
10.440720	0.023760
10.442720	0.025760
10.450720	0.023760
10.458720	0.027760
10.466720	0.027760
10.470720	0.029760
10.474720	0.027760
10.480720	0.029760
10.492720	0.025760
10.500720	0.027760
10.506720	0.025760
10.508720	0.027760
10.516720	0.027760
10.524720	0.027760
10.534720	0.025760
10.538720	0.027760
10.542720	0.025760
10.550720	0.025760
10.558720	0.025760
10.566720	0.025760
10.572720	0.025760
10.574720	0.027760
10.582720	0.025760
10.590720	0.027760
10.598720	0.027760
10.604720	0.027760
10.608720	0.025760
10.614720	0.027760
10.624720	0.023760
10.632720	0.027760
10.638720	0.025760
10.640720	0.027760
10.648720	0.029760
10.654720	0.029760
10.666720	0.027760
10.670720	0.027760
10.674720	0.025760
10.684720	0.025760
10.690720	0.025760
10.700720	0.027760
10.704720	0.025760
10.706720	0.027760
10.716720	0.027760
10.722720	0.025760
10.734720	0.025760
10.736720	0.027760
10.740720	0.025760
10.750720	0.025760
10.754720	0.027760
10.766720	0.027760
10.770720	0.025760
10.772720	0.027760
10.782720	0.025760
10.788720	0.025760
10.800720	0.023760
10.802720	0.025760
10.806720	0.027760
10.814720	0.027760
10.820720	0.027760
10.830720	0.029760
10.834720	0.027760
10.840720	0.025760
10.848720	0.025760
10.854720	0.027760
10.866720	0.025760
10.868720	0.027760
10.872720	0.027760
10.880720	0.027760
10.888720	0.027760
10.898720	0.025760
10.902720	0.027760
10.906720	0.025760
10.914720	0.025760
10.922720	0.025760
10.930720	0.023760
10.936720	0.021760
10.938720	0.023760
10.946720	0.023760
10.954720	0.021760
10.960720	0.023760
10.964720	0.023760
10.968720	0.021760
10.976720	0.023760
10.982720	0.021760
10.990720	0.023760
10.994720	0.021760
10.996720	0.023760
11.006720	0.021760
11.010720	0.023760
11.020720	0.021760
11.022720	0.023760
11.026720	0.023760
11.034720	0.021760
11.040720	0.021760
11.048720	0.023760
11.052720	0.023760
11.056720	0.021760
11.062720	0.023760
11.068720	0.023760
11.078720	0.023760
11.082720	0.021760
11.084720	0.023760
11.092720	0.021760
11.098720	0.021760
11.108720	0.021760
11.110720	0.023760
11.114720	0.021760
11.120720	0.023760
11.126720	0.023760
11.136720	0.023760
11.140720	0.021760
11.142720	0.023760
11.150720	0.021760
11.156720	0.023760
11.166720	0.021760
11.168720	0.023760
11.172720	0.021760
11.178720	0.027760
11.186720	0.021760
11.194720	0.023760
11.198720	0.021760
11.200720	0.021760
11.212720	0.019760
11.214720	0.023760
11.224720	0.021760
11.226720	0.021760
11.228720	0.027760
11.238720	0.023760
11.244720	0.021760
11.252720	0.021760
11.254720	0.023760
11.262720	0.021760
11.268720	0.021760
11.272720	0.023760
11.280720	0.023760
11.284720	0.023760
11.290720	0.027760
11.296720	0.017760
11.302720	0.021760
11.310720	0.023760
11.314720	0.021760
11.324720	0.017760
11.324720	0.023760
11.330720	0.023760
11.340720	0.021760
11.342720	0.023760
11.348720	0.023760
11.354720	0.023760
11.360720	0.021760
11.368720	0.023760
11.372720	0.021760
11.378720	0.021760
11.384720	0.021760
11.388720	0.023760
11.398720	0.021760
11.400720	0.023760
11.406720	0.023760
11.412720	0.021760
11.418720	0.021760
11.426720	0.023760
11.430720	0.021760
11.436720	0.021760
11.440720	0.023760
11.446720	0.023760
11.456720	0.021760
11.458720	0.023760
11.464720	0.021760
11.470720	0.021760
11.476720	0.021760
11.484720	0.023760
11.488720	0.021760
11.492720	0.023760
11.498720	0.023760
11.504720	0.023760
11.514720	0.021760
11.516720	0.023760
11.522720	0.021760
11.528720	0.021760
11.534720	0.021760
11.542720	0.023760
11.546720	0.021760
11.550720	0.023760
11.556720	0.023760
11.562720	0.023760
11.572720	0.021760
11.574720	0.023760
11.580720	0.021760
11.586720	0.021760
11.592720	0.021760
11.600720	0.023760
11.604720	0.021760
11.608720	0.023760
11.614720	0.023760
11.620720	0.023760
11.630720	0.021760
11.632720	0.023760
11.638720	0.021760
11.644720	0.021760
11.650720	0.021760
11.658720	0.023760
11.662720	0.031760
11.666720	0.033760
11.672720	0.037760
11.678720	0.037760
11.688720	0.035760
11.700720	0.029760
11.706720	0.029760
11.716720	0.025760
11.722720	0.025760
11.730720	0.025760
11.736720	0.023760
11.742720	0.023760
11.748720	0.023760
11.754720	0.023760
11.762720	0.023760
11.766720	0.021760
11.772720	0.021760
11.778720	0.021760
11.784720	0.021760
11.792720	0.021760
11.794720	0.023760
11.800720	0.023760
11.806720	0.023760
11.812720	0.023760
11.820720	0.023760
11.824720	0.021760
11.830720	0.021760
11.836720	0.021760
11.842720	0.021760
11.850720	0.021760
11.852720	0.023760
11.858720	0.023760
11.864720	0.023760
11.870720	0.023760
11.878720	0.023760
11.882720	0.021760
11.888720	0.021760
11.894720	0.021760
11.900720	0.021760
11.908720	0.021760
11.910720	0.023760
11.916720	0.023760
11.922720	0.023760
11.928720	0.023760
11.936720	0.027760
11.940720	0.025760
11.946720	0.025760
11.952720	0.025760
11.958720	0.025760
11.970720	0.025760
11.972720	0.027760
11.978720	0.027760
11.984720	0.027760
11.990720	0.027760
