0.100000	0.000000
0.114773	0.000000
0.129547	-0.000001
0.129547	0.002000
0.129547	0.002000
0.144320	-0.000506
0.146320	0.002000
0.148320	0.004000
0.162587	-0.002267
0.162587	0.002000
0.166587	0.000000
0.166587	0.002000
0.172587	0.000000
0.172587	0.002000
0.184587	0.000000
0.186587	0.002000
0.190587	0.002000
0.192587	0.010000
0.198587	0.000000
0.200587	0.002000
0.216587	-0.004000
0.222587	0.014000
0.234587	-0.008000
0.240587	-0.002000
0.244587	0.000000
0.256587	-0.002000
0.276587	-0.004000
0.280587	0.000000
0.284587	0.000000
0.288587	0.000000
0.298587	0.010000
0.314587	-0.010000
0.318587	0.000000
0.322587	0.000000
0.326587	0.000000
0.346587	0.000000
0.352587	0.000000
0.356587	-0.002000
0.360587	0.002000
0.364587	0.000000
0.384587	0.000000
0.390587	0.000000
0.392587	0.002000
0.398587	-0.002000
0.402587	0.000000
0.422587	0.000000
0.428587	0.000000
0.432587	0.000000
0.436587	0.000000
0.440587	0.004000
0.460587	-0.012000
0.466587	0.002000
0.470587	0.000000
0.474587	0.000000
0.482587	-0.004000
0.490587	0.000000
0.498587	0.000000
0.502587	-0.000000
0.506587	0.000000
0.510587	0.000000
0.518587	0.000000
0.526587	-0.002000
0.530587	0.002000
0.534587	0.000000
0.538587	0.000000
0.546587	-0.002000
0.552587	0.002000
0.558587	0.000000
0.562587	0.000000
0.566587	0.000000
0.572587	0.000000
0.580587	0.000000
0.586587	0.000000
0.590587	0.000000
0.594587	0.000000
0.600587	0.000000
0.608587	-0.002000
0.614587	0.002000
0.618587	0.000000
0.622587	0.000000
0.628587	-0.000000
0.634587	0.000000
0.642587	0.000000
0.646587	0.000000
0.650587	0.000000
0.656587	0.000000
0.662587	0.000000
0.670587	-0.002000
0.674587	0.002000
0.678587	0.000000
0.684587	0.000000
0.690587	0.000000
0.696587	0.002000
0.702587	0.000000
0.706587	-0.014000
0.712587	0.012000
0.718587	0.000000
0.726587	-0.002000
0.732587	0.000000
0.732587	0.002000
0.740587	0.000000
0.746587	0.000000
0.752587	-0.000000
0.758587	0.000000
0.760587	0.002000
0.768587	-0.002000
0.774587	0.000000
0.780587	0.000000
0.786587	0.000000
0.790587	0.000000
0.796587	0.000000
0.802587	0.000000
0.808587	0.000000
0.814587	0.000000
0.818587	0.000000
0.824587	0.000000
0.830587	0.000000
0.836587	0.000000
0.842587	0.000000
0.846587	0.004000
0.852587	0.000000
0.858587	-0.014000
0.864587	0.010000
0.870587	0.000000
0.876587	0.000000
0.878587	0.000000
0.884587	-0.002000
0.884587	0.002000
0.892587	0.000000
0.898587	0.002000
0.906587	0.000000
0.910587	-0.002000
0.912587	0.002000
0.920587	-0.002000
0.928587	-0.002000
0.936587	0.002000
0.938587	0.002000
0.942587	-0.002000
0.948587	0.000000
0.954587	0.000000
0.964587	-0.002000
0.968587	0.002000
0.970587	0.002000
0.976587	-0.002000
0.982587	0.000000
0.990587	-0.002000
0.996587	0.002000
1.000587	0.008000
1.004587	-0.014000
1.010587	0.000000
1.016587	0.006000
1.024587	0.000000
1.032587	0.001000
1.032587	0.000400
1.036587	-0.002000
1.036587	0.002000
1.036587	0.002000
1.044587	0.000000
1.052587	0.002000
1.058587	0.002000
1.060587	-0.000000
1.062587	0.000000
1.064587	0.000000
1.072587	-0.004000
1.082587	0.000000
1.090587	0.002000
1.092587	0.000000
1.094587	0.002000
1.096587	0.000000
1.100587	-0.002000
1.110587	0.000000
1.120587	-0.002000
1.122587	0.004000
1.126587	-0.002000
1.128587	0.002000
1.130587	0.000000
1.140587	-0.002000
1.148587	-0.002000
1.154587	0.002000
1.156587	0.002000
1.160587	-0.002000
1.162587	0.012000
1.170587	-0.020000
1.176587	0.002000
1.184587	0.006000
1.188587	0.000000
1.190587	0.002000
1.200587	0.001200
1.200587	0.000333
1.204587	-0.002000
1.204587	0.002000
1.204587	0.002000
1.214587	0.002000
1.218587	0.002000
1.222587	0.000000
1.228587	0.000000
1.232587	-0.002000
1.234587	0.000000
1.246587	-0.004000
1.252587	0.002000
1.256587	0.000000
1.262587	0.000000
1.264587	0.002000
1.266587	0.000000
1.274587	-0.004000
1.282587	0.002000
1.286587	0.000000
1.292587	0.000000
1.296587	0.000000
1.298587	0.002000
1.302587	-0.002000
1.312587	-0.000000
1.316587	0.000000
1.322587	0.000000
1.326587	0.000000
1.330587	0.000000
1.332587	0.002000
1.342587	-0.002000
1.346587	0.000000
1.352587	0.000000
1.356587	0.000000
1.360587	0.000000
1.364587	0.000000
1.372587	-0.002000
1.376587	0.002000
1.382587	0.000000
1.386587	0.000000
1.390587	0.000000
1.394587	0.000000
1.400587	0.000000
1.406587	0.000000
1.412587	0.000000
1.416587	0.000000
1.420587	0.000000
1.424587	0.000000
1.430587	0.000000
1.436587	0.000000
1.442587	0.000000
1.446587	0.000000
1.450587	0.000000
1.454587	0.000000
1.460587	0.000000
1.466587	0.000000
1.472587	0.000000
1.476587	0.000000
1.480587	0.000000
1.484587	0.000000
1.490587	0.000000
1.496587	0.000000
1.502587	0.000000
1.506587	0.000000
1.510587	0.000000
1.514587	0.000000
1.520587	0.000000
1.526587	0.000000
1.532587	0.000000
1.536587	0.000000
1.540587	0.000000
1.544587	0.000000
1.550587	0.000000
1.556587	0.000000
1.562587	-0.000000
1.566587	0.000000
1.570587	0.000000
1.574587	0.000000
1.580587	0.000000
1.586587	0.000000
1.592587	0.000000
1.596587	0.000000
1.600587	0.000000
1.604587	0.000000
1.610587	0.000000
1.616587	0.000000
1.622587	0.000000
1.626587	0.000000
1.630587	0.000000
1.634587	0.000000
1.640587	0.000000
1.646587	0.000000
1.652587	0.000000
1.656587	0.000000
1.660587	0.000000
1.664587	0.000000
1.670587	0.010000
1.676587	0.000000
1.682587	0.016000
1.686587	0.000000
1.690587	0.000000
1.694587	0.000000
1.710587	-0.010000
1.716587	0.000000
1.738587	-0.006000
1.746587	-0.002000
1.750587	0.000000
1.756587	0.000000
1.762587	0.000000
1.778587	-0.010000
1.788587	-0.002000
1.794587	0.000000
1.800587	0.000000
1.806587	0.000000
1.814587	0.000000
1.820587	-0.000000
1.826587	0.000000
1.832587	0.000000
1.840587	0.000000
1.846587	0.000000
1.852587	0.000000
1.858587	0.000000
1.866587	0.000000
1.872587	0.000000
1.878587	0.000000
1.884587	0.000000
1.892587	-0.002000
1.898587	0.002000
1.904587	0.000000
1.910587	0.000000
1.916587	0.000000
1.924587	0.000000
1.930587	0.000000
1.936587	0.000000
1.942587	0.000000
1.950587	-0.002000
1.956587	0.002000
1.962587	0.000000
1.968587	0.000000
1.974587	0.002000
1.982587	0.000000
1.988587	0.002000
1.994587	-0.000000
2.002587	-0.002000
2.010587	-0.002000
2.018587	0.004000
2.024587	0.000000
2.030587	-0.000000
2.036587	0.002000
2.048587	-0.004000
2.054587	0.002000
2.060587	0.000000
2.068587	0.000000
2.076587	-0.002000
2.084587	0.002000
2.090587	-0.000000
2.098587	0.000000
2.104587	0.000000
2.114587	-0.000000
2.120587	0.000000
2.128587	-0.002000
2.134587	0.002000
2.144587	0.000000
2.150587	0.002000
2.156587	-0.000000
2.164587	-0.002000
2.174587	0.002000
2.182587	-0.004000
2.188587	-0.000000
2.194587	0.000000
2.206587	0.002000
2.210587	0.000000
2.216587	0.002000
2.222587	0.000000
2.236587	0.000000
2.240587	0.000000
2.248587	0.002000
2.254587	0.000000
2.268587	-0.000000
2.272587	0.000000
2.282587	-0.002000
2.288587	0.002000
2.302587	-0.004000
2.306587	0.006000
2.314587	0.000000
2.322587	-0.004000
2.332587	0.002000
2.342587	-0.004000
2.350587	0.002000
2.354587	0.000000
2.366587	0.002000
2.372587	-0.002000
2.382587	-0.004000
2.386587	0.000000
2.400587	-0.004000
2.404587	0.000000
2.410587	0.002000
2.414587	0.000000
2.424587	-0.002000
2.428587	0.002000
2.436587	0.000000
2.440587	0.000000
2.448587	0.000000
2.454587	-0.000000
2.462587	0.000000
2.466587	0.000000
2.474587	0.000000
2.480587	0.000000
2.488587	-0.002000
2.492587	0.002000
2.500587	0.000000
2.506587	-0.000000
2.512587	0.000000
2.518587	-0.000000
2.526587	-0.002000
2.532587	0.000000
2.538587	0.002000
2.544587	0.000000
2.550587	-0.000000
2.556587	0.000000
2.564587	0.000000
2.570587	-0.000000
2.576587	0.000000
2.582587	-0.000000
2.590587	0.000000
2.596587	0.000000
2.602587	-0.000000
2.608587	0.000000
2.616587	0.000000
2.622587	0.006000
2.628587	-0.012000
2.634587	0.006000
2.642587	0.000000
2.654587	-0.006000
2.654587	0.002000
2.660587	0.002000
2.668587	0.000000
2.674587	0.002000
2.676587	0.002000
2.684587	-0.002000
2.692587	-0.000000
2.700587	0.000000
2.704587	0.000000
2.710587	0.000000
2.718587	0.000000
2.726587	0.000000
2.730587	0.000000
2.736587	0.006000
2.744587	-0.012000
2.752587	0.006000
2.756587	0.000000
2.768587	-0.006000
2.768587	0.002000
2.778587	0.002000
2.782587	0.002000
2.788587	-0.000000
2.790587	0.002000
2.802587	-0.002000
2.808587	-0.000000
2.814587	0.000000
2.818587	0.000000
2.828587	-0.000000
2.834587	0.000000
2.840587	-0.000000
2.844587	0.000000
2.854587	0.000000
2.860587	-0.000000
2.866587	0.000000
2.870587	0.000000
2.880587	0.000000
2.886587	0.000000
2.892587	0.000000
2.896587	0.000000
2.906587	0.000000
2.912587	0.000000
2.918587	0.000000
2.922587	0.000000
2.932587	0.000000
2.938587	0.000000
2.944587	0.000000
2.948587	0.000000
2.958587	-0.000000
2.964587	0.000000
2.970587	-0.000000
2.974587	0.000000
2.984587	0.000000
2.990587	-0.000000
2.996587	0.000000
3.000587	0.000000
3.010587	-0.000000
3.016587	0.000000
3.022587	-0.000000
3.026587	0.000000
3.036587	0.000000
3.042587	-0.000000
3.048587	0.000000
3.052587	0.000000
3.062587	-0.000000
3.068587	0.000000
3.074587	-0.000000
3.078587	0.000000
3.088587	0.000000
3.094587	-0.000000
3.100587	0.010000
3.104587	0.000000
3.114587	0.006000
3.120587	0.000000
3.136587	-0.002000
3.140587	0.000000
3.156587	-0.006000
3.162587	0.002000
3.176587	-0.006000
3.180587	-0.002000
3.190587	0.002000
3.198587	0.000000
3.206587	0.000000
3.208587	0.002000
3.220587	-0.002000
3.228587	0.000000
3.236587	0.000000
3.240587	0.000000
3.250587	0.000000
3.258587	0.000000
3.266587	0.000000
3.270587	0.000000
3.280587	-0.000000
3.288587	0.000000
3.296587	-0.002000
3.300587	0.000000
3.310587	0.002000
3.318587	0.000000
3.324587	-0.000000
3.328587	0.000000
3.340587	0.000000
3.348587	0.000000
3.354587	0.000000
3.358587	0.002000
3.370587	-0.002000
3.378587	0.000000
3.384587	0.000000
3.390587	0.000000
3.400587	0.000000
3.408587	0.000000
3.414587	0.000000
3.420587	0.000000
3.430587	0.000000
3.438587	-0.002000
3.444587	0.002000
3.450587	-0.000000
3.460587	0.000000
3.466587	-0.000000
3.474587	-0.002000
3.480587	0.000000
3.490587	0.002000
3.496587	0.000000
3.502587	-0.000000
3.508587	0.000000
3.520587	0.000000
3.526587	-0.000000
3.532587	0.000000
3.538587	0.002000
3.550587	-0.004000
3.556587	0.002000
3.562587	-0.000000
3.570587	0.000000
3.578587	0.000000
3.586587	0.000000
3.592587	0.000000
3.600587	0.000000
3.608587	0.000000
3.616587	0.000000
3.622587	0.000000
3.630587	0.000000
3.638587	0.000000
3.646587	0.000000
3.652587	-0.002000
3.660587	0.000000
3.668587	0.002000
3.676587	0.000000
3.680587	0.000000
3.688587	0.002000
3.698587	-0.004000
3.706587	0.002000
3.710587	0.000000
3.720587	-0.000000
3.726587	0.000000
3.736587	-0.000000
3.740587	0.000000
3.750587	0.000000
3.756587	-0.000000
3.766587	0.000000
3.770587	0.000000
3.780587	-0.002000
3.786587	0.000000
3.796587	-0.002000
3.800587	0.000000
3.808587	0.000000
3.814587	0.000000
3.822587	0.000000
3.826587	0.000000
3.834587	0.000000
3.840587	-0.000000
3.848587	0.000000
3.852587	0.000000
3.860587	0.000000
3.866587	0.000000
3.874587	0.000000
3.878587	0.000000
3.886587	0.000000
3.892587	0.000000
3.900587	0.000000
3.904587	0.000000
3.912587	0.000000
3.918587	0.000000
3.926587	0.000000
3.930587	0.000000
3.938587	0.000000
3.944587	0.000000
3.952587	0.000000
3.956587	0.000000
3.964587	0.000000
3.970587	-0.000000
3.978587	0.000000
3.982587	0.000000
3.990587	0.000000
3.996587	-0.000000
4.004587	0.000000
4.008587	0.000000
4.016587	0.000000
4.022587	0.000000
4.030587	0.000000
4.034587	-0.000000
4.042587	0.000000
4.048587	0.000000
4.056587	0.004000
4.060587	-0.010000
4.068587	0.006000
4.074587	0.000000
4.086587	-0.006000
4.086587	0.002000
4.094587	0.002000
4.100587	0.002000
4.106587	0.000000
4.108587	0.002000
4.118587	-0.002000
4.126587	0.000000
4.132587	-0.000000
4.136587	0.000000
4.144587	0.000000
4.152587	0.000000
4.158587	0.000000
4.162587	0.006000
4.170587	-0.012000
4.178587	0.006000
4.184587	0.000000
4.194587	-0.004000
4.194587	0.002000
4.204587	-0.002000
4.210587	0.002000
4.216587	0.002000
4.218587	0.002000
4.226587	-0.002000
4.234587	0.000000
4.242587	0.000000
4.246587	0.000000
4.252587	0.000000
4.260587	0.000000
4.268587	0.000000
4.272587	0.000000
4.278587	-0.000000
4.286587	0.000000
4.294587	0.000000
4.298587	0.000000
4.304587	0.000000
4.312587	0.000000
4.320587	0.000000
4.324587	-0.000000
4.330587	0.000000
4.338587	0.000000
4.346587	0.000000
4.350587	0.000000
4.356587	0.000000
4.364587	0.000000
4.372587	0.000000
4.376587	0.000000
4.382587	-0.000000
4.390587	0.000000
4.398587	0.000000
4.402587	0.000000
4.408587	0.000000
4.416587	0.000000
4.424587	0.000000
4.428587	-0.000000
4.434587	0.000000
4.442587	0.000000
4.450587	0.000000
4.454587	-0.000000
4.460587	0.000000
4.468587	0.000000
4.476587	0.000000
4.480587	0.000000
4.486587	0.000000
4.494587	0.000000
4.502587	0.000000
4.506587	0.000000
4.512587	-0.000000
4.520587	0.000000
4.528587	0.010000
4.532587	-0.000000
4.538587	0.004000
4.546587	0.000000
4.564587	-0.006000
4.568587	0.000000
4.578587	-0.004000
4.586587	0.000000
4.598587	-0.004000
4.602587	0.000000
4.608587	-0.000000
4.616587	0.000000
4.624587	0.000000
4.628587	0.000000
4.634587	0.000000
4.642587	0.000000
4.650587	0.000000
4.654587	-0.000000
4.660587	0.000000
4.668587	0.000000
4.676587	0.000000
4.680587	-0.000000
4.686587	0.000000
4.694587	0.000000
4.702587	0.000000
4.706587	0.000000
4.712587	0.000000
4.720587	0.000000
4.728587	0.000000
4.732587	0.000000
4.738587	-0.000000
4.746587	0.000000
4.754587	0.000000
4.758587	0.000000
4.764587	0.000000
4.772587	0.000000
4.780587	0.000000
4.784587	-0.000000
4.790587	0.002000
4.798587	0.000000
4.806587	0.002000
4.810587	0.000000
4.818587	0.000000
4.826587	0.000000
4.836587	0.000000
4.840587	0.000000
4.848587	0.000000
4.856587	0.000000
4.866587	0.000000
4.870587	-0.000000
4.878587	0.002000
4.886587	-0.002000
4.896587	0.000000
4.900587	0.000000
4.910587	0.000000
4.916587	0.000000
4.926587	0.000000
4.930587	0.000000
4.940587	0.000000
4.946587	0.000000
4.956587	0.000000
4.960587	-0.000000
4.970587	0.000000
4.976587	-0.002000
4.986587	0.000000
4.990587	0.004000
5.000587	-0.002000
5.004587	0.000000
5.014587	0.002000
5.022587	-0.002000
5.030587	0.000000
5.034587	0.000000
5.046587	0.000000
5.052587	0.000000
5.060587	0.000000
5.064587	-0.000000
5.076587	0.000000
5.082587	0.000000
5.090587	0.000000
5.094587	0.000000
5.106587	0.000000
5.112587	-0.000000
5.120587	0.000000
5.124587	0.000000
5.136587	0.000000
5.142587	0.002000
5.150587	0.000000
5.154587	-0.002000
5.166587	-0.002000
5.174587	0.000000
5.182587	0.000000
5.184587	0.002000
5.194587	0.002000
5.202587	-0.002000
5.210587	0.000000
5.214587	0.000000
5.226587	-0.000000
5.232587	0.000000
5.240587	0.000000
5.244587	0.000000
5.256587	0.000000
5.262587	0.000000
5.270587	0.000000
5.274587	-0.000000
5.286587	0.000000
5.292587	0.000000
5.300587	0.000000
5.304587	0.000000
5.316587	0.000000
5.322587	0.002000
5.330587	0.000000
5.334587	-0.002000
5.346587	-0.002000
5.354587	0.000000
5.362587	0.000000
5.364587	0.002000
5.374587	0.002000
5.382587	-0.002000
5.390587	0.000000
5.394587	0.000000
5.406587	0.000000
5.412587	0.000000
5.420587	0.000000
5.424587	0.000000
5.436587	-0.002000
5.442587	0.000000
5.450587	-0.002000
5.454587	-0.000000
5.464587	0.000000
5.470587	0.000000
5.476587	0.000000
5.480587	0.006000
5.490587	-0.012000
5.496587	0.006000
5.502587	0.000000
5.512587	-0.004000
5.512587	0.002000
5.522587	-0.002000
5.528587	0.002000
5.534587	0.002000
5.536587	0.002000
5.544587	-0.002000
5.552587	0.000000
5.560587	0.000000
5.564587	0.000000
5.570587	0.000000
5.578587	0.000000
5.586587	0.000000
5.590587	-0.000000
5.596587	0.006000
5.604587	-0.012000
5.612587	0.006000
5.616587	0.000000
5.628587	-0.006000
5.628587	0.002000
5.638587	0.002000
5.642587	0.002000
5.648587	-0.000000
5.650587	0.002000
5.662587	-0.004000
5.668587	0.002000
5.674587	0.000000
5.678587	-0.000000
5.686587	-0.002000
5.694587	0.002000
5.700587	0.000000
5.704587	-0.000000
5.710587	0.000000
5.720587	0.000000
5.726587	0.000000
5.730587	0.000000
5.736587	0.000000
5.746587	0.000000
5.752587	0.000000
5.756587	0.000000
5.762587	-0.000000
5.772587	-0.002000
5.778587	0.002000
5.782587	0.000000
5.788587	0.000000
5.796587	0.000000
5.804587	0.000000
5.808587	-0.000000
5.814587	0.000000
5.822587	0.000000
5.830587	-0.002000
5.834587	0.002000
5.840587	0.000000
5.848587	-0.002000
5.854587	0.002000
5.860587	0.000000
5.866587	-0.000000
5.872587	0.000000
5.880587	0.000000
5.886587	0.000000
5.892587	0.000000
5.898587	-0.000000
5.906587	-0.002000
5.912587	0.002000
5.918587	0.000000
5.924587	0.000000
5.930587	-0.000000
5.938587	0.000000
5.944587	0.000000
5.950587	0.000000
5.956587	-0.000000
5.964587	0.006000
5.970587	0.002000
5.976587	0.000000
5.982587	0.000000
5.996587	-0.004000
6.004587	0.000000
6.010587	0.000000
6.016587	-0.000000
6.026587	0.000000
6.034587	-0.002000
6.040587	0.002000
6.046587	0.002000
6.056587	-0.002000
6.062587	0.000000
6.070587	0.000000
6.078587	0.000000
6.086587	0.000000
6.092587	0.000000
6.100587	-0.002000
6.108587	0.002000
6.116587	0.000000
6.122587	0.000000
6.128587	0.000000
6.138587	0.000000
6.146587	-0.004000
6.152587	0.002000
6.158587	0.002000
6.168587	0.000000
6.172587	0.000000
6.180587	0.002000
6.188587	-0.002000
6.198587	-0.002000
6.202587	0.002000
6.212587	-0.002000
6.218587	0.002000
6.226587	0.000000
6.232587	0.000000
6.240587	0.000000
6.248587	0.000000
6.256587	0.000000
6.262587	0.000000
6.270587	0.000000
6.278587	-0.002000
6.286587	0.002000
6.292587	0.000000
6.300587	0.000000
6.306587	-0.000000
6.316587	0.000000
6.322587	-0.002000
6.330587	-0.002000
6.336587	0.006000
6.346587	-0.002000
6.350587	0.000000
6.356587	0.002000
6.368587	-0.004000
6.376587	0.000000
6.380587	0.002000
6.388587	0.000000
6.396587	-0.002000
6.404587	0.002000
6.410587	0.000000
6.418587	0.000000
6.424587	0.000000
6.434587	0.000000
6.440587	0.000000
6.448587	0.000000
6.454587	0.000000
6.464587	0.000000
6.470587	0.000000
6.478587	0.000000
6.484587	-0.000000
6.494587	-0.002000
6.500587	0.000000
6.508587	-0.002000
6.514587	0.006000
6.522587	-0.002000
6.528587	0.000000
6.534587	0.002000
6.546587	-0.004000
6.552587	0.002000
6.558587	0.000000
6.566587	0.000000
6.574587	-0.002000
6.582587	0.002000
6.588587	-0.000000
6.596587	0.000000
6.602587	0.000000
6.612587	-0.000000
6.618587	0.000000
6.626587	-0.002000
6.632587	0.002000
6.642587	0.000000
6.648587	0.000000
6.654587	0.000000
6.662587	0.000000
6.672587	-0.002000
6.678587	-0.000000
6.684587	0.000000
6.692587	0.002000
6.700587	0.000000
6.706587	0.000000
6.712587	0.000000
6.722587	-0.002000
6.730587	0.000000
6.736587	-0.000000
6.742587	0.000000
6.750587	0.000000
6.758587	-0.004000
6.764587	0.002000
6.770587	-0.000000
6.778587	0.000000
6.782587	0.000000
6.790587	0.000000
6.796587	0.000000
6.804587	0.000000
6.808587	-0.000000
6.816587	-0.002000
6.822587	0.002000
6.830587	0.000000
6.834587	0.000000
6.840587	0.000000
6.848587	0.000000
6.856587	-0.002000
6.860587	0.002000
6.866587	-0.000000
6.874587	-0.002000
6.880587	0.002000
6.886587	0.000000
6.892587	0.000000
6.898587	-0.000000
6.906587	0.000000
6.912587	0.000000
6.918587	0.000000
6.924587	0.000000
6.932587	0.002000
6.938587	-0.002000
6.944587	0.000000
6.950587	0.000000
6.960587	-0.004000
6.964587	0.002000
6.970587	0.002000
6.976587	0.000000
6.982587	0.000000
6.988587	-0.000000
6.996587	-0.002000
7.002587	0.002000
7.008587	0.000000
7.014587	0.000000
7.020587	-0.000000
7.028587	0.000000
7.034587	0.000000
7.040587	0.000000
7.046587	0.004000
7.054587	-0.006000
7.060587	0.002000
7.066587	0.000000
7.076587	-0.004000
7.078587	0.002000
7.086587	0.002000
7.092587	-0.000000
7.098587	0.000000
7.102587	0.000000
7.112587	-0.002000
7.118587	0.002000
7.124587	-0.000000
7.128587	0.000000
7.136587	0.000000
7.144587	0.000000
7.150587	0.000000
7.154587	-0.000000
7.162587	0.000000
7.170587	-0.002000
7.176587	0.002000
7.180587	-0.000000
7.188587	0.000000
7.194587	0.000000
7.202587	0.000000
7.206587	0.000000
7.214587	0.000000
7.220587	0.000000
7.228587	-0.002000
7.232587	0.002000
7.240587	0.000000
7.246587	-0.000000
7.252587	0.000000
7.258587	0.000000
7.266587	0.000000
7.272587	0.000000
7.278587	-0.000000
7.284587	0.000000
7.292587	-0.002000
7.298587	0.002000
7.304587	0.000000
7.310587	-0.000000
7.316587	0.000000
7.324587	0.000000
7.330587	0.000000
7.336587	0.000000
7.342587	-0.000000
7.350587	-0.002000
7.356587	0.002000
7.362587	0.000000
7.368587	0.000000
7.374587	-0.000000
7.382587	0.000000
7.388587	0.000000
7.394587	0.000000
7.400587	0.000000
7.408587	0.008000
7.414587	0.002000
7.420587	0.004000
7.426587	0.000000
7.442587	-0.008000
7.450587	0.002000
7.460587	-0.004000
7.466587	0.000000
7.474587	-0.002000
7.484587	0.002000
7.490587	0.000000
7.496587	0.000000
7.502587	0.002000
7.514587	-0.004000
7.520587	0.002000
7.526587	0.000000
7.534587	0.000000
7.542587	-0.002000
7.550587	0.002000
7.556587	-0.000000
7.564587	0.000000
7.570587	0.000000
7.580587	-0.000000
7.586587	0.000000
7.594587	0.000000
7.600587	-0.002000
7.610587	0.000000
7.616587	0.002000
7.624587	0.000000
7.628587	0.000000
7.638587	0.000000
7.646587	-0.002000
7.654587	0.002000
7.658587	0.000000
7.668587	0.000000
7.674587	0.000000
7.684587	0.000000
7.688587	0.000000
7.698587	0.000000
7.704587	0.000000
7.714587	0.000000
7.718587	-0.000000
7.728587	0.000000
7.734587	-0.000000
7.744587	0.000000
7.748587	0.000000
7.758587	-0.000000
7.764587	0.000000
7.774587	-0.000000
7.778587	-0.002000
7.788587	0.000000
7.794587	0.002000
7.804587	-0.002000
7.806587	0.004000
7.816587	0.000000
7.824587	-0.002000
7.832587	0.000000
7.838587	-0.000000
7.848587	0.000000
7.854587	-0.000000
7.862587	0.000000
7.868587	0.000000
7.878587	0.000000
7.884587	0.000000
7.892587	0.000000
7.898587	0.000000
7.908587	0.000000
7.914587	0.000000
7.922587	0.000000
7.928587	0.000000
7.938587	0.000000
7.944587	-0.000000
7.952587	0.000000
7.958587	-0.002000
7.968587	-0.002000
7.974587	0.004000
7.982587	0.000000
7.986587	-0.000000
7.994587	0.002000
8.004587	-0.002000
8.012587	0.000000
8.016587	0.000000
8.026587	0.000000
8.034587	-0.002000
8.042587	0.002000
8.046587	-0.000000
8.056587	0.000000
8.062587	0.000000
8.072587	0.000000
8.076587	0.000000
8.086587	0.000000
8.092587	-0.000000
8.102587	0.000000
8.106587	0.000000
8.116587	-0.000000
8.122587	0.002000
8.132587	-0.002000
8.136587	-0.000000
8.146587	-0.002000
8.154587	-0.002000
8.162587	-0.002000
8.166587	0.000000
8.174587	0.002000
8.180587	0.000000
8.186587	0.000000
8.190587	-0.000000
8.200587	-0.002000
8.206587	0.002000
8.212587	0.000000
8.216587	-0.000000
8.224587	-0.002000
8.232587	0.002000
8.238587	0.000000
8.242587	0.000000
8.248587	0.000000
8.258587	-0.002000
8.264587	0.002000
8.268587	0.000000
8.274587	0.000000
8.282587	-0.002000
8.290587	0.002000
8.294587	0.000000
8.300587	0.000000
8.306587	0.000000
8.316587	-0.002000
8.320587	0.002000
8.326587	0.000000
8.332587	0.000000
8.340587	-0.002000
8.346587	0.002000
8.352587	0.000000
8.358587	0.000000
8.364587	0.000000
8.372587	0.006000
8.378587	-0.012000
8.384587	0.006000
8.390587	0.000000
8.404587	-0.006000
8.404587	0.002000
8.410587	0.002000
8.416587	0.000000
8.424587	0.002000
8.426587	0.000000
8.434587	-0.002000
8.440587	0.002000
8.450587	0.000000
8.452587	0.002000
8.458587	-0.002000
8.466587	0.000000
8.476587	0.000000
8.480587	0.000000
8.484587	0.000000
8.492587	0.002000
8.502587	-0.002000
8.506587	0.000000
8.510587	0.000000
8.520587	-0.002000
8.528587	-0.002000
8.532587	0.002000
8.536587	0.002000
8.544587	-0.002000
8.550587	0.002000
8.556587	0.000000
8.562587	0.000000
8.568587	0.000000
8.576587	0.000000
8.582587	0.000000
8.588587	0.000000
8.594587	0.000000
8.602587	-0.002000
8.608587	0.002000
8.614587	0.000000
8.620587	0.000000
8.626587	0.000000
8.634587	0.000000
8.640587	0.000000
8.646587	0.000000
8.652587	0.000000
8.660587	-0.002000
8.666587	0.002000
8.672587	0.000000
8.678587	0.000000
8.684587	0.000000
8.692587	0.000000
8.698587	0.000000
8.704587	0.000000
8.710587	0.000000
8.718587	-0.002000
8.724587	0.002000
8.730587	0.000000
8.736587	0.000000
8.742587	0.000000
8.750587	0.000000
8.756587	0.000000
8.762587	0.000000
8.768587	0.000000
8.776587	-0.002000
8.782587	0.002000
8.788587	0.000000
8.794587	0.000000
8.800587	0.000000
8.808587	0.000000
8.814587	-0.000000
8.820587	0.000000
8.826587	0.000000
8.834587	-0.002000
8.840587	0.002000
8.846587	-0.000000
8.852587	0.000000
8.858587	0.000000
8.866587	0.010000
8.872587	0.000000
8.878587	0.004000
8.884587	0.000000
8.902587	-0.006000
8.908587	0.000000
8.918587	-0.004000
8.924587	0.000000
8.936587	-0.002000
8.942587	-0.002000
8.948587	0.000000
8.954587	0.000000
8.964587	0.000000
8.968587	0.000000
8.974587	0.000000
8.980587	0.000000
8.990587	0.000000
8.994587	0.000000
9.000587	-0.000000
9.006587	0.000000
9.016587	0.000000
9.020587	0.000000
9.026587	0.000000
9.032587	-0.000000
9.042587	0.000000
9.046587	-0.000000
9.052587	0.000000
9.058587	0.000000
9.068587	-0.000000
9.072587	0.000000
9.078587	0.000000
9.084587	0.000000
9.094587	0.000000
9.098587	0.000000
9.104587	0.000000
9.110587	0.000000
9.120587	0.000000
9.124587	0.000000
9.130587	0.000000
9.136587	0.000000
9.146587	0.002000
9.150587	0.002000
9.156587	-0.000000
9.162587	0.000000
9.174587	0.000000
9.180587	0.000000
9.186587	0.000000
9.192587	0.004000
9.204587	-0.004000
9.210587	0.000000
9.216587	0.000000
9.226587	0.000000
9.234587	0.000000
9.240587	0.000000
9.246587	0.002000
9.256587	-0.002000
9.264587	0.002000
9.270587	0.000000
9.278587	0.000000
9.286587	0.000000
9.296587	0.002000
9.302587	0.000000
9.310587	-0.002000
9.318587	0.000000
9.330587	-0.006000
9.336587	0.006000
9.342587	0.000000
9.350587	0.002000
9.356587	0.002000
9.368587	-0.006000
9.374587	0.004000
9.384587	-0.002000
9.392587	0.000000
9.398587	0.000000
9.408587	-0.000000
9.416587	-0.002000
9.424587	0.002000
9.430587	0.000000
9.440587	-0.000000
9.446587	0.000000
9.456587	-0.002000
9.462587	0.004000
9.472587	-0.002000
9.478587	0.000000
9.486587	-0.002000
9.496587	0.004000
9.504587	-0.000000
9.510587	-0.004000
9.516587	0.000000
9.530587	-0.000000
9.538587	0.000000
9.540587	0.002000
9.546587	0.002000
9.560587	-0.004000
9.568587	0.002000
9.572587	0.000000
9.580587	-0.002000
9.590587	-0.002000
9.600587	-0.002000
9.604587	0.000000
9.610587	0.000000
9.618587	0.000000
9.626587	0.000000
9.630587	0.000000
9.636587	0.000000
9.644587	0.000000
9.652587	-0.002000
9.656587	0.002000
9.662587	0.000000
9.670587	0.000000
9.676587	-0.000000
9.682587	0.000000
9.688587	0.000000
9.696587	0.000000
9.702587	-0.000000
9.708587	0.000000
9.714587	0.000000
9.722587	0.000000
9.728587	0.000000
9.734587	-0.000000
9.740587	0.000000
9.748587	0.000000
9.754587	0.000000
9.760587	0.000000
9.766587	-0.000000
9.774587	-0.002000
9.780587	0.008000
9.786587	-0.012000
9.792587	0.006000
9.798587	-0.000000
9.812587	-0.006000
9.812587	0.002000
9.818587	0.002000
9.824587	0.000000
9.832587	-0.000000
9.834587	0.004000
9.842587	-0.004000
9.848587	0.002000
9.856587	-0.002000
9.862587	0.002000
9.866587	0.000000
9.874587	0.000000
9.880587	0.000000
9.888587	0.000000
9.892587	-0.000000
9.900587	0.002000
9.906587	-0.002000
9.914587	-0.002000
9.918587	0.002000
9.928587	-0.004000
9.932587	0.002000
9.938587	0.002000
9.944587	-0.002000
9.950587	0.002000
9.956587	0.000000
9.964587	-0.002000
9.968587	0.002000
9.976587	0.000000
9.982587	0.000000
9.988587	0.000000
9.994587	0.000000
10.002587	-0.002000
10.008587	0.002000
10.014587	0.000000
10.020587	0.000000
10.026587	0.000000
10.034587	-0.000000
10.040587	0.000000
10.046587	0.000000
10.052587	0.000000
10.060587	-0.002000
10.066587	0.002000
10.072587	0.000000
10.078587	0.000000
10.084587	0.000000
10.092587	0.000000
10.098587	0.000000
10.104587	0.000000
10.110587	0.000000
10.118587	-0.002000
10.124587	0.002000
10.130587	0.000000
10.136587	0.000000
10.142587	0.000000
10.150587	0.000000
10.156587	0.000000
10.162587	0.000000
10.168587	0.000000
10.176587	-0.002000
10.182587	0.002000
10.188587	0.000000
10.194587	0.000000
10.200587	0.000000
10.208587	0.000000
10.214587	0.000000
10.220587	0.000000
10.226587	0.000000
10.234587	-0.002000
10.240587	0.002000
10.246587	0.010000
10.252587	0.000000
10.258587	0.006000
10.266587	0.000000
10.282587	-0.002000
10.288587	0.000000
10.300587	-0.006000
10.308587	0.000000
10.322587	-0.004000
10.328587	0.000000
10.334587	0.000000
10.342587	0.000000
10.352587	-0.002000
10.358587	0.002000
10.364587	0.000000
10.372587	0.000000
10.380587	-0.002000
10.388587	0.002000
10.394587	0.000000
10.402587	-0.002000
10.408587	0.002000
10.418587	-0.002000
10.424587	0.002000
10.430587	0.000000
10.438587	-0.000000
10.446587	-0.004000
10.454587	0.002000
10.460587	0.002000
10.468587	-0.002000
10.472587	0.002000
10.482587	0.000000
10.490587	-0.002000
10.496587	0.002000
10.502587	0.000000
10.512587	-0.002000
10.518587	0.002000
10.526587	0.000000
10.532587	0.000000
10.540587	-0.000000
10.548587	0.000000
10.556587	-0.000000
10.562587	0.000000
10.570587	0.000000
10.578587	-0.002000
10.586587	0.002000
10.592587	-0.000000
10.600587	-0.002000
10.606587	0.002000
10.616587	-0.002000
10.622587	0.000000
10.628587	0.000000
10.636587	0.004000
10.644587	-0.004000
10.650587	0.002000
10.656587	0.002000
10.668587	-0.004000
10.672587	0.002000
10.680587	0.000000
10.688587	-0.000000
10.696587	0.000000
10.702587	0.000000
10.710587	-0.002000
10.718587	0.002000
10.726587	-0.000000
10.732587	0.000000
10.738587	0.000000
10.748587	-0.002000
10.756587	0.002000
10.762587	-0.000000
10.768587	0.000000
10.776587	-0.002000
10.786587	0.002000
10.792587	0.000000
10.798587	0.000000
10.804587	-0.002000
10.816587	0.002000
10.822587	0.000000
10.828587	0.002000
10.832587	0.000000
10.846587	-0.002000
10.852587	0.000000
10.860587	-0.000000
10.864587	0.000000
10.876587	-0.002000
10.882587	0.002000
10.890587	-0.000000
10.894587	0.000000
10.904587	0.000000
10.912587	-0.000000
10.920587	-0.002000
10.924587	-0.000000
10.934587	0.000000
10.942587	-0.004000
10.948587	0.002000
10.952587	0.000000
10.962587	-0.002000
10.966587	0.002000
10.974587	0.000000
10.978587	0.000000
10.986587	-0.000000
10.992587	0.000000
11.000587	-0.002000
11.004587	0.002000
11.012587	0.000000
11.018587	0.000000
11.024587	0.000000
11.030587	-0.002000
11.038587	0.002000
11.044587	0.000000
11.050587	0.000000
11.054587	0.000000
11.064587	-0.002000
11.070587	0.002000
11.076587	0.000000
11.080587	0.000000
11.088587	-0.002000
11.096587	0.002000
11.102587	0.000000
11.106587	0.000000
11.112587	-0.000000
11.122587	-0.002000
11.128587	0.002000
11.132587	0.000000
11.138587	0.000000
11.146587	-0.002000
11.154587	0.002000
11.158587	-0.000000
11.164587	0.000000
11.170587	0.000000
11.180587	0.002000
11.184587	-0.008000
11.190587	0.006000
11.196587	0.000000
11.208587	-0.002000
11.208587	0.002000
11.216587	-0.002000
11.222587	0.002000
11.232587	-0.002000
11.234587	0.002000
11.240587	0.000000
11.248587	0.000000
11.256587	0.000000
11.260587	0.000000
11.266587	-0.000000
11.274587	0.000000
11.282587	-0.002000
11.286587	0.002000
11.292587	0.000000
11.300587	0.002000
11.306587	-0.002000
11.312587	0.000000
11.318587	0.000000
11.328587	-0.004000
11.332587	0.002000
11.338587	0.002000
11.344587	0.000000
11.350587	0.000000
11.356587	0.000000
11.364587	-0.000000
11.370587	0.000000
11.376587	0.000000
11.382587	0.000000
11.390587	-0.000000
11.396587	0.000000
11.402587	0.000000
11.408587	0.000000
11.416587	0.000000
11.422587	0.000000
11.428587	0.000000
11.434587	0.000000
11.442587	0.000000
11.448587	0.000000
11.454587	0.000000
11.460587	0.000000
11.468587	0.000000
11.474587	0.000000
11.480587	0.000000
11.486587	0.000000
11.494587	0.000000
11.500587	-0.000000
11.506587	0.000000
11.512587	0.000000
11.520587	-0.002000
11.526587	0.002000
11.532587	-0.000000
11.538587	0.000000
11.544587	0.000000
11.552587	0.000000
11.558587	0.000000
11.564587	-0.000000
11.570587	0.000000
11.578587	-0.002000
11.584587	0.002000
11.590587	0.000000
11.596587	-0.000000
11.602587	0.000000
11.610587	0.000000
11.616587	0.000000
11.622587	0.000000
11.628587	-0.000000
11.636587	-0.002000
11.642587	0.002000
11.648587	0.000000
11.654587	0.000000
11.660587	-0.000000
11.668587	0.010000
11.674587	0.000000
11.680587	0.004000
11.686587	0.000000
11.704587	-0.006000
11.710587	-0.000000
11.720587	-0.004000
11.726587	0.000000
11.738587	-0.004000
11.744587	0.000000
11.750587	-0.000000
11.756587	0.000000
11.764587	-0.002000
11.770587	0.002000
11.776587	0.000000
11.782587	-0.000000
11.788587	0.000000
11.796587	0.000000
11.802587	0.000000
11.808587	0.000000
11.814587	-0.000000
11.822587	-0.002000
11.828587	0.002000
11.834587	0.000000
11.840587	0.000000
11.846587	-0.000000
11.854587	0.000000
11.860587	0.000000
11.866587	0.000000
11.872587	0.000000
11.880587	-0.002000
11.886587	0.002000
11.892587	0.000000
11.898587	0.000000
11.904587	0.000000
11.912587	-0.000000
11.918587	0.000000
11.924587	0.000000
11.930587	0.000000
11.938587	0.002000
11.944587	0.002000
11.950587	0.000000
11.956587	0.000000
11.966587	-0.002000
11.974587	0.002000
11.980587	-0.000000
11.986587	0.000000
11.994587	0.002000
