0 0.103667
1 0.118440
2 0.133213
3 0.135213
4 0.137213
5 0.151480
6 0.155480
7 0.161480
8 0.173480
9 0.175480
10 0.179480
11 0.181480
12 0.187480
13 0.189480
14 0.201480
15 0.205480
16 0.211480
17 0.223480
18 0.229480
19 0.233480
20 0.245480
21 0.265480
22 0.269480
23 0.273480
24 0.277480
25 0.287480
26 0.303480
27 0.307480
28 0.311480
29 0.315480
30 0.335480
31 0.341480
32 0.345480
33 0.349480
34 0.353480
35 0.373480
36 0.379480
37 0.381480
38 0.387480
39 0.391480
40 0.411480
41 0.417480
42 0.421480
43 0.425480
44 0.429480
45 0.449480
46 0.455480
47 0.459480
48 0.463480
49 0.471480
50 0.479480
51 0.487480
52 0.491480
53 0.495480
54 0.499480
55 0.507480
56 0.515480
57 0.519480
58 0.523480
59 0.527480
60 0.535480
61 0.541480
62 0.547480
63 0.551480
64 0.555480
65 0.561480
66 0.569480
67 0.575480
68 0.579480
69 0.583480
70 0.589480
71 0.597480
72 0.603480
73 0.607480
74 0.611480
75 0.617480
76 0.623480
77 0.631480
78 0.635480
79 0.639480
80 0.645480
81 0.651480
82 0.659480
83 0.663480
84 0.667480
85 0.673480
86 0.679480
87 0.685480
88 0.691480
89 0.695480
90 0.701480
91 0.707480
94 0.711480
92 0.715480
93 0.721480
95 0.729480
96 0.735480
97 0.741480
98 0.747480
99 0.749480
100 0.757480
101 0.763480
102 0.769480
103 0.775480
104 0.779480
105 0.785480
106 0.791480
107 0.797480
108 0.803480
109 0.807480
110 0.813480
111 0.819480
112 0.825480
113 0.831480
114 0.835480
115 0.841480
116 0.847480
117 0.853480
118 0.859480
121 0.865480
119 0.867480
120 0.873480
122 0.881480
123 0.887480
119 0.893480
124 0.895480
125 0.899480
126 0.901480
127 0.909480
128 0.917480
129 0.925480
130 0.927480
131 0.931480
132 0.937480
133 0.943480
134 0.953480
135 0.957480
136 0.959480
137 0.965480
138 0.971480
139 0.979480
140 0.985480
141 0.989480
142 0.993480
143 0.999480
144 1.005480
145 1.013480
147 1.015480
148 1.021480
146 1.025480
149 1.033480
150 1.041480
146 1.045480
151 1.047480
152 1.049480
153 1.051480
154 1.053480
155 1.061480
156 1.071480
157 1.079480
158 1.081480
159 1.083480
160 1.085480
161 1.089480
162 1.099480
163 1.109480
164 1.111480
165 1.115480
166 1.117480
167 1.119480
168 1.129480
169 1.137480
170 1.143480
171 1.145480
172 1.149480
173 1.151480
174 1.159480
175 1.165480
176 1.173480
177 1.177480
178 1.179480
180 1.181480
181 1.189480
179 1.193480
182 1.203480
183 1.207480
184 1.211480
179 1.215480
185 1.217480
186 1.219480
187 1.221480
188 1.223480
189 1.235480
190 1.241480
191 1.245480
192 1.251480
193 1.253480
194 1.255480
195 1.263480
196 1.271480
197 1.275480
198 1.281480
199 1.285480
200 1.287480
201 1.291480
202 1.301480
203 1.305480
204 1.311480
205 1.315480
206 1.319480
207 1.321480
208 1.331480
209 1.335480
210 1.341480
211 1.345480
212 1.349480
213 1.353480
214 1.361480
215 1.365480
216 1.371480
217 1.375480
218 1.379480
219 1.383480
220 1.389480
221 1.395480
222 1.401480
223 1.405480
224 1.409480
225 1.413480
226 1.419480
227 1.425480
228 1.431480
229 1.435480
230 1.439480
231 1.443480
232 1.449480
233 1.455480
234 1.461480
235 1.465480
236 1.469480
237 1.473480
238 1.479480
239 1.485480
240 1.491480
241 1.495480
242 1.499480
243 1.503480
244 1.509480
245 1.515480
246 1.521480
247 1.525480
248 1.529480
249 1.533480
250 1.539480
251 1.545480
252 1.551480
253 1.555480
254 1.559480
255 1.563480
256 1.569480
257 1.575480
258 1.581480
259 1.585480
260 1.589480
261 1.593480
262 1.599480
263 1.605480
264 1.611480
265 1.615480
266 1.619480
267 1.623480
268 1.629480
269 1.635480
270 1.641480
271 1.645480
272 1.649480
273 1.653480
274 1.659480
275 1.665480
276 1.671480
277 1.675480
278 1.679480
279 1.683480
280 1.699480
281 1.705480
282 1.727480
283 1.731480
284 1.735480
285 1.739480
286 1.745480
287 1.751480
288 1.767480
289 1.773480
290 1.777480
291 1.783480
292 1.789480
293 1.795480
294 1.803480
295 1.809480
296 1.815480
297 1.821480
298 1.829480
299 1.835480
300 1.841480
301 1.847480
302 1.855480
303 1.861480
304 1.867480
305 1.873480
306 1.881480
307 1.887480
308 1.893480
309 1.899480
310 1.905480
311 1.913480
312 1.919480
313 1.925480
314 1.931480
315 1.939480
316 1.945480
317 1.951480
318 1.957480
319 1.963480
320 1.971480
321 1.977480
322 1.983480
323 1.991480
324 1.999480
325 2.007480
326 2.013480
327 2.019480
328 2.025480
329 2.037480
330 2.043480
331 2.049480
332 2.057480
333 2.065480
334 2.073480
335 2.079480
336 2.087480
337 2.093480
338 2.103480
339 2.109480
340 2.117480
341 2.123480
342 2.133480
343 2.139480
344 2.145480
345 2.153480
346 2.163480
347 2.171480
348 2.177480
349 2.183480
350 2.195480
351 2.199480
352 2.205480
353 2.211480
354 2.225480
355 2.229480
356 2.237480
357 2.243480
358 2.257480
359 2.261480
360 2.271480
361 2.277480
362 2.291480
363 2.295480
364 2.303480
365 2.311480
366 2.321480
367 2.331480
368 2.339480
369 2.343480
370 2.355480
371 2.361480
372 2.371480
373 2.375480
374 2.389480
375 2.393480
376 2.399480
377 2.403480
378 2.413480
379 2.417480
380 2.425480
381 2.429480
382 2.437480
383 2.443480
384 2.451480
385 2.455480
386 2.463480
387 2.469480
388 2.477480
389 2.481480
390 2.489480
391 2.495480
392 2.501480
393 2.507480
394 2.515480
395 2.521480
396 2.527480
397 2.533480
398 2.539480
399 2.545480
400 2.553480
401 2.559480
402 2.565480
403 2.571480
404 2.579480
405 2.585480
406 2.591480
407 2.597480
408 2.605480
409 2.611480
410 2.617480
411 2.623480
412 2.631480
414 2.637480
413 2.643480
415 2.649480
416 2.657480
417 2.663480
418 2.665480
419 2.673480
420 2.681480
421 2.689480
422 2.693480
423 2.699480
424 2.707480
425 2.715480
426 2.719480
427 2.725480
428 2.733480
429 2.741480
430 2.745480
432 2.753480
431 2.757480
433 2.767480
434 2.771480
435 2.777480
436 2.779480
437 2.791480
438 2.797480
439 2.803480
440 2.807480
441 2.817480
442 2.823480
443 2.829480
444 2.833480
445 2.843480
446 2.849480
447 2.855480
448 2.859480
449 2.869480
450 2.875480
451 2.881480
452 2.885480
453 2.895480
454 2.901480
455 2.907480
456 2.911480
457 2.921480
458 2.927480
459 2.933480
460 2.937480
461 2.947480
462 2.953480
463 2.959480
464 2.963480
465 2.973480
466 2.979480
467 2.985480
468 2.989480
469 2.999480
470 3.005480
471 3.011480
472 3.015480
473 3.025480
474 3.031480
475 3.037480
476 3.041480
477 3.051480
478 3.057480
479 3.063480
480 3.067480
481 3.077480
482 3.083480
483 3.089480
484 3.093480
485 3.103480
486 3.109480
487 3.125480
488 3.129480
489 3.145480
490 3.151480
491 3.165480
492 3.169480
493 3.179480
494 3.187480
495 3.195480
496 3.197480
497 3.209480
498 3.217480
499 3.225480
500 3.229480
501 3.239480
502 3.247480
503 3.255480
504 3.259480
505 3.269480
506 3.277480
507 3.285480
508 3.289480
509 3.299480
510 3.307480
511 3.313480
512 3.317480
513 3.329480
514 3.337480
515 3.343480
516 3.347480
517 3.359480
518 3.367480
519 3.373480
520 3.379480
521 3.389480
522 3.397480
523 3.403480
524 3.409480
525 3.419480
526 3.427480
527 3.433480
528 3.439480
529 3.449480
530 3.455480
531 3.463480
532 3.469480
533 3.479480
534 3.485480
535 3.491480
536 3.497480
537 3.509480
538 3.515480
539 3.521480
540 3.527480
541 3.539480
542 3.545480
543 3.551480
544 3.559480
545 3.567480
546 3.575480
547 3.581480
548 3.589480
549 3.597480
550 3.605480
551 3.611480
552 3.619480
553 3.627480
554 3.635480
555 3.641480
556 3.649480
557 3.657480
558 3.665480
559 3.669480
560 3.677480
561 3.687480
562 3.695480
563 3.699480
564 3.709480
565 3.715480
566 3.725480
567 3.729480
568 3.739480
569 3.745480
570 3.755480
571 3.759480
572 3.769480
573 3.775480
574 3.785480
575 3.789480
576 3.797480
577 3.803480
578 3.811480
579 3.815480
580 3.823480
581 3.829480
582 3.837480
583 3.841480
584 3.849480
585 3.855480
586 3.863480
587 3.867480
588 3.875480
589 3.881480
590 3.889480
591 3.893480
592 3.901480
593 3.907480
594 3.915480
595 3.919480
596 3.927480
597 3.933480
598 3.941480
599 3.945480
600 3.953480
601 3.959480
602 3.967480
603 3.971480
604 3.979480
605 3.985480
606 3.993480
607 3.997480
608 4.005480
609 4.011480
610 4.019480
611 4.023480
612 4.031480
613 4.037480
614 4.045480
615 4.049480
616 4.057480
617 4.063480
619 4.069480
618 4.075480
620 4.083480
621 4.089480
622 4.095480
623 4.097480
624 4.107480
625 4.115480
626 4.121480
627 4.125480
628 4.133480
629 4.141480
630 4.147480
631 4.151480
632 4.159480
633 4.167480
634 4.173480
636 4.179480
635 4.183480
637 4.193480
638 4.199480
639 4.205480
640 4.207480
641 4.215480
642 4.223480
643 4.231480
644 4.235480
645 4.241480
646 4.249480
647 4.257480
648 4.261480
649 4.267480
650 4.275480
651 4.283480
652 4.287480
653 4.293480
654 4.301480
655 4.309480
656 4.313480
657 4.319480
658 4.327480
659 4.335480
660 4.339480
661 4.345480
662 4.353480
663 4.361480
664 4.365480
665 4.371480
666 4.379480
667 4.387480
668 4.391480
669 4.397480
670 4.405480
671 4.413480
672 4.417480
673 4.423480
674 4.431480
675 4.439480
676 4.443480
677 4.449480
678 4.457480
679 4.465480
680 4.469480
681 4.475480
682 4.483480
683 4.491480
684 4.495480
685 4.501480
686 4.509480
687 4.517480
688 4.521480
689 4.527480
690 4.535480
691 4.553480
692 4.557480
693 4.567480
694 4.575480
695 4.587480
696 4.591480
697 4.597480
698 4.605480
699 4.613480
700 4.617480
701 4.623480
702 4.631480
703 4.639480
704 4.643480
705 4.649480
706 4.657480
707 4.665480
708 4.669480
709 4.675480
710 4.683480
711 4.691480
712 4.695480
713 4.701480
714 4.709480
715 4.717480
716 4.721480
717 4.727480
718 4.735480
719 4.743480
720 4.747480
721 4.753480
722 4.761480
723 4.769480
724 4.773480
725 4.779480
726 4.787480
727 4.795480
728 4.799480
729 4.807480
730 4.815480
731 4.825480
732 4.829480
733 4.837480
734 4.845480
735 4.855480
736 4.859480
737 4.867480
738 4.875480
739 4.885480
740 4.889480
741 4.899480
742 4.905480
743 4.915480
744 4.919480
745 4.929480
746 4.935480
747 4.945480
748 4.949480
749 4.959480
750 4.965480
751 4.975480
752 4.979480
753 4.989480
754 4.993480
755 5.003480
756 5.011480
757 5.019480
758 5.023480
759 5.035480
760 5.041480
761 5.049480
762 5.053480
763 5.065480
764 5.071480
765 5.079480
766 5.083480
767 5.095480
768 5.101480
769 5.109480
770 5.113480
771 5.125480
772 5.131480
773 5.139480
774 5.143480
775 5.155480
776 5.163480
777 5.171480
778 5.173480
779 5.183480
780 5.191480
781 5.199480
782 5.203480
783 5.215480
784 5.221480
785 5.229480
786 5.233480
787 5.245480
788 5.251480
789 5.259480
790 5.263480
791 5.275480
792 5.281480
793 5.289480
794 5.293480
795 5.305480
796 5.311480
797 5.319480
798 5.323480
799 5.335480
800 5.343480
801 5.351480
802 5.353480
803 5.363480
804 5.371480
805 5.379480
806 5.383480
807 5.395480
808 5.401480
809 5.409480
810 5.413480
811 5.425480
812 5.431480
813 5.439480
814 5.443480
815 5.453480
816 5.459480
817 5.465480
818 5.469480
819 5.479480
820 5.485480
821 5.491480
823 5.499480
822 5.501480
824 5.511480
825 5.517480
826 5.523480
827 5.525480
828 5.533480
829 5.541480
830 5.549480
831 5.553480
832 5.559480
833 5.567480
834 5.575480
835 5.579480
836 5.585480
837 5.593480
838 5.601480
839 5.605480
841 5.613480
840 5.617480
842 5.627480
843 5.631480
844 5.637480
845 5.639480
846 5.651480
847 5.657480
848 5.663480
849 5.667480
850 5.675480
851 5.683480
852 5.689480
853 5.693480
854 5.699480
855 5.709480
856 5.715480
857 5.719480
858 5.725480
859 5.735480
860 5.741480
861 5.745480
862 5.751480
863 5.761480
864 5.767480
865 5.771480
866 5.777480
867 5.785480
868 5.793480
869 5.797480
870 5.803480
871 5.811480
872 5.819480
873 5.823480
874 5.829480
875 5.837480
876 5.843480
877 5.849480
878 5.855480
879 5.861480
880 5.869480
881 5.875480
882 5.881480
883 5.887480
884 5.895480
885 5.901480
886 5.907480
887 5.913480
888 5.919480
889 5.927480
890 5.933480
891 5.939480
892 5.945480
893 5.953480
894 5.959480
895 5.965480
896 5.971480
897 5.985480
898 5.993480
899 5.999480
900 6.005480
901 6.015480
902 6.023480
903 6.029480
904 6.035480
905 6.045480
906 6.051480
907 6.059480
908 6.067480
909 6.075480
910 6.081480
911 6.089480
912 6.097480
913 6.105480
914 6.111480
915 6.117480
916 6.127480
917 6.135480
918 6.141480
919 6.147480
920 6.157480
921 6.161480
922 6.169480
923 6.177480
924 6.187480
925 6.191480
926 6.201480
927 6.207480
928 6.215480
929 6.221480
930 6.229480
931 6.237480
932 6.245480
933 6.251480
934 6.259480
935 6.267480
936 6.275480
937 6.281480
938 6.289480
939 6.295480
940 6.305480
941 6.311480
942 6.319480
943 6.325480
944 6.335480
945 6.339480
946 6.345480
947 6.357480
948 6.365480
949 6.369480
950 6.377480
951 6.385480
952 6.393480
953 6.399480
954 6.407480
955 6.413480
956 6.423480
957 6.429480
958 6.437480
959 6.443480
960 6.453480
961 6.459480
962 6.467480
963 6.473480
964 6.483480
965 6.489480
966 6.497480
967 6.503480
968 6.511480
969 6.517480
970 6.523480
971 6.535480
972 6.541480
973 6.547480
974 6.555480
975 6.563480
976 6.571480
977 6.577480
978 6.585480
979 6.591480
980 6.601480
981 6.607480
982 6.615480
983 6.621480
984 6.631480
985 6.637480
986 6.643480
987 6.651480
988 6.661480
989 6.667480
990 6.673480
991 6.681480
992 6.689480
993 6.695480
994 6.701480
995 6.711480
996 6.719480
997 6.725480
998 6.731480
999 6.739480
1000 6.747480
1001 6.753480
1002 6.759480
1003 6.767480
1004 6.771480
1005 6.779480
1006 6.785480
1007 6.793480
1008 6.797480
1009 6.805480
1010 6.811480
1011 6.819480
1012 6.823480
1013 6.829480
1014 6.837480
1015 6.845480
1016 6.849480
1017 6.855480
1018 6.863480
1019 6.869480
1020 6.875480
1021 6.881480
1022 6.887480
1023 6.895480
1024 6.901480
1025 6.907480
1026 6.913480
1027 6.921480
1028 6.927480
1029 6.933480
1030 6.939480
1031 6.949480
1032 6.953480
1033 6.959480
1034 6.965480
1035 6.971480
1036 6.977480
1037 6.985480
1038 6.991480
1039 6.997480
1040 7.003480
1041 7.009480
1042 7.017480
1043 7.023480
1044 7.029480
1045 7.035480
1046 7.043480
1047 7.049480
1048 7.055480
1049 7.065480
1050 7.067480
1051 7.075480
1052 7.081480
1053 7.087480
1054 7.091480
1055 7.101480
1056 7.107480
1057 7.113480
1058 7.117480
1059 7.125480
1060 7.133480
1061 7.139480
1062 7.143480
1063 7.151480
1064 7.159480
1065 7.165480
1066 7.169480
1067 7.177480
1068 7.183480
1069 7.191480
1070 7.195480
1071 7.203480
1072 7.209480
1073 7.217480
1074 7.221480
1075 7.229480
1076 7.235480
1077 7.241480
1078 7.247480
1079 7.255480
1080 7.261480
1081 7.267480
1082 7.273480
1083 7.281480
1084 7.287480
1085 7.293480
1086 7.299480
1087 7.305480
1088 7.313480
1089 7.319480
1090 7.325480
1091 7.331480
1092 7.339480
1093 7.345480
1094 7.351480
1095 7.357480
1096 7.363480
1097 7.371480
1098 7.377480
1099 7.383480
1100 7.389480
1101 7.397480
1102 7.403480
1103 7.409480
1104 7.415480
1105 7.431480
1106 7.439480
1107 7.449480
1108 7.455480
1109 7.463480
1110 7.473480
1111 7.479480
1112 7.485480
1113 7.491480
1114 7.503480
1115 7.509480
1116 7.515480
1117 7.523480
1118 7.531480
1119 7.539480
1120 7.545480
1121 7.553480
1122 7.559480
1123 7.569480
1124 7.575480
1125 7.583480
1126 7.589480
1127 7.599480
1128 7.605480
1129 7.613480
1130 7.617480
1131 7.627480
1132 7.635480
1133 7.643480
1134 7.647480
1135 7.657480
1136 7.663480
1137 7.673480
1138 7.677480
1139 7.687480
1140 7.693480
1141 7.703480
1142 7.707480
1143 7.717480
1144 7.723480
1145 7.733480
1146 7.737480
1147 7.747480
1148 7.753480
1149 7.763480
1150 7.767480
1151 7.777480
1152 7.783480
1153 7.793480
1154 7.795480
1155 7.805480
1156 7.813480
1157 7.821480
1158 7.827480
1159 7.837480
1160 7.843480
1161 7.851480
1162 7.857480
1163 7.867480
1164 7.873480
1165 7.881480
1166 7.887480
1167 7.897480
1168 7.903480
1169 7.911480
1170 7.917480
1171 7.927480
1172 7.933480
1173 7.941480
1174 7.947480
1175 7.957480
1176 7.963480
1177 7.971480
1178 7.975480
1179 7.983480
1180 7.993480
1181 8.001480
1182 8.005480
1183 8.015480
1184 8.023480
1185 8.031480
1186 8.035480
1187 8.045480
1188 8.051480
1189 8.061480
1190 8.065480
1191 8.075480
1192 8.081480
1193 8.091480
1194 8.095480
1195 8.105480
1196 8.111480
1197 8.121480
1198 8.125480
1199 8.135480
1200 8.143480
1201 8.151480
1202 8.155480
1203 8.163480
1204 8.169480
1205 8.175480
1206 8.179480
1207 8.189480
1208 8.195480
1209 8.201480
1210 8.205480
1211 8.213480
1212 8.221480
1213 8.227480
1214 8.231480
1215 8.237480
1216 8.247480
1217 8.253480
1218 8.257480
1219 8.263480
1220 8.271480
1221 8.279480
1222 8.283480
1223 8.289480
1224 8.295480
1225 8.305480
1226 8.309480
1227 8.315480
1228 8.321480
1229 8.329480
1230 8.335480
1231 8.341480
1232 8.347480
1233 8.353480
1234 8.361480
1235 8.367480
1236 8.373480
1237 8.379480
1239 8.387480
1238 8.393480
1240 8.399480
1241 8.405480
1242 8.413480
1243 8.415480
1244 8.423480
1245 8.429480
1246 8.439480
1247 8.441480
1248 8.447480
1249 8.455480
1250 8.465480
1251 8.469480
1252 8.473480
1253 8.481480
1254 8.491480
1255 8.495480
1256 8.499480
1257 8.509480
1258 8.517480
1259 8.521480
1260 8.525480
1261 8.533480
1262 8.539480
1263 8.545480
1264 8.551480
1265 8.557480
1266 8.565480
1267 8.571480
1268 8.577480
1269 8.583480
1270 8.591480
1271 8.597480
1272 8.603480
1273 8.609480
1274 8.615480
1275 8.623480
1276 8.629480
1277 8.635480
1278 8.641480
1279 8.649480
1280 8.655480
1281 8.661480
1282 8.667480
1283 8.673480
1284 8.681480
1285 8.687480
1286 8.693480
1287 8.699480
1288 8.707480
1289 8.713480
1290 8.719480
1291 8.725480
1292 8.731480
1293 8.739480
1294 8.745480
1295 8.751480
1296 8.757480
1297 8.765480
1298 8.771480
1299 8.777480
1300 8.783480
1301 8.789480
1302 8.797480
1303 8.803480
1304 8.809480
1305 8.815480
1306 8.823480
1307 8.829480
1308 8.835480
1309 8.841480
1310 8.847480
1311 8.855480
1312 8.861480
1313 8.867480
1314 8.873480
1315 8.891480
1316 8.897480
1317 8.907480
1318 8.913480
1319 8.925480
1320 8.931480
1321 8.937480
1322 8.943480
1323 8.953480
1324 8.957480
1325 8.963480
1326 8.969480
1327 8.979480
1328 8.983480
1329 8.989480
1330 8.995480
1331 9.005480
1332 9.009480
1333 9.015480
1334 9.021480
1335 9.031480
1336 9.035480
1337 9.041480
1338 9.047480
1339 9.057480
1340 9.061480
1341 9.067480
1342 9.073480
1343 9.083480
1344 9.087480
1345 9.093480
1346 9.099480
1347 9.109480
1348 9.113480
1349 9.119480
1350 9.125480
1351 9.135480
1352 9.139480
1353 9.145480
1354 9.151480
1355 9.163480
1356 9.169480
1357 9.175480
1358 9.181480
1359 9.193480
1360 9.199480
1361 9.205480
1362 9.215480
1363 9.223480
1364 9.229480
1365 9.235480
1366 9.245480
1367 9.253480
1368 9.259480
1369 9.267480
1370 9.275480
1371 9.285480
1372 9.291480
1373 9.299480
1374 9.307480
1375 9.319480
1376 9.325480
1377 9.331480
1378 9.339480
1379 9.345480
1380 9.357480
1381 9.363480
1382 9.373480
1383 9.381480
1384 9.387480
1385 9.397480
1386 9.405480
1387 9.413480
1388 9.419480
1389 9.429480
1390 9.435480
1391 9.445480
1392 9.451480
1393 9.461480
1394 9.467480
1395 9.475480
1396 9.485480
1397 9.493480
1398 9.499480
1399 9.505480
1400 9.519480
1401 9.527480
1402 9.529480
1403 9.535480
1404 9.549480
1405 9.557480
1406 9.561480
1407 9.569480
1408 9.579480
1409 9.589480
1410 9.593480
1411 9.599480
1412 9.607480
1413 9.615480
1414 9.619480
1415 9.625480
1416 9.633480
1417 9.641480
1418 9.645480
1419 9.651480
1420 9.659480
1421 9.665480
1422 9.671480
1423 9.677480
1424 9.685480
1425 9.691480
1426 9.697480
1427 9.703480
1428 9.711480
1429 9.717480
1430 9.723480
1431 9.729480
1432 9.737480
1433 9.743480
1434 9.749480
1435 9.755480
1436 9.763480
1437 9.769480
1438 9.775480
1439 9.781480
1440 9.787480
1442 9.795480
1441 9.801480
1443 9.807480
1444 9.813480
1445 9.821480
1446 9.823480
1447 9.831480
1448 9.837480
1449 9.845480
1450 9.851480
1451 9.855480
1452 9.863480
1453 9.869480
1454 9.877480
1455 9.881480
1456 9.889480
1457 9.895480
1458 9.903480
1459 9.907480
1460 9.917480
1461 9.921480
1462 9.927480
1463 9.933480
1464 9.939480
1465 9.945480
1466 9.953480
1467 9.957480
1468 9.965480
1469 9.971480
1470 9.977480
1471 9.983480
1472 9.991480
1473 9.997480
1474 10.003480
1475 10.009480
1476 10.015480
1477 10.023480
1478 10.029480
1479 10.035480
1480 10.041480
1481 10.049480
1482 10.055480
1483 10.061480
1484 10.067480
1485 10.073480
1486 10.081480
1487 10.087480
1488 10.093480
1489 10.099480
1490 10.107480
1491 10.113480
1492 10.119480
1493 10.125480
1494 10.131480
1495 10.139480
1496 10.145480
1497 10.151480
1498 10.157480
1499 10.165480
1500 10.171480
1501 10.177480
1502 10.183480
1503 10.189480
1504 10.197480
1505 10.203480
1506 10.209480
1507 10.215480
1508 10.223480
1509 10.229480
1510 10.235480
1511 10.241480
1512 10.247480
1513 10.255480
1514 10.271480
1515 10.277480
1516 10.289480
1517 10.297480
1518 10.311480
1519 10.317480
1520 10.323480
1521 10.331480
1522 10.341480
1523 10.347480
1524 10.353480
1525 10.361480
1526 10.369480
1527 10.377480
1528 10.383480
1529 10.391480
1530 10.397480
1531 10.407480
1532 10.413480
1533 10.419480
1534 10.427480
1535 10.435480
1536 10.443480
1537 10.449480
1538 10.457480
1539 10.461480
1540 10.471480
1541 10.479480
1542 10.485480
1543 10.491480
1544 10.501480
1545 10.507480
1546 10.515480
1547 10.521480
1548 10.529480
1549 10.537480
1550 10.545480
1551 10.551480
1552 10.559480
1553 10.567480
1554 10.575480
1555 10.581480
1556 10.589480
1557 10.595480
1558 10.605480
1559 10.611480
1560 10.617480
1561 10.625480
1562 10.633480
1563 10.639480
1564 10.645480
1565 10.657480
1566 10.661480
1567 10.669480
1568 10.677480
1569 10.685480
1570 10.691480
1571 10.699480
1572 10.707480
1573 10.715480
1574 10.721480
1575 10.727480
1576 10.737480
1577 10.745480
1578 10.751480
1579 10.757480
1580 10.765480
1581 10.775480
1582 10.781480
1583 10.787480
1584 10.793480
1585 10.805480
1586 10.811480
1587 10.817480
1588 10.821480
1589 10.835480
1590 10.841480
1591 10.849480
1592 10.853480
1593 10.865480
1594 10.871480
1595 10.879480
1596 10.883480
1597 10.893480
1598 10.901480
1599 10.909480
1600 10.913480
1601 10.923480
1602 10.931480
1603 10.937480
1604 10.941480
1605 10.951480
1606 10.955480
1607 10.963480
1608 10.967480
1609 10.975480
1610 10.981480
1611 10.989480
1612 10.993480
1613 11.001480
1614 11.007480
1615 11.013480
1616 11.019480
1617 11.027480
1618 11.033480
1619 11.039480
1620 11.043480
1621 11.053480
1622 11.059480
1623 11.065480
1624 11.069480
1625 11.077480
1626 11.085480
1627 11.091480
1628 11.095480
1629 11.101480
1630 11.111480
1631 11.117480
1632 11.121480
1633 11.127480
1634 11.135480
1635 11.143480
1636 11.147480
1637 11.153480
1638 11.159480
1639 11.169480
1640 11.173480
1641 11.179480
1642 11.185480
1644 11.193480
1643 11.197480
1645 11.205480
1646 11.211480
1647 11.221480
1648 11.223480
1649 11.229480
1650 11.237480
1651 11.245480
1652 11.249480
1653 11.255480
1654 11.263480
1655 11.271480
1656 11.275480
1657 11.281480
1658 11.289480
1659 11.295480
1660 11.301480
1661 11.307480
1662 11.317480
1663 11.321480
1664 11.327480
1665 11.333480
1666 11.339480
1667 11.345480
1668 11.353480
1669 11.359480
1670 11.365480
1671 11.371480
1672 11.379480
1673 11.385480
1674 11.391480
1675 11.397480
1676 11.405480
1677 11.411480
1678 11.417480
1679 11.423480
1680 11.431480
1681 11.437480
1682 11.443480
1683 11.449480
1684 11.457480
1685 11.463480
1686 11.469480
1687 11.475480
1688 11.483480
1689 11.489480
1690 11.495480
1691 11.501480
1692 11.509480
1693 11.515480
1694 11.521480
1695 11.527480
1696 11.533480
1697 11.541480
1698 11.547480
1699 11.553480
1700 11.559480
1701 11.567480
1702 11.573480
1703 11.579480
1704 11.585480
1705 11.591480
1706 11.599480
1707 11.605480
1708 11.611480
1709 11.617480
1710 11.625480
1711 11.631480
1712 11.637480
1713 11.643480
1714 11.649480
1715 11.657480
1716 11.663480
1717 11.669480
1718 11.675480
1719 11.693480
1720 11.699480
1721 11.709480
1722 11.715480
1723 11.727480
1724 11.733480
1725 11.739480
1726 11.745480
1727 11.753480
1728 11.759480
1729 11.765480
1730 11.771480
1731 11.777480
1732 11.785480
1733 11.791480
1734 11.797480
1735 11.803480
1736 11.811480
1737 11.817480
1738 11.823480
1739 11.829480
1740 11.835480
1741 11.843480
1742 11.849480
1743 11.855480
1744 11.861480
1745 11.869480
1746 11.875480
1747 11.881480
1748 11.887480
1749 11.893480
1750 11.901480
1751 11.907480
1752 11.913480
1753 11.919480
1754 11.927480
1755 11.933480
1756 11.939480
1757 11.945480
1758 11.955480
1759 11.963480
1760 11.969480
1761 11.975480
1762 11.983480
1763 11.993480
1764 11.999480
1765 12.005480
1766 12.015480
