0.12	0.00
0.13	438.60
0.15	415.80
0.16	495.05
0.17	587.37
0.18	601.68
0.20	596.42
0.20	678.95
0.22	624.51
0.22	689.13
0.22	751.31
0.22	811.21
0.23	868.94
0.26	740.32
0.26	786.08
0.26	830.56
0.26	873.84
0.26	915.95
0.27	956.94
0.30	842.20
0.30	876.81
0.30	910.67
0.30	943.80
0.30	976.23
0.33	903.61
0.33	932.49
0.33	960.83
0.33	988.65
0.34	1015.97
0.36	941.25
0.36	965.87
0.37	990.10
0.37	1013.94
0.37	1037.41
0.40	949.46
0.40	970.60
0.41	991.46
0.41	1012.04
0.41	1032.33
0.44	973.54
0.44	992.31
0.44	1010.85
0.44	1029.16
0.44	1047.25
0.47	993.00
0.47	1009.87
1.69	233.73
1.69	238.51
1.69	243.27
1.70	248.03
1.70	252.77
1.71	253.13
1.72	256.08
1.72	257.40
1.72	258.06
1.72	259.74
1.72	261.78
1.73	261.78
1.73	264.90
1.76	259.74
1.76	259.74
1.76	259.74
1.77	259.74
1.77	264.55
1.99	230.95
2.01	229.10
2.04	225.48
2.04	225.48
2.06	223.46
2.07	225.23
2.09	223.46
2.10	221.73
2.12	220.02
2.14	218.34
2.15	219.30
2.17	217.39
2.17	217.39
2.19	215.52
2.22	212.54
2.22	215.29
2.24	213.45
2.25	212.09
2.25	212.09
2.27	210.30
2.27	213.68
2.29	212.09
2.29	212.09
2.31	210.30
2.31	210.30
2.33	211.19
2.33	211.19
2.33	211.19
2.35	209.42
2.37	207.90
2.37	210.53
2.39	208.77
3.12	280.11
3.12	280.11
3.12	280.11
3.12	280.11
3.13	280.11
3.14	280.90
3.14	280.90
3.14	280.90
3.16	277.39
3.16	277.39
3.17	277.39
3.17	277.39
3.19	273.97
3.20	277.01
3.22	274.35
3.24	271.74
3.25	268.82
3.27	266.67
3.29	308.64
3.30	309.12
3.33	309.60
3.33	309.60
3.36	306.75
3.36	310.08
3.38	309.60
3.40	309.60
3.41	309.60
3.43	309.60
3.45	309.12
3.46	309.60
3.48	306.28
3.51	303.95
3.51	310.08
3.54	303.49
3.54	307.22
3.56	306.28
3.57	303.03
3.59	303.49
3.61	300.30
3.62	300.30
3.64	297.18
3.66	297.18
3.69	291.12
3.69	294.55
3.71	291.12
3.72	288.18
3.74	288.60
3.75	288.60
3.77	285.71
3.79	286.12
4.54	280.90
4.54	280.90
4.55	280.90
4.55	280.90
4.55	280.90
4.56	280.50
4.57	280.50
4.58	277.39
4.59	280.90
4.81	243.61
4.82	241.25
4.84	239.52
4.86	239.81
4.87	240.10
4.88	240.38
4.90	240.38
4.92	240.67
4.93	240.38
4.95	240.67
4.97	240.10
4.98	241.84
5.01	237.81
5.01	241.84
5.03	239.52
5.05	239.81
5.06	239.81
5.08	239.81
5.10	239.81
5.11	240.10
5.13	240.10
5.15	239.81
5.16	241.25
5.19	237.53
5.19	241.55
5.21	239.23
5.23	239.52
5.24	239.52
5.26	239.52
5.28	239.52
5.29	239.52
5.31	239.52
5.33	239.52
5.34	241.25
5.37	237.53
5.37	239.81
5.39	239.52
5.41	239.52
5.42	239.52
5.44	239.52
5.98	182.48
5.98	278.16
5.98	278.16
5.98	278.16
6.01	272.85
6.02	272.85
6.05	269.91
6.05	269.91
6.07	269.91
6.08	267.38
6.10	309.60
6.11	310.08
6.13	309.60
6.15	309.60
6.18	305.81
6.18	308.64
6.20	308.17
6.21	308.17
6.23	308.17
6.25	308.17
6.26	308.64
6.28	308.64
6.30	311.53
6.31	308.17
6.33	308.64
6.36	305.81
6.36	309.12
6.38	308.64
6.39	308.64
6.41	308.64
6.42	308.64
6.44	309.12
6.46	309.60
6.47	312.01
6.49	308.64
6.51	309.12
6.53	306.28
6.54	309.60
6.55	309.12
6.57	309.12
6.59	309.12
6.60	309.12
6.62	309.60
6.63	310.08
6.65	312.99
6.67	309.12
6.68	310.08
6.71	307.22
6.71	310.56
6.74	307.22
7.43	276.24
7.43	276.24
7.43	276.24
7.43	276.24
7.43	281.69
7.45	279.33
7.45	284.90
7.47	281.29
7.47	284.50
7.50	281.69
7.50	284.50
7.52	284.09
7.54	284.09
7.55	284.50
7.57	287.36
7.59	284.50
7.60	284.90
7.63	281.69
7.64	284.50
7.65	284.09
7.67	284.09
7.69	284.09
7.70	284.50
7.72	284.50
7.73	284.50
7.75	286.94
7.77	284.09
7.78	284.09
7.81	281.29
7.82	284.09
7.83	283.69
7.85	283.69
7.87	283.69
7.88	284.09
7.90	284.09
7.91	284.09
7.93	286.53
7.95	283.29
7.96	283.69
7.99	280.90
8.00	283.69
8.01	283.29
8.03	283.29
8.05	283.29
8.06	283.29
8.08	283.69
8.09	283.29
8.11	285.31
8.13	282.49
8.15	284.90
8.88	274.35
8.89	274.35
8.89	274.35
8.89	274.35
8.89	274.35
8.91	274.35
8.91	274.35
8.93	274.73
8.93	274.73
9.16	241.55
9.16	241.25
9.19	239.81
9.19	241.55
9.21	240.96
9.22	243.01
9.25	240.96
9.25	243.01
9.27	245.10
9.28	243.01
9.28	245.40
9.30	245.40
9.32	245.40
9.32	247.52
9.32	249.69
9.35	247.22
9.35	249.38
9.36	251.57
9.37	251.57
9.38	256.08
9.39	253.49
9.40	256.08
9.41	256.08
9.43	256.08
9.43	258.40
9.45	258.40
9.46	258.40
9.46	260.76
9.48	260.76
9.48	263.16
9.50	265.60
9.52	262.81
9.52	265.60
9.55	263.50
9.55	265.96
9.55	268.46
9.57	268.10
9.59	268.10
9.59	271.00
10.26	187.27
10.27	188.68
10.27	289.02
10.27	289.02
10.27	289.02
10.28	286.94
10.29	286.94
10.29	289.44
10.31	285.71
10.31	289.02
10.31	289.02
10.31	346.02
10.33	341.30
10.35	345.42
10.36	341.88
10.38	343.05
10.40	338.41
10.41	342.47
10.43	338.41
10.45	338.98
10.48	334.45
10.48	334.45
10.50	333.89
10.51	333.89
10.53	330.03
10.55	326.26
10.56	330.58
10.58	326.80
10.60	322.58
10.61	323.10
10.63	319.49
10.66	316.96
10.66	316.96
10.68	316.46
10.69	316.46
10.71	312.99
10.72	312.99
10.74	312.99
10.76	309.12
10.77	309.60
10.79	306.28
10.81	306.28
10.83	304.88
10.83	304.88
10.85	307.22
10.86	304.41
10.88	301.20
10.89	302.11
10.91	302.11
10.93	298.95
11.68	281.69
11.69	281.69
11.69	281.69
11.69	281.69
11.69	281.69
11.71	281.29
11.71	281.29
11.73	278.16
11.73	281.69
11.95	243.31
11.96	243.31
11.99	239.23
11.99	241.55
12.01	240.10
12.02	241.25
12.02	0.00
