0.000000	0.012000
1.000000	0.014000
2.000000	0.016000
3.000000	0.018000
4.000000	0.026000
5.000000	0.024000
6.000000	0.024000
7.000000	0.024000
8.000000	0.054000
9.000000	0.024000
10.000000	0.044000
11.000000	0.042000
12.000000	0.040000
13.000000	0.038000
14.000000	0.036000
15.000000	0.034000
16.000000	0.032000
17.000000	0.030000
18.000000	0.074000
19.000000	0.024000
20.000000	0.022000
21.000000	0.056000
22.000000	0.054000
23.000000	0.052000
24.000000	0.050000
25.000000	0.048000
26.000000	0.046000
27.000000	0.044000
28.000000	0.042000
29.000000	0.040000
30.000000	0.038000
31.000000	0.036000
32.000000	0.034000
33.000000	0.044000
34.000000	0.024000
35.000000	0.022000
36.000000	0.026000
37.000000	0.024000
38.000000	0.022000
39.000000	0.030000
40.000000	0.028000
41.000000	0.116000
42.000000	0.114000
43.000000	0.112000
44.000000	0.110000
45.000000	0.108000
46.000000	0.106000
47.000000	0.104000
48.000000	0.102000
49.000000	0.100000
50.000000	0.098000
51.000000	0.096000
52.000000	0.094000
53.000000	0.092000
54.000000	0.090000
55.000000	0.088000
56.000000	0.086000
57.000000	0.084000
58.000000	0.082000
59.000000	0.080000
60.000000	0.078000
61.000000	0.076000
62.000000	0.074000
63.000000	0.072000
64.000000	0.070000
65.000000	0.068000
66.000000	0.066000
67.000000	0.064000
68.000000	0.062000
69.000000	0.060000
70.000000	0.058000
71.000000	0.056000
72.000000	0.054000
73.000000	0.052000
74.000000	0.050000
75.000000	0.048000
76.000000	0.046000
77.000000	0.044000
78.000000	0.042000
79.000000	0.040000
80.000000	0.038000
81.000000	0.036000
82.000000	0.034000
83.000000	0.044000
84.000000	0.024000
85.000000	0.022000
86.000000	0.026000
87.000000	0.024000
88.000000	0.022000
89.000000	0.030000
90.000000	0.028000
91.000000	0.086000
92.000000	0.084000
93.000000	0.082000
94.000000	0.080000
95.000000	0.078000
96.000000	0.076000
97.000000	0.074000
98.000000	0.072000
99.000000	0.070000
100.000000	0.068000
101.000000	0.066000
102.000000	0.064000
103.000000	0.062000
104.000000	0.060000
105.000000	0.058000
106.000000	0.056000
107.000000	0.054000
108.000000	0.052000
109.000000	0.050000
110.000000	0.048000
111.000000	0.046000
112.000000	0.044000
113.000000	0.042000
114.000000	0.040000
115.000000	0.038000
116.000000	0.036000
117.000000	0.034000
118.000000	0.074000
119.000000	0.026000
120.000000	0.024000
121.000000	0.056000
122.000000	0.054000
123.000000	0.052000
124.000000	0.050000
125.000000	0.048000
126.000000	0.046000
127.000000	0.044000
128.000000	0.042000
129.000000	0.040000
130.000000	0.038000
131.000000	0.036000
132.000000	0.034000
133.000000	0.044000
134.000000	0.024000
135.000000	0.022000
136.000000	0.026000
137.000000	0.024000
138.000000	0.022000
139.000000	0.030000
140.000000	0.028000
141.000000	0.106000
142.000000	0.104000
143.000000	0.102000
144.000000	0.100000
145.000000	0.098000
146.000000	0.096000
147.000000	0.094000
148.000000	0.092000
149.000000	0.090000
150.000000	0.088000
151.000000	0.086000
152.000000	0.084000
153.000000	0.082000
154.000000	0.080000
155.000000	0.078000
156.000000	0.076000
157.000000	0.074000
158.000000	0.072000
159.000000	0.070000
160.000000	0.068000
161.000000	0.066000
162.000000	0.064000
163.000000	0.062000
164.000000	0.060000
165.000000	0.058000
166.000000	0.056000
167.000000	0.054000
168.000000	0.052000
169.000000	0.050000
170.000000	0.048000
171.000000	0.046000
172.000000	0.044000
173.000000	0.042000
174.000000	0.040000
175.000000	0.038000
176.000000	0.036000
177.000000	0.034000
178.000000	0.054000
179.000000	0.026000
180.000000	0.024000
181.000000	0.036000
182.000000	0.034000
183.000000	0.032000
184.000000	0.030000
185.000000	0.028000
186.000000	0.026000
187.000000	0.024000
188.000000	0.022000
189.000000	0.030000
190.000000	0.028000
191.000000	0.092000
192.000000	0.090000
193.000000	0.088000
194.000000	0.086000
195.000000	0.084000
196.000000	0.082000
197.000000	0.080000
198.000000	0.078000
199.000000	0.076000
200.000000	0.074000
201.000000	0.072000
202.000000	0.070000
203.000000	0.068000
204.000000	0.066000
205.000000	0.064000
206.000000	0.062000
207.000000	0.060000
208.000000	0.058000
209.000000	0.056000
210.000000	0.054000
211.000000	0.052000
212.000000	0.050000
213.000000	0.048000
214.000000	0.046000
215.000000	0.044000
216.000000	0.042000
217.000000	0.040000
218.000000	0.038000
219.000000	0.036000
220.000000	0.034000
221.000000	0.032000
222.000000	0.030000
223.000000	0.064000
224.000000	0.024000
225.000000	0.022000
226.000000	0.046000
227.000000	0.044000
228.000000	0.042000
229.000000	0.040000
230.000000	0.038000
231.000000	0.036000
232.000000	0.034000
233.000000	0.044000
234.000000	0.024000
235.000000	0.022000
236.000000	0.026000
237.000000	0.024000
238.000000	0.022000
239.000000	0.030000
240.000000	0.098000
241.000000	0.096000
242.000000	0.094000
243.000000	0.092000
244.000000	0.090000
245.000000	0.088000
246.000000	0.086000
247.000000	0.084000
248.000000	0.082000
249.000000	0.080000
250.000000	0.078000
251.000000	0.076000
252.000000	0.074000
253.000000	0.072000
254.000000	0.070000
255.000000	0.068000
256.000000	0.066000
257.000000	0.064000
258.000000	0.062000
259.000000	0.060000
260.000000	0.058000
261.000000	0.056000
262.000000	0.054000
263.000000	0.052000
264.000000	0.050000
265.000000	0.048000
266.000000	0.046000
267.000000	0.044000
268.000000	0.042000
269.000000	0.040000
270.000000	0.038000
271.000000	0.036000
272.000000	0.034000
273.000000	0.064000
274.000000	0.026000
275.000000	0.024000
276.000000	0.046000
277.000000	0.044000
278.000000	0.042000
279.000000	0.040000
280.000000	0.038000
281.000000	0.036000
282.000000	0.034000
283.000000	0.044000
284.000000	0.024000
285.000000	0.022000
286.000000	0.026000
287.000000	0.024000
288.000000	0.022000
289.000000	0.030000
290.000000	0.104000
291.000000	0.102000
292.000000	0.100000
293.000000	0.098000
294.000000	0.096000
295.000000	0.094000
296.000000	0.092000
297.000000	0.090000
298.000000	0.088000
299.000000	0.086000
300.000000	0.084000
301.000000	0.082000
302.000000	0.080000
303.000000	0.078000
304.000000	0.076000
305.000000	0.074000
306.000000	0.072000
307.000000	0.070000
308.000000	0.068000
309.000000	0.066000
310.000000	0.064000
311.000000	0.062000
312.000000	0.060000
313.000000	0.058000
314.000000	0.056000
315.000000	0.054000
316.000000	0.052000
317.000000	0.050000
318.000000	0.048000
319.000000	0.046000
320.000000	0.044000
321.000000	0.042000
322.000000	0.040000
323.000000	0.038000
324.000000	0.036000
325.000000	0.034000
326.000000	0.032000
327.000000	0.050000
328.000000	0.048000
329.000000	0.018000
330.000000	0.038000
331.000000	0.036000
332.000000	0.034000
333.000000	0.032000
334.000000	0.030000
335.000000	0.028000
336.000000	0.026000
337.000000	0.024000
338.000000	0.022000
339.000000	0.030000
340.000000	0.092000
341.000000	0.090000
342.000000	0.088000
343.000000	0.086000
344.000000	0.084000
345.000000	0.082000
346.000000	0.080000
347.000000	0.078000
348.000000	0.076000
349.000000	0.074000
350.000000	0.072000
351.000000	0.070000
352.000000	0.068000
353.000000	0.066000
354.000000	0.064000
355.000000	0.062000
356.000000	0.060000
357.000000	0.058000
358.000000	0.056000
359.000000	0.054000
360.000000	0.052000
361.000000	0.050000
362.000000	0.048000
363.000000	0.046000
364.000000	0.044000
365.000000	0.042000
366.000000	0.040000
367.000000	0.038000
368.000000	0.074000
369.000000	0.028000
370.000000	0.026000
371.000000	0.056000
372.000000	0.054000
373.000000	0.052000
374.000000	0.050000
375.000000	0.048000
376.000000	0.046000
377.000000	0.044000
378.000000	0.042000
379.000000	0.040000
380.000000	0.038000
381.000000	0.036000
382.000000	0.034000
383.000000	0.044000
384.000000	0.024000
385.000000	0.022000
386.000000	0.026000
387.000000	0.024000
388.000000	0.022000
389.000000	0.030000
390.000000	0.104000
391.000000	0.102000
392.000000	0.100000
393.000000	0.098000
394.000000	0.096000
395.000000	0.094000
396.000000	0.092000
397.000000	0.090000
398.000000	0.088000
399.000000	0.086000
400.000000	0.084000
401.000000	0.082000
402.000000	0.080000
403.000000	0.078000
404.000000	0.076000
405.000000	0.074000
406.000000	0.072000
407.000000	0.070000
408.000000	0.068000
409.000000	0.066000
410.000000	0.064000
411.000000	0.062000
412.000000	0.060000
413.000000	0.058000
414.000000	0.056000
415.000000	0.054000
416.000000	0.052000
417.000000	0.050000
418.000000	0.048000
419.000000	0.046000
420.000000	0.044000
421.000000	0.042000
422.000000	0.040000
423.000000	0.038000
424.000000	0.036000
425.000000	0.034000
426.000000	0.032000
427.000000	0.050000
428.000000	0.048000
429.000000	0.018000
430.000000	0.038000
431.000000	0.036000
432.000000	0.034000
433.000000	0.032000
434.000000	0.030000
435.000000	0.028000
436.000000	0.026000
437.000000	0.024000
438.000000	0.022000
439.000000	0.030000
440.000000	0.092000
441.000000	0.090000
442.000000	0.088000
443.000000	0.086000
444.000000	0.084000
445.000000	0.082000
446.000000	0.080000
447.000000	0.078000
448.000000	0.076000
449.000000	0.074000
450.000000	0.072000
451.000000	0.070000
452.000000	0.068000
453.000000	0.066000
454.000000	0.064000
455.000000	0.062000
456.000000	0.060000
457.000000	0.058000
458.000000	0.056000
459.000000	0.054000
460.000000	0.052000
461.000000	0.050000
462.000000	0.048000
463.000000	0.046000
464.000000	0.044000
465.000000	0.042000
466.000000	0.040000
467.000000	0.038000
468.000000	0.074000
469.000000	0.028000
470.000000	0.026000
471.000000	0.056000
472.000000	0.054000
473.000000	0.052000
474.000000	0.050000
475.000000	0.048000
476.000000	0.046000
477.000000	0.044000
478.000000	0.042000
479.000000	0.040000
480.000000	0.038000
481.000000	0.036000
482.000000	0.034000
483.000000	0.044000
484.000000	0.024000
485.000000	0.022000
486.000000	0.026000
487.000000	0.024000
488.000000	0.022000
489.000000	0.030000
490.000000	0.104000
491.000000	0.102000
492.000000	0.100000
493.000000	0.098000
494.000000	0.096000
495.000000	0.094000
496.000000	0.092000
497.000000	0.090000
498.000000	0.088000
499.000000	0.086000
500.000000	0.084000
501.000000	0.082000
502.000000	0.080000
503.000000	0.078000
504.000000	0.076000
505.000000	0.074000
506.000000	0.072000
507.000000	0.070000
508.000000	0.068000
509.000000	0.066000
510.000000	0.064000
511.000000	0.062000
512.000000	0.060000
513.000000	0.058000
514.000000	0.056000
515.000000	0.054000
516.000000	0.052000
517.000000	0.050000
518.000000	0.048000
519.000000	0.046000
520.000000	0.044000
521.000000	0.042000
522.000000	0.040000
523.000000	0.038000
524.000000	0.036000
525.000000	0.034000
526.000000	0.032000
527.000000	0.050000
528.000000	0.048000
529.000000	0.018000
530.000000	0.038000
531.000000	0.036000
532.000000	0.034000
533.000000	0.032000
534.000000	0.030000
535.000000	0.028000
536.000000	0.026000
537.000000	0.024000
538.000000	0.022000
539.000000	0.030000
540.000000	0.092000
541.000000	0.090000
542.000000	0.088000
543.000000	0.086000
544.000000	0.084000
545.000000	0.082000
546.000000	0.080000
547.000000	0.078000
548.000000	0.076000
549.000000	0.074000
550.000000	0.072000
551.000000	0.070000
552.000000	0.068000
553.000000	0.066000
554.000000	0.064000
555.000000	0.062000
556.000000	0.060000
557.000000	0.058000
558.000000	0.056000
559.000000	0.054000
560.000000	0.052000
561.000000	0.050000
562.000000	0.048000
563.000000	0.046000
564.000000	0.044000
565.000000	0.042000
566.000000	0.040000
567.000000	0.038000
568.000000	0.074000
569.000000	0.028000
570.000000	0.026000
571.000000	0.056000
572.000000	0.054000
573.000000	0.052000
574.000000	0.050000
575.000000	0.048000
576.000000	0.046000
577.000000	0.044000
578.000000	0.042000
579.000000	0.040000
580.000000	0.038000
581.000000	0.036000
582.000000	0.034000
583.000000	0.044000
584.000000	0.024000
585.000000	0.022000
586.000000	0.026000
587.000000	0.024000
588.000000	0.022000
589.000000	0.030000
590.000000	0.104000
591.000000	0.102000
592.000000	0.100000
593.000000	0.098000
594.000000	0.096000
595.000000	0.094000
596.000000	0.092000
597.000000	0.090000
598.000000	0.088000
599.000000	0.086000
600.000000	0.084000
601.000000	0.082000
602.000000	0.080000
603.000000	0.078000
604.000000	0.076000
605.000000	0.074000
606.000000	0.072000
607.000000	0.070000
608.000000	0.068000
609.000000	0.066000
610.000000	0.064000
611.000000	0.062000
612.000000	0.060000
613.000000	0.058000
614.000000	0.056000
615.000000	0.054000
616.000000	0.052000
617.000000	0.050000
618.000000	0.048000
619.000000	0.046000
620.000000	0.044000
621.000000	0.042000
622.000000	0.040000
623.000000	0.038000
624.000000	0.036000
625.000000	0.034000
626.000000	0.032000
627.000000	0.050000
628.000000	0.048000
629.000000	0.018000
630.000000	0.038000
631.000000	0.036000
632.000000	0.034000
633.000000	0.032000
634.000000	0.030000
635.000000	0.028000
636.000000	0.026000
637.000000	0.024000
638.000000	0.022000
639.000000	0.030000
640.000000	0.092000
641.000000	0.090000
642.000000	0.088000
643.000000	0.086000
644.000000	0.084000
645.000000	0.082000
646.000000	0.080000
647.000000	0.078000
648.000000	0.076000
649.000000	0.074000
650.000000	0.072000
651.000000	0.070000
652.000000	0.068000
653.000000	0.066000
654.000000	0.064000
655.000000	0.062000
656.000000	0.060000
657.000000	0.058000
658.000000	0.056000
659.000000	0.054000
660.000000	0.052000
661.000000	0.050000
662.000000	0.048000
663.000000	0.046000
664.000000	0.044000
665.000000	0.042000
666.000000	0.040000
667.000000	0.038000
668.000000	0.074000
669.000000	0.028000
670.000000	0.026000
671.000000	0.056000
672.000000	0.054000
673.000000	0.052000
674.000000	0.050000
675.000000	0.048000
676.000000	0.046000
677.000000	0.044000
678.000000	0.042000
679.000000	0.040000
680.000000	0.038000
681.000000	0.036000
682.000000	0.034000
683.000000	0.044000
684.000000	0.024000
685.000000	0.022000
686.000000	0.026000
687.000000	0.024000
688.000000	0.022000
689.000000	0.030000
690.000000	0.104000
691.000000	0.102000
692.000000	0.100000
693.000000	0.098000
694.000000	0.096000
695.000000	0.094000
696.000000	0.092000
697.000000	0.090000
698.000000	0.088000
699.000000	0.086000
700.000000	0.084000
701.000000	0.082000
702.000000	0.080000
703.000000	0.078000
704.000000	0.076000
705.000000	0.074000
706.000000	0.072000
707.000000	0.070000
708.000000	0.068000
709.000000	0.066000
710.000000	0.064000
711.000000	0.062000
712.000000	0.060000
713.000000	0.058000
714.000000	0.056000
715.000000	0.054000
716.000000	0.052000
717.000000	0.050000
718.000000	0.048000
719.000000	0.046000
720.000000	0.044000
721.000000	0.042000
722.000000	0.040000
723.000000	0.038000
724.000000	0.036000
725.000000	0.034000
726.000000	0.032000
727.000000	0.050000
728.000000	0.048000
729.000000	0.018000
730.000000	0.038000
731.000000	0.036000
732.000000	0.034000
733.000000	0.032000
734.000000	0.030000
735.000000	0.028000
736.000000	0.026000
737.000000	0.024000
738.000000	0.022000
739.000000	0.030000
740.000000	0.092000
741.000000	0.090000
742.000000	0.088000
743.000000	0.086000
744.000000	0.084000
745.000000	0.082000
746.000000	0.080000
747.000000	0.078000
748.000000	0.076000
749.000000	0.074000
750.000000	0.072000
751.000000	0.070000
752.000000	0.068000
753.000000	0.066000
754.000000	0.064000
755.000000	0.062000
756.000000	0.060000
757.000000	0.058000
758.000000	0.056000
759.000000	0.054000
760.000000	0.052000
761.000000	0.050000
762.000000	0.048000
763.000000	0.046000
764.000000	0.044000
765.000000	0.042000
766.000000	0.040000
767.000000	0.038000
768.000000	0.074000
769.000000	0.028000
770.000000	0.026000
771.000000	0.056000
772.000000	0.054000
773.000000	0.052000
774.000000	0.050000
775.000000	0.048000
776.000000	0.046000
777.000000	0.044000
778.000000	0.042000
779.000000	0.040000
780.000000	0.038000
781.000000	0.036000
782.000000	0.034000
783.000000	0.044000
784.000000	0.024000
785.000000	0.022000
786.000000	0.026000
787.000000	0.024000
788.000000	0.022000
789.000000	0.030000
790.000000	0.104000
791.000000	0.102000
792.000000	0.100000
793.000000	0.098000
794.000000	0.096000
795.000000	0.094000
796.000000	0.092000
797.000000	0.090000
798.000000	0.088000
799.000000	0.086000
800.000000	0.084000
801.000000	0.082000
802.000000	0.080000
803.000000	0.078000
804.000000	0.076000
805.000000	0.074000
806.000000	0.072000
807.000000	0.070000
808.000000	0.068000
809.000000	0.066000
810.000000	0.064000
811.000000	0.062000
812.000000	0.060000
813.000000	0.058000
814.000000	0.056000
815.000000	0.054000
816.000000	0.052000
817.000000	0.050000
818.000000	0.048000
819.000000	0.046000
820.000000	0.044000
821.000000	0.042000
822.000000	0.040000
823.000000	0.038000
824.000000	0.036000
825.000000	0.034000
826.000000	0.032000
827.000000	0.050000
828.000000	0.048000
829.000000	0.018000
830.000000	0.038000
831.000000	0.036000
832.000000	0.034000
833.000000	0.032000
834.000000	0.030000
835.000000	0.028000
836.000000	0.026000
837.000000	0.024000
838.000000	0.022000
839.000000	0.030000
840.000000	0.092000
841.000000	0.090000
842.000000	0.088000
843.000000	0.086000
844.000000	0.084000
845.000000	0.082000
846.000000	0.080000
847.000000	0.078000
848.000000	0.076000
849.000000	0.074000
850.000000	0.072000
851.000000	0.070000
852.000000	0.068000
853.000000	0.066000
854.000000	0.064000
855.000000	0.062000
856.000000	0.060000
857.000000	0.058000
858.000000	0.056000
859.000000	0.054000
860.000000	0.052000
861.000000	0.050000
862.000000	0.048000
863.000000	0.046000
864.000000	0.044000
865.000000	0.042000
866.000000	0.040000
867.000000	0.038000
868.000000	0.074000
869.000000	0.028000
870.000000	0.026000
871.000000	0.056000
872.000000	0.054000
873.000000	0.052000
874.000000	0.050000
875.000000	0.048000
876.000000	0.046000
877.000000	0.044000
878.000000	0.042000
879.000000	0.040000
880.000000	0.038000
881.000000	0.036000
882.000000	0.034000
883.000000	0.044000
884.000000	0.024000
885.000000	0.022000
886.000000	0.026000
887.000000	0.024000
888.000000	0.022000
889.000000	0.030000
890.000000	0.104000
891.000000	0.102000
892.000000	0.100000
893.000000	0.098000
894.000000	0.096000
895.000000	0.094000
896.000000	0.092000
897.000000	0.090000
898.000000	0.088000
899.000000	0.086000
900.000000	0.084000
901.000000	0.082000
902.000000	0.080000
903.000000	0.078000
904.000000	0.076000
905.000000	0.074000
906.000000	0.072000
907.000000	0.070000
908.000000	0.068000
909.000000	0.066000
910.000000	0.064000
911.000000	0.062000
912.000000	0.060000
913.000000	0.058000
914.000000	0.056000
915.000000	0.054000
916.000000	0.052000
917.000000	0.050000
918.000000	0.048000
919.000000	0.046000
920.000000	0.044000
921.000000	0.042000
922.000000	0.040000
923.000000	0.038000
924.000000	0.036000
925.000000	0.034000
926.000000	0.032000
927.000000	0.050000
928.000000	0.048000
929.000000	0.018000
930.000000	0.038000
931.000000	0.036000
932.000000	0.034000
933.000000	0.032000
934.000000	0.030000
935.000000	0.028000
936.000000	0.026000
937.000000	0.024000
938.000000	0.022000
939.000000	0.030000
940.000000	0.092000
941.000000	0.090000
942.000000	0.088000
943.000000	0.086000
944.000000	0.084000
945.000000	0.082000
946.000000	0.080000
947.000000	0.078000
948.000000	0.076000
949.000000	0.074000
950.000000	0.072000
951.000000	0.070000
952.000000	0.068000
953.000000	0.066000
954.000000	0.064000
955.000000	0.062000
956.000000	0.060000
957.000000	0.058000
958.000000	0.056000
959.000000	0.054000
960.000000	0.052000
961.000000	0.050000
962.000000	0.048000
963.000000	0.046000
964.000000	0.044000
965.000000	0.042000
966.000000	0.040000
967.000000	0.038000
968.000000	0.074000
969.000000	0.028000
970.000000	0.026000
971.000000	0.056000
972.000000	0.054000
973.000000	0.052000
974.000000	0.050000
975.000000	0.048000
976.000000	0.046000
977.000000	0.044000
978.000000	0.042000
979.000000	0.040000
980.000000	0.038000
981.000000	0.036000
982.000000	0.034000
983.000000	0.044000
984.000000	0.024000
985.000000	0.022000
986.000000	0.026000
987.000000	0.024000
988.000000	0.022000
989.000000	0.030000
990.000000	0.104000
991.000000	0.102000
992.000000	0.100000
993.000000	0.098000
994.000000	0.096000
995.000000	0.094000
996.000000	0.092000
997.000000	0.090000
998.000000	0.088000
999.000000	0.086000
1000.000000	0.084000
1001.000000	0.082000
1002.000000	0.080000
1003.000000	0.078000
1004.000000	0.076000
1005.000000	0.074000
1006.000000	0.072000
1007.000000	0.070000
1008.000000	0.068000
1009.000000	0.066000
1010.000000	0.064000
1011.000000	0.062000
1012.000000	0.060000
1013.000000	0.058000
1014.000000	0.056000
1015.000000	0.054000
1016.000000	0.052000
1017.000000	0.050000
1018.000000	0.048000
1019.000000	0.046000
1020.000000	0.044000
1021.000000	0.042000
1022.000000	0.040000
1023.000000	0.038000
1024.000000	0.036000
1025.000000	0.034000
1026.000000	0.032000
1027.000000	0.050000
1028.000000	0.048000
1029.000000	0.018000
1030.000000	0.038000
1031.000000	0.036000
1032.000000	0.034000
1033.000000	0.032000
1034.000000	0.030000
1035.000000	0.028000
1036.000000	0.026000
1037.000000	0.024000
1038.000000	0.022000
1039.000000	0.030000
1040.000000	0.094000
1041.000000	0.092000
1042.000000	0.090000
1043.000000	0.088000
1044.000000	0.086000
1045.000000	0.084000
1046.000000	0.082000
1047.000000	0.080000
1048.000000	0.078000
1049.000000	0.076000
1050.000000	0.074000
1051.000000	0.072000
1052.000000	0.070000
1053.000000	0.068000
1054.000000	0.066000
1055.000000	0.064000
1056.000000	0.062000
1057.000000	0.060000
1058.000000	0.058000
1059.000000	0.056000
1060.000000	0.054000
1061.000000	0.052000
1062.000000	0.050000
1063.000000	0.048000
1064.000000	0.046000
1065.000000	0.044000
1066.000000	0.042000
1067.000000	0.040000
1068.000000	0.038000
1069.000000	0.036000
1070.000000	0.034000
1071.000000	0.032000
1072.000000	0.060000
1073.000000	0.058000
1074.000000	0.018000
1075.000000	0.048000
1076.000000	0.046000
1077.000000	0.044000
1078.000000	0.042000
1079.000000	0.040000
1080.000000	0.038000
1081.000000	0.036000
1082.000000	0.034000
1083.000000	0.044000
1084.000000	0.024000
1085.000000	0.022000
1086.000000	0.026000
1087.000000	0.024000
1088.000000	0.022000
1089.000000	0.030000
1090.000000	0.102000
1091.000000	0.100000
1092.000000	0.098000
1093.000000	0.096000
1094.000000	0.094000
1095.000000	0.092000
1096.000000	0.090000
1097.000000	0.088000
1098.000000	0.086000
1099.000000	0.084000
1100.000000	0.082000
1101.000000	0.080000
1102.000000	0.078000
1103.000000	0.076000
1104.000000	0.074000
1105.000000	0.072000
1106.000000	0.070000
1107.000000	0.068000
1108.000000	0.066000
1109.000000	0.064000
1110.000000	0.062000
1111.000000	0.060000
1112.000000	0.058000
1113.000000	0.056000
1114.000000	0.054000
1115.000000	0.052000
1116.000000	0.050000
1117.000000	0.048000
1118.000000	0.046000
1119.000000	0.044000
1120.000000	0.042000
1121.000000	0.040000
1122.000000	0.038000
1123.000000	0.064000
1124.000000	0.028000
1125.000000	0.026000
1126.000000	0.046000
1127.000000	0.044000
1128.000000	0.042000
1129.000000	0.040000
1130.000000	0.038000
1131.000000	0.036000
1132.000000	0.034000
1133.000000	0.044000
1134.000000	0.024000
1135.000000	0.022000
1136.000000	0.026000
1137.000000	0.024000
1138.000000	0.022000
1139.000000	0.030000
1140.000000	0.102000
1141.000000	0.100000
1142.000000	0.098000
1143.000000	0.096000
1144.000000	0.094000
1145.000000	0.092000
1146.000000	0.090000
1147.000000	0.088000
1148.000000	0.086000
1149.000000	0.084000
1150.000000	0.082000
1151.000000	0.080000
1152.000000	0.078000
1153.000000	0.076000
1154.000000	0.074000
1155.000000	0.072000
1156.000000	0.070000
1157.000000	0.068000
1158.000000	0.066000
1159.000000	0.064000
1160.000000	0.062000
1161.000000	0.060000
1162.000000	0.058000
1163.000000	0.056000
1164.000000	0.054000
1165.000000	0.052000
1166.000000	0.050000
1167.000000	0.048000
1168.000000	0.046000
1169.000000	0.044000
1170.000000	0.042000
1171.000000	0.040000
1172.000000	0.038000
1173.000000	0.070000
1174.000000	0.028000
1175.000000	0.026000
1176.000000	0.024000
1177.000000	0.044000
1178.000000	0.042000
1179.000000	0.040000
1180.000000	0.038000
1181.000000	0.036000
1182.000000	0.034000
1183.000000	0.044000
1184.000000	0.024000
1185.000000	0.022000
1186.000000	0.026000
1187.000000	0.024000
1188.000000	0.022000
1189.000000	0.030000
1190.000000	0.028000
1191.000000	0.106000
1192.000000	0.104000
1193.000000	0.102000
1194.000000	0.100000
1195.000000	0.098000
1196.000000	0.096000
1197.000000	0.094000
1198.000000	0.092000
1199.000000	0.090000
1200.000000	0.088000
1201.000000	0.086000
1202.000000	0.084000
1203.000000	0.082000
1204.000000	0.080000
1205.000000	0.078000
1206.000000	0.076000
1207.000000	0.074000
1208.000000	0.072000
1209.000000	0.070000
1210.000000	0.068000
1211.000000	0.066000
1212.000000	0.064000
1213.000000	0.062000
1214.000000	0.060000
1215.000000	0.058000
1216.000000	0.056000
1217.000000	0.054000
1218.000000	0.052000
1219.000000	0.050000
1220.000000	0.048000
1221.000000	0.046000
1222.000000	0.044000
1223.000000	0.042000
1224.000000	0.040000
1225.000000	0.038000
1226.000000	0.036000
1227.000000	0.034000
1228.000000	0.054000
1229.000000	0.026000
1230.000000	0.024000
1231.000000	0.036000
1232.000000	0.034000
1233.000000	0.032000
1234.000000	0.030000
1235.000000	0.028000
1236.000000	0.026000
1237.000000	0.024000
1238.000000	0.022000
1239.000000	0.030000
1240.000000	0.028000
1241.000000	0.092000
1242.000000	0.090000
1243.000000	0.088000
1244.000000	0.086000
1245.000000	0.084000
1246.000000	0.082000
1247.000000	0.080000
1248.000000	0.078000
1249.000000	0.076000
1250.000000	0.074000
1251.000000	0.072000
1252.000000	0.070000
1253.000000	0.068000
1254.000000	0.066000
1255.000000	0.064000
1256.000000	0.062000
1257.000000	0.060000
1258.000000	0.058000
1259.000000	0.056000
1260.000000	0.054000
1261.000000	0.052000
1262.000000	0.050000
1263.000000	0.048000
1264.000000	0.046000
1265.000000	0.044000
1266.000000	0.042000
1267.000000	0.040000
1268.000000	0.038000
1269.000000	0.036000
1270.000000	0.034000
1271.000000	0.032000
1272.000000	0.030000
1273.000000	0.064000
1274.000000	0.024000
1275.000000	0.022000
1276.000000	0.046000
1277.000000	0.044000
1278.000000	0.042000
1279.000000	0.040000
1280.000000	0.038000
1281.000000	0.036000
1282.000000	0.034000
1283.000000	0.044000
1284.000000	0.024000
1285.000000	0.022000
1286.000000	0.026000
1287.000000	0.024000
1288.000000	0.022000
1289.000000	0.030000
1290.000000	0.028000
1291.000000	0.106000
1292.000000	0.104000
1293.000000	0.102000
1294.000000	0.100000
1295.000000	0.098000
1296.000000	0.096000
1297.000000	0.094000
1298.000000	0.092000
1299.000000	0.090000
1300.000000	0.088000
1301.000000	0.086000
1302.000000	0.084000
1303.000000	0.082000
1304.000000	0.080000
1305.000000	0.078000
1306.000000	0.076000
1307.000000	0.074000
1308.000000	0.072000
1309.000000	0.070000
1310.000000	0.068000
1311.000000	0.066000
1312.000000	0.064000
1313.000000	0.062000
1314.000000	0.060000
1315.000000	0.058000
1316.000000	0.056000
1317.000000	0.054000
1318.000000	0.052000
1319.000000	0.050000
1320.000000	0.048000
1321.000000	0.046000
1322.000000	0.044000
1323.000000	0.042000
1324.000000	0.040000
1325.000000	0.038000
1326.000000	0.036000
1327.000000	0.034000
1328.000000	0.054000
1329.000000	0.026000
1330.000000	0.024000
1331.000000	0.036000
1332.000000	0.034000
1333.000000	0.032000
1334.000000	0.030000
1335.000000	0.028000
1336.000000	0.026000
1337.000000	0.024000
1338.000000	0.022000
1339.000000	0.030000
1340.000000	0.028000
1341.000000	0.092000
1342.000000	0.090000
1343.000000	0.088000
1344.000000	0.086000
1345.000000	0.084000
1346.000000	0.082000
1347.000000	0.080000
1348.000000	0.078000
1349.000000	0.076000
1350.000000	0.074000
1351.000000	0.072000
1352.000000	0.070000
1353.000000	0.068000
1354.000000	0.066000
1355.000000	0.064000
1356.000000	0.062000
1357.000000	0.060000
1358.000000	0.058000
1359.000000	0.056000
1360.000000	0.054000
1361.000000	0.052000
1362.000000	0.050000
1363.000000	0.048000
1364.000000	0.046000
1365.000000	0.044000
1366.000000	0.042000
1367.000000	0.040000
1368.000000	0.038000
1369.000000	0.036000
1370.000000	0.034000
1371.000000	0.032000
1372.000000	0.030000
1373.000000	0.064000
1374.000000	0.024000
1375.000000	0.022000
1376.000000	0.046000
1377.000000	0.044000
1378.000000	0.042000
1379.000000	0.040000
1380.000000	0.038000
1381.000000	0.036000
1382.000000	0.034000
1383.000000	0.044000
1384.000000	0.024000
1385.000000	0.022000
1386.000000	0.026000
1387.000000	0.024000
1388.000000	0.022000
1389.000000	0.030000
1390.000000	0.028000
1391.000000	0.106000
1392.000000	0.104000
1393.000000	0.102000
1394.000000	0.100000
1395.000000	0.098000
1396.000000	0.096000
1397.000000	0.094000
1398.000000	0.092000
1399.000000	0.090000
1400.000000	0.088000
1401.000000	0.086000
1402.000000	0.084000
1403.000000	0.082000
1404.000000	0.080000
1405.000000	0.078000
1406.000000	0.076000
1407.000000	0.074000
1408.000000	0.072000
1409.000000	0.070000
1410.000000	0.068000
1411.000000	0.066000
1412.000000	0.064000
1413.000000	0.062000
1414.000000	0.060000
1415.000000	0.058000
1416.000000	0.056000
1417.000000	0.054000
1418.000000	0.052000
1419.000000	0.050000
1420.000000	0.048000
1421.000000	0.046000
1422.000000	0.044000
1423.000000	0.042000
1424.000000	0.040000
1425.000000	0.038000
1426.000000	0.036000
1427.000000	0.034000
1428.000000	0.054000
1429.000000	0.026000
1430.000000	0.024000
1431.000000	0.036000
1432.000000	0.034000
1433.000000	0.032000
1434.000000	0.030000
1435.000000	0.028000
1436.000000	0.026000
1437.000000	0.024000
1438.000000	0.022000
1439.000000	0.030000
1440.000000	0.028000
1441.000000	0.092000
1442.000000	0.090000
1443.000000	0.088000
1444.000000	0.086000
1445.000000	0.084000
1446.000000	0.082000
1447.000000	0.080000
1448.000000	0.078000
1449.000000	0.076000
1450.000000	0.074000
1451.000000	0.072000
1452.000000	0.070000
1453.000000	0.068000
1454.000000	0.066000
1455.000000	0.064000
1456.000000	0.062000
1457.000000	0.060000
1458.000000	0.058000
1459.000000	0.056000
1460.000000	0.054000
1461.000000	0.052000
1462.000000	0.050000
1463.000000	0.048000
1464.000000	0.046000
1465.000000	0.044000
1466.000000	0.042000
1467.000000	0.040000
1468.000000	0.038000
1469.000000	0.036000
1470.000000	0.034000
1471.000000	0.032000
1472.000000	0.030000
1473.000000	0.064000
1474.000000	0.024000
1475.000000	0.022000
1476.000000	0.046000
1477.000000	0.044000
1478.000000	0.042000
1479.000000	0.040000
1480.000000	0.038000
1481.000000	0.036000
1482.000000	0.034000
1483.000000	0.044000
1484.000000	0.024000
1485.000000	0.022000
1486.000000	0.026000
1487.000000	0.024000
