0 0.111000
1 0.121000
2 0.131000
3 0.141000
4 0.157000
5 0.163000
6 0.171000
7 0.179000
9 0.195000
8 0.217000
10 0.223000
11 0.229000
12 0.235000
13 0.241000
14 0.247000
15 0.253000
16 0.259000
17 0.265000
19 0.275000
20 0.281000
18 0.317000
21 0.323000
22 0.329000
23 0.335000
24 0.341000
25 0.347000
26 0.353000
27 0.359000
28 0.365000
29 0.371000
30 0.377000
31 0.383000
32 0.389000
34 0.395000
35 0.401000
33 0.407000
36 0.413000
37 0.419000
38 0.425000
39 0.441000
40 0.447000
41 0.543000
42 0.549000
43 0.555000
44 0.561000
45 0.567000
46 0.573000
47 0.579000
48 0.585000
49 0.591000
50 0.597000
51 0.603000
52 0.609000
53 0.615000
54 0.621000
55 0.627000
56 0.633000
57 0.639000
58 0.645000
59 0.651000
60 0.657000
61 0.663000
62 0.669000
63 0.675000
64 0.681000
65 0.687000
66 0.693000
67 0.699000
68 0.705000
69 0.711000
70 0.717000
71 0.723000
72 0.729000
73 0.735000
74 0.741000
75 0.747000
76 0.753000
77 0.759000
78 0.765000
79 0.771000
80 0.777000
81 0.783000
82 0.789000
84 0.795000
85 0.801000
83 0.807000
86 0.813000
87 0.819000
88 0.825000
89 0.841000
90 0.847000
91 0.913000
92 0.919000
93 0.925000
94 0.931000
95 0.937000
96 0.943000
97 0.949000
98 0.955000
99 0.961000
100 0.967000
101 0.973000
102 0.979000
103 0.985000
104 0.991000
105 0.997000
106 1.003000
107 1.009000
108 1.015000
109 1.021000
110 1.027000
111 1.033000
112 1.039000
113 1.045000
114 1.051000
115 1.057000
116 1.063000
117 1.069000
119 1.077000
120 1.083000
118 1.117000
121 1.123000
122 1.129000
123 1.135000
124 1.141000
125 1.147000
126 1.153000
127 1.159000
128 1.165000
129 1.171000
130 1.177000
131 1.183000
132 1.189000
134 1.195000
135 1.201000
133 1.207000
136 1.213000
137 1.219000
138 1.225000
139 1.241000
140 1.247000
141 1.333000
142 1.339000
143 1.345000
144 1.351000
145 1.357000
146 1.363000
147 1.369000
148 1.375000
149 1.381000
150 1.387000
151 1.393000
152 1.399000
153 1.405000
154 1.411000
155 1.417000
156 1.423000
157 1.429000
158 1.435000
159 1.441000
160 1.447000
161 1.453000
162 1.459000
163 1.465000
164 1.471000
165 1.477000
166 1.483000
167 1.489000
168 1.495000
169 1.501000
170 1.507000
171 1.513000
172 1.519000
173 1.525000
174 1.531000
175 1.537000
176 1.543000
177 1.549000
179 1.557000
180 1.563000
178 1.577000
181 1.583000
182 1.589000
183 1.595000
184 1.601000
185 1.607000
186 1.613000
187 1.619000
188 1.625000
189 1.641000
190 1.647000
191 1.719000
192 1.725000
193 1.731000
194 1.737000
195 1.743000
196 1.749000
197 1.755000
198 1.761000
199 1.767000
200 1.773000
201 1.779000
202 1.785000
203 1.791000
204 1.797000
205 1.803000
206 1.809000
207 1.815000
208 1.821000
209 1.827000
210 1.833000
211 1.839000
212 1.845000
213 1.851000
214 1.857000
215 1.863000
216 1.869000
217 1.875000
218 1.881000
219 1.887000
220 1.893000
221 1.899000
222 1.905000
224 1.915000
225 1.921000
223 1.947000
226 1.953000
227 1.959000
228 1.965000
229 1.971000
230 1.977000
231 1.983000
232 1.989000
234 1.995000
235 2.001000
233 2.007000
236 2.013000
237 2.019000
238 2.025000
239 2.041000
240 2.117000
241 2.123000
242 2.129000
243 2.135000
244 2.141000
245 2.147000
246 2.153000
247 2.159000
248 2.165000
249 2.171000
250 2.177000
251 2.183000
252 2.189000
253 2.195000
254 2.201000
255 2.207000
256 2.213000
257 2.219000
258 2.225000
259 2.231000
260 2.237000
261 2.243000
262 2.249000
263 2.255000
264 2.261000
265 2.267000
266 2.273000
267 2.279000
268 2.285000
269 2.291000
270 2.297000
271 2.303000
272 2.309000
274 2.317000
275 2.323000
273 2.347000
276 2.353000
277 2.359000
278 2.365000
279 2.371000
280 2.377000
281 2.383000
282 2.389000
284 2.395000
285 2.401000
283 2.407000
286 2.413000
287 2.419000
288 2.425000
289 2.441000
290 2.523000
291 2.529000
292 2.535000
293 2.541000
294 2.547000
295 2.553000
296 2.559000
297 2.565000
298 2.571000
299 2.577000
300 2.583000
301 2.589000
302 2.595000
303 2.601000
304 2.607000
305 2.613000
306 2.619000
307 2.625000
308 2.631000
309 2.637000
310 2.643000
311 2.649000
312 2.655000
313 2.661000
314 2.667000
315 2.673000
316 2.679000
317 2.685000
318 2.691000
319 2.697000
320 2.703000
321 2.709000
322 2.715000
323 2.721000
324 2.727000
325 2.733000
326 2.739000
329 2.749000
327 2.765000
328 2.771000
330 2.777000
331 2.783000
332 2.789000
333 2.795000
334 2.801000
335 2.807000
336 2.813000
337 2.819000
338 2.825000
339 2.841000
340 2.911000
341 2.917000
342 2.923000
343 2.929000
344 2.935000
345 2.941000
346 2.947000
347 2.953000
348 2.959000
349 2.965000
350 2.971000
351 2.977000
352 2.983000
353 2.989000
354 2.995000
355 3.001000
356 3.007000
357 3.013000
358 3.019000
359 3.025000
360 3.031000
361 3.037000
362 3.043000
363 3.049000
364 3.055000
365 3.061000
366 3.067000
367 3.073000
369 3.079000
370 3.085000
368 3.117000
371 3.123000
372 3.129000
373 3.135000
374 3.141000
375 3.147000
376 3.153000
377 3.159000
378 3.165000
379 3.171000
380 3.177000
381 3.183000
382 3.189000
384 3.195000
385 3.201000
383 3.207000
386 3.213000
387 3.219000
388 3.225000
389 3.241000
390 3.323000
391 3.329000
392 3.335000
393 3.341000
394 3.347000
395 3.353000
396 3.359000
397 3.365000
398 3.371000
399 3.377000
400 3.383000
401 3.389000
402 3.395000
403 3.401000
404 3.407000
405 3.413000
406 3.419000
407 3.425000
408 3.431000
409 3.437000
410 3.443000
411 3.449000
412 3.455000
413 3.461000
414 3.467000
415 3.473000
416 3.479000
417 3.485000
418 3.491000
419 3.497000
420 3.503000
421 3.509000
422 3.515000
423 3.521000
424 3.527000
425 3.533000
426 3.539000
429 3.549000
427 3.565000
428 3.571000
430 3.577000
431 3.583000
432 3.589000
433 3.595000
434 3.601000
435 3.607000
436 3.613000
437 3.619000
438 3.625000
439 3.641000
440 3.711000
441 3.717000
442 3.723000
443 3.729000
444 3.735000
445 3.741000
446 3.747000
447 3.753000
448 3.759000
449 3.765000
450 3.771000
451 3.777000
452 3.783000
453 3.789000
454 3.795000
455 3.801000
456 3.807000
457 3.813000
458 3.819000
459 3.825000
460 3.831000
461 3.837000
462 3.843000
463 3.849000
464 3.855000
465 3.861000
466 3.867000
467 3.873000
469 3.879000
470 3.885000
468 3.917000
471 3.923000
472 3.929000
473 3.935000
474 3.941000
475 3.947000
476 3.953000
477 3.959000
478 3.965000
479 3.971000
480 3.977000
481 3.983000
482 3.989000
484 3.995000
485 4.001000
483 4.007000
486 4.013000
487 4.019000
488 4.025000
489 4.041000
490 4.123000
491 4.129000
492 4.135000
493 4.141000
494 4.147000
495 4.153000
496 4.159000
497 4.165000
498 4.171000
499 4.177000
500 4.183000
501 4.189000
502 4.195000
503 4.201000
504 4.207000
505 4.213000
506 4.219000
507 4.225000
508 4.231000
509 4.237000
510 4.243000
511 4.249000
512 4.255000
513 4.261000
514 4.267000
515 4.273000
516 4.279000
517 4.285000
518 4.291000
519 4.297000
520 4.303000
521 4.309000
522 4.315000
523 4.321000
524 4.327000
525 4.333000
526 4.339000
529 4.349000
527 4.365000
528 4.371000
530 4.377000
531 4.383000
532 4.389000
533 4.395000
534 4.401000
535 4.407000
536 4.413000
537 4.419000
538 4.425000
539 4.441000
540 4.511000
541 4.517000
542 4.523000
543 4.529000
544 4.535000
545 4.541000
546 4.547000
547 4.553000
548 4.559000
549 4.565000
550 4.571000
551 4.577000
552 4.583000
553 4.589000
554 4.595000
555 4.601000
556 4.607000
557 4.613000
558 4.619000
559 4.625000
560 4.631000
561 4.637000
562 4.643000
563 4.649000
564 4.655000
565 4.661000
566 4.667000
567 4.673000
569 4.679000
570 4.685000
568 4.717000
571 4.723000
572 4.729000
573 4.735000
574 4.741000
575 4.747000
576 4.753000
577 4.759000
578 4.765000
579 4.771000
580 4.777000
581 4.783000
582 4.789000
584 4.795000
585 4.801000
583 4.807000
586 4.813000
587 4.819000
588 4.825000
589 4.841000
590 4.923000
591 4.929000
592 4.935000
593 4.941000
594 4.947000
595 4.953000
596 4.959000
597 4.965000
598 4.971000
599 4.977000
600 4.983000
601 4.989000
602 4.995000
603 5.001000
604 5.007000
605 5.013000
606 5.019000
607 5.025000
608 5.031000
609 5.037000
610 5.043000
611 5.049000
612 5.055000
613 5.061000
614 5.067000
615 5.073000
616 5.079000
617 5.085000
618 5.091000
619 5.097000
620 5.103000
621 5.109000
622 5.115000
623 5.121000
624 5.127000
625 5.133000
626 5.139000
629 5.149000
627 5.165000
628 5.171000
630 5.177000
631 5.183000
632 5.189000
633 5.195000
634 5.201000
635 5.207000
636 5.213000
637 5.219000
638 5.225000
639 5.241000
640 5.311000
641 5.317000
642 5.323000
643 5.329000
644 5.335000
645 5.341000
646 5.347000
647 5.353000
648 5.359000
649 5.365000
650 5.371000
651 5.377000
652 5.383000
653 5.389000
654 5.395000
655 5.401000
656 5.407000
657 5.413000
658 5.419000
659 5.425000
660 5.431000
661 5.437000
662 5.443000
663 5.449000
664 5.455000
665 5.461000
666 5.467000
667 5.473000
669 5.479000
670 5.485000
668 5.517000
671 5.523000
672 5.529000
673 5.535000
674 5.541000
675 5.547000
676 5.553000
677 5.559000
678 5.565000
679 5.571000
680 5.577000
681 5.583000
682 5.589000
684 5.595000
685 5.601000
683 5.607000
686 5.613000
687 5.619000
688 5.625000
689 5.641000
690 5.723000
691 5.729000
692 5.735000
693 5.741000
694 5.747000
695 5.753000
696 5.759000
697 5.765000
698 5.771000
699 5.777000
700 5.783000
701 5.789000
702 5.795000
703 5.801000
704 5.807000
705 5.813000
706 5.819000
707 5.825000
708 5.831000
709 5.837000
710 5.843000
711 5.849000
712 5.855000
713 5.861000
714 5.867000
715 5.873000
716 5.879000
717 5.885000
718 5.891000
719 5.897000
720 5.903000
721 5.909000
722 5.915000
723 5.921000
724 5.927000
725 5.933000
726 5.939000
729 5.949000
727 5.965000
728 5.971000
730 5.977000
731 5.983000
732 5.989000
733 5.995000
734 6.001000
735 6.007000
736 6.013000
737 6.019000
738 6.025000
739 6.041000
740 6.111000
741 6.117000
742 6.123000
743 6.129000
744 6.135000
745 6.141000
746 6.147000
747 6.153000
748 6.159000
749 6.165000
750 6.171000
751 6.177000
752 6.183000
753 6.189000
754 6.195000
755 6.201000
756 6.207000
757 6.213000
758 6.219000
759 6.225000
760 6.231000
761 6.237000
762 6.243000
763 6.249000
764 6.255000
765 6.261000
766 6.267000
767 6.273000
769 6.279000
770 6.285000
768 6.317000
771 6.323000
772 6.329000
773 6.335000
774 6.341000
775 6.347000
776 6.353000
777 6.359000
778 6.365000
779 6.371000
780 6.377000
781 6.383000
782 6.389000
784 6.395000
785 6.401000
783 6.407000
786 6.413000
787 6.419000
788 6.425000
789 6.441000
790 6.523000
791 6.529000
792 6.535000
793 6.541000
794 6.547000
795 6.553000
796 6.559000
797 6.565000
798 6.571000
799 6.577000
800 6.583000
801 6.589000
802 6.595000
803 6.601000
804 6.607000
805 6.613000
806 6.619000
807 6.625000
808 6.631000
809 6.637000
810 6.643000
811 6.649000
812 6.655000
813 6.661000
814 6.667000
815 6.673000
816 6.679000
817 6.685000
818 6.691000
819 6.697000
820 6.703000
821 6.709000
822 6.715000
823 6.721000
824 6.727000
825 6.733000
826 6.739000
829 6.749000
827 6.765000
828 6.771000
830 6.777000
831 6.783000
832 6.789000
833 6.795000
834 6.801000
835 6.807000
836 6.813000
837 6.819000
838 6.825000
839 6.841000
840 6.911000
841 6.917000
842 6.923000
843 6.929000
844 6.935000
845 6.941000
846 6.947000
847 6.953000
848 6.959000
849 6.965000
850 6.971000
851 6.977000
852 6.983000
853 6.989000
854 6.995000
855 7.001000
856 7.007000
857 7.013000
858 7.019000
859 7.025000
860 7.031000
861 7.037000
862 7.043000
863 7.049000
864 7.055000
865 7.061000
866 7.067000
867 7.073000
869 7.079000
870 7.085000
868 7.117000
871 7.123000
872 7.129000
873 7.135000
874 7.141000
875 7.147000
876 7.153000
877 7.159000
878 7.165000
879 7.171000
880 7.177000
881 7.183000
882 7.189000
884 7.195000
885 7.201000
883 7.207000
886 7.213000
887 7.219000
888 7.225000
889 7.241000
890 7.323000
891 7.329000
892 7.335000
893 7.341000
894 7.347000
895 7.353000
896 7.359000
897 7.365000
898 7.371000
899 7.377000
900 7.383000
901 7.389000
902 7.395000
903 7.401000
904 7.407000
905 7.413000
906 7.419000
907 7.425000
908 7.431000
909 7.437000
910 7.443000
911 7.449000
912 7.455000
913 7.461000
914 7.467000
915 7.473000
916 7.479000
917 7.485000
918 7.491000
919 7.497000
920 7.503000
921 7.509000
922 7.515000
923 7.521000
924 7.527000
925 7.533000
926 7.539000
929 7.549000
927 7.565000
928 7.571000
930 7.577000
931 7.583000
932 7.589000
933 7.595000
934 7.601000
935 7.607000
936 7.613000
937 7.619000
938 7.625000
939 7.641000
940 7.711000
941 7.717000
942 7.723000
943 7.729000
944 7.735000
945 7.741000
946 7.747000
947 7.753000
948 7.759000
949 7.765000
950 7.771000
951 7.777000
952 7.783000
953 7.789000
954 7.795000
955 7.801000
956 7.807000
957 7.813000
958 7.819000
959 7.825000
960 7.831000
961 7.837000
962 7.843000
963 7.849000
964 7.855000
965 7.861000
966 7.867000
967 7.873000
969 7.879000
970 7.885000
968 7.917000
971 7.923000
972 7.929000
973 7.935000
974 7.941000
975 7.947000
976 7.953000
977 7.959000
978 7.965000
979 7.971000
980 7.977000
981 7.983000
982 7.989000
984 7.995000
985 8.001000
983 8.007000
986 8.013000
987 8.019000
988 8.025000
989 8.041000
990 8.123000
991 8.129000
992 8.135000
993 8.141000
994 8.147000
995 8.153000
996 8.159000
997 8.165000
998 8.171000
999 8.177000
1000 8.183000
1001 8.189000
1002 8.195000
1003 8.201000
1004 8.207000
1005 8.213000
1006 8.219000
1007 8.225000
1008 8.231000
1009 8.237000
1010 8.243000
1011 8.249000
1012 8.255000
1013 8.261000
1014 8.267000
1015 8.273000
1016 8.279000
1017 8.285000
1018 8.291000
1019 8.297000
1020 8.303000
1021 8.309000
1022 8.315000
1023 8.321000
1024 8.327000
1025 8.333000
1026 8.339000
1029 8.349000
1027 8.365000
1028 8.371000
1030 8.377000
1031 8.383000
1032 8.389000
1033 8.395000
1034 8.401000
1035 8.407000
1036 8.413000
1037 8.419000
1038 8.425000
1039 8.441000
1040 8.513000
1041 8.519000
1042 8.525000
1043 8.531000
1044 8.537000
1045 8.543000
1046 8.549000
1047 8.555000
1048 8.561000
1049 8.567000
1050 8.573000
1051 8.579000
1052 8.585000
1053 8.591000
1054 8.597000
1055 8.603000
1056 8.609000
1057 8.615000
1058 8.621000
1059 8.627000
1060 8.633000
1061 8.639000
1062 8.645000
1063 8.651000
1064 8.657000
1065 8.663000
1066 8.669000
1067 8.675000
1068 8.681000
1069 8.687000
1070 8.693000
1071 8.699000
1074 8.709000
1072 8.735000
1073 8.741000
1075 8.747000
1076 8.753000
1077 8.759000
1078 8.765000
1079 8.771000
1080 8.777000
1081 8.783000
1082 8.789000
1084 8.795000
1085 8.801000
1083 8.807000
1086 8.813000
1087 8.819000
1088 8.825000
1089 8.841000
1090 8.921000
1091 8.927000
1092 8.933000
1093 8.939000
1094 8.945000
1095 8.951000
1096 8.957000
1097 8.963000
1098 8.969000
1099 8.975000
1100 8.981000
1101 8.987000
1102 8.993000
1103 8.999000
1104 9.005000
1105 9.011000
1106 9.017000
1107 9.023000
1108 9.029000
1109 9.035000
1110 9.041000
1111 9.047000
1112 9.053000
1113 9.059000
1114 9.065000
1115 9.071000
1116 9.077000
1117 9.083000
1118 9.089000
1119 9.095000
1120 9.101000
1121 9.107000
1122 9.113000
1124 9.119000
1125 9.125000
1123 9.147000
1126 9.153000
1127 9.159000
1128 9.165000
1129 9.171000
1130 9.177000
1131 9.183000
1132 9.189000
1134 9.195000
1135 9.201000
1133 9.207000
1136 9.213000
1137 9.219000
1138 9.225000
1139 9.241000
1140 9.321000
1141 9.327000
1142 9.333000
1143 9.339000
1144 9.345000
1145 9.351000
1146 9.357000
1147 9.363000
1148 9.369000
1149 9.375000
1150 9.381000
1151 9.387000
1152 9.393000
1153 9.399000
1154 9.405000
1155 9.411000
1156 9.417000
1157 9.423000
1158 9.429000
1159 9.435000
1160 9.441000
1161 9.447000
1162 9.453000
1163 9.459000
1164 9.465000
1165 9.471000
1166 9.477000
1167 9.483000
1168 9.489000
1169 9.495000
1170 9.501000
1171 9.507000
1172 9.513000
1174 9.519000
1175 9.525000
1176 9.531000
1173 9.553000
1177 9.559000
1178 9.565000
1179 9.571000
1180 9.577000
1181 9.583000
1182 9.589000
1184 9.595000
1185 9.601000
1183 9.607000
1186 9.613000
1187 9.619000
1188 9.625000
1189 9.641000
1190 9.647000
1191 9.733000
1192 9.739000
1193 9.745000
1194 9.751000
1195 9.757000
1196 9.763000
1197 9.769000
1198 9.775000
1199 9.781000
1200 9.787000
1201 9.793000
1202 9.799000
1203 9.805000
1204 9.811000
1205 9.817000
1206 9.823000
1207 9.829000
1208 9.835000
1209 9.841000
1210 9.847000
1211 9.853000
1212 9.859000
1213 9.865000
1214 9.871000
1215 9.877000
1216 9.883000
1217 9.889000
1218 9.895000
1219 9.901000
1220 9.907000
1221 9.913000
1222 9.919000
1223 9.925000
1224 9.931000
1225 9.937000
1226 9.943000
1227 9.949000
1229 9.957000
1230 9.963000
1228 9.977000
1231 9.983000
1232 9.989000
1233 9.995000
1234 10.001000
1235 10.007000
1236 10.013000
1237 10.019000
1238 10.025000
1239 10.041000
1240 10.047000
1241 10.119000
1242 10.125000
1243 10.131000
1244 10.137000
1245 10.143000
1246 10.149000
1247 10.155000
1248 10.161000
1249 10.167000
1250 10.173000
1251 10.179000
1252 10.185000
1253 10.191000
1254 10.197000
1255 10.203000
1256 10.209000
1257 10.215000
1258 10.221000
1259 10.227000
1260 10.233000
1261 10.239000
1262 10.245000
1263 10.251000
1264 10.257000
1265 10.263000
1266 10.269000
1267 10.275000
1268 10.281000
1269 10.287000
1270 10.293000
1271 10.299000
1272 10.305000
1274 10.315000
1275 10.321000
1273 10.347000
1276 10.353000
1277 10.359000
1278 10.365000
1279 10.371000
1280 10.377000
1281 10.383000
1282 10.389000
1284 10.395000
1285 10.401000
1283 10.407000
1286 10.413000
1287 10.419000
1288 10.425000
1289 10.441000
1290 10.447000
1291 10.533000
1292 10.539000
1293 10.545000
1294 10.551000
1295 10.557000
1296 10.563000
1297 10.569000
1298 10.575000
1299 10.581000
1300 10.587000
1301 10.593000
1302 10.599000
1303 10.605000
1304 10.611000
1305 10.617000
1306 10.623000
1307 10.629000
1308 10.635000
1309 10.641000
1310 10.647000
1311 10.653000
1312 10.659000
1313 10.665000
1314 10.671000
1315 10.677000
1316 10.683000
1317 10.689000
1318 10.695000
1319 10.701000
1320 10.707000
1321 10.713000
1322 10.719000
1323 10.725000
1324 10.731000
1325 10.737000
1326 10.743000
1327 10.749000
1329 10.757000
1330 10.763000
1328 10.777000
1331 10.783000
1332 10.789000
1333 10.795000
1334 10.801000
1335 10.807000
1336 10.813000
1337 10.819000
1338 10.825000
1339 10.841000
1340 10.847000
1341 10.919000
1342 10.925000
1343 10.931000
1344 10.937000
1345 10.943000
1346 10.949000
1347 10.955000
1348 10.961000
1349 10.967000
1350 10.973000
1351 10.979000
1352 10.985000
1353 10.991000
1354 10.997000
1355 11.003000
1356 11.009000
1357 11.015000
1358 11.021000
1359 11.027000
1360 11.033000
1361 11.039000
1362 11.045000
1363 11.051000
1364 11.057000
1365 11.063000
1366 11.069000
1367 11.075000
1368 11.081000
1369 11.087000
1370 11.093000
1371 11.099000
1372 11.105000
1374 11.115000
1375 11.121000
1373 11.147000
1376 11.153000
1377 11.159000
1378 11.165000
1379 11.171000
1380 11.177000
1381 11.183000
1382 11.189000
1384 11.195000
1385 11.201000
1383 11.207000
1386 11.213000
1387 11.219000
1388 11.225000
1389 11.241000
1390 11.247000
1391 11.333000
1392 11.339000
1393 11.345000
1394 11.351000
1395 11.357000
1396 11.363000
1397 11.369000
1398 11.375000
1399 11.381000
1400 11.387000
1401 11.393000
1402 11.399000
1403 11.405000
1404 11.411000
1405 11.417000
1406 11.423000
1407 11.429000
1408 11.435000
1409 11.441000
1410 11.447000
1411 11.453000
1412 11.459000
1413 11.465000
1414 11.471000
1415 11.477000
1416 11.483000
1417 11.489000
1418 11.495000
1419 11.501000
1420 11.507000
1421 11.513000
1422 11.519000
1423 11.525000
1424 11.531000
1425 11.537000
1426 11.543000
1427 11.549000
1429 11.557000
1430 11.563000
1428 11.577000
1431 11.583000
1432 11.589000
1433 11.595000
1434 11.601000
1435 11.607000
1436 11.613000
1437 11.619000
1438 11.625000
1439 11.641000
1440 11.647000
1441 11.719000
1442 11.725000
1443 11.731000
1444 11.737000
1445 11.743000
1446 11.749000
1447 11.755000
1448 11.761000
1449 11.767000
1450 11.773000
1451 11.779000
1452 11.785000
1453 11.791000
1454 11.797000
1455 11.803000
1456 11.809000
1457 11.815000
1458 11.821000
1459 11.827000
1460 11.833000
1461 11.839000
1462 11.845000
1463 11.851000
1464 11.857000
1465 11.863000
1466 11.869000
1467 11.875000
1468 11.881000
1469 11.887000
1470 11.893000
1471 11.899000
1472 11.905000
1474 11.915000
1475 11.921000
1473 11.947000
1476 11.953000
1477 11.959000
1478 11.965000
1479 11.971000
1480 11.977000
1481 11.983000
1482 11.989000
1484 11.995000
1485 12.001000
1483 12.007000
1486 12.013000
1487 12.019000
