0 0.103112
1 0.118136
2 0.126456
3 0.136856
4 0.138936
5 0.153496
6 0.155576
7 0.174296
8 0.176376
9 0.178456
10 0.180536
11 0.207576
12 0.209656
13 0.211736
14 0.213816
15 0.249176
16 0.251256
17 0.253336
18 0.255416
19 0.257496
20 0.259576
25 0.274136
26 0.276216
27 0.278296
28 0.280376
29 0.282456
30 0.284536
21 0.340696
22 0.342776
23 0.382296
24 0.384376
31 0.390616
32 0.392696
33 0.394776
34 0.396856
35 0.398936
36 0.401016
37 0.403096
38 0.405176
39 0.407256
40 0.409336
21 0.413496
41 0.473816
42 0.477976
43 0.480056
44 0.482136
45 0.484216
46 0.486296
47 0.488376
48 0.490456
49 0.492536
50 0.494616
51 0.496696
52 0.500856
53 0.563256
54 0.565336
55 0.567416
56 0.569496
57 0.575736
58 0.577816
59 0.579896
60 0.581976
61 0.584056
62 0.586136
63 0.588216
64 0.592376
74 0.656856
75 0.658936
76 0.661016
77 0.663096
65 0.681816
66 0.683896
67 0.685976
68 0.688056
69 0.690136
70 0.692216
71 0.694296
72 0.696376
73 0.698456
78 0.744216
79 0.746296
65 0.748376
80 0.760856
81 0.762936
82 0.765016
83 0.767096
84 0.769176
85 0.821176
86 0.823256
87 0.825336
88 0.827416
93 0.860696
94 0.862776
95 0.864856
96 0.866936
97 0.869016
98 0.902296
99 0.904376
89 0.906456
90 1.123240
91 1.140344
92 1.142424
93 1.159064
100 1.161144
101 1.163224
102 1.181944
103 1.184024
104 1.186104
105 1.206904
108 1.208984
106 1.213144
107 1.215224
109 1.236024
110 1.238104
111 1.244344
112 1.246424
113 1.267224
114 1.269304
115 1.271384
116 1.279704
117 1.281784
118 1.304664
119 1.306744
120 1.308824
121 1.310904
122 1.321304
123 1.323384
124 1.350424
125 1.352504
126 1.354584
127 1.356664
128 1.358744
129 1.369144
130 1.371224
131 1.406584
132 1.408664
133 1.410744
134 1.412824
135 1.414904
136 1.416984
137 1.427384
138 1.429464
139 1.460664
140 1.462744
141 1.464824
142 1.466904
143 1.468984
144 1.471064
145 1.473144
146 1.498104
147 1.500184
148 1.520984
149 1.523064
150 1.525144
151 1.527224
152 1.529304
153 1.531384
154 1.533464
155 1.556344
156 1.558424
157 1.560504
158 1.581304
159 1.583384
160 1.585464
161 1.587544
162 1.589624
163 1.591704
164 1.593784
165 1.620824
166 1.622904
167 1.624984
168 1.627064
169 1.649944
170 1.652024
171 1.654104
172 1.656184
173 1.658264
174 1.660344
175 1.662424
176 1.691544
177 1.693624
178 1.695704
179 1.697784
180 1.699864
181 1.724824
182 1.726904
183 1.728984
184 1.731064
185 1.733144
186 1.735224
187 1.737304
188 1.770584
189 1.772664
190 1.774744
191 1.776824
192 1.778904
193 1.780984
196 1.801784
197 1.803864
198 1.805944
199 1.808024
200 1.810104
194 1.812184
195 1.814264
201 1.851704
202 1.853784
203 1.855864
204 1.857944
205 1.860024
206 1.862104
207 1.864184
208 1.872504
209 1.874584
194 1.876664
210 1.918264
211 1.920344
212 1.922424
213 1.924504
215 1.926584
216 1.934904
217 1.936984
218 1.939064
219 1.984824
223 1.986904
214 1.988984
220 2.226104
221 2.246904
222 2.248984
223 2.265624
224 2.267704
225 2.269784
226 2.286424
227 2.288504
228 2.290584
229 2.303064
230 2.305144
231 2.307224
232 2.309304
233 2.323864
234 2.325944
235 2.328024
236 2.330104
237 2.332184
238 2.348824
239 2.350904
240 2.352984
241 2.355064
242 2.357144
243 2.359224
244 2.377944
245 2.380024
246 2.382104
247 2.384184
248 2.386264
249 2.388344
250 2.390424
251 2.411224
252 2.413304
253 2.415384
254 2.417464
255 2.419544
256 2.421624
257 2.425784
258 2.448664
259 2.450744
260 2.452824
261 2.454904
262 2.456984
263 2.459064
264 2.461144
265 2.467384
266 2.492344
267 2.494424
268 2.496504
269 2.498584
270 2.500664
271 2.502744
272 2.504824
273 2.506904
274 2.517304
280 2.538104
281 2.540184
282 2.542264
283 2.544344
275 2.552664
276 2.554744
277 2.556824
278 2.558904
279 2.560984
284 2.575544
285 2.592184
286 2.594264
275 2.596344
287 2.615064
288 2.617144
289 2.619224
290 2.625464
291 2.644184
292 2.646264
293 2.648344
294 2.671224
295 2.673304
296 2.675384
297 2.681624
298 2.700344
299 2.702424
300 2.704504
301 2.729464
302 2.731544
303 2.733624
304 2.735704
305 2.741944
306 2.762744
307 2.764824
308 2.766904
309 2.791864
310 2.793944
311 2.796024
312 2.798104
313 2.804344
314 2.806424
315 2.829304
316 2.831384
317 2.833464
318 2.868824
319 2.870904
320 2.872984
321 2.875064
322 2.881304
323 2.883384
324 2.885464
329 2.910424
330 2.912504
331 2.914584
325 2.916664
326 2.918744
327 2.920824
328 2.954104
332 2.960344
333 2.962424
334 2.964504
335 2.983224
336 2.985304
325 2.987384
337 3.028984
338 3.031064
339 3.033144
340 3.035224
341 3.053944
342 3.056024
343 3.058104
344 3.103864
345 3.105944
346 3.108024
347 3.110104
348 3.130904
349 3.132984
350 3.135064
351 3.172504
352 3.174584
353 3.176664
354 3.178744
355 3.180824
356 3.193304
357 3.195384
358 3.197464
359 3.236984
360 3.239064
361 3.241144
362 3.243224
363 3.245304
364 3.247384
365 3.259864
366 3.261944
367 3.264024
368 3.309784
369 3.311864
370 3.313944
371 3.316024
372 3.318104
373 3.320184
374 3.322264
375 3.330584
376 3.332664
377 3.334744
378 3.380504
379 3.382584
380 3.384664
381 3.386744
382 3.388824
383 3.390904
384 3.392984
385 3.395064
386 3.397144
387 3.399224
388 3.401304
389 3.424184
393 3.426264
394 3.428344
395 3.430424
396 3.432504
401 3.457464
402 3.459544
403 3.461624
390 3.463704
391 3.679336
392 3.694360
393 3.696440
397 3.713080
398 3.715160
399 3.717240
400 3.719320
404 3.735960
405 3.738040
401 3.742200
402 3.744280
406 3.748440
407 3.750520
408 3.767160
409 3.769240
410 3.773400
411 3.775480
412 3.781720
413 3.800440
414 3.802520
415 3.806680
416 3.808760
417 3.817080
418 3.837880
419 3.842040
420 3.844120
421 3.848280
422 3.850360
423 3.860760
424 3.883640
425 3.889880
426 3.891960
427 3.894040
428 3.898200
429 3.900280
430 3.912760
431 3.939800
432 3.950200
433 3.952280
434 3.954360
435 3.956440
436 3.958520
437 3.960600
438 3.989720
439 3.991800
440 4.002200
441 4.004280
442 4.006360
443 4.008440
444 4.010520
445 4.029240
446 4.031320
447 4.050040
448 4.052120
449 4.054200
450 4.056280
451 4.058360
452 4.060440
453 4.062520
454 4.064600
455 4.089560
456 4.091640
457 4.112440
458 4.114520
459 4.116600
460 4.118680
461 4.120760
462 4.122840
463 4.124920
464 4.127000
465 4.156120
466 4.158200
467 4.160280
468 4.183160
469 4.185240
470 4.187320
471 4.189400
472 4.191480
473 4.193560
474 4.195640
475 4.197720
476 4.231000
477 4.233080
478 4.235160
479 4.237240
480 4.262200
481 4.264280
482 4.266360
483 4.268440
484 4.270520
485 4.272600
486 4.274680
487 4.276760
488 4.314200
489 4.316280
490 4.318360
491 4.320440
492 4.322520
495 4.347480
496 4.349560
497 4.351640
498 4.353720
499 4.355800
500 4.357880
493 4.359960
494 4.362040
501 4.403640
502 4.405720
503 4.407800
504 4.409880
505 4.411960
506 4.414040
507 4.420280
508 4.422360
493 4.424440
509 4.470200
510 4.472280
511 4.474360
512 4.476440
513 4.478520
514 4.480600
515 4.486840
516 4.488920
517 4.491000
524 4.545080
525 4.547160
526 4.549240
527 4.601240
528 4.603320
518 4.764264
519 4.779288
520 4.781368
521 4.794312
522 4.796392
523 4.811416
524 4.813496
525 4.815576
529 4.832680
530 4.834760
531 4.836840
532 4.838920
533 4.841000
534 4.853480
535 4.855560
536 4.857640
537 4.859720
538 4.874280
539 4.876360
540 4.878440
541 4.880520
542 4.882600
547 4.897160
543 4.901320
544 4.903400
545 4.905480
546 4.907560
548 4.909640
549 4.926280
550 4.930440
551 4.932520
552 4.934600
553 4.936680
554 4.938760
555 4.940840
556 4.959560
557 4.963720
558 4.965800
559 4.967880
560 4.969960
561 4.972040
562 4.974120
563 4.976200
564 5.001160
565 5.005320
566 5.007400
567 5.009480
568 5.011560
569 5.013640
570 5.015720
571 5.017800
572 5.019880
573 5.051080
574 5.055240
575 5.057320
576 5.059400
577 5.061480
578 5.063560
579 5.065640
580 5.067720
581 5.069800
582 5.071880
583 5.113480
584 5.115560
585 5.117640
586 5.119720
587 5.121800
588 5.142600
589 5.144680
590 5.146760
591 5.148840
592 5.150920
593 5.153000
594 5.171720
595 5.180040
596 5.182120
597 5.184200
598 5.186280
599 5.209160
600 5.211240
601 5.213320
602 5.215400
603 5.217480
604 5.219560
605 5.246600
606 5.248680
607 5.257000
608 5.259080
609 5.261160
610 5.263240
611 5.288200
612 5.290280
613 5.292360
614 5.294440
615 5.296520
616 5.298600
617 5.321480
618 5.323560
619 5.325640
620 5.333960
621 5.336040
622 5.338120
623 5.340200
624 5.354760
625 5.356840
626 5.358920
627 5.361000
628 5.363080
629 5.367240
630 5.394280
631 5.396360
632 5.398440
633 5.400520
634 5.408840
635 5.410920
636 5.413000
637 5.415080
645 5.425480
646 5.427560
647 5.429640
638 5.433800
639 5.435880
640 5.437960
641 5.440040
642 5.442120
643 5.444200
644 5.475400
648 5.479560
649 5.481640
650 5.483720
653 5.485800
654 5.487880
638 5.489960
655 5.525320
656 5.527400
657 5.529480
658 5.531560
659 5.533640
660 5.535720
651 5.729160
652 5.779080
653 5.781160
661 5.843560
662 5.845640
663 5.847720
664 5.849800
665 5.912200
666 5.914280
667 5.916360
668 5.918440
669 5.970440
670 5.972520
671 5.974600
672 5.976680
673 5.978760
674 6.007880
675 6.009960
676 6.012040
677 6.014120
678 6.016200
679 6.018280
680 6.049480
681 6.051560
682 6.053640
683 6.055720
684 6.057800
685 6.059880
686 6.061960
687 6.097320
688 6.099400
689 6.101480
690 6.103560
691 6.105640
692 6.107720
693 6.109800
694 6.111880
695 6.151400
696 6.153480
697 6.155560
698 6.157640
699 6.159720
700 6.161800
701 6.163880
702 6.165960
703 6.168040
704 6.188840
705 6.190920
706 6.193000
707 6.195080
708 6.197160
709 6.199240
710 6.201320
711 6.203400
712 6.205480
713 6.207560
714 6.230440
715 6.232520
716 6.234600
717 6.236680
718 6.238760
719 6.240840
720 6.242920
721 6.245000
722 6.247080
723 6.249160
724 6.251240
725 6.276200
726 6.278280
727 6.280360
728 6.282440
729 6.284520
730 6.286600
731 6.288680
732 6.290760
733 6.292840
734 6.294920
735 6.297000
743 6.315720
744 6.317800
745 6.319880
746 6.321960
747 6.324040
736 6.332360
737 6.334440
738 6.336520
739 6.338600
740 6.340680
741 6.342760
742 6.344840
748 6.367720
749 6.369800
736 6.371880
750 6.373960
751 6.376040
752 6.378120
753 6.380200
754 6.382280
755 6.413480
756 6.415560
757 6.417640
758 6.419720
759 6.421800
760 6.423880
761 6.425960
762 6.428040
763 6.463400
764 6.465480
765 6.467560
766 6.469640
767 6.471720
768 6.473800
769 6.475880
770 6.477960
771 6.480040
772 6.519560
773 6.521640
777 6.523720
778 6.525800
779 6.527880
780 6.529960
781 6.532040
785 6.577800
774 6.579880
775 6.814920
776 6.854440
777 6.856520
782 6.885640
783 6.887720
784 6.889800
785 6.923080
786 6.925160
787 6.927240
788 6.929320
789 6.948040
790 6.958440
791 6.960520
792 6.962600
793 6.983400
794 6.995880
795 6.997960
796 7.000040
797 7.002120
798 7.025000
799 7.043720
800 7.045800
801 7.047880
802 7.049960
803 7.052040
804 7.077000
805 7.106120
806 7.108200
807 7.110280
808 7.112360
809 7.114440
810 7.116520
811 7.122760
812 7.153960
813 7.156040
814 7.158120
815 7.160200
816 7.162280
817 7.164360
818 7.166440
819 7.168520
820 7.205960
821 7.208040
822 7.210120
823 7.212200
824 7.214280
825 7.216360
826 7.218440
827 7.220520
828 7.222600
831 7.249640
832 7.251720
833 7.253800
829 7.270440
830 7.272520
834 7.282920
835 7.285000
836 7.287080
837 7.289160
838 7.312040
839 7.314120
829 7.316200
840 7.347400
841 7.349480
842 7.351560
843 7.353640
844 7.359880
845 7.361960
846 7.364040
847 7.397320
848 7.399400
849 7.401480
850 7.403560
851 7.409800
852 7.411880
853 7.413960
854 7.447240
855 7.449320
856 7.451400
857 7.453480
858 7.459720
859 7.461800
860 7.463880
861 7.465960
862 7.503400
863 7.505480
864 7.507560
865 7.509640
866 7.511720
867 7.513800
868 7.515880
869 7.517960
870 7.520040
871 7.561640
872 7.563720
880 7.565800
873 7.584520
874 7.586600
875 7.588680
876 7.590760
877 7.592840
878 7.594920
879 7.597000
881 7.626120
882 7.628200
883 7.630280
884 7.651080
885 7.653160
886 7.655240
887 7.657320
888 7.659400
889 7.661480
890 7.663560
891 7.665640
892 7.696840
893 7.698920
894 7.701000
895 7.707240
896 7.709320
897 7.711400
898 7.713480
899 7.715560
900 7.717640
901 7.719720
902 7.721800
903 7.757160
904 7.759240
905 7.761320
906 7.763400
907 7.765480
908 7.767560
909 7.769640
910 7.771720
911 7.773800
912 7.775880
913 7.777960
914 7.780040
915 7.815400
916 7.817480
917 7.819560
918 7.821640
922 7.823720
923 7.825800
924 7.827880
925 7.829960
926 7.832040
928 7.863240
929 7.865320
930 7.867400
931 7.869480
932 7.871560
935 7.906920
936 7.944360
937 7.983880
938 8.027560
919 8.058760
920 8.089960
921 8.092040
922 8.125320
923 8.127400
927 8.129480
928 8.131560
929 8.133640
930 8.169000
931 8.171080
933 8.173160
934 8.175240
935 8.177320
936 8.179400
937 8.181480
939 8.218920
940 8.221000
941 8.223080
942 8.225160
943 8.227240
944 8.229320
945 8.264680
946 8.266760
947 8.268840
948 8.270920
949 8.273000
950 8.318760
951 8.320840
952 8.322920
953 8.325000
954 8.327080
955 8.329160
956 8.370760
957 8.372840
958 8.374920
959 8.377000
960 8.379080
961 8.381160
962 8.383240
963 8.424840
964 8.426920
965 8.429000
966 8.431080
967 8.433160
968 8.435240
969 8.437320
970 8.439400
971 8.485160
972 8.487240
973 8.489320
974 8.491400
975 8.493480
976 8.495560
977 8.497640
978 8.499720
979 8.501800
980 8.543400
981 8.545480
982 8.547560
983 8.549640
984 8.551720
985 8.553800
986 8.555880
987 8.557960
988 8.560040
989 8.562120
990 8.605800
991 8.607880
992 8.609960
993 8.612040
994 8.614120
995 8.616200
996 8.618280
997 8.620360
998 8.622440
999 8.624520
1000 8.668200
1001 8.670280
1002 8.672360
1003 8.674440
1004 8.676520
1005 8.678600
1006 8.680680
1007 8.682760
1008 8.684840
1009 8.686920
1010 8.689000
1021 8.724360
1022 8.726440
1011 8.734760
1012 8.736840
1013 8.738920
1014 8.741000
1015 8.743080
1016 8.745160
1017 8.747240
1018 8.749320
1019 8.751400
1020 8.753480
1023 8.782600
1024 8.784680
1025 8.795080
1026 8.797160
1027 8.799240
1028 8.801320
1029 8.803400
1030 8.805480
1036 8.840840
1039 8.842920
1040 8.845000
1041 8.847080
1042 8.849160
1045 8.878280
1046 8.880360
1031 8.882440
1032 9.115400
1033 9.159080
1034 9.161160
1035 9.209000
1036 9.211080
1037 9.213160
1038 9.252680
1039 9.254760
1040 9.256840
1043 9.296360
1044 9.298440
1045 9.300520
1046 9.306760
1047 9.308840
1048 9.310920
1049 9.346280
1050 9.348360
1051 9.350440
1052 9.358760
1053 9.360840
1054 9.394120
1055 9.396200
1056 9.398280
1057 9.408680
1058 9.410760
1059 9.452360
1060 9.454440
1061 9.456520
1062 9.458600
1063 9.469000
1064 9.471080
1065 9.510600
1066 9.512680
1067 9.514760
1068 9.516840
1069 9.518920
1070 9.529320
1071 9.531400
1072 9.564680
1073 9.566760
1074 9.568840
1075 9.570920
1076 9.573000
1077 9.575080
1078 9.587560
1079 9.589640
1080 9.625000
1081 9.627080
1082 9.629160
1083 9.631240
1084 9.633320
1085 9.635400
1086 9.637480
1087 9.643720
1088 9.645800
1092 9.689480
1089 9.691560
1090 9.693640
1091 9.695720
1093 9.697800
1094 9.699880
1095 9.701960
1096 9.704040
1097 9.712360
1098 9.714440
1099 9.745640
1100 9.747720
1101 9.749800
1102 9.751880
1103 9.753960
1104 9.756040
1105 9.758120
1106 9.760200
1107 9.770600
1108 9.772680
1109 9.774760
1110 9.808040
1111 9.810120
1112 9.812200
1113 9.814280
1114 9.816360
1115 9.818440
1116 9.820520
1117 9.822600
1118 9.835080
1119 9.837160
1120 9.839240
1121 9.841320
1122 9.866280
1123 9.868360
1124 9.870440
1125 9.872520
1126 9.874600
1127 9.887080
1128 9.889160
1129 9.891240
1130 9.903720
1131 9.905800
1132 9.907880
1133 9.909960
1134 9.912040
1135 9.916200
1136 9.918280
1137 9.920360
1142 9.930760
1143 9.932840
1144 9.934920
1138 9.937000
1139 9.939080
1140 9.941160
1141 9.943240
1145 9.957800
1146 9.959880
1147 9.961960
1148 9.964040
1149 9.966120
1150 9.968200
1151 9.970280
1152 9.972360
1153 9.974440
1138 9.976520
1154 9.993160
1155 9.995240
1156 9.997320
1157 9.999400
1158 10.001480
1159 10.003560
1160 10.005640
1161 10.007720
1162 10.009800
1164 10.026440
1165 10.028520
1166 10.030600
1167 10.032680
1168 10.034760
1172 10.049320
1173 10.051400
1163 10.053480
1169 10.298920
1170 10.342600
1171 10.344680
1172 10.405000
1174 10.407080
1175 10.409160
1176 10.463240
1177 10.465320
1178 10.467400
1181 10.517320
1182 10.519400
1179 10.521480
1180 10.523560
1183 10.575560
1184 10.577640
1185 10.579720
1186 10.581800
1187 10.637960
1188 10.640040
1189 10.642120
1190 10.644200
1191 10.646280
1192 10.708680
1193 10.710760
1194 10.712840
1195 10.714920
1196 10.717000
1197 10.719080
1198 10.777320
1199 10.779400
1200 10.781480
1201 10.783560
1202 10.785640
1203 10.787720
1204 10.789800
1205 10.852200
1206 10.854280
1207 10.856360
1208 10.858440
1209 10.860520
1210 10.862600
1211 10.864680
1212 10.866760
1213 10.927080
1214 10.929160
1215 10.931240
1216 10.933320
1217 10.935400
1218 10.937480
1219 10.939560
1220 10.941640
1221 10.943720
1222 10.995720
1223 10.997800
1224 10.999880
1225 11.001960
1226 11.004040
1227 11.006120
1228 11.008200
1229 11.010280
1230 11.012360
1231 11.014440
1232 11.045640
1233 11.047720
1234 11.049800
1235 11.051880
1236 11.053960
1237 11.056040
1238 11.058120
1239 11.060200
1240 11.062280
1241 11.064360
1242 11.066440
1243 11.093480
1244 11.095560
1245 11.097640
1246 11.099720
1247 11.101800
1248 11.103880
1249 11.105960
1250 11.108040
1251 11.110120
1252 11.112200
1253 11.114280
1254 11.149640
1255 11.151720
1256 11.153800
1257 11.155880
1258 11.157960
1259 11.160040
1260 11.162120
1261 11.164200
1262 11.166280
1263 11.168360
1264 11.170440
1265 11.172520
1266 11.189160
1267 11.191240
1268 11.193320
1269 11.195400
1270 11.197480
1271 11.199560
1272 11.201640
1273 11.203720
1274 11.205800
1275 11.207880
1276 11.209960
1277 11.212040
1278 11.216200
1279 11.218280
1280 11.220360
1281 11.222440
1282 11.224520
1283 11.226600
1284 11.228680
1285 11.230760
1286 11.237000
1287 11.239080
1288 11.241160
1289 11.243240
1290 11.245320
1291 11.247400
1293 11.249480
1294 11.251560
1295 11.261960
1296 11.264040
1297 11.266120
1302 11.268200
1303 11.270280
1304 11.272360
1305 11.274440
1306 11.291080
1292 11.293160
1298 11.559864
1299 11.613944
1300 11.616024
1301 11.668024
1302 11.670104
1303 11.672184
1307 11.728344
1308 11.730424
1309 11.732504
1310 11.734584
1311 11.736664
1312 11.799064
1313 11.801144
1314 11.803224
1315 11.819864
1316 11.873944
1317 11.876024
1318 11.878104
1319 11.880184
1320 11.915544
1321 11.942584
1322 11.944664
1323 11.946744
1324 11.948824
1325 11.950904
1326 11.986264
1327 12.009144
1328 12.011224
1329 12.013304
1330 12.015384
1331 12.017464
1332 12.019544
1333 12.040344
