0.11	0.00
0.13	16.82
0.13	315.97
0.15	425.87
0.15	603.28
0.16	595.07
0.16	716.04
0.19	617.02
0.19	701.28
0.19	781.45
0.19	857.82
0.22	728.14
0.22	786.41
0.23	842.64
0.23	896.94
0.29	629.91
0.29	667.29
0.30	703.86
0.30	739.63
0.30	774.63
0.30	808.89
0.30	842.43
0.35	718.37
0.35	746.14
0.35	773.45
0.36	800.31
0.36	826.72
0.36	852.70
0.36	878.26
0.36	903.40
0.39	846.93
0.42	794.95
0.42	816.02
0.42	836.81
0.46	772.17
0.47	786.35
0.47	804.81
0.47	818.38
0.47	836.34
0.48	854.10
0.48	866.82
0.51	829.18
0.51	845.52
0.51	861.68
0.55	803.91
0.55	818.76
0.56	829.64
0.56	844.18
0.56	858.58
0.56	872.85
0.57	886.99
0.60	877.19
0.60	888.89
0.60	909.09
0.65	836.82
0.65	858.37
0.65	858.37
0.65	896.86
0.65	896.86
0.66	896.86
0.68	847.46
0.71	858.37
0.71	858.37
0.71	858.37
0.71	858.37
0.74	934.58
0.74	934.58
0.74	934.58
0.74	934.58
0.75	934.58
0.75	934.58
0.78	881.06
0.78	970.87
0.78	970.87
0.80	934.58
0.80	934.58
0.80	934.58
0.81	917.43
0.82	917.43
0.82	917.43
0.82	970.87
0.82	1036.27
0.82	1036.27
0.83	1015.23
0.84	1111.11
0.84	1117.32
0.86	1075.27
0.86	1081.08
0.86	1081.08
0.86	1081.08
0.86	1086.96
0.88	1129.94
0.88	1129.94
0.88	1129.94
0.90	1204.82
0.90	1204.82
0.90	1212.12
0.90	1212.12
0.91	1212.12
0.91	1190.48
0.92	1190.48
0.92	1307.19
0.94	1242.24
0.94	1242.24
0.94	1408.45
0.94	1408.45
0.94	1408.45
0.95	1408.45
0.95	1408.45
0.95	1408.45
0.95	1550.39
0.97	1550.39
0.98	1550.39
0.98	1550.39
0.98	1550.39
0.98	1694.92
0.98	1694.92
0.99	1694.92
0.99	1694.92
0.99	1694.92
1.02	1550.39
1.02	1724.14
1.02	1724.14
1.02	1724.14
1.02	1851.85
1.03	1851.85
1.03	1851.85
1.03	1923.08
1.03	1923.08
1.05	1818.18
1.06	1769.91
1.06	1769.91
1.07	1694.92
1.08	1694.92
1.08	1694.92
1.09	1639.34
1.10	1666.67
1.11	1666.67
1.25	1072.70
1.28	992.82
1.28	992.82
1.32	937.00
1.32	937.00
1.32	937.00
1.37	883.21
1.37	883.21
1.37	883.21
1.42	798.57
1.43	798.57
1.43	808.26
1.43	808.26
1.48	739.52
1.48	762.06
1.48	762.06
1.49	762.06
1.49	762.06
1.54	698.21
1.54	698.21
1.54	698.21
1.55	698.21
1.55	698.21
1.55	720.86
1.60	665.68
1.60	665.68
1.61	665.68
1.61	663.47
1.61	663.47
1.61	663.47
1.62	663.47
1.67	612.66
1.67	634.02
1.67	634.02
1.68	632.02
1.68	632.02
1.68	632.02
1.68	632.02
1.74	580.64
1.75	580.64
1.75	580.64
1.75	590.94
1.75	594.45
1.76	594.45
1.76	603.42
1.76	610.79
1.82	562.67
1.82	569.08
1.83	577.29
1.83	577.29
1.83	714.29
1.83	751.88
1.84	751.88
1.84	803.21
1.84	803.21
1.88	743.49
1.89	803.21
1.89	803.21
1.89	803.21
1.89	888.89
1.89	888.89
1.90	884.96
1.90	884.96
1.90	985.22
1.90	985.22
1.95	900.90
1.95	900.90
1.95	900.90
1.95	1010.10
1.95	1010.10
1.96	1010.10
1.96	1010.10
1.96	1010.10
1.96	1010.10
1.97	1136.36
1.97	1136.36
2.00	1063.83
2.00	1069.52
2.00	1069.52
2.00	1069.52
2.00	1069.52
2.01	1234.57
2.01	1234.57
2.01	1234.57
2.01	1242.24
2.01	1242.24
2.02	1242.24
2.02	1242.24
2.04	1388.89
2.05	1388.89
2.05	1388.89
2.05	1388.89
2.05	1398.60
2.05	1398.60
2.06	1398.60
2.06	1398.60
2.06	1739.13
2.06	1739.13
2.06	1739.13
2.07	1739.13
2.07	1739.13
2.10	1587.30
2.10	1587.30
2.10	1587.30
2.10	1587.30
2.10	1886.79
2.11	1886.79
2.11	1886.79
2.11	1886.79
2.11	1886.79
2.11	1886.79
2.12	1904.76
2.12	1904.76
2.15	1709.40
2.15	1709.40
2.15	2040.82
2.15	2040.82
2.15	2040.82
2.19	1785.71
2.19	1785.71
2.19	1754.39
2.43	884.96
2.47	819.67
2.47	819.67
2.51	760.46
2.52	757.58
2.52	793.65
2.57	729.93
2.57	724.64
2.58	724.64
2.58	724.64
2.60	696.86
2.61	687.29
2.62	687.29
2.62	687.29
2.63	680.27
2.63	680.27
2.67	641.03
2.67	662.25
2.67	662.25
2.68	655.74
2.68	655.74
2.72	619.20
2.73	617.28
2.73	617.28
2.73	617.28
2.74	609.76
2.74	609.76
2.78	578.03
2.79	576.37
2.79	576.37
2.79	597.01
2.79	597.01
2.81	589.97
2.81	589.97
2.86	550.96
2.86	549.45
2.87	549.45
2.87	549.45
2.87	549.45
2.87	549.45
2.88	543.48
2.88	543.48
2.94	522.19
2.95	520.83
2.95	520.83
2.95	520.83
2.95	520.83
2.96	540.54
2.96	540.54
2.96	542.01
2.96	778.21
3.01	766.28
3.02	763.36
3.02	826.45
3.02	829.88
3.02	829.88
3.02	913.24
3.03	921.66
3.03	921.66
3.03	921.66
3.03	970.87
3.08	900.90
3.08	900.90
3.09	881.06
3.09	892.86
3.09	892.86
3.10	970.87
3.10	975.61
3.10	975.61
3.10	990.10
3.10	990.10
3.11	1086.96
3.15	990.10
3.15	990.10
3.16	975.61
3.16	995.02
3.16	995.02
3.17	1092.90
3.17	1098.90
3.17	1098.90
3.17	1098.90
3.17	1098.90
3.18	1123.60
3.21	1025.64
3.22	1169.59
3.22	1176.47
3.22	1162.79
3.23	1162.79
3.23	1162.79
3.23	1162.79
3.23	1190.48
3.23	1190.48
3.24	1418.44
3.24	1428.57
3.24	1428.57
3.28	1257.86
3.28	1257.86
3.29	1257.86
3.29	1257.86
3.29	1250.00
3.30	1250.00
3.30	1449.28
3.30	1459.85
3.30	1459.85
3.30	1459.85
3.31	1459.85
3.31	1459.85
3.31	1459.85
3.31	1459.85
3.35	1282.05
3.36	1282.05
3.36	1470.59
3.36	1470.59
3.37	1503.76
3.37	1503.76
3.37	1503.76
3.37	1503.76
3.38	1503.76
3.38	1503.76
3.38	1503.76
3.38	1503.76
3.38	1503.76
3.43	1492.54
3.46	1342.28
3.49	1242.24
3.52	1156.07
3.55	1075.27
3.78	673.64
3.82	641.25
3.82	641.25
3.86	606.26
3.86	606.26
3.86	606.26
3.91	599.00
3.91	599.00
3.91	599.00
3.91	602.61
3.97	560.39
3.97	560.39
3.97	560.39
3.97	560.39
3.98	560.39
4.02	532.07
4.02	532.07
4.02	532.07
4.02	560.39
4.03	560.39
4.03	560.39
4.03	560.39
4.03	563.55
4.08	529.25
4.08	529.25
4.09	529.25
4.09	529.25
4.09	529.25
4.09	529.25
4.15	496.41
4.15	496.41
4.15	496.41
4.15	520.98
4.15	520.98
4.16	520.98
4.16	520.98
4.22	487.93
4.22	487.93
4.22	487.93
4.23	487.93
4.23	487.93
4.23	487.93
4.23	487.93
4.23	487.93
4.30	453.63
4.30	475.18
4.30	492.74
4.31	511.65
4.31	527.85
4.31	546.61
4.31	784.31
4.32	833.33
4.32	833.33
4.39	784.31
4.39	784.31
4.39	784.31
4.39	854.70
4.40	854.70
4.40	854.70
4.40	854.70
4.40	956.94
4.40	956.94
4.41	956.94
4.45	869.57
4.45	869.57
4.46	947.87
4.46	947.87
4.46	947.87
4.46	947.87
4.46	947.87
4.47	947.87
4.47	947.87
4.47	947.87
4.47	1063.83
4.50	1005.03
4.50	1005.03
4.53	952.38
4.53	952.38
4.53	952.38
4.53	1081.08
4.53	1081.08
4.54	1081.08
4.54	1081.08
4.54	1081.08
4.54	1081.08
4.54	1081.08
4.56	1234.57
4.56	1234.57
4.59	1149.43
4.59	1149.43
4.59	1149.43
4.59	1149.43
4.59	1149.43
4.60	1149.43
4.60	1398.60
4.60	1398.60
4.60	1398.60
4.60	1398.60
4.61	1379.31
4.61	1379.31
4.61	1379.31
4.64	1265.82
4.65	1265.82
4.65	1600.00
4.65	1600.00
4.65	1600.00
4.65	1600.00
4.66	1600.00
4.66	1600.00
4.66	1600.00
4.66	1600.00
4.66	1600.00
4.67	1600.00
4.67	1923.08
4.67	1923.08
4.70	1709.40
4.70	1709.40
4.70	1709.40
4.71	1709.40
4.71	1709.40
4.73	1562.50
4.74	1562.50
4.74	1562.50
4.74	1562.50
4.75	1652.89
4.75	1639.34
4.76	1785.71
4.76	1785.71
5.00	887.83
5.04	812.12
5.05	812.12
5.10	734.57
5.10	734.57
5.11	734.57
5.17	663.86
5.17	663.86
5.17	675.06
5.17	675.06
5.24	638.43
5.24	638.43
5.24	638.43
5.24	638.43
5.25	638.43
5.25	638.43
5.25	638.43
5.32	580.94
5.32	580.94
5.32	580.94
5.32	584.34
5.32	584.34
5.39	538.69
5.39	558.24
5.39	558.24
5.39	558.24
5.40	558.24
5.40	558.24
5.47	512.47
5.47	512.47
5.47	512.47
5.47	512.47
5.47	512.47
5.48	512.47
5.48	512.47
5.51	492.28
5.52	492.28
5.52	508.56
5.52	508.56
5.52	508.56
5.52	508.56
5.53	508.56
5.53	523.19
5.56	503.44
5.56	503.44
5.57	503.44
5.57	508.56
5.57	509.85
5.57	511.16
5.57	511.16
5.58	719.42
5.58	778.21
5.60	749.06
5.60	829.88
5.61	829.88
5.61	829.88
5.61	943.40
5.61	943.40
5.61	943.40
5.62	943.40
5.62	1092.90
5.62	1092.90
5.64	1052.63
5.65	1030.93
5.65	1030.93
5.65	1030.93
5.65	1030.93
5.66	1226.99
5.66	1226.99
5.66	1226.99
5.66	1226.99
5.66	1226.99
5.67	1492.54
5.68	1418.44
5.68	1418.44
5.69	1418.44
5.69	1418.44
5.69	1418.44
5.69	1834.86
5.69	1834.86
5.70	1834.86
5.70	1834.86
5.70	1834.86
5.70	1834.86
5.71	1834.86
5.72	1980.20
5.73	1960.78
5.73	1960.78
5.73	1960.78
5.74	1941.75
5.74	1941.75
5.74	1941.75
5.74	1941.75
5.74	2272.73
5.75	2272.73
5.75	2272.73
5.75	2272.73
5.77	2083.33
5.77	2083.33
5.78	2040.82
5.78	2040.82
5.78	2040.82
5.79	2222.22
5.79	2222.22
5.79	2222.22
5.79	2222.22
5.80	2222.22
5.80	2222.22
5.80	2222.22
5.80	2222.22
5.81	2150.54
5.81	2150.54
5.83	2173.91
5.83	2272.73
5.83	2272.73
5.84	2173.91
5.84	2173.91
5.85	2173.91
5.86	2083.33
5.86	2083.33
5.86	2083.33
5.86	2083.33
5.87	2083.33
5.87	2247.19
5.87	2247.19
5.87	2247.19
5.87	2247.19
5.88	2247.19
5.88	2247.19
5.88	2247.19
5.93	1818.18
5.93	1818.18
5.93	1818.18
5.93	1818.18
5.93	1818.18
6.18	921.66
6.21	854.70
6.22	854.70
6.26	790.51
6.26	793.65
6.26	793.65
6.30	738.01
6.31	738.01
6.31	738.01
6.31	738.01
6.35	689.66
6.35	689.66
6.36	709.22
6.36	709.22
6.36	714.29
6.36	714.29
6.36	714.29
6.40	680.27
6.40	680.27
6.40	680.27
6.41	680.27
6.41	680.27
6.45	643.09
6.45	643.09
6.45	643.09
6.45	649.35
6.45	649.35
6.46	662.25
6.49	626.96
6.50	626.96
6.50	634.92
6.50	634.92
6.50	634.92
6.51	636.94
6.51	636.94
6.55	602.41
6.55	602.41
6.56	602.41
6.56	602.41
6.56	602.41
6.56	602.41
6.57	598.80
6.57	598.80
6.60	574.71
6.60	574.71
6.61	611.62
6.61	611.62
6.61	611.62
6.61	611.62
6.61	611.62
6.62	934.58
6.62	1020.41
6.65	952.38
6.66	1047.12
6.66	1047.12
6.66	1047.12
6.66	1162.79
6.66	1162.79
6.67	1162.79
6.67	1162.79
6.68	1265.82
6.68	1265.82
6.70	1197.60
6.71	1197.60
6.71	1197.60
6.71	1197.60
6.71	1197.60
6.72	1290.32
6.72	1290.32
6.73	1290.32
6.73	1290.32
6.73	1290.32
6.73	1449.28
6.75	1398.60
6.75	1398.60
6.75	1398.60
6.75	1398.60
6.75	1398.60
6.76	1587.30
6.76	1587.30
6.76	1587.30
6.76	1587.30
6.76	1587.30
6.77	1626.02
6.77	1626.02
6.77	1869.16
6.78	1869.16
6.78	1869.16
6.78	1869.16
6.78	1869.16
6.79	1801.80
6.80	1834.86
6.80	1834.86
6.80	2105.26
6.80	2105.26
6.80	2105.26
6.81	2105.26
6.81	2105.26
6.81	2105.26
6.81	2105.26
6.83	1980.20
6.83	1980.20
6.83	2298.85
6.84	2298.85
6.84	2298.85
6.84	2298.85
6.84	2298.85
6.84	2298.85
6.85	2298.85
6.85	2298.85
6.85	2439.02
6.87	2197.80
6.87	2439.02
6.88	2439.02
6.88	2439.02
6.88	2439.02
6.90	2197.80
6.90	2298.85
6.91	2298.85
7.15	975.61
7.20	877.19
7.20	877.19
7.27	781.25
7.27	796.81
7.27	796.81
7.33	716.85
7.33	716.85
7.33	716.85
7.34	716.85
7.34	716.85
7.34	716.85
7.38	673.40
7.38	673.40
7.38	673.40
7.39	673.40
7.39	677.97
7.39	677.97
7.43	636.94
7.43	636.94
7.44	636.94
7.44	645.16
7.44	645.16
7.49	604.23
7.49	604.23
7.49	604.23
7.49	604.23
7.49	604.23
7.50	604.23
7.54	568.18
7.54	568.18
7.55	581.40
7.55	581.40
7.55	581.40
7.55	581.40
7.55	581.40
7.60	544.96
7.61	544.96
7.61	544.96
7.61	544.96
7.61	544.96
7.61	544.96
7.62	558.66
7.62	558.66
7.67	522.19
7.67	522.19
7.68	522.19
7.68	534.76
7.68	534.76
7.68	534.76
7.69	781.25
7.69	858.37
7.69	858.37
7.73	892.86
7.73	892.86
7.74	892.86
7.74	1020.41
7.74	1020.41
7.74	1020.41
7.74	1020.41
7.75	1020.41
7.75	1020.41
7.75	1123.60
7.79	1015.23
7.79	1015.23
7.80	1015.23
7.80	1015.23
7.80	1015.23
7.80	1123.60
7.80	1123.60
7.81	1123.60
7.81	1123.60
7.81	1123.60
7.81	1273.89
7.84	1169.59
7.85	1169.59
7.85	1169.59
7.85	1169.59
7.85	1169.59
7.85	1333.33
7.86	1333.33
7.86	1333.33
7.86	1333.33
7.86	1333.33
7.86	1333.33
7.87	1333.33
7.88	1481.48
7.89	1481.48
7.89	1481.48
7.89	1481.48
7.89	1481.48
7.90	1481.48
7.90	1481.48
7.90	1481.48
7.90	1818.18
7.90	1818.18
7.91	1818.18
7.91	1818.18
7.91	1818.18
7.92	1724.14
7.93	1709.40
7.93	1709.40
7.93	1709.40
7.93	2040.82
7.94	2040.82
7.94	2040.82
7.94	2040.82
7.94	2040.82
7.95	2040.82
7.95	2040.82
7.95	2020.20
7.95	2020.20
7.96	2020.20
7.96	2500.00
7.97	2380.95
7.97	2380.95
7.97	2380.95
7.97	2380.95
7.98	2380.95
7.98	2380.95
7.98	2380.95
7.98	2380.95
7.98	2380.95
7.99	2380.95
8.00	2631.58
8.00	2631.58
8.01	2631.58
8.01	2631.58
8.01	2631.58
8.01	2631.58
8.01	2631.58
8.02	2631.58
8.03	2439.02
8.03	2409.64
8.04	2409.64
8.04	2409.64
8.04	2666.67
8.04	2666.67
8.05	2666.67
8.07	2380.95
8.07	2380.95
8.07	2380.95
8.07	2380.95
8.07	2380.95
8.10	2105.26
8.10	2105.26
8.10	2105.26
8.36	930.23
8.41	836.82
8.41	858.37
8.47	775.19
8.47	775.19
8.47	775.19
8.52	711.74
8.52	711.74
8.52	711.74
8.53	711.74
8.57	660.07
8.58	660.07
8.58	660.07
8.59	655.74
8.64	609.76
8.64	609.76
8.64	609.76
8.65	611.62
8.65	611.62
8.70	571.43
8.70	571.43
8.70	571.43
8.71	566.57
8.71	566.57
8.72	566.57
8.76	533.33
8.77	533.33
8.77	542.01
8.78	537.63
8.78	537.63
8.78	537.63
8.78	537.63
8.83	511.51
8.83	511.51
8.83	511.51
8.83	519.48
8.83	520.83
8.84	520.83
8.84	520.83
8.86	507.61
8.86	507.61
8.86	507.61
8.87	519.48
8.87	519.48
8.87	519.48
8.87	519.48
8.88	519.48
8.89	523.56
8.90	523.56
8.90	523.56
8.90	763.36
8.90	840.34
8.90	840.34
8.91	943.40
8.91	938.97
8.91	938.97
8.91	1052.63
8.92	1052.63
8.92	1052.63
8.92	1052.63
8.92	1190.48
8.92	1190.48
8.93	1190.48
8.93	1212.12
8.93	1408.45
8.93	1408.45
8.94	1388.89
8.94	1418.44
8.94	1418.44
8.95	1694.92
8.95	1694.92
8.95	1694.92
8.95	1724.14
8.96	1724.14
8.96	1724.14
8.96	2127.66
8.96	2127.66
8.97	2105.26
8.97	2173.91
8.97	2173.91
8.97	2173.91
8.97	2173.91
8.98	2739.73
8.99	2631.58
8.99	2631.58
8.99	2631.58
8.99	2631.58
8.99	2631.58
9.00	2631.58
9.00	2985.07
9.00	2985.07
9.00	2985.07
9.01	2985.07
9.01	2985.07
9.01	2985.07
9.02	2857.14
9.02	2857.14
9.02	3225.81
9.02	3225.81
9.03	3225.81
9.03	3225.81
9.03	3225.81
9.04	3174.60
9.04	3174.60
9.04	3225.81
9.04	3225.81
9.04	3225.81
9.05	3225.81
9.05	3076.92
9.06	3076.92
9.06	3076.92
9.06	3076.92
9.06	3076.92
9.06	3076.92
9.07	3076.92
9.07	3076.92
9.07	3174.60
9.07	3174.60
9.07	3174.60
9.09	2898.55
9.09	2898.55
9.09	2898.55
9.10	2941.18
9.10	2941.18
9.10	2941.18
9.10	2941.18
9.12	2597.40
9.12	2631.58
9.13	2631.58
9.13	2631.58
9.13	2631.58
9.13	2631.58
9.14	2631.58
9.14	2739.73
9.14	2739.73
9.17	2325.58
9.17	2325.58
9.17	2325.58
9.17	2325.58
9.18	2352.94
9.18	2352.94
9.18	2352.94
9.18	2352.94
9.18	2352.94
9.22	1980.20
9.22	2040.82
9.22	2040.82
9.23	2040.82
9.23	2040.82
9.23	2040.82
9.23	2040.82
9.23	2040.82
9.24	2061.86
9.27	1754.39
9.28	1754.39
9.28	1754.39
9.28	1754.39
9.28	1754.39
9.33	1515.15
9.33	1515.15
9.59	784.31
9.64	711.74
9.65	711.74
9.71	643.09
9.71	643.09
9.72	643.09
9.77	597.01
9.77	597.01
9.77	597.01
9.77	607.90
9.83	563.38
9.83	563.38
9.83	563.38
9.84	561.80
9.90	520.83
9.90	520.83
9.90	533.33
9.90	533.33
9.91	533.33
9.95	506.33
9.95	506.33
9.95	506.33
9.96	506.33
9.96	506.33
9.96	506.33
9.98	510.20
9.99	510.20
9.99	510.20
9.99	510.20
9.99	510.20
9.99	510.20
10.00	510.20
10.02	498.75
10.02	498.75
10.02	519.48
10.02	519.48
10.03	519.48
10.03	519.48
10.03	519.48
10.04	512.82
10.04	512.82
10.05	512.82
10.05	512.82
10.05	536.19
10.05	536.19
10.06	531.91
10.06	531.91
10.06	531.91
10.07	563.38
10.07	563.38
10.07	862.07
10.07	970.87
10.08	970.87
10.08	1136.36
10.08	1136.36
10.08	1136.36
10.08	1315.79
10.09	1315.79
10.09	1315.79
10.09	1315.79
10.09	1587.30
10.09	1587.30
10.10	1587.30
10.10	1600.00
10.10	2061.86
10.10	2061.86
10.10	2061.86
10.11	2061.86
10.11	2061.86
10.11	2597.40
10.11	2597.40
10.11	2597.40
10.12	2597.40
10.12	2597.40
10.12	2597.40
10.12	2985.07
10.13	2985.07
10.13	2985.07
10.13	2985.07
10.13	2985.07
10.13	2985.07
10.14	2985.07
10.14	3448.28
10.14	3448.28
10.14	3448.28
10.15	3389.83
10.15	3389.83
10.15	3389.83
10.15	3389.83
10.15	3703.70
10.16	3703.70
10.16	3703.70
10.16	3703.70
10.16	3636.36
10.17	3636.36
10.17	3846.15
10.17	3846.15
10.17	3846.15
10.18	3846.15
10.18	3846.15
10.18	3846.15
10.19	3571.43
10.19	3571.43
10.19	3571.43
10.20	3571.43
10.20	3571.43
10.20	3571.43
10.20	3571.43
10.20	3571.43
10.21	3571.43
10.22	3174.60
10.22	3174.60
10.23	3174.60
10.23	3174.60
10.23	3174.60
10.23	3174.60
10.24	3174.60
10.24	3174.60
10.24	3174.60
10.26	2816.90
10.26	2816.90
10.26	2816.90
10.26	2816.90
10.27	2816.90
10.27	2816.90
10.27	2816.90
10.27	2816.90
10.27	2816.90
10.30	2409.64
10.31	2380.95
10.31	2380.95
10.31	2380.95
10.31	2380.95
10.31	2380.95
10.32	2380.95
10.32	2409.64
10.32	2409.64
10.32	2409.64
10.35	2150.54
10.35	2105.26
10.35	2105.26
10.36	2105.26
10.36	2105.26
10.36	2127.66
10.36	2127.66
10.36	2127.66
10.37	2127.66
10.37	2127.66
10.40	1886.79
10.40	1886.79
10.40	1886.79
10.40	1960.78
10.40	1960.78
10.41	1960.78
10.41	1960.78
10.45	1680.67
10.45	1680.67
10.45	1680.67
10.45	1680.67
10.45	1680.67
10.46	1785.71
10.46	1785.71
10.46	1785.71
10.50	1538.46
10.50	1538.46
10.50	1538.46
10.51	1538.46
10.51	1538.46
10.51	1538.46
10.51	1639.34
10.51	1639.34
10.55	1428.57
10.56	1428.57
10.56	1428.57
10.56	1428.57
10.56	1428.57
10.56	1428.57
10.57	1428.57
10.57	1562.50
10.57	1574.80
10.61	1369.86
10.61	1369.86
10.62	1369.86
10.62	1369.86
10.62	1369.86
10.62	1369.86
10.62	1369.86
10.63	1369.86
10.63	1470.59
10.63	1492.54
10.67	1333.33
10.67	1333.33
10.67	1333.33
10.67	1333.33
10.67	1333.33
10.68	1333.33
10.69	1282.05
10.69	1282.05
10.70	1388.89
10.70	1388.89
10.70	1388.89
10.74	1242.24
10.74	1242.24
10.74	1242.24
10.74	1242.24
10.74	1388.89
10.75	1388.89
10.75	1388.89
10.81	1169.59
10.81	1169.59
10.81	1169.59
10.81	1169.59
10.82	1169.59
10.82	1307.19
10.82	1307.19
10.88	1092.90
10.89	1092.90
10.89	1092.90
10.89	1092.90
10.96	925.93
10.96	925.93
10.97	1010.10
10.97	1010.10
11.02	892.86
11.03	892.86
11.03	892.86
11.26	598.80
11.28	581.40
11.28	581.40
11.30	569.80
11.30	602.41
11.30	602.41
11.32	594.84
11.32	594.84
11.32	594.84
11.33	586.13
11.33	586.13
11.34	586.13
11.34	586.13
11.35	576.00
11.35	603.82
11.36	603.82
11.36	603.82
11.36	603.82
11.38	591.33
11.38	591.33
11.38	602.01
11.38	602.01
11.39	602.01
11.39	602.01
11.41	587.85
11.41	618.77
11.41	616.86
11.42	616.86
11.42	616.86
11.42	616.86
11.42	616.86
11.44	600.20
11.44	653.12
11.45	648.88
11.45	648.88
11.45	648.88
11.46	648.88
11.46	648.88
11.48	628.49
11.48	693.91
11.49	693.91
11.49	686.76
11.50	686.76
11.50	774.52
11.50	774.52
11.50	774.52
11.53	742.88
11.53	822.29
11.53	822.29
11.53	822.29
11.56	1377.19
11.56	1479.04
11.57	1468.18
11.57	1547.71
11.57	1547.71
11.58	1512.60
11.58	1562.50
11.58	1562.50
11.59	1526.72
11.59	1587.30
11.60	1550.39
11.60	1550.39
11.61	1550.39
11.61	1626.02
11.61	1626.02
11.63	1515.15
11.63	1515.15
11.64	1515.15
11.64	1574.80
11.64	1574.80
11.65	1574.80
11.66	1526.72
11.66	1526.72
11.66	1526.72
11.66	1626.02
11.66	1626.02
11.69	1526.72
11.69	1526.72
11.69	1526.72
11.70	1503.76
11.70	1503.76
11.70	1612.90
11.71	1550.39
11.71	1574.80
11.72	1574.80
11.72	1574.80
11.72	1574.80
11.72	1574.80
11.75	1550.39
11.75	1550.39
11.75	1550.39
11.76	1562.50
11.76	1562.50
11.76	1562.50
11.78	1492.54
11.78	1492.54
11.78	1626.02
11.79	1626.02
11.79	1626.02
11.79	1626.02
11.79	1801.80
11.81	1680.67
11.81	1694.92
11.81	1694.92
11.82	1694.92
11.82	1739.13
11.82	1739.13
11.82	1739.13
11.83	1724.14
11.84	1724.14
11.84	1769.91
11.84	1739.13
11.85	1739.13
11.85	1739.13
11.86	1639.34
11.89	1626.02
11.89	1626.02
11.89	1626.02
11.91	1562.50
11.91	1562.50
11.91	1562.50
11.91	1612.90
11.92	1612.90
11.92	1612.90
11.96	1408.45
11.96	1408.45
11.96	1503.76
11.97	1470.59
11.97	1470.59
11.97	1492.54
11.98	1492.54
11.98	1492.54
11.98	1550.39
12.03	1307.19
12.04	1307.19
12.04	1307.19
12.05	1256.10
12.27	764.53
12.28	781.79
12.28	781.79
12.30	766.15
12.30	772.06
12.31	756.80
12.31	756.80
12.31	0.00
