0 0.109000
1 0.119000
2 0.129000
3 0.139000
4 0.149000
5 0.159000
6 0.169000
7 0.179000
8 0.189000
9 0.199000
10 0.209000
11 0.219000
12 0.229000
13 0.239000
14 0.249000
15 0.259000
16 0.269000
21 0.293000
17 0.303000
18 0.309000
19 0.315000
20 0.321000
22 0.329000
23 0.339000
24 0.349000
25 0.359000
26 0.369000
27 0.379000
28 0.389000
29 0.399000
30 0.409000
31 0.419000
32 0.429000
33 0.439000
34 0.449000
35 0.467000
36 0.477000
37 0.487000
38 0.497000
39 0.507000
40 0.517000
41 0.527000
42 0.537000
43 0.543000
44 0.549000
45 0.569000
46 0.575000
47 0.581000
48 0.587000
49 0.593000
50 0.599000
51 0.605000
52 0.611000
53 0.617000
54 0.623000
55 0.629000
56 0.635000
57 0.641000
58 0.657000
59 0.663000
60 0.669000
61 0.675000
62 0.681000
63 0.687000
64 0.693000
65 0.699000
66 0.705000
67 0.711000
68 0.717000
71 0.731000
72 0.739000
73 0.745000
74 0.751000
75 0.757000
76 0.763000
69 0.769000
70 0.775000
77 0.781000
78 0.787000
79 0.793000
80 0.799000
81 0.805000
82 0.811000
83 0.817000
84 0.827000
85 0.837000
86 0.845000
87 0.851000
88 0.857000
89 0.863000
90 0.869000
91 0.875000
92 0.885000
93 0.895000
94 0.903000
95 0.909000
96 0.915000
97 0.925000
98 0.935000
99 0.943000
100 0.949000
101 0.955000
102 0.965000
103 0.975000
104 0.983000
105 0.989000
106 0.995000
107 1.005000
108 1.015000
109 1.023000
110 1.029000
111 1.037000
112 1.047000
113 1.057000
114 1.063000
115 1.069000
116 1.075000
121 1.091000
117 1.097000
118 1.103000
119 1.109000
120 1.115000
122 1.121000
123 1.129000
124 1.135000
125 1.145000
126 1.155000
127 1.161000
128 1.169000
129 1.175000
130 1.181000
131 1.187000
132 1.193000
133 1.203000
134 1.213000
135 1.221000
136 1.227000
137 1.237000
138 1.247000
139 1.255000
140 1.261000
141 1.271000
142 1.281000
143 1.289000
144 1.295000
145 1.303000
146 1.313000
147 1.323000
148 1.329000
149 1.335000
150 1.343000
151 1.353000
152 1.363000
153 1.369000
154 1.375000
155 1.383000
156 1.393000
157 1.403000
158 1.409000
159 1.415000
160 1.423000
161 1.433000
162 1.443000
163 1.449000
164 1.455000
165 1.467000
166 1.477000
167 1.483000
168 1.489000
169 1.495000
171 1.505000
172 1.515000
173 1.523000
174 1.529000
170 1.535000
175 1.541000
176 1.547000
177 1.553000
179 1.561000
180 1.571000
181 1.581000
182 1.587000
183 1.593000
184 1.603000
185 1.613000
186 1.621000
187 1.631000
188 1.641000
189 1.649000
190 1.657000
191 1.667000
192 1.677000
193 1.683000
194 1.691000
195 1.701000
196 1.711000
197 1.717000
198 1.723000
199 1.733000
200 1.743000
201 1.751000
202 1.757000
203 1.767000
204 1.777000
205 1.785000
206 1.791000
207 1.799000
208 1.809000
209 1.819000
210 1.825000
211 1.831000
212 1.843000
213 1.853000
214 1.859000
215 1.865000
216 1.871000
217 1.887000
218 1.893000
219 1.899000
220 1.905000
221 1.911000
222 1.919000
223 1.927000
224 1.937000
225 1.945000
226 1.951000
227 1.959000
228 1.965000
229 1.971000
230 1.977000
231 1.983000
232 1.991000
233 2.001000
234 2.011000
235 2.017000
236 2.025000
237 2.035000
238 2.045000
239 2.051000
240 2.059000
241 2.069000
242 2.079000
243 2.085000
244 2.093000
245 2.103000
246 2.113000
247 2.119000
248 2.125000
249 2.135000
250 2.145000
251 2.153000
252 2.159000
253 2.169000
254 2.179000
255 2.187000
256 2.193000
257 2.201000
258 2.211000
259 2.221000
260 2.227000
261 2.233000
262 2.247000
263 2.255000
264 2.261000
265 2.267000
266 2.273000
267 2.289000
268 2.295000
269 2.301000
270 2.307000
271 2.313000
272 2.319000
273 2.327000
274 2.337000
275 2.347000
276 2.353000
277 2.359000
278 2.365000
279 2.371000
280 2.377000
281 2.383000
282 2.391000
283 2.401000
284 2.411000
285 2.417000
286 2.427000
287 2.437000
288 2.445000
289 2.453000
290 2.463000
291 2.473000
292 2.479000
293 2.485000
294 2.495000
295 2.505000
296 2.513000
297 2.519000
298 2.529000
299 2.539000
300 2.547000
301 2.553000
302 2.561000
303 2.571000
304 2.581000
305 2.587000
306 2.593000
307 2.601000
308 2.611000
309 2.621000
310 2.627000
311 2.633000
312 2.647000
313 2.655000
314 2.661000
315 2.667000
316 2.673000
317 2.689000
318 2.695000
319 2.701000
320 2.707000
321 2.713000
322 2.721000
323 2.729000
324 2.739000
325 2.747000
326 2.753000
327 2.761000
328 2.767000
329 2.773000
330 2.779000
331 2.785000
332 2.793000
333 2.803000
334 2.813000
335 2.819000
336 2.827000
337 2.837000
338 2.847000
339 2.853000
340 2.861000
341 2.871000
342 2.881000
343 2.887000
344 2.893000
345 2.903000
346 2.913000
347 2.921000
348 2.927000
349 2.937000
350 2.947000
351 2.955000
352 2.961000
353 2.969000
354 2.979000
355 2.989000
356 2.995000
357 3.001000
358 3.009000
359 3.019000
360 3.029000
361 3.035000
362 3.041000
363 3.057000
364 3.063000
365 3.069000
366 3.075000
367 3.081000
368 3.087000
372 3.103000
369 3.109000
370 3.115000
371 3.121000
373 3.127000
374 3.133000
375 3.139000
376 3.149000
377 3.159000
378 3.167000
379 3.173000
380 3.179000
381 3.185000
382 3.191000
383 3.199000
384 3.209000
385 3.219000
386 3.225000
387 3.235000
388 3.245000
389 3.253000
390 3.261000
391 3.271000
392 3.281000
393 3.287000
394 3.293000
395 3.303000
396 3.313000
397 3.321000
398 3.327000
399 3.337000
400 3.347000
401 3.355000
402 3.361000
403 3.369000
404 3.379000
405 3.389000
406 3.395000
407 3.401000
408 3.409000
409 3.419000
410 3.429000
411 3.435000
412 3.441000
413 3.457000
414 3.463000
415 3.469000
416 3.475000
417 3.481000
418 3.487000
422 3.503000
419 3.509000
420 3.515000
421 3.521000
423 3.527000
424 3.535000
425 3.541000
426 3.551000
427 3.561000
428 3.569000
429 3.575000
430 3.581000
431 3.587000
432 3.593000
433 3.601000
434 3.611000
435 3.621000
436 3.627000
437 3.635000
438 3.645000
439 3.655000
440 3.661000
441 3.669000
442 3.679000
443 3.689000
444 3.695000
445 3.701000
446 3.711000
447 3.721000
448 3.729000
449 3.735000
450 3.745000
451 3.755000
452 3.763000
453 3.769000
454 3.777000
455 3.787000
456 3.797000
457 3.803000
458 3.809000
459 3.817000
460 3.827000
461 3.837000
462 3.843000
463 3.849000
464 3.855000
465 3.861000
466 3.867000
467 3.873000
468 3.879000
469 3.885000
470 3.891000
471 3.897000
472 3.923000
473 3.933000
474 3.943000
475 3.953000
476 3.963000
477 3.973000
478 3.983000
479 3.993000
480 4.003000
481 4.013000
482 4.023000
483 4.033000
484 4.043000
485 4.053000
486 4.063000
487 4.073000
488 4.105000
489 4.115000
490 4.125000
491 4.135000
492 4.143000
493 4.149000
494 4.155000
495 4.161000
496 4.167000
497 4.173000
498 4.179000
499 4.185000
500 4.201000
501 4.207000
502 4.213000
503 4.219000
504 4.225000
505 4.231000
506 4.237000
507 4.243000
508 4.249000
509 4.255000
510 4.261000
511 4.267000
512 4.283000
513 4.289000
514 4.295000
515 4.301000
516 4.307000
517 4.313000
518 4.319000
519 4.325000
520 4.331000
521 4.337000
522 4.347000
523 4.357000
524 4.365000
525 4.371000
526 4.377000
527 4.383000
528 4.389000
529 4.395000
530 4.403000
531 4.409000
532 4.415000
533 4.421000
534 4.427000
535 4.433000
536 4.439000
537 4.449000
538 4.459000
539 4.467000
540 4.473000
541 4.479000
542 4.487000
543 4.497000
544 4.507000
545 4.513000
546 4.519000
547 4.527000
548 4.537000
549 4.547000
550 4.553000
551 4.559000
552 4.567000
553 4.577000
554 4.587000
555 4.593000
556 4.599000
557 4.609000
558 4.619000
559 4.627000
560 4.633000
561 4.639000
562 4.645000
563 4.661000
564 4.667000
565 4.673000
566 4.679000
567 4.685000
568 4.691000
572 4.707000
573 4.713000
569 4.719000
570 4.725000
571 4.731000
574 4.737000
575 4.743000
576 4.749000
577 4.759000
578 4.769000
579 4.777000
580 4.783000
581 4.789000
582 4.795000
583 4.801000
584 4.811000
585 4.821000
586 4.829000
587 4.835000
588 4.845000
589 4.855000
590 4.863000
591 4.869000
592 4.879000
593 4.889000
594 4.897000
595 4.903000
596 4.911000
597 4.921000
598 4.931000
599 4.937000
600 4.945000
601 4.955000
602 4.965000
603 4.971000
604 4.977000
605 4.987000
606 4.997000
607 5.005000
608 5.011000
609 5.017000
610 5.029000
611 5.039000
612 5.045000
613 5.051000
614 5.057000
615 5.073000
616 5.079000
617 5.085000
618 5.091000
619 5.097000
620 5.103000
622 5.119000
623 5.125000
624 5.131000
621 5.137000
625 5.145000
626 5.151000
627 5.157000
628 5.163000
629 5.173000
630 5.183000
631 5.191000
632 5.197000
633 5.203000
634 5.211000
635 5.221000
636 5.231000
637 5.237000
638 5.247000
639 5.257000
640 5.265000
641 5.271000
642 5.279000
643 5.289000
644 5.299000
645 5.305000
646 5.313000
647 5.323000
648 5.333000
649 5.339000
650 5.345000
651 5.355000
652 5.365000
653 5.373000
654 5.379000
655 5.385000
656 5.395000
657 5.405000
658 5.413000
659 5.419000
660 5.425000
661 5.439000
662 5.447000
663 5.453000
664 5.459000
665 5.465000
666 5.481000
667 5.487000
668 5.493000
669 5.499000
670 5.505000
671 5.511000
672 5.521000
673 5.531000
674 5.539000
675 5.545000
676 5.551000
677 5.557000
678 5.563000
679 5.569000
680 5.575000
681 5.585000
682 5.595000
683 5.603000
684 5.611000
685 5.621000
686 5.631000
687 5.637000
688 5.647000
689 5.657000
690 5.665000
691 5.671000
692 5.679000
693 5.689000
694 5.699000
695 5.705000
696 5.713000
697 5.723000
698 5.733000
699 5.739000
700 5.745000
701 5.755000
702 5.765000
703 5.773000
704 5.779000
705 5.785000
706 5.795000
707 5.805000
708 5.813000
709 5.819000
710 5.825000
711 5.839000
712 5.847000
713 5.853000
714 5.859000
715 5.865000
716 5.881000
717 5.887000
718 5.893000
719 5.899000
720 5.905000
721 5.911000
722 5.923000
723 5.933000
724 5.939000
725 5.945000
726 5.953000
727 5.959000
728 5.965000
729 5.971000
730 5.977000
731 5.987000
732 5.997000
733 6.005000
734 6.011000
735 6.021000
736 6.031000
737 6.039000
738 6.045000
739 6.055000
740 6.065000
741 6.073000
742 6.079000
743 6.087000
744 6.097000
745 6.107000
746 6.113000
747 6.121000
748 6.131000
749 6.141000
750 6.147000
751 6.153000
752 6.163000
753 6.173000
754 6.181000
755 6.187000
756 6.193000
757 6.203000
758 6.213000
759 6.221000
760 6.227000
761 6.233000
762 6.249000
763 6.255000
764 6.261000
765 6.267000
766 6.273000
767 6.289000
768 6.295000
769 6.301000
770 6.307000
771 6.313000
772 6.319000
773 6.329000
774 6.339000
775 6.347000
776 6.353000
777 6.359000
778 6.365000
779 6.371000
780 6.377000
781 6.383000
782 6.393000
783 6.403000
784 6.411000
785 6.419000
786 6.429000
787 6.439000
788 6.445000
789 6.455000
790 6.465000
791 6.473000
792 6.479000
793 6.487000
794 6.497000
795 6.507000
796 6.513000
797 6.521000
798 6.531000
799 6.541000
800 6.547000
801 6.553000
802 6.563000
803 6.573000
804 6.581000
805 6.587000
806 6.593000
807 6.603000
808 6.613000
809 6.621000
810 6.627000
811 6.633000
812 6.649000
813 6.655000
814 6.661000
815 6.667000
816 6.673000
817 6.689000
818 6.695000
819 6.701000
820 6.707000
821 6.713000
822 6.721000
823 6.731000
824 6.741000
825 6.747000
826 6.753000
827 6.761000
828 6.767000
829 6.773000
830 6.779000
831 6.785000
832 6.795000
833 6.805000
834 6.813000
835 6.819000
836 6.829000
837 6.839000
838 6.847000
839 6.853000
840 6.863000
841 6.873000
842 6.881000
843 6.887000
844 6.895000
845 6.905000
846 6.915000
847 6.921000
848 6.929000
849 6.939000
850 6.949000
851 6.955000
852 6.961000
853 6.971000
854 6.981000
855 6.989000
856 6.995000
857 7.001000
858 7.011000
859 7.021000
860 7.029000
861 7.035000
862 7.041000
863 7.057000
864 7.063000
865 7.069000
866 7.075000
867 7.081000
868 7.087000
872 7.103000
869 7.109000
870 7.115000
871 7.121000
873 7.127000
874 7.133000
875 7.141000
876 7.151000
877 7.161000
878 7.167000
879 7.173000
880 7.179000
881 7.185000
882 7.191000
883 7.201000
884 7.211000
885 7.219000
886 7.227000
887 7.237000
888 7.247000
889 7.253000
890 7.263000
891 7.273000
892 7.281000
893 7.287000
894 7.295000
895 7.305000
896 7.315000
897 7.321000
898 7.329000
899 7.339000
900 7.349000
901 7.355000
902 7.361000
903 7.371000
904 7.381000
905 7.389000
906 7.395000
907 7.401000
908 7.411000
909 7.421000
910 7.429000
911 7.435000
912 7.441000
913 7.457000
914 7.463000
915 7.469000
916 7.475000
917 7.481000
918 7.487000
922 7.503000
919 7.509000
920 7.515000
921 7.521000
923 7.529000
924 7.535000
925 7.543000
926 7.553000
927 7.561000
928 7.569000
929 7.575000
930 7.581000
931 7.587000
932 7.593000
933 7.603000
934 7.613000
935 7.621000
936 7.627000
937 7.637000
938 7.647000
939 7.655000
940 7.661000
941 7.671000
942 7.681000
943 7.689000
944 7.695000
945 7.703000
946 7.713000
947 7.723000
948 7.729000
949 7.737000
950 7.747000
951 7.757000
952 7.763000
953 7.769000
954 7.779000
955 7.789000
956 7.797000
957 7.803000
958 7.809000
959 7.819000
960 7.829000
961 7.837000
962 7.843000
963 7.849000
964 7.855000
965 7.861000
966 7.867000
967 7.873000
968 7.879000
969 7.885000
970 7.891000
971 7.897000
972 7.925000
973 7.935000
974 7.945000
975 7.955000
976 7.965000
977 7.975000
978 7.985000
979 7.995000
980 8.005000
981 8.015000
982 8.025000
983 8.035000
984 8.045000
985 8.055000
986 8.065000
987 8.075000
988 8.105000
989 8.115000
990 8.125000
991 8.135000
992 8.143000
993 8.149000
994 8.155000
995 8.161000
996 8.167000
997 8.173000
998 8.179000
999 8.185000
1000 8.201000
1001 8.207000
1002 8.213000
1003 8.219000
1004 8.225000
1005 8.231000
1006 8.237000
1007 8.243000
1008 8.249000
1009 8.255000
1010 8.261000
1011 8.267000
1012 8.283000
1013 8.289000
1014 8.295000
1015 8.301000
1016 8.307000
1017 8.313000
1018 8.319000
1019 8.325000
1020 8.331000
1021 8.337000
1022 8.347000
1023 8.357000
1024 8.365000
1025 8.371000
1026 8.377000
1027 8.383000
1028 8.389000
1029 8.395000
1030 8.403000
1031 8.409000
1032 8.415000
1033 8.421000
1034 8.427000
1035 8.433000
1036 8.439000
1037 8.449000
1038 8.459000
1039 8.467000
1040 8.473000
1041 8.479000
1042 8.487000
1043 8.497000
1044 8.507000
1045 8.513000
1046 8.519000
1047 8.527000
1048 8.537000
1049 8.547000
1050 8.553000
1051 8.559000
1052 8.565000
1053 8.575000
1054 8.585000
1055 8.593000
1056 8.599000
1057 8.607000
1058 8.617000
1059 8.627000
1060 8.633000
1061 8.639000
1062 8.645000
1063 8.661000
1064 8.667000
1065 8.673000
1066 8.679000
1067 8.685000
1068 8.691000
1072 8.707000
1073 8.713000
1069 8.719000
1070 8.725000
1071 8.731000
1074 8.737000
1075 8.743000
1076 8.749000
1077 8.759000
1078 8.769000
1079 8.777000
1080 8.783000
1081 8.789000
1082 8.795000
1083 8.801000
1084 8.809000
1085 8.819000
1086 8.829000
1087 8.835000
1088 8.845000
1089 8.855000
1090 8.863000
1091 8.869000
1092 8.877000
1093 8.887000
1094 8.897000
1095 8.903000
1096 8.911000
1097 8.921000
1098 8.931000
1099 8.937000
1100 8.943000
1101 8.953000
1102 8.963000
1103 8.971000
1104 8.977000
1105 8.987000
1106 8.997000
1107 9.005000
1108 9.011000
1109 9.017000
1110 9.029000
1111 9.039000
1112 9.045000
1113 9.051000
1114 9.057000
1115 9.073000
1116 9.079000
1117 9.085000
1118 9.091000
1119 9.097000
1120 9.103000
1122 9.117000
1123 9.125000
1124 9.131000
1121 9.137000
1125 9.143000
1126 9.151000
1127 9.157000
1128 9.163000
1129 9.171000
1130 9.181000
1131 9.191000
1132 9.197000
1133 9.203000
1134 9.211000
1135 9.221000
1136 9.231000
1137 9.237000
1138 9.245000
1139 9.255000
1140 9.265000
1141 9.271000
1142 9.279000
1143 9.289000
1144 9.299000
1145 9.305000
1146 9.311000
1147 9.321000
1148 9.331000
1149 9.339000
1150 9.345000
1151 9.355000
1152 9.365000
1153 9.373000
1154 9.379000
1155 9.385000
1156 9.395000
1157 9.405000
1158 9.413000
1159 9.419000
1160 9.425000
1161 9.439000
1162 9.447000
1163 9.453000
1164 9.459000
1165 9.465000
1166 9.481000
1167 9.487000
1168 9.493000
1169 9.499000
1170 9.505000
1171 9.511000
1172 9.519000
1173 9.529000
1174 9.539000
1175 9.545000
1176 9.551000
1177 9.557000
1178 9.563000
1179 9.569000
1180 9.575000
1181 9.581000
1182 9.591000
1183 9.601000
1184 9.609000
1185 9.617000
1186 9.627000
1187 9.637000
1188 9.643000
1189 9.653000
1190 9.663000
1191 9.671000
1192 9.677000
1193 9.685000
1194 9.695000
1195 9.705000
1196 9.711000
1197 9.719000
1198 9.729000
1199 9.739000
1200 9.745000
1201 9.751000
1202 9.761000
1203 9.771000
1204 9.779000
1205 9.785000
1206 9.791000
1207 9.801000
1208 9.811000
1209 9.819000
1210 9.825000
1211 9.831000
1212 9.845000
1213 9.853000
1214 9.859000
1215 9.865000
1216 9.871000
1217 9.887000
1218 9.893000
1219 9.899000
1220 9.905000
1221 9.911000
1222 9.919000
1223 9.929000
1224 9.939000
1225 9.945000
1226 9.951000
1227 9.959000
1228 9.965000
1229 9.971000
1230 9.977000
1231 9.983000
1232 9.993000
1233 10.003000
1234 10.011000
1235 10.017000
1236 10.027000
1237 10.037000
1238 10.045000
1239 10.051000
1240 10.061000
1241 10.071000
1242 10.079000
1243 10.085000
1244 10.093000
1245 10.103000
1246 10.113000
1247 10.119000
1248 10.127000
1249 10.137000
1250 10.147000
1251 10.153000
1252 10.159000
1253 10.169000
1254 10.179000
1255 10.187000
1256 10.193000
1257 10.199000
1258 10.209000
1259 10.219000
1260 10.227000
1261 10.233000
1262 10.239000
1263 10.255000
1264 10.261000
1265 10.267000
1266 10.273000
1267 10.279000
1272 10.295000
1268 10.301000
1269 10.307000
1270 10.313000
1271 10.319000
1273 10.325000
1274 10.331000
1275 10.341000
1276 10.351000
1277 10.359000
1278 10.365000
1279 10.371000
1280 10.377000
1281 10.383000
1282 10.389000
1283 10.399000
1284 10.409000
1285 10.417000
1286 10.425000
1287 10.435000
1288 10.445000
1289 10.451000
1290 10.461000
1291 10.471000
1292 10.479000
1293 10.485000
1294 10.493000
1295 10.503000
1296 10.513000
1297 10.519000
1298 10.527000
1299 10.537000
1300 10.547000
1301 10.553000
1302 10.559000
1303 10.569000
1304 10.579000
1305 10.587000
1306 10.593000
1307 10.599000
1308 10.609000
1309 10.619000
1310 10.627000
1311 10.633000
1312 10.639000
1313 10.655000
1314 10.661000
1315 10.667000
1316 10.673000
1317 10.679000
1322 10.695000
1318 10.701000
1319 10.707000
1320 10.713000
1321 10.719000
1323 10.727000
1324 10.733000
1325 10.743000
1326 10.753000
1327 10.759000
1328 10.767000
1329 10.773000
1330 10.779000
1331 10.785000
1332 10.791000
1333 10.801000
1334 10.811000
1335 10.819000
1336 10.825000
1337 10.835000
1338 10.845000
1339 10.853000
1340 10.859000
1341 10.869000
1342 10.879000
1343 10.887000
1344 10.893000
1345 10.901000
1346 10.911000
1347 10.921000
1348 10.927000
1349 10.935000
1350 10.945000
1351 10.955000
1352 10.961000
1353 10.967000
1354 10.977000
1355 10.987000
1356 10.995000
1357 11.001000
1358 11.007000
1359 11.017000
1360 11.027000
1361 11.035000
1362 11.041000
1363 11.047000
1364 11.063000
1365 11.069000
1366 11.075000
1367 11.081000
1368 11.087000
1369 11.093000
1372 11.109000
1373 11.115000
1370 11.121000
1371 11.127000
1374 11.133000
1375 11.139000
1376 11.145000
1377 11.153000
1378 11.163000
1379 11.173000
1380 11.179000
1381 11.185000
1382 11.191000
1383 11.199000
1384 11.209000
1385 11.219000
1386 11.225000
1387 11.235000
1388 11.245000
1389 11.253000
1390 11.259000
1391 11.269000
1392 11.279000
1393 11.287000
1394 11.293000
1395 11.301000
1396 11.311000
1397 11.321000
1398 11.327000
1399 11.335000
1400 11.345000
1401 11.355000
1402 11.361000
1403 11.367000
1404 11.377000
1405 11.387000
1406 11.395000
1407 11.401000
1408 11.407000
1409 11.417000
1410 11.427000
1411 11.435000
1412 11.441000
1413 11.447000
1414 11.463000
1415 11.469000
1416 11.475000
1417 11.481000
1418 11.487000
1419 11.493000
1422 11.509000
1423 11.515000
1420 11.521000
1421 11.527000
1424 11.535000
1425 11.541000
1426 11.547000
1427 11.555000
1428 11.565000
1429 11.575000
1430 11.581000
1431 11.587000
1432 11.593000
1433 11.601000
1434 11.611000
1435 11.621000
1436 11.627000
1437 11.637000
1438 11.647000
1439 11.655000
1440 11.661000
1441 11.669000
1442 11.679000
1443 11.689000
1444 11.695000
1445 11.703000
1446 11.713000
1447 11.723000
1448 11.729000
1449 11.735000
1450 11.745000
1451 11.755000
1452 11.763000
1453 11.769000
1454 11.775000
1455 11.785000
1456 11.795000
1457 11.803000
1458 11.809000
1459 11.815000
1460 11.825000
1461 11.835000
1462 11.843000
1463 11.849000
1464 11.855000
1465 11.861000
1466 11.867000
1467 11.873000
1468 11.879000
1469 11.885000
1470 11.891000
1471 11.897000
1472 11.923000
1473 11.931000
1474 11.941000
1475 11.951000
1476 11.961000
1477 11.971000
1478 11.981000
1479 11.991000
1480 12.001000
1481 12.011000
1482 12.021000
1483 12.031000
1484 12.041000
1485 12.051000
1486 12.061000
1487 12.079000
