0 0.103320
1 0.124227
2 0.130467
3 0.145027
4 0.153347
5 0.167907
8 0.176227
9 0.178307
10 0.180387
6 0.186627
7 0.194947
11 0.232387
12 0.234467
13 0.236547
14 0.238627
6 0.240707
15 0.338467
16 0.340547
17 0.342627
18 0.344707
19 0.346787
20 0.506947
21 0.509027
22 0.511107
23 0.513187
24 0.515267
25 0.581827
26 0.583907
27 0.585987
28 0.588067
29 0.590147
30 0.592227
31 0.615107
32 0.617187
33 0.619267
34 0.621347
35 0.623427
37 0.625507
36 0.660867
38 0.662947
39 0.665027
40 0.667107
41 0.669187
42 0.671267
43 0.673347
44 0.675427
45 0.723267
46 0.725347
47 0.787747
48 0.789827
49 0.791907
50 0.793987
51 0.796067
52 0.798147
53 0.800227
54 0.802307
55 0.804387
56 0.818947
57 0.821027
58 0.823107
59 0.825187
60 0.833507
61 0.835587
62 0.837667
63 0.839747
64 0.850147
65 0.852227
66 0.854307
67 0.856387
68 0.858467
69 0.870947
70 0.873027
71 0.875107
72 0.877187
73 0.879267
74 0.893827
75 0.895907
76 0.897987
77 0.900067
78 0.902147
79 0.918787
80 0.920867
81 0.922947
82 0.925027
83 0.927107
84 0.929187
85 0.949987
86 0.952067
87 0.954147
88 0.956227
89 0.958307
90 0.960387
91 0.962467
92 0.964547
93 0.966627
94 0.968707
95 0.991587
96 0.993667
97 2.430947
98 2.433027
99 2.435107
100 2.437187
103 2.439267
97 2.441347
97 2.443427
97 2.445507
98 2.462147
99 2.464227
100 2.466307
101 2.468387
102 2.470467
103 2.480867
104 2.482947
105 2.485027
106 2.488947
107 2.499347
108 2.503507
109 2.507667
110 2.511827
111 2.517827
112 2.521987
113 2.526147
114 2.530307
115 2.534467
116 2.538627
117 2.542787
118 2.546947
119 2.551107
120 2.555267
121 2.559427
122 2.563587
123 2.567747
124 2.571907
125 2.576067
126 2.580227
127 2.584387
128 2.588547
129 2.592707
130 2.596867
131 2.601027
132 2.605187
133 2.609347
134 2.613507
135 2.617667
136 2.621827
137 2.625987
138 2.630147
139 2.634307
140 2.639587
141 2.642627
142 2.646787
143 2.650947
144 2.657187
145 2.659267
146 2.663427
147 2.667587
148 2.673827
149 2.680067
150 2.682147
151 2.684227
152 2.690467
153 2.700867
154 2.702947
155 2.705027
156 2.713347
157 2.715427
158 2.727907
159 2.729987
160 2.732067
161 2.734147
162 2.736227
163 2.750787
164 2.752867
165 2.754947
166 2.757027
167 2.759107
168 2.779907
169 2.781987
170 2.784067
171 2.786147
172 2.788227
173 2.790307
174 2.792387
175 2.794467
176 2.796547
177 2.798627
178 2.844387
179 2.846467
180 2.848547
181 2.850627
182 2.852707
183 2.854787
184 2.856867
185 2.858947
186 2.861027
187 2.863107
188 2.865187
189 2.867267
190 4.079907
191 4.081987
192 4.084067
193 4.086147
194 4.088227
195 4.090307
196 4.092387
197 4.094467
198 4.096547
199 4.098627
200 4.100707
190 4.102787
190 4.104867
191 4.106947
193 4.109027
192 4.127747
194 4.129827
195 4.131907
196 4.133987
197 4.136067
198 4.138147
199 4.140227
200 4.142307
201 4.161027
202 4.163107
203 4.165187
204 4.167267
205 4.169347
206 4.171427
207 4.188067
208 4.190147
209 4.192227
210 4.204707
211 4.206787
212 4.208867
213 4.210947
214 4.213027
215 4.225507
216 4.227587
217 4.235907
218 4.237987
219 4.240067
220 4.248387
221 4.250467
222 4.252547
223 4.254627
224 4.269187
225 4.271267
226 4.273347
227 4.275427
228 5.265507
229 5.267587
230 5.269667
231 5.271747
233 5.273827
228 5.275907
228 5.277987
229 5.288387
230 5.290467
231 5.298787
232 5.300867
233 5.302947
234 5.311267
235 5.313347
236 5.319587
237 5.321667
238 5.332067
239 5.336227
240 5.340387
241 5.344547
242 5.352627
243 5.356787
244 5.360947
245 5.365107
246 5.369267
247 5.373427
248 5.377587
249 5.381747
250 5.385907
251 5.390067
252 5.394227
253 5.398387
254 5.402547
255 5.406707
256 5.412947
257 5.415027
258 5.421267
259 5.425427
260 5.431667
261 5.433747
262 5.435827
263 5.448307
264 5.450387
265 5.452467
266 5.462867
267 5.464947
268 5.467027
269 5.469107
270 5.483667
271 5.485747
272 6.336467
273 6.338547
274 6.340627
275 6.342707
276 6.344787
277 6.346867
278 6.348947
279 6.351027
280 6.353107
272 6.355187
272 6.357267
273 6.359347
274 6.363507
275 6.365587
276 6.369747
277 6.371827
278 6.375747
279 6.379907
280 6.384067
281 6.388227
282 6.392387
283 6.396547
284 6.400707
285 6.406707
286 6.410867
287 6.415027
288 6.419187
289 6.425187
290 6.429347
291 6.433507
292 6.437667
293 6.439987
294 6.444147
295 6.448307
296 6.452467
297 6.456627
298 6.460787
299 6.464947
300 6.469107
301 6.473267
302 6.477427
303 6.481587
304 6.485747
305 6.489907
306 6.496147
307 6.498227
308 6.504467
309 6.508627
310 6.514867
311 6.516947
312 6.548147
313 6.550227
314 6.552307
315 6.554387
316 6.556467
317 6.558547
318 6.560627
319 6.562707
320 6.564787
321 6.587667
322 6.589747
323 6.591827
324 6.593907
325 6.595987
326 6.598067
327 6.600147
328 6.602227
329 6.604307
330 6.637587
331 6.639667
332 6.641747
333 6.643827
334 6.645907
335 6.647987
336 6.650067
337 6.652147
338 6.654227
339 6.656307
340 6.697907
341 6.699987
342 6.702067
343 6.704147
344 6.706227
345 6.708307
346 6.710387
347 6.712467
348 6.714547
349 6.716627
350 6.718707
352 6.720787
351 6.770707
353 6.772787
354 6.774867
355 6.776947
356 6.779027
357 6.781107
358 6.783187
359 6.785267
360 6.787347
361 6.789427
362 7.633907
363 7.635987
362 7.638067
362 7.640147
364 7.658867
363 7.663027
365 7.669267
366 7.671347
367 7.673427
368 7.690067
369 7.692147
370 7.708787
371 7.710867
372 7.727507
373 7.729587
374 7.731667
375 7.733747
376 7.756627
377 7.758707
378 7.760787
379 7.762867
380 7.764947
381 7.791987
382 7.794067
383 7.796147
384 7.798227
385 7.800307
386 7.802387
387 7.848147
388 7.850227
389 7.852307
390 7.854387
391 7.856467
392 7.858547
393 7.860627
394 7.902227
395 7.904307
396 7.906387
397 7.908467
398 7.910547
399 7.912627
400 7.914707
401 7.916787
402 7.966707
403 7.968787
404 7.970867
405 7.972947
406 7.975027
407 7.977107
408 7.979187
409 9.878227
410 9.880307
411 9.882387
412 9.884467
413 9.886547
414 9.901107
409 9.903187
409 9.905267
409 9.907347
410 9.909427
411 9.911507
412 9.913587
413 9.915667
414 9.959347
415 9.961427
416 9.963507
417 9.965587
418 9.967667
419 9.969747
420 10.025907
421 10.027987
422 10.030067
423 10.032147
424 10.092467
425 10.094547
426 10.096627
427 10.098707
428 10.100787
429 10.194387
430 10.196467
431 10.198547
432 10.200627
433 10.202707
434 10.204787
435 10.260947
436 10.263027
437 10.265107
438 10.267187
439 10.269267
440 10.271347
441 10.273427
442 10.312947
443 10.315027
444 10.317107
445 10.319187
446 10.321267
447 10.323347
448 10.325427
449 10.327507
450 10.360787
451 11.105427
452 11.107507
453 11.109587
454 11.111667
451 11.113747
451 11.117907
452 11.136627
453 11.138707
454 11.140787
455 11.142867
456 11.144947
457 11.147027
458 11.182387
459 11.184467
460 11.186547
461 11.188627
462 11.234387
463 11.236467
464 11.238547
465 11.240627
466 11.294707
467 11.296787
468 11.298867
469 11.300947
470 11.303027
471 11.388307
472 11.390387
473 11.392467
474 11.394547
475 11.396627
476 11.398707
477 11.463187
478 11.465267
479 11.467347
480 11.469427
481 11.471507
482 11.473587
483 11.475667
484 11.535987
485 11.538067
486 11.540147
487 11.542227
488 11.544307
489 11.546387
490 11.548467
491 11.550547
492 11.617107
493 11.619187
494 11.621267
495 11.623347
496 12.045587
497 12.047667
498 12.049747
499 12.051827
503 12.053907
496 12.055987
497 12.066387
498 12.070547
499 12.072627
500 12.076547
501 12.080707
502 12.084867
503 12.089027
