0 0.103240
1 0.122147
2 0.128387
3 0.142947
4 0.149187
5 0.159587
6 0.174147
7 0.190787
8 0.197027
9 0.201187
10 0.213667
11 0.221987
12 0.230307
13 0.255267
14 0.257347
15 0.269827
16 0.273987
17 0.278147
18 0.290627
19 0.298947
20 0.307267
21 0.313507
22 0.319747
23 0.328067
24 0.350947
25 0.355107
26 0.359267
27 0.375907
28 0.384227
29 0.390467
30 0.392547
31 0.396707
32 0.400867
33 0.409187
34 0.415427
35 0.421667
36 0.427907
37 0.432067
38 0.436227
39 0.440387
40 0.444547
41 0.448707
42 0.452867
43 0.457027
54 0.471587
55 0.477827
56 0.492387
57 0.496547
58 0.500707
59 0.504867
44 0.519427
45 0.523587
46 0.527747
47 0.536067
48 0.540227
49 0.542307
50 0.544387
51 0.548547
52 0.552707
53 0.556867
60 0.563107
61 0.567267
62 0.571427
63 0.575587
44 0.577667
64 0.594307
65 0.598467
66 0.602627
67 0.606787
68 0.610947
69 0.627587
70 0.631747
71 0.635907
72 0.640067
73 0.644227
74 0.648387
75 0.652547
76 0.656707
77 0.677507
78 0.681667
79 0.685827
80 0.689987
81 0.694147
82 0.698307
83 0.702467
84 0.706627
85 0.710787
86 0.714947
87 0.719107
88 0.727427
96 0.735747
97 0.739907
98 0.744067
99 0.748227
100 0.752387
101 0.756547
102 0.766947
103 0.771107
89 0.775267
90 0.995747
91 1.024867
92 1.033187
93 1.060227
94 1.068547
95 1.072707
96 1.101827
97 1.120547
104 1.124707
105 1.130947
106 1.135107
107 1.137187
108 1.166307
109 1.168387
110 1.170467
111 1.172547
112 1.176707
113 1.203747
114 1.205827
115 1.207907
116 1.212067
117 1.234947
118 1.243267
119 1.245347
120 1.249507
121 1.253667
122 1.276547
123 1.278627
124 1.284867
125 1.289027
126 1.293187
127 1.297347
130 1.313987
128 1.316067
129 1.318147
131 1.324387
132 1.328547
133 1.332707
134 1.336867
135 1.345187
136 1.353507
137 1.355587
138 1.359747
139 1.363907
140 1.368067
141 1.372227
142 1.376387
143 1.382627
144 1.386787
145 1.388867
146 1.393027
147 1.397187
148 1.401347
149 1.405507
150 1.409667
151 1.413827
152 1.417987
153 1.422147
154 1.426307
155 1.430467
156 1.434627
157 1.438787
158 1.442947
159 1.447107
160 1.451267
161 1.455427
162 1.459587
163 1.463747
164 1.467907
165 1.472067
166 1.476227
167 1.480387
168 1.484547
169 1.488707
170 1.492867
171 1.497027
172 1.501187
176 1.505347
173 1.509507
174 1.513667
175 1.517827
177 1.521987
178 1.526147
179 1.530307
180 1.534467
181 1.538627
182 1.542787
183 1.546947
184 1.551107
185 1.555267
186 1.559427
187 1.563587
188 1.567747
189 1.571907
190 1.576067
191 1.582307
192 1.586467
193 1.590627
194 1.594787
195 1.598947
196 1.603107
197 1.607267
198 1.615587
199 1.619747
200 1.623907
201 1.628067
202 1.632227
203 1.636387
204 1.640547
205 1.644707
206 1.657187
207 1.661347
208 1.665507
209 1.669667
210 1.673827
211 1.677987
212 1.682147
213 1.686307
214 1.690467
215 1.700867
216 1.709187
217 1.713347
218 1.717507
219 1.721667
223 1.725827
224 1.729987
225 1.734147
226 1.738307
227 1.742467
228 1.746627
229 1.750787
220 1.754947
221 1.759107
222 1.763267
230 1.775747
231 1.779907
232 1.784067
233 1.788227
234 1.792387
235 1.796547
236 1.800707
220 1.804867
237 1.813187
238 1.823587
239 1.827747
240 1.831907
241 1.836067
242 1.840227
243 1.844387
244 1.848547
245 1.852707
246 1.861027
247 1.873507
248 1.877667
249 1.881827
250 1.885987
251 1.890147
252 1.894307
253 1.898467
254 1.904707
255 1.913027
256 1.919267
257 1.927587
258 1.931747
259 1.935907
260 1.940067
261 1.944227
262 1.948387
263 1.952547
264 1.962947
265 1.971267
266 1.979587
267 1.983747
268 1.987907
272 1.992067
273 1.994147
274 1.996227
275 2.004547
276 2.008707
269 2.010787
270 2.014947
271 2.019107
277 2.046147
278 2.048227
279 2.052387
280 2.056547
281 2.058627
282 2.062787
269 2.066947
283 2.096067
284 2.100227
285 2.104387
286 2.108547
287 2.112707
288 2.116867
289 2.121027
290 2.123107
291 2.152227
292 2.156387
293 2.160547
294 2.164707
295 2.168867
296 2.173027
297 2.181347
298 2.187587
299 2.208387
300 2.212547
301 2.216707
302 2.220867
303 2.225027
304 2.231267
305 2.237507
306 2.243747
307 2.252067
308 2.270787
309 2.274947
310 2.279107
311 2.283267
312 2.287427
313 2.295747
314 2.301987
315 2.308227
321 2.310307
322 2.312387
316 2.318627
317 2.326947
318 2.343587
319 2.347747
320 2.351907
323 2.368547
324 2.372707
325 2.376867
326 2.378947
327 2.383107
328 2.387267
331 2.418467
340 2.449667
341 2.476707
329 2.495187
330 2.721667
332 2.763267
333 2.767427
334 2.809027
335 2.813187
336 2.821507
337 2.873507
338 2.875587
339 2.877667
340 2.885987
341 2.904707
342 2.906787
343 2.915107
344 2.917187
345 2.925507
346 2.931747
347 2.937987
348 2.950467
349 2.954627
350 2.962947
351 2.967107
352 2.971267
353 2.989987
354 2.996227
355 3.002467
356 3.004547
357 3.008707
358 3.012867
359 3.033667
360 3.041987
361 3.046147
362 3.050307
363 3.054467
364 3.060707
365 3.066947
366 3.085667
367 3.091907
368 3.096067
369 3.100227
370 3.104387
371 3.110627
372 3.116867
374 3.135587
375 3.139747
376 3.143907
377 3.148067
373 3.154307
378 3.162627
379 3.166787
380 3.173027
381 3.179267
382 3.187587
383 3.191747
373 3.195907
384 3.206307
385 3.210467
386 3.220867
387 3.229187
388 3.233347
389 3.237507
390 3.243747
391 3.249987
392 3.260387
393 3.268707
394 3.272867
395 3.279107
396 3.285347
397 3.291587
398 3.295747
399 3.308227
400 3.312387
401 3.316547
402 3.326947
403 3.333187
404 3.341507
405 3.345667
406 3.351907
407 3.360227
408 3.364387
409 3.368547
410 3.378947
411 3.387267
412 3.397667
413 3.414307
414 3.420547
415 3.422627
416 3.424707
417 3.428867
418 3.433027
419 3.439267
420 3.445507
423 3.468387
424 3.470467
425 3.474627
421 3.476707
422 3.478787
426 3.482947
427 3.487107
428 3.491267
429 3.497507
430 3.503747
431 3.522467
432 3.526627
421 3.530787
433 3.539107
434 3.545347
435 3.551587
436 3.553667
437 3.574467
438 3.578627
439 3.582787
440 3.595267
441 3.599427
442 3.605667
443 3.611907
444 3.628547
445 3.632707
446 3.636867
447 3.649347
448 3.653507
449 3.659747
450 3.665987
451 3.678467
452 3.697187
453 3.701347
454 3.705507
455 3.711747
456 3.713827
457 3.717987
458 3.742947
459 3.745027
460 3.747107
461 3.757507
462 3.759587
463 3.761667
464 3.763747
465 3.765827
466 3.767907
467 3.801187
468 3.803267
469 3.805347
470 3.807427
471 3.809507
472 3.819907
473 3.824067
474 3.832387
475 3.834467
476 3.838627
477 3.859427
478 3.863587
479 3.869827
480 3.876067
481 3.880227
482 3.884387
483 3.892707
484 3.896867
485 3.898947
486 3.905187
487 3.911427
488 3.923907
489 3.928067
490 3.938467
491 3.942627
492 3.946787
493 3.950947
494 3.957187
495 3.963427
496 3.965507
497 3.971747
498 3.975907
499 3.980067
500 3.988387
501 3.990467
502 3.998787
503 4.005027
504 4.009187
505 4.013347
506 4.015427
507 4.017507
508 4.019587
509 4.023747
510 4.025827
511 4.032067
512 4.036227
513 4.038307
514 4.042467
515 4.046627
516 4.048707
517 4.050787
522 4.052867
523 4.054947
518 4.057027
519 4.059107
520 4.061187
521 4.063267
524 4.067427
525 4.069507
526 4.071587
527 4.073667
528 4.075747
529 4.077827
530 4.111107
531 4.113187
532 4.115267
533 4.117347
534 4.119427
535 4.121507
536 4.123587
537 4.125667
538 4.144387
539 4.146467
540 4.148547
541 4.150627
542 4.152707
543 4.154787
544 4.156867
545 4.158947
546 4.173507
547 4.175587
548 4.177667
549 4.179747
550 4.181827
551 4.183907
552 4.185987
553 4.194307
554 4.196387
555 4.198467
556 4.200547
557 4.202627
558 4.215107
559 4.217187
560 4.219267
561 4.221347
562 4.223427
563 4.229667
564 4.231747
565 4.233827
566 4.242147
567 4.244227
568 4.246307
569 4.258787
570 4.260867
571 4.262947
572 4.267107
573 4.277507
574 4.279587
575 4.281667
576 4.287907
577 4.289987
579 4.292067
580 4.294147
578 4.296227
581 4.302467
582 4.304547
583 4.314947
584 4.317027
585 4.319107
586 4.321187
587 4.325347
588 4.329507
589 4.337827
590 4.344067
591 4.346147
592 4.348227
593 4.352387
594 4.358627
595 4.366947
596 4.373187
597 4.377347
598 4.379427
599 4.381507
600 4.385667
601 4.391907
602 4.400227
603 4.402307
604 4.408547
605 4.412707
606 4.414787
607 4.416867
608 4.423107
609 4.427267
610 4.437667
611 4.439747
612 4.443907
613 4.450147
614 4.454307
615 4.456387
616 4.462627
619 4.466787
620 4.468867
621 4.473027
622 4.477187
617 4.479267
618 4.489667
623 4.495907
624 4.500067
625 4.506307
626 4.512547
627 4.514627
628 4.518787
629 4.522947
630 4.525027
631 4.529187
632 4.533347
633 4.535427
634 4.539587
635 4.545827
636 4.549987
617 4.556227
637 4.566627
638 4.570787
639 4.572867
640 4.574947
641 4.579107
642 4.581187
643 4.585347
644 4.591587
645 4.593667
646 4.599907
647 4.604067
648 4.610307
649 4.622787
650 4.624867
651 4.629027
652 4.631107
653 4.637347
654 4.641507
655 4.645667
656 4.649827
657 4.653987
658 4.660227
659 4.668547
660 4.672707
661 4.678947
662 4.683107
663 4.687267
668 4.693507
669 4.695587
670 4.697667
671 4.699747
672 4.701827
673 4.703907
664 4.705987
665 4.708067
666 4.714307
667 4.716387
674 4.747587
675 4.749667
676 4.751747
677 4.753827
678 4.755907
664 4.757987
679 4.760067
680 4.762147
681 4.801667
682 4.803747
683 4.805827
684 4.807907
685 4.809987
686 4.812067
687 4.814147
688 4.818307
689 4.861987
690 4.864067
691 4.866147
692 4.868227
693 4.872387
694 4.876547
695 4.882787
696 4.886947
697 4.893187
698 4.916067
699 4.920227
700 4.924387
701 4.928547
702 4.934787
703 4.941027
704 4.945187
705 4.949347
706 4.955587
707 4.961827
708 4.974307
709 4.978467
710 4.982627
711 4.986787
712 4.995107
713 5.005507
717 5.007587
718 5.009667
719 5.011747
720 5.013827
721 5.015907
722 5.017987
714 5.022147
715 5.026307
716 5.032547
723 5.069987
724 5.072067
725 5.074147
726 5.076227
714 5.078307
727 5.080387
729 5.128227
730 5.130307
731 5.132387
732 5.138627
733 5.142787
735 5.178147
736 5.182307
728 5.186467
737 5.219747
734 5.408787
738 5.429587
739 5.439987
740 5.456627
741 5.471187
742 5.487827
743 5.491987
744 5.500307
745 5.514867
746 5.519027
747 5.523187
748 5.527347
749 5.541907
750 5.546067
751 5.550227
752 5.556467
753 5.562707
754 5.573107
755 5.577267
758 5.585587
756 5.587667
757 5.593907
759 5.604307
760 5.608467
761 5.612627
762 5.620947
763 5.627187
764 5.637587
765 5.643827
766 5.647987
767 5.652147
768 5.660467
769 5.664627
770 5.668787
771 5.683347
772 5.687507
773 5.691667
774 5.697907
775 5.708307
776 5.712467
777 5.716627
778 5.724947
779 5.735347
780 5.739507
781 5.743667
782 5.749907
783 5.764467
784 5.768627
785 5.772787
786 5.781107
787 5.785267
788 5.793587
789 5.797747
790 5.803987
791 5.810227
792 5.841427
793 5.845587
794 5.851827
795 5.855987
796 5.860147
797 5.862227
798 5.864307
799 5.866387
800 5.870547
801 5.874707
806 5.901747
802 5.905907
803 5.910067
804 5.918387
805 5.922547
807 5.928787
808 5.930867
809 5.932947
810 5.937107
811 5.941267
812 5.945427
813 5.957907
814 5.968307
815 5.982867
816 5.989107
817 5.993267
818 5.995347
819 5.999507
820 6.001587
821 6.005747
822 6.009907
823 6.014067
824 6.020307
825 6.026547
826 6.039027
827 6.055667
828 6.063987
829 6.066067
830 6.070227
831 6.078547
832 6.082707
833 6.086867
834 6.091027
835 6.097267
836 6.101427
837 6.105587
838 6.111827
839 6.122227
840 6.134707
841 6.149267
842 6.153427
843 6.155507
844 6.157587
845 6.159667
846 6.161747
847 6.165907
848 6.167987
849 6.172147
850 6.174227
851 6.178387
852 6.182547
853 6.188787
856 6.211667
857 6.213747
858 6.215827
859 6.217907
860 6.219987
861 6.222067
862 6.226227
863 6.230387
854 6.234547
855 6.238707
864 6.249107
865 6.255347
866 6.263667
867 6.267827
868 6.271987
870 6.274067
854 6.276147
871 6.296947
872 6.299027
873 6.301107
875 6.303187
876 6.305267
877 6.309427
878 6.317747
869 6.491987
874 6.512787
875 6.521107
879 6.531507
880 6.535667
881 6.539827
882 6.543987
883 6.571027
884 6.575187
885 6.579347
886 6.583507
887 6.618867
888 6.623027
889 6.627187
890 6.631347
891 6.635507
892 6.675027
893 6.679187
894 6.683347
895 6.687507
896 6.691667
897 6.695827
898 6.743667
899 6.747827
900 6.751987
901 6.756147
902 6.760307
903 6.764467
904 6.768627
905 6.810227
906 6.814387
907 6.818547
908 6.822707
909 6.826867
910 6.831027
911 6.835187
912 6.839347
913 6.866387
914 6.868467
915 6.870547
916 6.872627
917 6.874707
918 6.895507
919 6.897587
920 6.899667
921 6.901747
922 6.914227
923 6.916307
924 6.918387
925 6.932947
926 6.935027
927 6.937107
928 6.939187
929 6.947507
930 6.959987
931 6.964147
932 6.966227
933 6.968307
934 6.972467
935 6.978707
936 6.982867
937 7.001587
938 7.003667
939 7.005747
940 7.011987
941 7.016147
942 7.020307
943 7.024467
944 7.028627
945 7.032787
946 7.041107
947 7.049427
948 7.059827
949 7.061907
950 7.066067
951 7.070227
952 7.074387
953 7.078547
954 7.082707
955 7.086867
956 7.095187
957 7.099347
958 7.107667
959 7.115987
960 7.134707
961 7.136787
962 7.140947
963 7.145107
964 7.149267
965 7.153427
966 7.157587
967 7.161747
968 7.165907
969 7.167987
970 7.172147
971 7.178387
972 7.188787
980 7.203347
981 7.205427
982 7.207507
973 7.211667
974 7.213747
975 7.215827
976 7.217907
977 7.219987
978 7.222067
979 7.226227
983 7.247027
984 7.249107
985 7.251187
986 7.253267
987 7.261587
988 7.265747
973 7.269907
989 7.271987
990 7.299027
991 7.301107
992 7.303187
993 7.305267
994 7.307347
995 7.311507
996 7.315667
997 7.317747
998 7.346867
999 7.348947
1000 7.351027
1001 7.353107
1002 7.355187
1003 7.361427
1004 7.365587
1005 7.367667
1007 7.380147
1008 7.382227
1009 7.388467
1010 7.392627
1011 7.396787
1012 7.398867
1013 7.405107
1014 7.411347
1015 7.413427
1016 7.419667
1017 7.425907
1006 7.430067
1018 7.440467
1019 7.446707
1020 7.450867
1021 7.459187
1022 7.463347
1023 7.477907
1024 7.484147
1025 7.488307
1026 7.504947
1027 7.507027
1028 7.509107
1029 7.511187
1030 7.521587
1031 7.525747
1032 7.544467
1033 7.546547
1034 7.550707
1035 7.554867
1036 7.563187
1037 7.567347
1038 7.573587
1039 7.579827
1040 7.583987
1041 7.588147
1042 7.590227
1043 7.594387
1044 7.602707
1045 7.604787
1046 7.606867
1047 7.608947
1048 7.611027
1049 7.613107
1050 7.615187
1051 7.619347
1052 7.621427
1053 7.625587
1054 7.629747
1055 7.631827
1056 7.642227
1057 7.646387
1058 7.650547
1059 7.654707
1060 7.660947
1061 7.665107
1062 7.667187
1063 7.677587
1064 7.681747
1065 7.685907
1066 7.694227
1067 7.698387
1068 7.700467
1069 7.702547
1070 7.704627
1071 7.712947
1072 7.717107
1073 7.721267
1074 7.725427
1075 7.735827
1076 7.739987
1077 7.744147
1078 7.748307
1079 7.750387
1080 7.754547
1081 7.769107
1082 7.773267
1083 7.775347
1084 7.777427
1085 7.779507
1086 7.783667
1087 7.787827
1088 7.804467
1089 7.808627
1090 7.812787
1091 7.814867
1092 7.816947
1093 7.821107
1094 7.829427
1095 7.831507
1096 7.833587
1097 7.835667
1098 7.837747
1099 7.839827
1100 7.841907
1101 7.843987
1102 7.846067
1103 7.871027
1104 7.875187
1105 7.879347
1106 7.883507
1107 7.887667
1108 7.891827
1109 7.893907
1110 7.895987
1111 7.898067
1112 7.900147
1113 7.918867
1114 7.920947
1115 7.927187
1116 7.931347
1117 7.937587
1118 7.941747
1119 7.945907
1120 7.950067
1121 7.954227
1122 7.958387
1123 7.962547
1124 7.964627
1125 7.981267
1126 7.983347
1127 7.985427
1128 7.993747
1129 7.995827
1130 7.999987
1131 8.004147
1132 8.008307
1133 8.012467
1134 8.016627
1135 8.020787
1136 8.024947
1137 8.029107
1144 8.033267
1145 8.035347
1146 8.037427
1147 8.039507
1148 8.041587
1138 8.043667
1139 8.047827
1140 8.049907
1141 8.054067
1142 8.064467
1143 8.066547
1149 8.083187
1150 8.085267
1151 8.087347
1152 8.089427
1153 8.091507
1154 8.093587
1155 8.095667
1138 8.097747
1156 8.124787
1157 8.126867
1158 8.128947
1159 8.131027
1160 8.133107
1161 8.135187
1162 8.137267
1163 8.168467
1166 8.170547
1167 8.172627
1168 8.176787
1169 8.180947
1170 8.185107
1174 8.216307
1175 8.220467
1164 8.224627
1165 8.470067
1171 8.499187
1172 8.501267
1173 8.536627
1174 8.538707
1176 8.574067
1177 8.576147
1178 8.578227
1179 8.580307
1180 8.621907
1181 8.623987
1182 8.626067
1183 8.628147
1184 8.653107
1185 8.655187
1186 8.667667
1187 8.671827
1188 8.675987
1189 8.688467
1190 8.690547
1191 8.698867
1192 8.700947
1193 8.703027
1194 8.705107
1195 8.713427
1196 8.715507
1197 8.723827
1198 8.725907
1199 8.732147
1200 8.734227
1201 8.740467
1202 8.742547
1203 8.746707
1204 8.748787
1205 8.755027
1206 8.757107
1207 8.763347
1208 8.765427
1209 8.771667
1210 8.773747
1211 8.779987
1212 8.784147
1213 8.788307
1214 8.792467
1215 8.796627
1216 8.800787
1217 8.804947
1218 8.809107
1219 8.813267
1220 8.817427
1221 8.821587
1222 8.825747
1223 8.829907
1224 8.834067
1225 8.838227
1226 8.842387
1227 8.846547
1228 8.850707
1229 8.854867
1230 8.859027
1231 8.863187
1232 8.867347
1233 8.871507
1234 8.875667
1235 8.879827
1236 8.886067
1237 8.890227
1238 8.894387
1239 8.898547
1240 8.902707
1241 8.911027
1242 8.915187
1243 8.919347
1244 8.923507
1245 8.927667
1246 8.935987
1247 8.944307
1248 8.948467
1249 8.952627
1250 8.956787
1251 8.960947
1252 8.967187
1253 8.973427
1254 8.979667
1255 8.985907
1256 8.990067
1257 8.994227
1259 8.998387
1260 9.004627
1261 9.008787
1262 9.021267
1263 9.027507
1264 9.031667
1258 9.035827
1265 9.044147
1266 9.048307
1267 9.052467
1268 9.056627
1269 9.060787
1270 9.064947
1271 9.069107
1272 9.075347
1258 9.083667
1273 9.091987
1274 9.096147
1275 9.100307
1276 9.104467
1277 9.108627
1278 9.114867
1279 9.121107
1280 9.133587
1281 9.137747
1282 9.141907
1283 9.146067
1284 9.150227
1285 9.154387
1286 9.160627
1287 9.168947
1288 9.185587
1289 9.187667
1290 9.191827
1291 9.195987
1292 9.200147
1293 9.206387
1294 9.210547
1295 9.216787
1296 9.223027
1297 9.241747
1298 9.245907
1299 9.250067
1300 9.254227
1301 9.260467
1302 9.262547
1303 9.268787
1304 9.272947
1305 9.279187
1306 9.281267
1308 9.304147
1309 9.308307
1310 9.312467
1311 9.316627
1312 9.320787
1313 9.322867
1314 9.327027
1315 9.331187
1316 9.335347
1317 9.341587
1307 9.343667
1318 9.372787
1319 9.376947
1307 9.381107
1320 9.389427
1321 9.391507
1322 9.393587
1323 9.422707
1324 9.426867
1325 9.431027
1326 9.441427
1327 9.443507
1328 9.449747
1329 9.472627
1330 9.476787
1331 9.483027
1332 9.489267
1333 9.497587
1334 9.503827
1335 9.507987
1336 9.526707
1337 9.530867
1338 9.555827
1339 9.564147
1340 9.570387
1341 9.578707
1342 9.580787
1343 9.582867
1344 9.589107
1345 9.593267
1346 9.614067
1347 9.618227
1348 9.622387
1349 9.626547
1350 9.628627
1351 9.630707
1352 9.634867
1353 9.639027
1357 9.657747
1354 9.661907
1355 9.670227
1356 9.672307
1358 9.674387
1359 9.678547
1360 9.682707
1361 9.686867
1362 9.693107
1363 9.697267
1364 9.701427
1365 9.707667
1366 9.709747
1367 9.711827
1368 9.715987
1369 9.720147
1370 9.724307
1371 9.728467
1372 9.732627
1373 9.736787
1374 9.740947
1375 9.743027
1376 9.745107
1377 9.749267
1378 9.753427
1379 9.757587
1380 9.761747
1381 9.765907
1382 9.770067
1383 9.774227
1384 9.778387
1385 9.782547
1386 9.786707
1387 9.790867
1388 9.795027
1389 9.799187
1390 9.803347
1391 9.807507
1392 9.811667
1393 9.815827
1394 9.819987
1395 9.824147
1396 9.828307
1397 9.832467
1398 9.836627
1399 9.840787
1400 9.844947
1401 9.849107
1402 9.853267
1403 9.857427
1404 9.861587
1405 9.865747
1406 9.869907
1407 9.888627
1408 9.890707
1409 9.892787
1410 9.896947
1411 9.917747
1412 9.921907
1413 9.926067
1414 9.930227
1415 9.934387
1416 9.938547
1417 9.942707
1418 9.946867
1419 9.953107
1420 9.957267
1421 9.973907
1422 9.978067
1423 9.980147
1424 9.982227
1425 9.986387
1426 9.990547
1427 9.994707
1428 9.998867
1429 10.003027
1430 10.007187
1431 10.011347
1432 10.019667
1433 10.023827
1434 10.036307
1435 10.038387
1436 10.042547
1437 10.046707
1438 10.048787
1439 10.052947
1440 10.057107
1441 10.061267
1442 10.065427
1443 10.069587
1444 10.073747
1445 10.082067
1446 10.086227
1457 10.088307
1458 10.090387
1447 10.104947
1448 10.109107
1449 10.113267
1450 10.117427
1451 10.121587
1452 10.125747
1453 10.127827
1454 10.131987
1455 10.136147
1456 10.140307
1459 10.156947
1460 10.159027
1461 10.161107
1462 10.163187
1463 10.165267
1464 10.167347
1465 10.169427
1466 10.171507
1467 10.173587
1468 10.175667
1469 10.179827
1470 10.183987
1471 10.188147
1472 10.192307
1473 10.227667
1474 10.231827
1475 10.235987
1476 10.240147
1477 10.244307
1481 10.248467
1482 10.252627
1484 10.256787
1485 10.258867
1489 10.285907
1495 10.300467
1496 10.304627
1497 10.308787
1478 10.493907
1479 10.535507
1480 10.554227
1481 10.581267
1482 10.604147
1483 10.608307
1484 10.610387
1485 10.612467
1486 10.614547
1487 10.616627
1488 10.639507
1489 10.641587
1490 10.643667
1491 10.645747
1492 10.658227
1493 10.666547
1494 10.668627
1495 10.679027
1496 10.681107
1497 10.683187
1498 10.693587
1499 10.701907
1500 10.708147
1501 10.710227
1502 10.714387
1503 10.720627
1504 10.724787
1505 10.737267
1506 10.741427
1507 10.747667
1508 10.753907
1509 10.758067
1510 10.760147
1511 10.776787
1512 10.778867
1513 10.780947
1514 10.783027
1515 10.785107
1516 10.787187
1517 10.812147
1518 10.814227
1519 10.816307
1520 10.818387
1521 10.820467
1522 10.822547
1523 10.849587
1524 10.851667
1525 10.853747
1526 10.855827
1527 10.857907
1528 10.859987
1529 10.862067
1530 10.878707
1531 10.880787
1532 10.884947
1533 10.889107
1534 10.891187
1535 10.903667
1536 10.905747
1537 10.907827
1538 10.909907
1539 10.914067
1540 10.916147
1541 10.918227
1542 10.920307
1543 10.922387
1544 10.928627
1545 10.930707
1546 10.932787
1547 10.936947
1548 10.939027
1549 10.941107
1550 10.945267
1551 10.949427
1552 10.953587
1553 10.957747
1554 10.961907
1555 10.963987
1556 10.968147
1557 10.972307
1558 10.976467
1559 10.980627
1560 10.984787
1561 10.988947
1562 10.993107
1563 10.997267
1564 11.001427
1565 11.005587
1566 11.009747
1567 11.013907
1568 11.018067
1569 11.022227
1570 11.026387
1571 11.030547
1572 11.034707
1573 11.038867
1574 11.043027
1575 11.047187
1576 11.051347
1577 11.055507
1578 11.059667
1579 11.063827
1580 11.067987
1581 11.072147
1582 11.076307
1583 11.080467
1584 11.084627
1585 11.088787
1586 11.092947
1587 11.097107
1588 11.101267
1589 11.115827
1590 11.122067
1591 11.126227
1592 11.132467
1593 11.149107
1594 11.153267
1595 11.157427
1596 11.161587
1597 11.165747
1598 11.169907
1599 11.178227
1600 11.190707
1601 11.194867
1602 11.199027
1603 11.203187
1604 11.205267
1605 11.209427
1606 11.213587
1607 11.217747
1608 11.221907
1609 11.226067
1610 11.248947
1611 11.251027
1612 11.255187
1613 11.257267
1614 11.259347
1615 11.263507
1616 11.267667
1617 11.271827
1618 11.275987
1619 11.280147
1620 11.284307
1621 11.288467
1622 11.292627
1623 11.311347
1624 11.315507
1625 11.317587
1626 11.327987
1627 11.332147
1628 11.334227
1629 11.338387
1630 11.342547
1631 11.346707
1632 11.350867
1633 11.355027
1634 11.359187
1635 11.363347
1637 11.365427
1638 11.367507
1639 11.369587
1640 11.371667
1641 11.373747
1642 11.375827
1643 11.377907
1644 11.379987
1645 11.382067
1646 11.384147
1647 11.386227
1636 11.402867
1648 11.429907
1649 11.434067
1650 11.438227
1651 11.442387
1652 11.446547
1653 11.448627
1654 11.450707
1636 11.452787
1655 11.456947
1656 11.496467
1657 11.500627
1658 11.504787
1659 11.508947
1660 11.513107
1661 11.517267
1662 11.521427
1663 11.525587
1664 11.529747
1665 11.569267
1666 11.573427
1667 11.577587
1668 11.581747
1669 11.585907
1670 11.590067
1671 11.594227
1672 11.598387
1673 11.602547
1674 11.606707
1675 11.642067
1676 11.646227
1683 11.654547
1684 11.658707
1685 11.662867
1686 11.687827
1687 11.689907
1688 11.696147
1689 11.700307
1677 11.704467
1678 11.943667
1679 11.999827
1680 12.001907
1681 12.035187
1682 12.039347
1683 12.041427
1684 12.062227
