0.11	0.00
0.13	16.92
0.13	343.58
0.15	427.13
0.15	550.20
0.16	670.56
0.17	648.24
0.19	573.86
0.20	638.56
0.20	682.82
0.21	707.65
0.22	728.88
0.23	722.77
0.25	707.21
0.26	713.56
0.27	701.14
0.28	732.78
0.28	762.92
0.29	773.69
0.30	783.52
0.31	776.37
0.31	800.82
0.32	808.47
0.33	823.18
0.35	773.82
0.36	794.07
0.36	813.66
0.37	826.03
0.37	837.82
0.38	855.55
0.39	866.24
0.40	851.61
0.40	867.66
0.41	883.27
0.42	886.40
0.42	895.22
0.43	903.69
0.44	911.85
0.44	925.44
0.44	938.70
0.45	951.64
0.45	964.26
0.46	976.58
0.46	988.62
0.48	955.93
0.49	951.72
0.50	952.74
0.50	963.70
0.51	974.44
0.52	960.34
0.53	970.63
0.53	1025.64
0.53	1030.93
0.54	1063.83
0.54	1075.27
0.54	1075.27
0.55	1092.90
0.56	1149.43
0.56	1149.43
0.56	1156.07
0.57	1176.47
0.57	1190.48
0.57	1219.51
0.58	1257.86
0.58	1273.89
0.60	1265.82
0.61	1265.82
0.61	1265.82
0.61	1282.05
0.62	1298.70
0.63	1282.05
0.64	1282.05
0.64	1298.70
0.65	1307.19
0.65	1398.60
0.66	1398.60
0.66	1398.60
0.66	1408.45
0.68	1342.28
0.69	1342.28
0.69	1351.35
0.70	1398.60
0.70	1398.60
0.71	1398.60
0.71	1418.44
0.71	1428.57
0.72	1438.85
0.72	1449.28
0.73	1449.28
0.73	1428.57
0.74	1438.85
0.74	1428.57
0.75	1428.57
0.75	1428.57
0.76	1515.15
0.76	1550.39
0.76	1574.80
0.77	1562.50
0.77	1562.50
0.78	1626.02
0.78	1626.02
1.02	854.70
1.05	806.45
1.06	800.00
1.09	754.72
1.09	754.72
1.10	757.58
1.14	706.71
1.15	709.22
1.15	711.74
1.15	711.74
1.17	694.44
1.18	687.29
1.18	687.29
1.20	671.14
1.21	687.29
1.22	682.59
1.22	682.59
1.24	662.25
1.24	664.45
1.25	680.27
1.25	677.97
1.26	677.97
1.29	651.47
1.29	653.59
1.29	653.59
1.30	653.59
1.30	653.59
1.30	671.14
1.33	653.59
1.33	655.74
1.33	655.74
1.34	655.74
1.34	655.74
1.35	651.47
1.36	647.25
1.36	645.16
1.37	645.16
1.37	645.16
1.38	649.35
1.38	647.25
1.38	649.35
1.39	651.47
1.39	651.47
1.40	649.35
1.40	649.35
1.40	649.35
1.41	651.47
1.41	651.47
1.42	651.47
1.42	651.47
1.43	1020.41
1.43	1098.90
1.43	1104.97
1.44	1197.60
1.44	1197.60
1.45	1204.82
1.45	1360.54
1.45	1351.35
1.46	1342.28
1.46	1333.33
1.47	1398.60
1.47	1428.57
1.48	1428.57
1.48	1515.15
1.48	1503.76
1.49	1526.72
1.49	1526.72
1.50	1639.34
1.50	1626.02
1.50	1612.90
1.51	1626.02
1.51	1626.02
1.52	1801.80
1.52	1785.71
1.52	1785.71
1.53	1785.71
1.53	1785.71
1.54	1785.71
1.54	1923.08
1.55	1904.76
1.55	1904.76
1.55	1904.76
1.56	1904.76
1.56	1941.75
1.57	1980.20
1.57	2000.00
1.57	2000.00
1.58	2000.00
1.58	2000.00
1.59	1980.20
1.59	1980.20
1.60	1960.78
1.60	1960.78
1.61	1980.20
1.61	1980.20
1.61	1980.20
1.62	1941.75
1.63	1941.75
1.63	1941.75
1.64	1941.75
1.64	1941.75
1.64	1941.75
1.65	1941.75
1.65	1941.75
1.66	1869.16
1.67	1869.16
1.67	1869.16
1.68	1869.16
1.68	1869.16
1.69	1869.16
1.69	1869.16
1.69	1869.16
1.70	1869.16
1.71	1818.18
1.72	1785.71
1.72	1785.71
1.72	1785.71
1.73	1785.71
1.73	1785.71
1.74	1785.71
1.74	1785.71
1.75	1785.71
1.75	1785.71
1.75	1785.71
1.76	1785.71
1.76	1785.71
1.77	1785.71
1.77	1785.71
1.78	1724.14
1.79	1724.14
1.79	1724.14
1.80	1724.14
1.80	1724.14
1.80	1724.14
1.81	1724.14
1.81	1724.14
1.82	1694.92
1.83	1652.89
1.83	1652.89
1.84	1666.67
1.84	1666.67
1.85	1666.67
1.85	1666.67
1.86	1666.67
1.86	1652.89
1.87	1612.90
1.88	1612.90
1.88	1612.90
1.89	1612.90
1.89	1612.90
1.90	1612.90
1.90	1612.90
1.91	1612.90
1.91	1587.30
1.93	1574.80
1.93	1562.50
1.94	1562.50
1.94	1562.50
1.95	1562.50
1.95	1562.50
1.96	1562.50
1.96	1550.39
1.97	1550.39
1.97	1574.80
1.99	1515.15
2.00	1515.15
2.00	1492.54
2.01	1503.76
2.01	1515.15
2.01	1515.15
2.02	1503.76
2.02	1503.76
2.03	1503.76
2.03	1515.15
2.03	1526.72
2.06	1418.44
2.06	1418.44
2.07	1408.45
2.07	1449.28
2.07	1449.28
2.08	1459.85
2.10	1369.86
2.10	1369.86
2.11	1369.86
2.11	1369.86
2.12	1369.86
2.12	1388.89
2.12	1418.44
2.15	1307.19
2.16	1315.79
2.16	1315.79
2.16	1315.79
2.17	1315.79
2.17	1315.79
2.18	1324.50
2.18	1342.28
2.21	1257.86
2.22	1257.86
2.22	1257.86
2.22	1257.86
2.23	1257.86
2.23	1257.86
2.24	1250.00
2.24	1257.86
2.25	1290.32
2.27	1226.99
2.28	1226.99
2.28	1226.99
2.29	1226.99
2.29	1226.99
2.30	1212.12
2.30	1212.12
2.31	1204.82
2.32	1197.60
2.33	1234.57
2.35	1183.43
2.35	1197.60
2.35	1190.48
2.36	1183.43
2.36	1190.48
2.37	1183.43
2.38	1176.47
2.38	1176.47
2.39	1162.79
2.39	1156.07
2.40	1219.51
2.41	1183.43
2.41	1197.60
2.42	1204.82
2.43	1183.43
2.43	1176.47
2.43	1250.00
2.43	1257.86
2.45	1204.82
2.46	1190.48
2.46	1197.60
2.47	1204.82
2.48	1176.47
2.70	761.12
2.72	730.54
2.73	727.88
2.75	704.80
2.77	690.20
2.77	690.20
2.81	658.39
2.82	656.23
2.82	680.81
2.83	676.20
2.83	676.20
2.84	678.50
2.85	673.92
2.88	645.64
2.89	635.39
2.90	635.39
2.90	637.41
2.91	658.39
2.91	660.57
2.93	645.64
2.93	641.50
2.94	641.50
2.94	647.73
2.95	649.84
2.95	647.73
2.96	645.64
2.97	647.73
2.97	662.76
2.98	662.76
2.98	660.57
2.99	660.57
3.00	654.09
3.01	654.09
3.01	654.09
3.02	654.09
3.02	654.09
3.03	651.96
3.03	654.09
3.04	658.39
3.05	654.09
3.05	651.96
3.06	658.39
3.06	658.39
3.07	651.96
3.08	645.64
3.08	660.57
3.09	656.23
3.10	654.09
3.10	651.96
3.11	660.57
3.11	1005.03
3.12	1052.63
3.13	1041.67
3.14	1069.52
3.15	1104.97
3.15	1104.97
3.16	1197.60
3.16	1204.82
3.16	1219.51
3.17	1226.99
3.18	1219.51
3.18	1212.12
3.19	1204.82
3.19	1307.19
3.20	1360.54
3.21	1351.35
3.21	1342.28
3.22	1324.50
3.23	1298.70
3.23	1360.54
3.24	1379.31
3.24	1379.31
3.25	1342.28
3.26	1324.50
3.27	1315.79
3.27	1351.35
3.28	1360.54
3.28	1360.54
3.29	1342.28
3.29	1342.28
3.30	1315.79
3.32	1307.19
3.32	1324.50
3.32	1333.33
3.33	1333.33
3.33	1333.33
3.34	1333.33
3.34	1342.28
3.35	1333.33
3.37	1307.19
3.37	1307.19
3.38	1298.70
3.38	1298.70
3.39	1315.79
3.39	1333.33
3.39	1333.33
3.40	1369.86
3.42	1290.32
3.43	1265.82
3.44	1265.82
3.44	1273.89
3.44	1290.32
3.45	1315.79
3.45	1360.54
3.45	1351.35
3.46	1351.35
3.46	1351.35
3.47	1342.28
3.48	1324.50
3.49	1315.79
3.49	1324.50
3.49	1324.50
3.50	1351.35
3.50	1342.28
3.51	1333.33
3.52	1342.28
3.52	1342.28
3.53	1360.54
3.53	1379.31
3.53	1379.31
3.54	1379.31
3.54	1388.89
3.54	1428.57
3.55	1438.85
3.55	1459.85
3.56	1428.57
3.57	1408.45
3.58	1408.45
3.58	1438.85
3.58	1449.28
3.59	1481.48
3.59	1515.15
3.59	1526.72
3.60	1526.72
3.60	1515.15
3.61	1526.72
3.61	1526.72
3.62	1503.76
3.63	1515.15
3.63	1574.80
3.64	1574.80
3.64	1587.30
3.64	1587.30
3.65	1587.30
3.65	1587.30
3.66	1587.30
3.66	1587.30
3.67	1694.92
3.67	1724.14
3.68	1739.13
3.68	1754.39
3.68	1754.39
3.68	1769.91
3.69	1754.39
3.69	1754.39
3.70	1724.14
3.70	1724.14
3.71	1754.39
3.73	1680.67
3.73	1724.14
3.73	1739.13
3.73	1754.39
3.73	1769.91
3.74	1801.80
3.74	1834.86
3.74	1869.16
3.78	1612.90
3.78	1612.90
3.79	1626.02
3.79	1639.34
3.79	1626.02
3.80	1626.02
3.80	1626.02
3.80	1639.34
3.82	1550.39
3.84	1492.54
3.85	1503.76
3.85	1503.76
3.85	1503.76
3.86	1503.76
3.86	1503.76
3.87	1503.76
3.87	1492.54
3.88	1449.28
3.91	1369.86
3.91	1351.35
3.92	1360.54
3.92	1369.86
3.93	1398.60
3.93	1388.89
3.94	1388.89
3.94	1388.89
3.97	1257.86
3.98	1242.24
3.99	1242.24
3.99	1250.00
3.99	1257.86
4.00	1250.00
4.01	1250.00
4.03	1183.43
4.04	1162.79
4.04	1156.07
4.07	1069.52
4.27	711.74
4.30	680.27
4.31	687.29
4.33	666.67
4.33	666.67
4.34	677.97
4.36	662.25
4.36	660.07
4.37	647.25
4.39	634.92
4.39	632.91
4.40	628.93
4.41	619.20
4.42	647.25
4.43	643.09
4.44	636.94
4.45	626.96
4.46	626.96
4.47	621.12
4.49	604.23
4.50	598.80
4.50	615.38
4.50	628.93
4.51	628.93
4.51	628.93
4.53	613.50
4.54	607.90
4.55	607.90
4.55	606.06
4.56	606.06
4.56	611.62
4.57	630.91
4.58	623.05
4.59	621.12
4.59	619.20
4.60	617.28
4.61	615.38
4.61	615.38
4.62	609.76
4.63	638.98
4.63	641.03
4.64	638.98
4.64	634.92
4.65	628.93
4.66	632.91
4.66	632.91
4.68	636.94
4.68	643.09
4.69	643.09
4.69	671.14
4.70	975.61
4.72	1010.10
4.72	995.02
4.73	1047.12
4.73	1047.12
4.74	1030.93
4.74	1069.52
4.75	1075.27
4.75	1104.97
4.77	1092.90
4.77	1098.90
4.78	1104.97
4.78	1136.36
4.78	1162.79
4.79	1162.79
4.80	1156.07
4.80	1183.43
4.80	1197.60
4.82	1169.59
4.83	1226.99
4.83	1257.86
4.83	1257.86
4.83	1265.82
4.84	1273.89
4.85	1242.24
4.85	1290.32
4.86	1307.19
4.86	1315.79
4.86	1333.33
4.88	1307.19
4.88	1315.79
4.88	1307.19
4.91	1265.82
4.92	1265.82
4.92	1282.05
4.92	1290.32
4.93	1298.70
4.93	1298.70
4.94	1324.50
4.94	1315.79
4.98	1212.12
4.98	1226.99
4.98	1234.57
4.99	1250.00
4.99	1250.00
5.00	1242.24
5.00	1282.05
5.01	1273.89
5.05	1149.43
5.05	1156.07
5.05	1169.59
5.05	1226.99
5.06	1242.24
5.06	1226.99
5.07	1226.99
5.07	1257.86
5.09	1190.48
5.11	1149.43
5.11	1156.07
5.11	1212.12
5.11	1212.12
5.12	1219.51
5.12	1219.51
5.12	1226.99
5.15	1149.43
5.15	1176.47
5.15	1183.43
5.16	1183.43
5.16	1234.57
5.16	1242.24
5.16	1242.24
5.17	1212.12
5.18	1197.60
5.18	1204.82
5.20	1197.60
5.20	1212.12
5.20	1226.99
5.20	1226.99
5.21	1212.12
5.21	1242.24
5.21	1250.00
5.21	1257.86
5.22	1351.35
5.22	1360.54
5.23	1342.28
5.23	1351.35
5.23	1360.54
5.24	1351.35
5.24	1360.54
5.24	1379.31
5.25	1526.72
5.25	1515.15
5.26	1515.15
5.26	1526.72
5.26	1538.46
5.26	1574.80
5.26	1600.00
5.27	1612.90
5.27	1886.79
5.29	1769.91
5.29	1769.91
5.29	1769.91
5.29	1785.71
5.30	1785.71
5.30	1801.80
5.30	1818.18
5.31	1923.08
5.31	2040.82
5.31	2040.82
5.32	2000.00
5.32	2000.00
5.33	1960.78
5.33	1960.78
5.33	1960.78
5.34	2247.19
5.34	2222.22
5.34	2197.80
5.35	2173.91
5.35	2150.54
5.36	2130.27
5.36	2107.82
5.36	2176.64
5.37	2200.59
5.37	2176.64
5.38	2301.90
5.38	2275.71
5.38	2250.11
5.39	2225.07
5.39	2250.11
5.40	2225.07
5.40	2200.59
5.41	2176.64
5.41	2176.64
5.42	2153.21
5.42	2153.21
5.42	2153.21
5.43	2130.27
5.43	2153.21
5.44	2064.31
5.45	2043.22
5.45	2064.31
5.45	2085.84
5.46	2043.22
5.46	2022.56
5.47	2022.56
5.48	1925.21
5.48	1925.21
5.48	1906.86
5.49	1906.86
5.49	1982.46
5.50	1963.00
5.50	1963.00
5.50	1963.00
5.51	1982.46
5.51	1943.93
5.52	1943.93
5.52	2002.31
5.52	1982.46
5.53	1963.00
5.53	1982.46
5.54	1943.93
5.54	1943.93
5.54	1943.93
5.55	1925.21
5.55	1906.86
5.56	1906.86
5.56	1888.85
5.57	1871.18
5.57	1871.18
5.58	1886.79
5.58	1886.79
5.58	1886.79
5.59	1886.79
5.60	1851.85
5.60	1851.85
5.61	1834.86
5.61	1834.86
5.62	1834.86
5.62	1834.86
5.62	1834.86
5.63	1834.86
5.63	1851.85
5.63	1851.85
5.64	1818.18
5.65	1851.85
5.65	1834.86
5.66	1834.86
5.66	1801.80
5.67	1851.85
5.67	1851.85
5.68	1834.86
5.68	1801.80
5.69	1834.86
5.69	1834.86
5.69	1818.18
5.70	1886.79
5.71	1851.85
5.71	1834.86
5.72	1818.18
5.72	1851.85
5.72	1851.85
5.73	1801.80
5.74	1785.71
5.74	1801.80
5.74	1818.18
5.75	1801.80
5.75	1769.91
5.76	1769.91
5.77	1739.13
5.77	1754.39
5.77	1769.91
5.78	1785.71
5.78	1754.39
5.79	1739.13
5.79	1724.14
5.80	1739.13
5.80	1754.39
5.80	1769.91
5.81	1754.39
5.81	1754.39
5.82	1739.13
5.82	1739.13
5.83	1754.39
5.83	1801.80
5.83	1818.18
5.83	1851.85
5.83	1869.16
5.84	1886.79
5.84	1904.76
5.84	1904.76
5.84	1923.08
5.85	1904.76
5.88	1666.67
5.89	1724.14
5.89	1724.14
5.89	1739.13
5.89	1754.39
5.89	1801.80
5.90	1818.18
5.90	1834.86
5.90	1851.85
5.90	1886.79
5.90	1904.76
5.94	1639.34
5.95	1639.34
5.95	1639.34
5.95	1666.67
5.96	1694.92
5.96	1709.40
5.97	1694.92
5.97	1694.92
5.98	1694.92
5.98	1680.67
5.99	1652.89
6.01	1562.50
6.01	1562.50
6.02	1574.80
6.02	1574.80
6.03	1587.30
6.03	1562.50
6.04	1562.50
6.04	1562.50
6.05	1562.50
6.05	1562.50
6.06	1574.80
6.06	1550.39
6.08	1503.76
6.08	1515.15
6.08	1538.46
6.09	1526.72
6.09	1538.46
6.09	1538.46
6.10	1515.15
6.11	1481.48
6.11	1459.85
6.12	1438.85
6.12	1438.85
6.14	1351.35
6.15	1351.35
6.15	1360.54
6.15	1360.54
6.15	1369.86
6.21	1290.32
6.21	1290.32
6.21	1290.32
6.21	1290.32
6.21	1290.32
6.27	1092.90
6.37	873.36
6.39	844.29
6.40	840.74
6.41	820.45
6.41	817.10
6.42	878.08
6.42	878.08
6.43	874.68
6.43	870.88
6.44	867.10
6.44	863.36
6.45	862.93
6.45	862.93
6.46	870.44
6.46	874.24
6.46	878.08
6.47	905.92
6.47	905.92
6.48	905.92
6.48	905.92
6.48	910.05
6.49	914.21
6.49	914.21
6.50	910.05
6.51	910.05
6.51	918.40
6.51	918.40
6.52	922.64
6.52	931.23
6.53	926.92
6.53	926.92
6.53	931.23
6.53	935.59
6.54	935.59
6.54	939.99
6.55	948.91
6.55	953.43
6.57	918.40
6.58	914.21
6.58	948.91
6.59	944.42
6.59	939.99
6.61	901.84
6.61	901.84
6.62	1016.42
6.62	1006.19
6.63	1001.16
6.63	996.17
6.63	991.23
6.64	1144.37
6.66	1430.93
6.67	1516.48
6.67	1505.07
6.68	1562.50
6.68	1574.80
6.68	1574.80
6.69	1574.80
6.69	1585.85
6.69	1585.85
6.70	1585.85
6.73	1448.06
6.74	1428.57
6.74	1428.57
6.74	1438.85
6.75	1449.28
6.75	1449.28
6.75	1449.28
6.76	1449.28
6.76	1449.28
6.77	1449.28
6.77	1449.28
6.80	1324.50
6.81	1315.79
6.81	1333.33
6.81	1351.35
6.82	1342.28
6.82	1342.28
6.83	1342.28
6.83	1360.54
6.83	1360.54
6.84	1351.35
6.84	1342.28
6.85	1333.33
6.85	1342.28
6.85	1351.35
6.85	1360.54
6.86	1342.28
6.87	1418.44
6.87	1428.57
6.88	1388.89
6.88	1398.60
6.89	1408.45
6.89	1503.76
6.89	1503.76
6.89	1503.76
6.89	1526.72
6.90	1538.46
6.90	1550.39
6.93	1428.57
6.93	1438.85
6.93	1562.50
6.93	1562.50
6.93	1587.30
6.94	1600.00
6.96	1470.59
6.96	1481.48
6.97	1481.48
6.98	1459.85
6.98	1459.85
6.98	1470.59
6.99	1612.90
7.00	1562.50
7.01	1538.46
7.01	1538.46
7.02	1526.72
7.02	1526.72
7.03	1526.72
7.03	1526.72
7.04	1526.72
7.04	1503.76
7.06	1428.57
7.07	1562.50
7.07	1574.80
7.08	1562.50
7.08	1550.39
7.09	1550.39
7.09	1550.39
7.10	1538.46
7.10	1526.72
7.11	1515.15
7.13	1438.85
7.13	1449.28
7.13	1459.85
7.13	1459.85
7.14	1459.85
7.14	1459.85
7.14	1470.59
7.15	1481.48
7.15	1470.59
7.16	1515.15
7.16	1503.76
7.20	1342.28
7.20	1342.28
7.20	1342.28
7.20	1342.28
7.20	1342.28
7.21	1342.28
7.26	1149.43
7.26	1234.57
7.26	1234.57
7.27	1226.99
7.27	1219.51
7.31	1092.90
7.32	1086.96
7.54	719.42
7.56	694.44
7.56	696.86
7.58	684.93
7.60	668.90
7.60	668.90
7.62	653.59
7.63	666.67
7.63	671.14
7.65	655.74
7.65	655.74
7.66	655.74
7.66	655.74
7.68	641.03
7.68	641.03
7.69	645.16
7.69	660.07
7.70	657.89
7.71	651.47
7.72	647.25
7.72	647.25
7.73	647.25
7.74	636.94
7.75	638.98
7.75	641.03
7.76	641.03
7.77	645.16
7.78	643.09
7.79	634.92
7.79	632.91
7.79	630.91
7.81	617.28
7.82	619.20
7.82	615.38
7.83	615.38
7.83	617.28
7.83	619.20
7.87	619.20
7.87	617.28
7.87	617.28
7.88	615.38
7.88	613.50
7.89	611.62
7.89	660.07
7.89	657.89
7.93	621.12
7.94	621.12
7.94	623.05
7.94	660.07
7.95	660.07
7.95	1005.03
7.96	1052.63
7.96	1047.12
7.97	1086.96
8.00	1036.27
8.01	1030.93
8.01	1069.52
8.02	1075.27
8.02	1075.27
8.02	1111.11
8.03	1111.11
8.03	1111.11
8.04	1111.11
8.05	1123.60
8.07	1069.52
8.08	1075.27
8.08	1081.08
8.08	1098.90
8.08	1123.60
8.08	1142.86
8.09	1149.43
8.10	1104.97
8.11	1142.86
8.11	1149.43
8.11	1156.07
8.12	1142.86
8.12	1183.43
8.13	1190.48
8.13	1219.51
8.14	1176.47
8.15	1183.43
8.15	1234.57
8.15	1242.24
8.15	1265.82
8.16	1250.00
8.17	1234.57
8.17	1234.57
8.17	1369.86
8.18	1351.35
8.18	1342.28
8.19	1342.28
8.19	1342.28
8.19	1351.35
8.20	1360.54
8.21	1315.79
8.21	1492.54
8.22	1503.76
8.22	1503.76
8.22	1515.15
8.22	1515.15
8.23	1515.15
8.23	1515.15
8.23	1526.72
8.25	1459.85
8.25	1666.67
8.25	1680.67
8.26	1694.92
8.26	1709.40
8.26	1724.14
8.28	1639.34
8.28	1652.89
8.28	1666.67
8.28	1680.67
8.29	1769.91
8.29	1941.75
8.30	1886.79
8.30	1851.85
8.31	1785.71
8.31	1785.71
8.32	1785.71
8.32	1754.39
8.33	1869.16
8.33	1834.86
8.34	1818.18
8.34	1785.71
8.35	1818.18
8.35	1818.18
8.36	1785.71
8.36	1769.91
8.37	1869.16
8.37	1851.85
8.38	1834.86
8.38	1801.80
8.39	1785.71
8.39	1818.18
8.40	1818.18
8.40	1801.80
8.40	1801.80
8.40	1851.85
8.41	1869.16
8.41	1869.16
8.41	1869.16
8.42	1851.85
8.43	1754.39
8.44	1851.85
8.44	1851.85
8.44	1851.85
8.44	1851.85
8.44	1851.85
8.45	1869.16
8.45	1886.79
8.48	1694.92
8.48	1694.92
8.48	1801.80
8.49	1785.71
8.49	1739.13
8.50	1709.40
8.51	1652.89
8.52	1626.02
8.53	1680.67
8.53	1666.67
8.54	1639.34
8.55	1574.80
8.55	1550.39
8.56	1550.39
8.56	1562.50
8.57	1562.50
8.58	1574.80
8.59	1515.15
8.60	1492.54
8.61	1470.59
8.61	1470.59
8.61	1481.48
8.62	1481.48
8.62	1492.54
8.64	1449.28
8.64	1438.85
8.64	1459.85
8.65	1470.59
8.65	1481.48
8.65	1481.48
8.66	1481.48
8.66	1470.59
8.67	1470.59
8.67	1481.48
8.67	1492.54
8.68	1492.54
8.68	1481.48
8.69	1481.48
8.69	1481.48
8.69	1492.54
8.69	1503.76
8.70	1492.54
8.70	1562.50
8.70	1562.50
8.71	1515.15
8.71	1515.15
8.72	1515.15
8.72	1492.54
8.72	1492.54
8.73	1492.54
8.73	1626.02
8.74	1626.02
8.74	1600.00
8.74	1612.90
8.75	1626.02
8.76	1626.02
8.76	1680.67
8.76	1680.67
8.77	1724.14
8.77	1709.40
8.77	1739.13
8.78	1785.71
8.78	1818.18
8.79	1801.80
8.79	1818.18
8.80	1834.86
8.80	1869.16
8.80	1941.75
8.81	1960.78
8.81	2020.20
8.82	2020.20
8.82	2020.20
8.82	2020.20
8.83	2020.20
8.83	2127.66
8.84	2127.66
8.84	2105.26
8.85	2083.33
8.85	2061.86
8.85	2061.86
8.86	2061.86
8.86	2105.26
8.87	2105.26
8.87	2083.33
8.87	2083.33
8.88	2083.33
8.88	2083.33
8.89	2040.82
8.89	2020.20
8.90	2000.00
8.90	1980.20
8.91	2000.00
8.91	1941.75
8.92	1923.08
8.92	1980.20
8.93	1960.78
8.93	1941.75
8.94	1923.08
8.95	1869.16
8.95	1851.85
8.96	1869.16
8.96	1851.85
8.96	1869.16
8.97	1834.86
8.98	1834.86
8.98	1834.86
8.99	1801.80
8.99	1818.18
9.00	1801.80
9.00	1818.18
9.01	1785.71
9.01	1801.80
9.02	1724.14
9.03	1709.40
9.03	1709.40
9.04	1709.40
9.05	1680.67
9.05	1680.67
9.06	1680.67
9.06	1680.67
9.06	1680.67
9.07	1680.67
9.07	1680.67
9.08	1666.67
9.09	1587.30
9.10	1587.30
9.10	1587.30
9.11	1587.30
9.11	1587.30
9.12	1587.30
9.12	1574.80
9.13	1562.50
9.14	1492.54
9.15	1492.54
9.15	1492.54
9.16	1492.54
9.16	1481.48
9.17	1492.54
9.17	1492.54
9.18	1481.48
9.19	1418.44
9.20	1418.44
9.20	1438.85
9.21	1438.85
9.21	1428.57
9.22	1418.44
9.22	1418.44
9.23	1428.57
9.24	1438.85
9.25	1398.60
9.25	1398.60
9.26	1398.60
9.26	1388.89
9.27	1388.89
9.28	1388.89
9.28	1388.89
9.29	1379.31
9.29	1379.31
9.30	1369.86
9.31	1342.28
9.32	1351.35
9.32	1351.35
9.32	1388.89
9.33	1388.89
9.33	1388.89
9.34	1360.54
9.35	1369.86
9.36	1342.28
9.37	1342.28
9.37	1324.50
9.38	1315.79
9.38	1315.79
9.39	1315.79
9.41	1250.00
9.42	1298.70
9.42	1290.32
9.43	1290.32
9.43	1290.32
9.43	1290.32
9.44	1282.05
9.47	1204.82
9.47	1204.82
9.48	1257.86
9.48	1257.86
9.48	1257.86
9.49	1250.00
9.50	1234.57
9.53	1162.79
9.53	1162.79
9.53	1169.59
9.54	1212.12
9.54	1212.12
9.57	1149.43
9.57	1142.86
9.58	1142.86
9.59	1123.60
9.59	1129.94
9.60	1136.36
9.60	1142.86
9.60	1176.47
9.62	1142.86
9.62	1142.86
9.63	1149.43
9.63	1156.07
9.64	1149.43
9.64	1156.07
9.65	1169.59
9.66	1142.86
9.66	1156.07
9.66	1176.47
9.67	1176.47
9.67	1183.43
9.67	1190.48
9.68	1183.43
9.69	1183.43
9.69	1204.82
9.70	1204.82
9.70	1212.12
9.71	1212.12
9.71	1234.57
9.72	1226.99
9.72	1226.99
9.73	1226.99
9.73	1298.70
9.74	1298.70
9.74	1307.19
9.74	1307.19
9.75	1290.32
9.76	1290.32
9.76	1298.70
9.76	1398.60
9.77	1408.45
9.77	1398.60
9.78	1398.60
9.78	1398.60
9.79	1408.45
9.79	1438.85
9.79	1550.39
9.80	1550.39
9.80	1550.39
9.81	1550.39
9.81	1550.39
9.81	1666.67
9.82	1680.67
9.82	1694.92
9.83	1754.39
9.83	1739.13
9.84	1739.13
9.84	1739.13
9.84	1724.14
9.85	1801.80
9.85	1801.80
9.86	1801.80
9.86	1801.80
9.86	1834.86
9.87	1834.86
9.87	1834.86
9.88	1904.76
9.88	1904.76
9.88	1923.08
9.90	1801.80
9.90	1785.71
9.92	1652.89
9.93	1680.67
9.93	1680.67
9.94	1680.67
9.94	1694.92
9.95	1724.14
9.95	1724.14
9.96	1694.92
9.96	1724.14
9.98	1639.34
9.98	1639.34
9.99	1612.90
9.99	1612.90
10.00	1612.90
10.00	1612.90
10.01	1639.34
10.01	1639.34
10.01	1639.34
10.02	1612.90
10.03	1612.90
10.04	1562.50
10.05	1550.39
10.05	1550.39
10.06	1538.46
10.06	1538.46
10.06	1538.46
10.07	1538.46
10.07	1538.46
10.08	1538.46
10.08	1538.46
10.11	1418.44
10.11	1418.44
10.12	1418.44
10.12	1418.44
10.12	1418.44
10.13	1418.44
10.13	1408.45
10.14	1408.45
10.14	1408.45
10.15	1408.45
10.15	1418.44
10.15	1428.57
10.15	1438.85
10.18	1324.50
10.19	1324.50
10.19	1324.50
10.20	1315.79
10.21	1257.86
10.21	1324.50
10.22	1333.33
10.22	1418.44
10.22	1428.57
10.23	1398.60
10.23	1398.60
10.24	1398.60
10.24	1398.60
10.25	1398.60
10.25	1408.45
10.26	1408.45
10.26	1470.59
10.29	1333.33
10.30	1360.54
10.30	1369.86
10.30	1379.31
10.30	1388.89
10.30	1398.60
10.31	1398.60
10.31	1398.60
10.32	1418.44
10.35	1298.70
10.35	1342.28
10.35	1360.54
10.35	1369.86
10.36	1388.89
10.36	1398.60
10.36	1408.45
10.36	1418.44
10.36	1428.57
10.38	1360.54
10.38	1369.86
10.39	1492.54
10.39	1503.76
10.39	1515.15
10.40	1470.59
10.41	1481.48
10.41	1481.48
10.41	1492.54
10.42	1503.76
10.42	1515.15
10.43	1492.54
10.43	1470.59
10.44	1459.85
10.44	1449.28
10.44	1587.30
10.45	1600.00
10.45	1600.00
10.45	1612.90
10.46	1709.40
10.46	1666.67
10.47	1652.89
10.48	1612.90
10.48	1612.90
10.48	1666.67
10.48	1680.67
10.48	1694.92
10.51	1587.30
10.51	1600.00
10.51	1612.90
10.51	1626.02
10.51	1639.34
10.52	1869.16
10.52	1869.16
10.54	1680.67
10.55	1680.67
10.55	1680.67
10.55	1680.67
10.55	1694.92
10.56	1709.40
10.56	1724.14
10.59	1724.14
10.59	1724.14
10.59	1724.14
10.59	1724.14
10.60	1709.40
10.85	840.34
10.89	787.40
10.89	784.31
10.92	751.88
10.93	760.46
10.93	760.46
10.94	751.88
10.95	743.49
10.95	740.74
10.96	751.88
10.96	749.06
10.96	749.06
10.97	746.27
10.98	743.49
10.98	740.74
10.98	746.27
10.99	749.06
10.99	749.06
11.00	749.06
11.00	749.06
11.00	746.27
11.01	746.27
11.01	743.49
11.02	740.74
11.02	746.27
11.03	746.27
11.03	751.88
11.03	749.06
11.04	746.27
11.04	743.49
11.05	740.74
11.05	763.36
11.05	760.46
11.06	757.58
11.06	754.72
11.07	751.88
11.07	749.06
11.08	746.27
11.08	778.21
11.08	775.19
11.09	772.20
11.09	769.23
11.10	766.28
11.10	763.36
11.10	760.46
11.11	800.00
11.13	778.21
11.13	775.19
11.13	772.20
11.14	769.23
11.16	1369.86
11.16	1526.72
11.16	1526.72
11.17	1652.89
11.17	1709.40
11.18	1694.92
11.19	1694.92
11.20	1666.67
11.20	1666.67
11.21	1666.67
11.21	1652.89
11.22	1652.89
11.22	1666.67
11.22	1666.67
11.23	1666.67
11.24	1639.34
11.26	1538.46
11.27	1515.15
11.27	1515.15
11.27	1515.15
11.28	1515.15
11.28	1515.15
11.29	1515.15
11.29	1515.15
11.30	1515.15
11.31	1449.28
11.32	1438.85
11.34	1379.31
11.34	1369.86
11.35	1369.86
11.35	1369.86
11.35	1369.86
11.36	1369.86
11.36	1369.86
11.37	1369.86
11.41	1226.99
11.41	1226.99
11.41	1226.99
11.42	1234.57
11.42	1219.51
11.43	1226.99
11.43	1234.57
11.43	1242.24
11.43	1250.00
11.44	1250.00
11.44	1250.00
11.45	1298.70
11.45	1298.70
11.46	1273.89
11.46	1282.05
11.47	1342.28
11.49	1250.00
11.50	1257.86
11.50	1265.82
11.50	1273.89
11.50	1273.89
11.51	1290.32
11.51	1324.50
11.52	1324.50
11.52	1324.50
11.52	1333.33
11.53	1333.33
11.53	1333.33
11.54	1333.33
11.54	1342.28
11.57	1250.00
11.57	1324.50
11.58	1342.28
11.58	1342.28
11.58	1342.28
11.59	1342.28
11.59	1342.28
11.60	1342.28
11.60	1342.28
11.61	1342.28
11.61	1398.60
11.61	1408.45
11.62	1481.48
11.62	1503.76
11.62	1515.15
11.65	1408.45
11.65	1408.45
11.65	1408.45
11.66	1418.44
11.66	1428.57
11.66	1626.02
11.67	1626.02
11.67	1626.02
11.67	1626.02
11.68	1652.89
11.70	1538.46
11.70	1538.46
11.70	1526.72
11.71	1515.15
11.71	1515.15
11.93	843.88
11.98	784.31
11.99	763.36
12.03	729.93
12.03	732.60
12.03	732.60
12.04	766.28
12.04	766.28
12.04	763.36
12.05	757.58
12.06	743.49
12.07	746.27
12.07	746.27
12.07	746.27
12.07	0.00
