0 0.107000
1 0.125240
2 0.143480
3 0.147480
4 0.155480
5 0.163480
6 0.171480
7 0.179480
8 0.187480
9 0.193480
10 0.201480
11 0.207480
12 0.213480
13 0.219480
14 0.225480
15 0.231480
16 0.237480
17 0.243480
18 0.249480
19 0.255480
20 0.263480
21 0.269480
22 0.275480
23 0.281480
24 0.287480
25 0.293480
26 0.299480
27 0.305480
28 0.311480
29 0.317480
30 0.325480
31 0.331480
32 0.337480
33 0.343480
34 0.349480
35 0.355480
36 0.361480
37 0.367480
38 0.373480
39 0.379480
40 0.387480
41 0.393480
42 0.399480
43 0.405480
44 0.411480
45 0.417480
46 0.423480
47 0.429480
48 0.435480
49 0.441480
50 0.449480
51 0.455480
52 0.461480
53 0.467480
54 0.473480
55 0.479480
56 0.485480
57 0.491480
58 0.497480
59 0.503480
60 0.511480
61 0.517480
62 0.523480
63 0.529480
64 0.535480
65 0.541480
66 0.547480
67 0.553480
68 0.559480
69 0.565480
70 0.573480
71 0.579480
72 0.585480
73 0.591480
74 0.597480
75 0.603480
76 0.609480
77 0.615480
78 0.621480
79 0.627480
80 0.635480
81 0.641480
82 0.647480
83 0.653480
84 0.659480
85 0.665480
86 0.671480
87 0.677480
88 0.683480
89 0.689480
90 0.697480
91 0.703480
92 0.709480
93 0.715480
94 0.721480
95 0.727480
96 0.733480
97 0.739480
98 0.745480
99 0.751480
100 0.759480
101 0.765480
102 0.771480
103 0.777480
104 0.783480
105 0.789480
106 0.795480
107 0.801480
108 0.807480
109 0.813480
110 0.821480
111 0.827480
112 0.833480
113 0.839480
114 0.845480
115 0.851480
116 0.857480
117 0.863480
118 0.869480
119 0.875480
120 0.883480
121 0.889480
122 0.895480
123 0.901480
124 0.907480
125 0.913480
126 0.919480
127 0.925480
128 0.931480
129 0.937480
130 0.945480
131 0.951480
132 0.957480
133 0.963480
134 0.969480
135 0.975480
136 0.981480
137 0.987480
138 0.993480
139 0.999480
140 1.007480
141 1.013480
142 1.019480
143 1.025480
144 1.031480
145 1.037480
146 1.043480
147 1.049480
148 1.055480
149 1.061480
150 1.069480
151 1.075480
152 1.081480
153 1.087480
154 1.093480
155 1.099480
156 1.105480
157 1.111480
158 1.117480
159 1.123480
160 1.131480
161 1.137480
162 1.143480
163 1.149480
164 1.155480
165 1.161480
166 1.167480
167 1.173480
168 1.179480
169 1.185480
170 1.193480
171 1.199480
172 1.205480
173 1.211480
174 1.217480
175 1.223480
176 1.229480
177 1.235480
178 1.241480
179 1.247480
180 1.255480
181 1.261480
182 1.267480
183 1.273480
184 1.279480
185 1.285480
186 1.291480
187 1.297480
188 1.303480
189 1.309480
190 1.317480
191 1.323480
192 1.329480
193 1.335480
194 1.341480
195 1.347480
196 1.353480
197 1.359480
198 1.365480
199 1.371480
200 1.379480
201 1.385480
202 1.391480
203 1.397480
204 1.403480
205 1.409480
206 1.415480
207 1.421480
208 1.427480
209 1.433480
210 1.441480
211 1.447480
212 1.453480
213 1.459480
214 1.465480
215 1.471480
216 1.477480
217 1.483480
218 1.489480
219 1.495480
220 1.503480
221 1.509480
222 1.515480
223 1.521480
224 1.527480
225 1.533480
226 1.539480
227 1.545480
228 1.551480
229 1.557480
230 1.565480
231 1.571480
232 1.577480
233 1.583480
234 1.589480
235 1.595480
236 1.601480
237 1.607480
238 1.613480
239 1.619480
240 1.627480
241 1.633480
242 1.639480
243 1.645480
244 1.651480
245 1.657480
246 1.663480
247 1.669480
248 1.675480
249 1.681480
250 1.689480
251 1.695480
252 1.701480
253 1.707480
254 1.713480
255 1.719480
256 1.725480
257 1.731480
258 1.737480
259 1.743480
260 1.751480
261 1.757480
262 1.763480
263 1.769480
264 1.775480
265 1.781480
266 1.787480
267 1.793480
268 1.799480
269 1.805480
270 1.813480
271 1.819480
272 1.825480
273 1.831480
274 1.837480
275 1.843480
276 1.849480
277 1.855480
278 1.861480
279 1.867480
280 1.875480
281 1.881480
282 1.887480
283 1.893480
284 1.899480
285 1.905480
286 1.911480
287 1.917480
288 1.923480
289 1.929480
290 1.937480
291 1.943480
292 1.949480
293 1.955480
294 1.961480
295 1.967480
296 1.973480
297 1.979480
298 1.985480
299 1.991480
300 1.999480
301 2.005480
302 2.011480
303 2.017480
304 2.023480
305 2.029480
306 2.035480
307 2.041480
308 2.047480
309 2.053480
310 2.061480
311 2.067480
312 2.073480
313 2.079480
314 2.085480
315 2.091480
316 2.097480
317 2.103480
318 2.109480
319 2.115480
320 2.123480
321 2.129480
322 2.135480
323 2.141480
324 2.147480
325 2.153480
326 2.159480
327 2.165480
328 2.171480
329 2.177480
330 2.185480
331 2.191480
332 2.197480
333 2.203480
334 2.209480
335 2.215480
336 2.221480
337 2.227480
338 2.233480
339 2.239480
340 2.247480
341 2.253480
342 2.259480
343 2.265480
344 2.271480
345 2.277480
346 2.283480
347 2.289480
348 2.295480
349 2.301480
350 2.309480
351 2.315480
352 2.321480
353 2.327480
354 2.333480
355 2.339480
356 2.345480
357 2.351480
358 2.357480
359 2.363480
360 2.371480
361 2.377480
362 2.383480
363 2.389480
364 2.395480
365 2.401480
366 2.407480
367 2.413480
368 2.419480
369 2.425480
370 2.433480
371 2.439480
372 2.445480
373 2.451480
374 2.457480
375 2.463480
376 2.469480
377 2.475480
378 2.481480
379 2.487480
380 2.495480
381 2.501480
382 2.507480
383 2.513480
384 2.519480
385 2.525480
386 2.531480
387 2.537480
388 2.543480
389 2.549480
390 2.557480
391 2.563480
392 2.569480
393 2.575480
394 2.581480
395 2.587480
396 2.593480
397 2.599480
398 2.605480
399 2.611480
400 2.619480
401 2.625480
402 2.631480
403 2.637480
404 2.643480
405 2.649480
406 2.655480
407 2.661480
408 2.667480
409 2.673480
410 2.681480
411 2.687480
412 2.693480
413 2.699480
414 2.705480
415 2.711480
416 2.717480
417 2.723480
418 2.729480
419 2.735480
420 2.743480
421 2.749480
422 2.755480
423 2.761480
424 2.767480
425 2.773480
426 2.779480
427 2.785480
428 2.791480
429 2.797480
430 2.805480
431 2.811480
432 2.817480
433 2.823480
434 2.829480
435 2.835480
436 2.841480
437 2.847480
438 2.853480
439 2.859480
440 2.867480
441 2.873480
442 2.879480
443 2.885480
444 2.891480
445 2.897480
446 2.903480
447 2.909480
448 2.915480
449 2.921480
450 2.929480
451 2.935480
452 2.941480
453 2.947480
454 2.953480
455 2.959480
456 2.965480
457 2.971480
458 2.977480
459 2.983480
460 2.991480
461 2.997480
462 3.003480
463 3.009480
464 3.015480
465 3.021480
466 3.027480
467 3.033480
468 3.039480
469 3.045480
470 3.053480
471 3.059480
472 3.065480
473 3.071480
474 3.077480
475 3.083480
476 3.089480
477 3.095480
478 3.101480
479 3.107480
480 3.115480
481 3.121480
482 3.127480
483 3.133480
484 3.139480
485 3.145480
486 3.151480
487 3.157480
488 3.163480
489 3.169480
490 3.177480
491 3.183480
492 3.189480
493 3.195480
494 3.201480
495 3.207480
496 3.213480
497 3.219480
498 3.225480
499 3.231480
500 3.239480
501 3.245480
502 3.251480
503 3.257480
504 3.263480
505 3.269480
506 3.275480
507 3.281480
508 3.287480
509 3.293480
510 3.301480
511 3.307480
512 3.313480
513 3.319480
514 3.325480
515 3.331480
516 3.337480
517 3.343480
518 3.349480
519 3.355480
520 3.363480
521 3.369480
522 3.375480
523 3.381480
524 3.387480
525 3.393480
526 3.399480
527 3.405480
528 3.411480
529 3.417480
530 3.425480
531 3.431480
532 3.437480
533 3.443480
534 3.449480
535 3.455480
536 3.461480
537 3.467480
538 3.473480
539 3.479480
540 3.487480
541 3.493480
542 3.499480
543 3.505480
544 3.511480
545 3.517480
546 3.523480
547 3.529480
548 3.535480
549 3.541480
550 3.549480
551 3.555480
552 3.561480
553 3.567480
554 3.573480
555 3.579480
556 3.585480
557 3.591480
558 3.597480
559 3.603480
560 3.611480
561 3.617480
562 3.623480
563 3.629480
564 3.635480
565 3.641480
566 3.647480
567 3.653480
568 3.659480
569 3.665480
570 3.673480
571 3.679480
572 3.685480
573 3.691480
574 3.697480
575 3.703480
576 3.709480
577 3.715480
578 3.721480
579 3.727480
580 3.735480
581 3.741480
582 3.747480
583 3.753480
584 3.759480
585 3.765480
586 3.771480
587 3.777480
588 3.783480
589 3.789480
590 3.797480
591 3.803480
592 3.809480
593 3.815480
594 3.821480
595 3.827480
596 3.833480
597 3.839480
598 3.845480
599 3.851480
600 3.859480
601 3.865480
602 3.871480
603 3.877480
604 3.883480
605 3.889480
606 3.895480
607 3.901480
608 3.907480
609 3.913480
610 3.921480
611 3.927480
612 3.933480
613 3.939480
614 3.945480
615 3.951480
616 3.957480
617 3.963480
618 3.969480
619 3.975480
620 3.983480
621 3.989480
622 3.995480
623 4.001480
624 4.007480
625 4.013480
626 4.019480
627 4.025480
628 4.031480
629 4.037480
630 4.045480
631 4.051480
632 4.057480
633 4.063480
634 4.069480
635 4.075480
636 4.081480
637 4.087480
638 4.093480
639 4.099480
640 4.107480
641 4.113480
642 4.119480
643 4.125480
644 4.131480
645 4.137480
646 4.143480
647 4.149480
648 4.155480
649 4.161480
650 4.169480
651 4.175480
652 4.181480
653 4.187480
654 4.193480
655 4.199480
656 4.205480
657 4.211480
658 4.217480
659 4.223480
660 4.231480
661 4.237480
662 4.243480
663 4.249480
664 4.255480
665 4.261480
666 4.267480
667 4.273480
668 4.279480
669 4.285480
670 4.293480
671 4.299480
672 4.305480
673 4.311480
674 4.317480
675 4.323480
676 4.329480
677 4.335480
678 4.341480
679 4.347480
680 4.355480
681 4.361480
682 4.367480
683 4.373480
684 4.379480
685 4.385480
686 4.391480
687 4.397480
688 4.403480
689 4.409480
690 4.417480
691 4.423480
692 4.429480
693 4.435480
694 4.441480
695 4.447480
696 4.453480
697 4.459480
698 4.465480
699 4.471480
700 4.479480
701 4.485480
702 4.491480
703 4.497480
704 4.503480
705 4.509480
706 4.515480
707 4.521480
708 4.527480
709 4.533480
710 4.541480
711 4.547480
712 4.553480
713 4.559480
714 4.565480
715 4.571480
716 4.577480
717 4.583480
718 4.589480
719 4.595480
720 4.603480
721 4.609480
722 4.615480
723 4.621480
724 4.627480
725 4.633480
726 4.639480
727 4.645480
728 4.651480
729 4.657480
730 4.665480
731 4.671480
732 4.677480
733 4.683480
734 4.689480
735 4.695480
736 4.701480
737 4.707480
738 4.713480
739 4.719480
740 4.727480
741 4.733480
742 4.739480
743 4.745480
744 4.751480
745 4.757480
746 4.763480
747 4.769480
748 4.775480
749 4.781480
750 4.789480
751 4.795480
752 4.801480
753 4.807480
754 4.813480
755 4.819480
756 4.825480
757 4.831480
758 4.837480
759 4.843480
760 4.851480
761 4.857480
762 4.863480
763 4.869480
764 4.875480
765 4.881480
766 4.887480
767 4.893480
768 4.899480
769 4.905480
770 4.913480
771 4.919480
772 4.925480
773 4.931480
774 4.937480
775 4.943480
776 4.949480
777 4.955480
778 4.961480
779 4.967480
780 4.975480
781 4.981480
782 4.987480
783 4.993480
784 4.999480
785 5.005480
786 5.011480
787 5.017480
788 5.023480
789 5.029480
790 5.037480
791 5.043480
792 5.049480
793 5.055480
794 5.061480
795 5.067480
796 5.073480
797 5.079480
798 5.085480
799 5.091480
800 5.099480
801 5.105480
802 5.111480
803 5.117480
804 5.123480
805 5.129480
806 5.135480
807 5.141480
808 5.147480
809 5.153480
810 5.161480
811 5.167480
812 5.173480
813 5.179480
814 5.185480
815 5.191480
816 5.197480
817 5.203480
818 5.209480
819 5.215480
820 5.223480
821 5.229480
822 5.235480
823 5.241480
824 5.247480
825 5.253480
826 5.259480
827 5.265480
828 5.271480
829 5.277480
830 5.285480
831 5.291480
832 5.297480
833 5.303480
834 5.309480
835 5.315480
836 5.321480
837 5.327480
838 5.333480
839 5.339480
840 5.347480
841 5.353480
842 5.359480
843 5.365480
844 5.371480
845 5.377480
846 5.383480
847 5.389480
848 5.395480
849 5.401480
850 5.409480
851 5.415480
852 5.421480
853 5.427480
854 5.433480
855 5.439480
856 5.445480
857 5.451480
858 5.457480
859 5.463480
860 5.471480
861 5.477480
862 5.483480
863 5.489480
864 5.495480
865 5.501480
866 5.507480
867 5.513480
868 5.519480
869 5.525480
870 5.533480
871 5.539480
872 5.545480
873 5.551480
874 5.557480
875 5.563480
876 5.569480
877 5.575480
878 5.581480
879 5.587480
880 5.595480
881 5.601480
882 5.607480
883 5.613480
884 5.619480
885 5.625480
886 5.631480
887 5.637480
888 5.643480
889 5.649480
890 5.657480
891 5.663480
892 5.669480
893 5.675480
894 5.681480
895 5.687480
896 5.693480
897 5.699480
898 5.705480
899 5.711480
900 5.719480
901 5.725480
902 5.731480
903 5.737480
904 5.743480
905 5.749480
906 5.755480
907 5.761480
908 5.767480
909 5.773480
910 5.781480
911 5.787480
912 5.793480
913 5.799480
914 5.805480
915 5.811480
916 5.817480
917 5.823480
918 5.829480
919 5.835480
920 5.843480
921 5.849480
922 5.855480
923 5.861480
924 5.867480
925 5.873480
926 5.879480
927 5.885480
928 5.891480
929 5.897480
930 5.905480
931 5.911480
932 5.917480
933 5.923480
934 5.929480
935 5.935480
936 5.941480
937 5.947480
938 5.953480
939 5.959480
940 5.967480
941 5.973480
942 5.979480
943 5.985480
944 5.991480
945 5.997480
946 6.003480
947 6.009480
948 6.015480
949 6.021480
950 6.029480
951 6.035480
952 6.041480
953 6.047480
954 6.053480
955 6.059480
956 6.065480
957 6.071480
958 6.077480
959 6.083480
960 6.091480
961 6.097480
962 6.103480
963 6.109480
964 6.115480
965 6.121480
966 6.127480
967 6.133480
968 6.139480
969 6.145480
970 6.153480
971 6.159480
972 6.165480
973 6.171480
974 6.177480
975 6.183480
976 6.189480
977 6.195480
978 6.201480
979 6.207480
980 6.215480
981 6.221480
982 6.227480
983 6.233480
984 6.239480
985 6.245480
986 6.251480
987 6.257480
988 6.263480
989 6.269480
990 6.277480
991 6.283480
992 6.289480
993 6.295480
994 6.301480
995 6.307480
996 6.313480
997 6.319480
998 6.325480
999 6.331480
1000 6.339480
1001 6.345480
1002 6.351480
1003 6.357480
1004 6.363480
1005 6.369480
1006 6.375480
1007 6.381480
1008 6.387480
1009 6.393480
1010 6.401480
1011 6.407480
1012 6.413480
1013 6.419480
1014 6.425480
1015 6.431480
1016 6.437480
1017 6.443480
1018 6.449480
1019 6.455480
1020 6.463480
1021 6.469480
1022 6.475480
1023 6.481480
1024 6.487480
1025 6.493480
1026 6.499480
1027 6.505480
1028 6.511480
1029 6.517480
1030 6.525480
1031 6.531480
1032 6.537480
1033 6.543480
1034 6.549480
1035 6.555480
1036 6.561480
1037 6.567480
1038 6.573480
1039 6.579480
1040 6.587480
1041 6.593480
1042 6.599480
1043 6.605480
1044 6.611480
1045 6.617480
1046 6.623480
1047 6.629480
1048 6.635480
1049 6.641480
1050 6.649480
1051 6.655480
1052 6.661480
1053 6.667480
1054 6.673480
1055 6.679480
1056 6.685480
1057 6.691480
1058 6.697480
1059 6.703480
1060 6.711480
1061 6.717480
1062 6.723480
1063 6.729480
1064 6.735480
1065 6.741480
1066 6.747480
1067 6.753480
1068 6.759480
1069 6.765480
1070 6.773480
1071 6.779480
1072 6.785480
1073 6.791480
1074 6.797480
1075 6.803480
1076 6.809480
1077 6.815480
1078 6.821480
1079 6.827480
1080 6.835480
1081 6.841480
1082 6.847480
1083 6.853480
1084 6.859480
1085 6.865480
1086 6.871480
1087 6.877480
1088 6.883480
1089 6.889480
1090 6.897480
1091 6.903480
1092 6.909480
1093 6.915480
1094 6.921480
1095 6.927480
1096 6.933480
1097 6.939480
1098 6.945480
1099 6.951480
1100 6.959480
1101 6.965480
1102 6.971480
1103 6.977480
1104 6.983480
1105 6.989480
1106 6.995480
1107 7.001480
1108 7.007480
1109 7.013480
1110 7.021480
1111 7.027480
1112 7.033480
1113 7.039480
1114 7.045480
1115 7.051480
1116 7.057480
1117 7.063480
1118 7.069480
1119 7.075480
1120 7.083480
1121 7.089480
1122 7.095480
1123 7.101480
1124 7.107480
1125 7.113480
1126 7.119480
1127 7.125480
1128 7.131480
1129 7.137480
1130 7.145480
1131 7.151480
1132 7.157480
1133 7.163480
1134 7.169480
1135 7.175480
1136 7.181480
1137 7.187480
1138 7.193480
1139 7.199480
1140 7.207480
1141 7.213480
1142 7.219480
1143 7.225480
1144 7.231480
1145 7.237480
1146 7.243480
1147 7.249480
1148 7.255480
1149 7.261480
1150 7.269480
1151 7.275480
1152 7.281480
1153 7.287480
1154 7.293480
1155 7.299480
1156 7.305480
1157 7.311480
1158 7.317480
1159 7.323480
1160 7.331480
1161 7.337480
1162 7.343480
1163 7.349480
1164 7.355480
1165 7.361480
1166 7.367480
1167 7.373480
1168 7.379480
1169 7.385480
1170 7.393480
1171 7.399480
1172 7.405480
1173 7.411480
1174 7.417480
1175 7.423480
1176 7.429480
1177 7.435480
1178 7.441480
1179 7.447480
1180 7.455480
1181 7.461480
1182 7.467480
1183 7.473480
1184 7.479480
1185 7.485480
1186 7.491480
1187 7.497480
1188 7.503480
1189 7.509480
1190 7.517480
1191 7.523480
1192 7.529480
1193 7.535480
1194 7.541480
1195 7.547480
1196 7.553480
1197 7.559480
1198 7.565480
1199 7.571480
1200 7.579480
1201 7.585480
1202 7.591480
1203 7.597480
1204 7.603480
1205 7.609480
1206 7.615480
1207 7.621480
1208 7.627480
1209 7.633480
1210 7.641480
1211 7.647480
1212 7.653480
1213 7.659480
1214 7.665480
1215 7.671480
1216 7.677480
1217 7.683480
1218 7.689480
1219 7.695480
1220 7.703480
1221 7.709480
1222 7.715480
1223 7.721480
1224 7.727480
1225 7.733480
1226 7.739480
1227 7.745480
1228 7.751480
1229 7.757480
1230 7.765480
1231 7.771480
1232 7.777480
1233 7.783480
1234 7.789480
1235 7.795480
1236 7.801480
1237 7.807480
1238 7.813480
1239 7.819480
1240 7.827480
1241 7.833480
1242 7.839480
1243 7.845480
1244 7.851480
1245 7.857480
1246 7.863480
1247 7.869480
1248 7.875480
1249 7.881480
1250 7.889480
1251 7.895480
1252 7.901480
1253 7.907480
1254 7.913480
1255 7.919480
1256 7.925480
1257 7.931480
1258 7.937480
1259 7.943480
1260 7.951480
1261 7.957480
1262 7.963480
1263 7.969480
1264 7.975480
1265 7.981480
1266 7.987480
1267 7.993480
1268 7.999480
1269 8.005480
1270 8.013480
1271 8.019480
1272 8.025480
1273 8.031480
1274 8.037480
1275 8.043480
1276 8.049480
1277 8.055480
1278 8.061480
1279 8.067480
1280 8.075480
1281 8.081480
1282 8.087480
1283 8.093480
1284 8.099480
1285 8.105480
1286 8.111480
1287 8.117480
1288 8.123480
1289 8.129480
1290 8.137480
1291 8.143480
1292 8.149480
1293 8.155480
1294 8.161480
1295 8.167480
1296 8.173480
1297 8.179480
1298 8.185480
1299 8.191480
1300 8.199480
1301 8.205480
1302 8.211480
1303 8.217480
1304 8.223480
1305 8.229480
1306 8.235480
1307 8.241480
1308 8.247480
1309 8.253480
1310 8.261480
1311 8.267480
1312 8.273480
1313 8.279480
1314 8.285480
1315 8.291480
1316 8.297480
1317 8.303480
1318 8.309480
1319 8.315480
1320 8.323480
1321 8.329480
1322 8.335480
1323 8.341480
1324 8.347480
1325 8.353480
1326 8.359480
1327 8.365480
1328 8.371480
1329 8.377480
1330 8.385480
1331 8.391480
1332 8.397480
1333 8.403480
1334 8.409480
1335 8.415480
1336 8.421480
1337 8.427480
1338 8.433480
1339 8.439480
1340 8.447480
1341 8.453480
1342 8.459480
1343 8.465480
1344 8.471480
1345 8.477480
1346 8.483480
1347 8.489480
1348 8.495480
1349 8.501480
1350 8.509480
1351 8.515480
1352 8.521480
1353 8.527480
1354 8.533480
1355 8.539480
1356 8.545480
1357 8.551480
1358 8.557480
1359 8.563480
1360 8.571480
1361 8.577480
1362 8.583480
1363 8.589480
1364 8.595480
1365 8.601480
1366 8.607480
1367 8.613480
1368 8.619480
1369 8.625480
1370 8.633480
1371 8.639480
1372 8.645480
1373 8.651480
1374 8.657480
1375 8.663480
1376 8.669480
1377 8.675480
1378 8.681480
1379 8.687480
1380 8.695480
1381 8.701480
1382 8.707480
1383 8.713480
1384 8.719480
1385 8.725480
1386 8.731480
1387 8.737480
1388 8.743480
1389 8.749480
1390 8.757480
1391 8.763480
1392 8.769480
1393 8.775480
1394 8.781480
1395 8.787480
1396 8.793480
1397 8.799480
1398 8.805480
1399 8.811480
1400 8.819480
1401 8.825480
1402 8.831480
1403 8.837480
1404 8.843480
1405 8.849480
1406 8.855480
1407 8.861480
1408 8.867480
1409 8.873480
1410 8.881480
1411 8.887480
1412 8.893480
1413 8.899480
1414 8.905480
1415 8.911480
1416 8.917480
1417 8.923480
1418 8.929480
1419 8.935480
1420 8.943480
1421 8.949480
1422 8.955480
1423 8.961480
1424 8.967480
1425 8.973480
1426 8.979480
1427 8.985480
1428 8.991480
1429 8.997480
1430 9.005480
1431 9.011480
1432 9.017480
1433 9.023480
1434 9.029480
1435 9.035480
1436 9.041480
1437 9.047480
1438 9.053480
1439 9.059480
1440 9.067480
1441 9.073480
1442 9.079480
1443 9.085480
1444 9.091480
1445 9.097480
1446 9.103480
1447 9.109480
1448 9.115480
1449 9.121480
1450 9.129480
1451 9.135480
1452 9.141480
1453 9.147480
1454 9.153480
1455 9.159480
1456 9.165480
1457 9.171480
1458 9.177480
1459 9.183480
1460 9.191480
1461 9.197480
1462 9.203480
1463 9.209480
1464 9.215480
1465 9.221480
1466 9.227480
1467 9.233480
1468 9.239480
1469 9.245480
1470 9.253480
1471 9.259480
1472 9.265480
1473 9.271480
1474 9.277480
1475 9.283480
1476 9.289480
1477 9.295480
1478 9.301480
1479 9.307480
1480 9.315480
1481 9.321480
1482 9.327480
1483 9.333480
1484 9.339480
1485 9.345480
1486 9.351480
1487 9.357480
1488 9.363480
1489 9.369480
1490 9.377480
1491 9.383480
1492 9.389480
1493 9.395480
1494 9.401480
1495 9.407480
1496 9.413480
1497 9.419480
1498 9.425480
1499 9.431480
1500 9.439480
1501 9.445480
1502 9.451480
1503 9.457480
1504 9.463480
1505 9.469480
1506 9.475480
1507 9.481480
1508 9.487480
1509 9.493480
1510 9.501480
1511 9.507480
1512 9.513480
1513 9.519480
1514 9.525480
1515 9.531480
1516 9.537480
1517 9.543480
1518 9.549480
1519 9.555480
1520 9.563480
1521 9.569480
1522 9.575480
1523 9.581480
1524 9.587480
1525 9.593480
1526 9.599480
1527 9.605480
1528 9.611480
1529 9.617480
1530 9.625480
1531 9.631480
1532 9.637480
1533 9.643480
1534 9.649480
1535 9.655480
1536 9.661480
1537 9.667480
1538 9.673480
1539 9.679480
1540 9.687480
1541 9.693480
1542 9.699480
1543 9.705480
1544 9.711480
1545 9.717480
1546 9.723480
1547 9.729480
1548 9.735480
1549 9.741480
1550 9.749480
1551 9.755480
1552 9.761480
1553 9.767480
1554 9.773480
1555 9.779480
1556 9.785480
1557 9.791480
1558 9.797480
1559 9.803480
1560 9.811480
1561 9.817480
1562 9.823480
1563 9.829480
1564 9.835480
1565 9.841480
1566 9.847480
1567 9.853480
1568 9.859480
1569 9.865480
1570 9.873480
1571 9.879480
1572 9.885480
1573 9.891480
1574 9.897480
1575 9.903480
1576 9.909480
1577 9.915480
1578 9.921480
1579 9.927480
1580 9.935480
1581 9.941480
1582 9.947480
1583 9.953480
1584 9.959480
1585 9.965480
1586 9.971480
1587 9.977480
1588 9.983480
1589 9.989480
1590 9.997480
1591 10.003480
1592 10.009480
1593 10.015480
1594 10.021480
1595 10.027480
1596 10.033480
1597 10.039480
1598 10.045480
1599 10.051480
1600 10.059480
1601 10.065480
1602 10.071480
1603 10.077480
1604 10.083480
1605 10.089480
1606 10.095480
1607 10.101480
1608 10.107480
1609 10.113480
1610 10.121480
1611 10.127480
1612 10.133480
1613 10.139480
1614 10.145480
1615 10.151480
1616 10.157480
1617 10.163480
1618 10.169480
1619 10.175480
1620 10.183480
1621 10.189480
1622 10.195480
1623 10.201480
1624 10.207480
1625 10.213480
1626 10.219480
1627 10.225480
1628 10.231480
1629 10.237480
1630 10.245480
1631 10.251480
1632 10.257480
1633 10.263480
1634 10.269480
1635 10.275480
1636 10.281480
1637 10.287480
1638 10.293480
1639 10.299480
1640 10.307480
1641 10.313480
1642 10.319480
1643 10.325480
1644 10.331480
1645 10.337480
1646 10.343480
1647 10.349480
1648 10.355480
1649 10.361480
1650 10.369480
1651 10.375480
1652 10.381480
1653 10.387480
1654 10.393480
1655 10.399480
1656 10.405480
1657 10.411480
1658 10.417480
1659 10.423480
1660 10.431480
1661 10.437480
1662 10.443480
1663 10.449480
1664 10.455480
1665 10.461480
1666 10.467480
1667 10.473480
1668 10.479480
1669 10.485480
1670 10.493480
1671 10.499480
1672 10.505480
1673 10.511480
1674 10.517480
1675 10.523480
1676 10.529480
1677 10.535480
1678 10.541480
1679 10.547480
1680 10.555480
1681 10.561480
1682 10.567480
1683 10.573480
1684 10.579480
1685 10.585480
1686 10.591480
1687 10.597480
1688 10.603480
1689 10.609480
1690 10.617480
1691 10.623480
1692 10.629480
1693 10.635480
1694 10.641480
1695 10.647480
1696 10.653480
1697 10.659480
1698 10.665480
1699 10.671480
1700 10.679480
1701 10.685480
1702 10.691480
1703 10.697480
1704 10.703480
1705 10.709480
1706 10.715480
1707 10.721480
1708 10.727480
1709 10.733480
1710 10.741480
1711 10.747480
1712 10.753480
1713 10.759480
1714 10.765480
1715 10.771480
1716 10.777480
1717 10.783480
1718 10.789480
1719 10.795480
1720 10.803480
1721 10.809480
1722 10.815480
1723 10.821480
1724 10.827480
1725 10.833480
1726 10.839480
1727 10.845480
1728 10.851480
1729 10.857480
1730 10.865480
1731 10.871480
1732 10.877480
1733 10.883480
1734 10.889480
1735 10.895480
1736 10.901480
1737 10.907480
1738 10.913480
1739 10.919480
1740 10.927480
1741 10.933480
1742 10.939480
1743 10.945480
1744 10.951480
1745 10.957480
1746 10.963480
1747 10.969480
1748 10.975480
1749 10.981480
1750 10.989480
1751 10.995480
1752 11.001480
1753 11.007480
1754 11.013480
1755 11.019480
1756 11.025480
1757 11.031480
1758 11.037480
1759 11.043480
1760 11.051480
1761 11.057480
1762 11.063480
1763 11.069480
1764 11.075480
1765 11.081480
1766 11.087480
1767 11.093480
1768 11.099480
1769 11.105480
1770 11.113480
1771 11.119480
1772 11.125480
1773 11.131480
1774 11.137480
1775 11.143480
1776 11.149480
1777 11.155480
1778 11.161480
1779 11.167480
1780 11.175480
1781 11.181480
1782 11.187480
1783 11.193480
1784 11.199480
1785 11.205480
1786 11.211480
1787 11.217480
1788 11.223480
1789 11.229480
1790 11.237480
1791 11.243480
1792 11.249480
1793 11.255480
1794 11.261480
1795 11.267480
1796 11.273480
1797 11.279480
1798 11.285480
1799 11.291480
1800 11.299480
1801 11.305480
1802 11.311480
1803 11.317480
1804 11.323480
1805 11.329480
1806 11.335480
1807 11.341480
1808 11.347480
1809 11.353480
1810 11.361480
1811 11.367480
1812 11.373480
1813 11.379480
1814 11.385480
1815 11.391480
1816 11.397480
1817 11.403480
1818 11.409480
1819 11.415480
1820 11.423480
1821 11.429480
1822 11.435480
1823 11.441480
1824 11.447480
1825 11.453480
1826 11.459480
1827 11.465480
1828 11.471480
1829 11.477480
1830 11.485480
1831 11.491480
1832 11.497480
1833 11.503480
1834 11.509480
1835 11.515480
1836 11.521480
1837 11.527480
1838 11.533480
1839 11.539480
1840 11.547480
1841 11.553480
1842 11.559480
1843 11.565480
1844 11.571480
1845 11.577480
1846 11.583480
1847 11.589480
1848 11.595480
1849 11.601480
1850 11.609480
1851 11.615480
1852 11.621480
1853 11.627480
1854 11.633480
1855 11.639480
1856 11.645480
1857 11.651480
1858 11.657480
1859 11.663480
1860 11.671480
1861 11.677480
1862 11.683480
1863 11.689480
1864 11.695480
1865 11.701480
1866 11.707480
1867 11.713480
1868 11.719480
1869 11.725480
1870 11.733480
1871 11.739480
1872 11.745480
1873 11.751480
1874 11.757480
1875 11.763480
1876 11.769480
1877 11.775480
1878 11.781480
1879 11.787480
1880 11.795480
1881 11.801480
1882 11.807480
1883 11.813480
1884 11.819480
1885 11.825480
1886 11.831480
1887 11.837480
1888 11.843480
1889 11.849480
1890 11.857480
1891 11.863480
1892 11.869480
1893 11.875480
1894 11.881480
1895 11.887480
1896 11.893480
1897 11.899480
1898 11.905480
1899 11.911480
1900 11.919480
1901 11.925480
1902 11.931480
1903 11.937480
1904 11.943480
1905 11.949480
1906 11.955480
1907 11.961480
1908 11.967480
1909 11.973480
1910 11.981480
1911 11.987480
1912 11.993480
1913 11.999480
1914 12.005480
1915 12.011480
1916 12.017480
