0 0.103667
1 0.118440
2 0.133213
3 0.135213
4 0.137213
5 0.149480
6 0.153480
7 0.159480
8 0.167480
9 0.169480
10 0.173480
11 0.177480
12 0.181480
13 0.185480
14 0.191480
15 0.197480
16 0.203480
17 0.209480
18 0.215480
19 0.221480
20 0.229480
21 0.235480
22 0.241480
23 0.247480
24 0.253480
25 0.261480
26 0.265480
27 0.271480
28 0.277480
29 0.283480
30 0.289480
31 0.295480
32 0.301480
33 0.307480
34 0.313480
35 0.321480
36 0.327480
37 0.333480
38 0.339480
39 0.345480
40 0.351480
41 0.357480
42 0.363480
43 0.369480
44 0.375480
45 0.383480
46 0.389480
47 0.395480
48 0.401480
49 0.407480
50 0.413480
51 0.419480
52 0.425480
53 0.431480
54 0.437480
55 0.445480
56 0.451480
57 0.457480
58 0.463480
59 0.469480
60 0.475480
61 0.481480
62 0.487480
63 0.493480
64 0.499480
65 0.507480
66 0.513480
67 0.519480
68 0.525480
69 0.531480
70 0.537480
71 0.543480
72 0.549480
73 0.555480
74 0.561480
75 0.569480
76 0.575480
77 0.581480
78 0.587480
79 0.593480
80 0.599480
81 0.605480
82 0.611480
83 0.617480
84 0.623480
85 0.631480
86 0.637480
87 0.643480
88 0.649480
89 0.655480
90 0.661480
91 0.667480
92 0.673480
93 0.679480
94 0.685480
95 0.693480
96 0.699480
97 0.705480
98 0.711480
99 0.717480
100 0.723480
101 0.729480
102 0.735480
103 0.741480
104 0.747480
105 0.755480
106 0.761480
107 0.767480
108 0.773480
109 0.779480
110 0.785480
111 0.791480
112 0.797480
113 0.803480
114 0.809480
115 0.817480
116 0.823480
117 0.829480
118 0.835480
119 0.841480
120 0.847480
121 0.853480
122 0.859480
123 0.865480
124 0.871480
125 0.879480
126 0.885480
127 0.891480
128 0.897480
129 0.903480
130 0.909480
131 0.915480
132 0.921480
133 0.927480
134 0.933480
135 0.941480
136 0.947480
137 0.953480
138 0.959480
139 0.965480
140 0.971480
141 0.977480
142 0.983480
143 0.989480
144 0.995480
145 1.003480
146 1.009480
147 1.015480
148 1.021480
149 1.027480
150 1.033480
151 1.039480
152 1.045480
153 1.051480
154 1.057480
155 1.065480
156 1.071480
157 1.077480
158 1.083480
159 1.089480
160 1.095480
161 1.101480
162 1.107480
163 1.113480
164 1.119480
165 1.127480
166 1.133480
167 1.139480
168 1.145480
169 1.151480
170 1.157480
171 1.163480
172 1.169480
173 1.175480
174 1.181480
175 1.189480
176 1.195480
177 1.201480
178 1.207480
179 1.213480
180 1.219480
181 1.225480
182 1.231480
183 1.237480
184 1.243480
185 1.251480
186 1.257480
187 1.263480
188 1.269480
189 1.275480
190 1.281480
191 1.287480
192 1.293480
193 1.299480
194 1.305480
195 1.313480
196 1.319480
197 1.325480
198 1.331480
199 1.337480
200 1.343480
201 1.349480
202 1.355480
203 1.361480
204 1.367480
205 1.375480
206 1.381480
207 1.387480
208 1.393480
209 1.399480
210 1.405480
211 1.411480
212 1.417480
213 1.423480
214 1.429480
215 1.437480
216 1.443480
217 1.449480
218 1.455480
219 1.461480
220 1.467480
221 1.473480
222 1.479480
223 1.485480
224 1.491480
225 1.499480
226 1.505480
227 1.511480
228 1.517480
229 1.523480
230 1.529480
231 1.535480
232 1.541480
233 1.547480
234 1.553480
235 1.561480
236 1.567480
237 1.573480
238 1.579480
239 1.585480
240 1.591480
241 1.597480
242 1.603480
243 1.609480
244 1.615480
245 1.623480
246 1.629480
247 1.635480
248 1.641480
249 1.647480
250 1.653480
251 1.659480
252 1.665480
253 1.671480
254 1.677480
255 1.685480
256 1.691480
257 1.697480
258 1.703480
259 1.709480
260 1.715480
261 1.721480
262 1.727480
263 1.733480
264 1.739480
265 1.747480
266 1.753480
267 1.759480
268 1.765480
269 1.771480
270 1.777480
271 1.783480
272 1.789480
273 1.795480
274 1.801480
275 1.809480
276 1.815480
277 1.821480
278 1.827480
279 1.833480
280 1.839480
281 1.845480
282 1.851480
283 1.857480
284 1.863480
285 1.871480
286 1.877480
287 1.883480
288 1.889480
289 1.895480
290 1.901480
291 1.907480
292 1.913480
293 1.919480
294 1.925480
295 1.933480
296 1.939480
297 1.945480
298 1.951480
299 1.957480
300 1.963480
301 1.969480
302 1.975480
303 1.981480
304 1.987480
305 1.995480
306 2.001480
307 2.007480
308 2.013480
309 2.019480
310 2.025480
311 2.031480
312 2.037480
313 2.043480
314 2.049480
315 2.057480
316 2.063480
317 2.069480
318 2.075480
319 2.081480
320 2.087480
321 2.093480
322 2.099480
323 2.105480
324 2.111480
325 2.119480
326 2.125480
327 2.131480
328 2.137480
329 2.143480
330 2.149480
331 2.155480
332 2.161480
333 2.167480
334 2.173480
335 2.181480
336 2.187480
337 2.193480
338 2.199480
339 2.205480
340 2.211480
341 2.217480
342 2.223480
343 2.229480
344 2.235480
345 2.243480
346 2.249480
347 2.255480
348 2.261480
349 2.267480
350 2.273480
351 2.279480
352 2.285480
353 2.291480
354 2.297480
355 2.305480
356 2.311480
357 2.317480
358 2.323480
359 2.329480
360 2.335480
361 2.341480
362 2.347480
363 2.353480
364 2.359480
365 2.367480
366 2.373480
367 2.379480
368 2.385480
369 2.391480
370 2.397480
371 2.403480
372 2.409480
373 2.415480
374 2.421480
375 2.429480
376 2.435480
377 2.441480
378 2.447480
379 2.453480
380 2.459480
381 2.465480
382 2.471480
383 2.477480
384 2.483480
385 2.491480
386 2.497480
387 2.503480
388 2.509480
389 2.515480
390 2.521480
391 2.527480
392 2.533480
393 2.539480
394 2.545480
395 2.553480
396 2.559480
397 2.565480
398 2.571480
399 2.577480
400 2.583480
401 2.589480
402 2.595480
403 2.601480
404 2.607480
405 2.615480
406 2.621480
407 2.627480
408 2.633480
409 2.639480
410 2.645480
411 2.651480
412 2.657480
413 2.663480
414 2.669480
415 2.677480
416 2.683480
417 2.689480
418 2.695480
419 2.701480
420 2.707480
421 2.713480
422 2.719480
423 2.725480
424 2.731480
425 2.739480
426 2.745480
427 2.751480
428 2.757480
429 2.763480
430 2.769480
431 2.775480
432 2.781480
433 2.787480
434 2.793480
435 2.801480
436 2.807480
437 2.813480
438 2.819480
439 2.825480
440 2.831480
441 2.837480
442 2.843480
443 2.849480
444 2.855480
445 2.863480
446 2.869480
447 2.875480
448 2.881480
449 2.887480
450 2.893480
451 2.899480
452 2.905480
453 2.911480
454 2.917480
455 2.925480
456 2.931480
457 2.937480
458 2.943480
459 2.949480
460 2.955480
461 2.961480
462 2.967480
463 2.973480
464 2.979480
465 2.987480
466 2.993480
467 2.999480
468 3.005480
469 3.011480
470 3.017480
471 3.023480
472 3.029480
473 3.035480
474 3.041480
475 3.049480
476 3.055480
477 3.061480
478 3.067480
479 3.073480
480 3.079480
481 3.085480
482 3.091480
483 3.097480
484 3.103480
485 3.111480
486 3.117480
487 3.123480
488 3.129480
489 3.135480
490 3.141480
491 3.147480
492 3.153480
493 3.159480
494 3.165480
495 3.173480
496 3.179480
497 3.185480
498 3.191480
499 3.197480
500 3.203480
501 3.209480
502 3.215480
503 3.221480
504 3.227480
505 3.235480
506 3.241480
507 3.247480
508 3.253480
509 3.259480
510 3.265480
511 3.271480
512 3.277480
513 3.283480
514 3.289480
515 3.297480
516 3.303480
517 3.309480
518 3.315480
519 3.321480
520 3.327480
521 3.333480
522 3.339480
523 3.345480
524 3.351480
525 3.359480
526 3.365480
527 3.371480
528 3.377480
529 3.383480
530 3.389480
531 3.395480
532 3.401480
533 3.407480
534 3.413480
535 3.421480
536 3.427480
537 3.433480
538 3.439480
539 3.445480
540 3.451480
541 3.457480
542 3.463480
543 3.469480
544 3.475480
545 3.483480
546 3.489480
547 3.495480
548 3.501480
549 3.507480
550 3.513480
551 3.519480
552 3.525480
553 3.531480
554 3.537480
555 3.545480
556 3.551480
557 3.557480
558 3.563480
559 3.569480
560 3.575480
561 3.581480
562 3.587480
563 3.593480
564 3.599480
565 3.607480
566 3.613480
567 3.619480
568 3.625480
569 3.631480
570 3.637480
571 3.643480
572 3.649480
573 3.655480
574 3.661480
575 3.669480
576 3.675480
577 3.681480
578 3.687480
579 3.693480
580 3.699480
581 3.705480
582 3.711480
583 3.717480
584 3.723480
585 3.731480
586 3.737480
587 3.743480
588 3.749480
589 3.755480
590 3.761480
591 3.767480
592 3.773480
593 3.779480
594 3.785480
595 3.793480
596 3.799480
597 3.805480
598 3.811480
599 3.817480
600 3.823480
601 3.829480
602 3.835480
603 3.841480
604 3.847480
605 3.855480
606 3.861480
607 3.867480
608 3.873480
609 3.879480
610 3.885480
611 3.891480
612 3.897480
613 3.903480
614 3.909480
615 3.917480
616 3.923480
617 3.929480
618 3.935480
619 3.941480
620 3.947480
621 3.953480
622 3.959480
623 3.965480
624 3.971480
625 3.979480
626 3.985480
627 3.991480
628 3.997480
629 4.003480
630 4.009480
631 4.015480
632 4.021480
633 4.027480
634 4.033480
635 4.041480
636 4.047480
637 4.053480
638 4.059480
639 4.065480
640 4.071480
641 4.077480
642 4.083480
643 4.089480
644 4.095480
645 4.103480
646 4.109480
647 4.115480
648 4.121480
649 4.127480
650 4.133480
651 4.139480
652 4.145480
653 4.151480
654 4.157480
655 4.165480
656 4.171480
657 4.177480
658 4.183480
659 4.189480
660 4.195480
661 4.201480
662 4.207480
663 4.213480
664 4.219480
665 4.227480
666 4.233480
667 4.239480
668 4.245480
669 4.251480
670 4.257480
671 4.263480
672 4.269480
673 4.275480
674 4.281480
675 4.289480
676 4.295480
677 4.301480
678 4.307480
679 4.313480
680 4.319480
681 4.325480
682 4.331480
683 4.337480
684 4.343480
685 4.351480
686 4.357480
687 4.363480
688 4.369480
689 4.375480
690 4.381480
691 4.387480
692 4.393480
693 4.399480
694 4.405480
695 4.413480
696 4.419480
697 4.425480
698 4.431480
699 4.437480
700 4.443480
701 4.449480
702 4.455480
703 4.461480
704 4.467480
705 4.475480
706 4.481480
707 4.487480
708 4.493480
709 4.499480
710 4.505480
711 4.511480
712 4.517480
713 4.523480
714 4.529480
715 4.537480
716 4.543480
717 4.549480
718 4.555480
719 4.561480
720 4.567480
721 4.573480
722 4.579480
723 4.585480
724 4.591480
725 4.599480
726 4.605480
727 4.611480
728 4.617480
729 4.623480
730 4.629480
731 4.635480
732 4.641480
733 4.647480
734 4.653480
735 4.661480
736 4.667480
737 4.673480
738 4.679480
739 4.685480
740 4.691480
741 4.697480
742 4.703480
743 4.709480
744 4.715480
745 4.723480
746 4.729480
747 4.735480
748 4.741480
749 4.747480
750 4.753480
751 4.759480
752 4.765480
753 4.771480
754 4.777480
755 4.785480
756 4.791480
757 4.797480
758 4.803480
759 4.809480
760 4.815480
761 4.821480
762 4.827480
763 4.833480
764 4.839480
765 4.847480
766 4.853480
767 4.859480
768 4.865480
769 4.871480
770 4.877480
771 4.883480
772 4.889480
773 4.895480
774 4.901480
775 4.909480
776 4.915480
777 4.921480
778 4.927480
779 4.933480
780 4.939480
781 4.945480
782 4.951480
783 4.957480
784 4.963480
785 4.971480
786 4.977480
787 4.983480
788 4.989480
789 4.995480
790 5.001480
791 5.007480
792 5.013480
793 5.019480
794 5.025480
795 5.033480
796 5.039480
797 5.045480
798 5.051480
799 5.057480
800 5.063480
801 5.069480
802 5.075480
803 5.081480
804 5.087480
805 5.095480
806 5.101480
807 5.107480
808 5.113480
809 5.119480
810 5.125480
811 5.131480
812 5.137480
813 5.143480
814 5.149480
815 5.157480
816 5.163480
817 5.169480
818 5.175480
819 5.181480
820 5.187480
821 5.193480
822 5.199480
823 5.205480
824 5.211480
825 5.219480
826 5.225480
827 5.231480
828 5.237480
829 5.243480
830 5.249480
831 5.255480
832 5.261480
833 5.267480
834 5.273480
835 5.281480
836 5.287480
837 5.293480
838 5.299480
839 5.305480
840 5.311480
841 5.317480
842 5.323480
843 5.329480
844 5.335480
845 5.343480
846 5.349480
847 5.355480
848 5.361480
849 5.367480
850 5.373480
851 5.379480
852 5.385480
853 5.391480
854 5.397480
855 5.405480
856 5.411480
857 5.417480
858 5.423480
859 5.429480
860 5.435480
861 5.441480
862 5.447480
863 5.453480
864 5.459480
865 5.467480
866 5.473480
867 5.479480
868 5.485480
869 5.491480
870 5.497480
871 5.503480
872 5.509480
873 5.515480
874 5.521480
875 5.529480
876 5.535480
877 5.541480
878 5.547480
879 5.553480
880 5.559480
881 5.565480
882 5.571480
883 5.577480
884 5.583480
885 5.591480
886 5.597480
887 5.603480
888 5.609480
889 5.615480
890 5.621480
891 5.627480
892 5.633480
893 5.639480
894 5.645480
895 5.653480
896 5.659480
897 5.665480
898 5.671480
899 5.677480
900 5.683480
901 5.689480
902 5.695480
903 5.701480
904 5.707480
905 5.715480
906 5.721480
907 5.727480
908 5.733480
909 5.739480
910 5.745480
911 5.751480
912 5.757480
913 5.763480
914 5.769480
915 5.777480
916 5.783480
917 5.789480
918 5.795480
919 5.801480
920 5.807480
921 5.813480
922 5.819480
923 5.825480
924 5.831480
925 5.839480
926 5.845480
927 5.851480
928 5.857480
929 5.863480
930 5.869480
931 5.875480
932 5.881480
933 5.887480
934 5.893480
935 5.901480
936 5.907480
937 5.913480
938 5.919480
939 5.925480
940 5.931480
941 5.937480
942 5.943480
943 5.949480
944 5.955480
945 5.963480
946 5.969480
947 5.975480
948 5.981480
949 5.987480
950 5.993480
951 5.999480
952 6.005480
953 6.011480
954 6.017480
955 6.025480
956 6.031480
957 6.037480
958 6.043480
959 6.049480
960 6.055480
961 6.061480
962 6.067480
963 6.073480
964 6.079480
965 6.087480
966 6.093480
967 6.099480
968 6.105480
969 6.111480
970 6.117480
971 6.123480
972 6.129480
973 6.135480
974 6.141480
975 6.149480
976 6.155480
977 6.161480
978 6.167480
979 6.173480
980 6.179480
981 6.185480
982 6.191480
983 6.197480
984 6.203480
985 6.211480
986 6.217480
987 6.223480
988 6.229480
989 6.235480
990 6.241480
991 6.247480
992 6.253480
993 6.259480
994 6.265480
995 6.273480
996 6.279480
997 6.285480
998 6.291480
999 6.297480
1000 6.303480
1001 6.309480
1002 6.315480
1003 6.321480
1004 6.327480
1005 6.335480
1006 6.341480
1007 6.347480
1008 6.353480
1009 6.359480
1010 6.365480
1011 6.371480
1012 6.377480
1013 6.383480
1014 6.389480
1015 6.397480
1016 6.403480
1017 6.409480
1018 6.415480
1019 6.421480
1020 6.427480
1021 6.433480
1022 6.439480
1023 6.445480
1024 6.451480
1025 6.459480
1026 6.465480
1027 6.471480
1028 6.477480
1029 6.483480
1030 6.489480
1031 6.495480
1032 6.501480
1033 6.507480
1034 6.513480
1035 6.521480
1036 6.527480
1037 6.533480
1038 6.539480
1039 6.545480
1040 6.551480
1041 6.557480
1042 6.563480
1043 6.569480
1044 6.575480
1045 6.583480
1046 6.589480
1047 6.595480
1048 6.601480
1049 6.607480
1050 6.613480
1051 6.619480
1052 6.625480
1053 6.631480
1054 6.637480
1055 6.645480
1056 6.651480
1057 6.657480
1058 6.663480
1059 6.669480
1060 6.675480
1061 6.681480
1062 6.687480
1063 6.693480
1064 6.699480
1065 6.707480
1066 6.713480
1067 6.719480
1068 6.725480
1069 6.731480
1070 6.737480
1071 6.743480
1072 6.749480
1073 6.755480
1074 6.761480
1075 6.769480
1076 6.775480
1077 6.781480
1078 6.787480
1079 6.793480
1080 6.799480
1081 6.805480
1082 6.811480
1083 6.817480
1084 6.823480
1085 6.831480
1086 6.837480
1087 6.843480
1088 6.849480
1089 6.855480
1090 6.861480
1091 6.867480
1092 6.873480
1093 6.879480
1094 6.885480
1095 6.893480
1096 6.899480
1097 6.905480
1098 6.911480
1099 6.917480
1100 6.923480
1101 6.929480
1102 6.935480
1103 6.941480
1104 6.947480
1105 6.955480
1106 6.961480
1107 6.967480
1108 6.973480
1109 6.979480
1110 6.985480
1111 6.991480
1112 6.997480
1113 7.003480
1114 7.009480
1115 7.017480
1116 7.023480
1117 7.029480
1118 7.035480
1119 7.041480
1120 7.047480
1121 7.053480
1122 7.059480
1123 7.065480
1124 7.071480
1125 7.079480
1126 7.085480
1127 7.091480
1128 7.097480
1129 7.103480
1130 7.109480
1131 7.115480
1132 7.121480
1133 7.127480
1134 7.133480
1135 7.141480
1136 7.147480
1137 7.153480
1138 7.159480
1139 7.165480
1140 7.171480
1141 7.177480
1142 7.183480
1143 7.189480
1144 7.195480
1145 7.203480
1146 7.209480
1147 7.215480
1148 7.221480
1149 7.227480
1150 7.233480
1151 7.239480
1152 7.245480
1153 7.251480
1154 7.257480
1155 7.265480
1156 7.271480
1157 7.277480
1158 7.283480
1159 7.289480
1160 7.295480
1161 7.301480
1162 7.307480
1163 7.313480
1164 7.319480
1165 7.327480
1166 7.333480
1167 7.339480
1168 7.345480
1169 7.351480
1170 7.357480
1171 7.363480
1172 7.369480
1173 7.375480
1174 7.381480
1175 7.389480
1176 7.395480
1177 7.401480
1178 7.407480
1179 7.413480
1180 7.419480
1181 7.425480
1182 7.431480
1183 7.437480
1184 7.443480
1185 7.451480
1186 7.457480
1187 7.463480
1188 7.469480
1189 7.475480
1190 7.481480
1191 7.487480
1192 7.493480
1193 7.499480
1194 7.505480
1195 7.513480
1196 7.519480
1197 7.525480
1198 7.531480
1199 7.537480
1200 7.543480
1201 7.549480
1202 7.555480
1203 7.561480
1204 7.567480
1205 7.575480
1206 7.581480
1207 7.587480
1208 7.593480
1209 7.599480
1210 7.605480
1211 7.611480
1212 7.617480
1213 7.623480
1214 7.629480
1215 7.637480
1216 7.643480
1217 7.649480
1218 7.655480
1219 7.661480
1220 7.667480
1221 7.673480
1222 7.679480
1223 7.685480
1224 7.691480
1225 7.699480
1226 7.705480
1227 7.711480
1228 7.717480
1229 7.723480
1230 7.729480
1231 7.735480
1232 7.741480
1233 7.747480
1234 7.753480
1235 7.761480
1236 7.767480
1237 7.773480
1238 7.779480
1239 7.785480
1240 7.791480
1241 7.797480
1242 7.803480
1243 7.809480
1244 7.815480
1245 7.823480
1246 7.829480
1247 7.835480
1248 7.841480
1249 7.847480
1250 7.853480
1251 7.859480
1252 7.865480
1253 7.871480
1254 7.877480
1255 7.885480
1256 7.891480
1257 7.897480
1258 7.903480
1259 7.909480
1260 7.915480
1261 7.921480
1262 7.927480
1263 7.933480
1264 7.939480
1265 7.947480
1266 7.953480
1267 7.959480
1268 7.965480
1269 7.971480
1270 7.977480
1271 7.983480
1272 7.989480
1273 7.995480
1274 8.001480
1275 8.009480
1276 8.015480
1277 8.021480
1278 8.027480
1279 8.033480
1280 8.039480
1281 8.045480
1282 8.051480
1283 8.057480
1284 8.063480
1285 8.071480
1286 8.077480
1287 8.083480
1288 8.089480
1289 8.095480
1290 8.101480
1291 8.107480
1292 8.113480
1293 8.119480
1294 8.125480
1295 8.133480
1296 8.139480
1297 8.145480
1298 8.151480
1299 8.157480
1300 8.163480
1301 8.169480
1302 8.175480
1303 8.181480
1304 8.187480
1305 8.195480
1306 8.201480
1307 8.207480
1308 8.213480
1309 8.219480
1310 8.225480
1311 8.231480
1312 8.237480
1313 8.243480
1314 8.249480
1315 8.257480
1316 8.263480
1317 8.269480
1318 8.275480
1319 8.281480
1320 8.287480
1321 8.293480
1322 8.299480
1323 8.305480
1324 8.311480
1325 8.319480
1326 8.325480
1327 8.331480
1328 8.337480
1329 8.343480
1330 8.349480
1331 8.355480
1332 8.361480
1333 8.367480
1334 8.373480
1335 8.381480
1336 8.387480
1337 8.393480
1338 8.399480
1339 8.405480
1340 8.411480
1341 8.417480
1342 8.423480
1343 8.429480
1344 8.435480
1345 8.443480
1346 8.449480
1347 8.455480
1348 8.461480
1349 8.467480
1350 8.473480
1351 8.479480
1352 8.485480
1353 8.491480
1354 8.497480
1355 8.505480
1356 8.511480
1357 8.517480
1358 8.523480
1359 8.529480
1360 8.535480
1361 8.541480
1362 8.547480
1363 8.553480
1364 8.559480
1365 8.567480
1366 8.573480
1367 8.579480
1368 8.585480
1369 8.591480
1370 8.597480
1371 8.603480
1372 8.609480
1373 8.615480
1374 8.621480
1375 8.629480
1376 8.635480
1377 8.641480
1378 8.647480
1379 8.653480
1380 8.659480
1381 8.665480
1382 8.671480
1383 8.677480
1384 8.683480
1385 8.691480
1386 8.697480
1387 8.703480
1388 8.709480
1389 8.715480
1390 8.721480
1391 8.727480
1392 8.733480
1393 8.739480
1394 8.745480
1395 8.753480
1396 8.759480
1397 8.765480
1398 8.771480
1399 8.777480
1400 8.783480
1401 8.789480
1402 8.795480
1403 8.801480
1404 8.807480
1405 8.815480
1406 8.821480
1407 8.827480
1408 8.833480
1409 8.839480
1410 8.845480
1411 8.851480
1412 8.857480
1413 8.863480
1414 8.869480
1415 8.877480
1416 8.883480
1417 8.889480
1418 8.895480
1419 8.901480
1420 8.907480
1421 8.913480
1422 8.919480
1423 8.925480
1424 8.931480
1425 8.939480
1426 8.945480
1427 8.951480
1428 8.957480
1429 8.963480
1430 8.969480
1431 8.975480
1432 8.981480
1433 8.987480
1434 8.993480
1435 9.001480
1436 9.007480
1437 9.013480
1438 9.019480
1439 9.025480
1440 9.031480
1441 9.037480
1442 9.043480
1443 9.049480
1444 9.055480
1445 9.063480
1446 9.069480
1447 9.075480
1448 9.081480
1449 9.087480
1450 9.093480
1451 9.099480
1452 9.105480
1453 9.111480
1454 9.117480
1455 9.125480
1456 9.131480
1457 9.137480
1458 9.143480
1459 9.149480
1460 9.155480
1461 9.161480
1462 9.167480
1463 9.173480
1464 9.179480
1465 9.187480
1466 9.193480
1467 9.199480
1468 9.205480
1469 9.211480
1470 9.217480
1471 9.223480
1472 9.229480
1473 9.235480
1474 9.241480
1475 9.249480
1476 9.255480
1477 9.261480
1478 9.267480
1479 9.273480
1480 9.279480
1481 9.285480
1482 9.291480
1483 9.297480
1484 9.303480
1485 9.311480
1486 9.317480
1487 9.323480
1488 9.329480
1489 9.335480
1490 9.341480
1491 9.347480
1492 9.353480
1493 9.359480
1494 9.365480
1495 9.373480
1496 9.379480
1497 9.385480
1498 9.391480
1499 9.397480
1500 9.403480
1501 9.409480
1502 9.415480
1503 9.421480
1504 9.427480
1505 9.435480
1506 9.441480
1507 9.447480
1508 9.453480
1509 9.459480
1510 9.465480
1511 9.471480
1512 9.477480
1513 9.483480
1514 9.489480
1515 9.497480
1516 9.503480
1517 9.509480
1518 9.515480
1519 9.521480
1520 9.527480
1521 9.533480
1522 9.539480
1523 9.545480
1524 9.551480
1525 9.559480
1526 9.565480
1527 9.571480
1528 9.577480
1529 9.583480
1530 9.589480
1531 9.595480
1532 9.601480
1533 9.607480
1534 9.613480
1535 9.621480
1536 9.627480
1537 9.633480
1538 9.639480
1539 9.645480
1540 9.651480
1541 9.657480
1542 9.663480
1543 9.669480
1544 9.675480
1545 9.683480
1546 9.689480
1547 9.695480
1548 9.701480
1549 9.707480
1550 9.713480
1551 9.719480
1552 9.725480
1553 9.731480
1554 9.737480
1555 9.745480
1556 9.751480
1557 9.757480
1558 9.763480
1559 9.769480
1560 9.775480
1561 9.781480
1562 9.787480
1563 9.793480
1564 9.799480
1565 9.807480
1566 9.813480
1567 9.819480
1568 9.825480
1569 9.831480
1570 9.837480
1571 9.843480
1572 9.849480
1573 9.855480
1574 9.861480
1575 9.869480
1576 9.875480
1577 9.881480
1578 9.887480
1579 9.893480
1580 9.899480
1581 9.905480
1582 9.911480
1583 9.917480
1584 9.923480
1585 9.931480
1586 9.937480
1587 9.943480
1588 9.949480
1589 9.955480
1590 9.961480
1591 9.967480
1592 9.973480
1593 9.979480
1594 9.985480
1595 9.993480
1596 9.999480
1597 10.005480
1598 10.011480
1599 10.017480
1600 10.023480
1601 10.029480
1602 10.035480
1603 10.041480
1604 10.047480
1605 10.055480
1606 10.061480
1607 10.067480
1608 10.073480
1609 10.079480
1610 10.085480
1611 10.091480
1612 10.097480
1613 10.103480
1614 10.109480
1615 10.117480
1616 10.123480
1617 10.129480
1618 10.135480
1619 10.141480
1620 10.147480
1621 10.153480
1622 10.159480
1623 10.165480
1624 10.171480
1625 10.179480
1626 10.185480
1627 10.191480
1628 10.197480
1629 10.203480
1630 10.209480
1631 10.215480
1632 10.221480
1633 10.227480
1634 10.233480
1635 10.241480
1636 10.247480
1637 10.253480
1638 10.259480
1639 10.265480
1640 10.271480
1641 10.277480
1642 10.283480
1643 10.289480
1644 10.295480
1645 10.303480
1646 10.309480
1647 10.315480
1648 10.321480
1649 10.327480
1650 10.333480
1651 10.339480
1652 10.345480
1653 10.351480
1654 10.357480
1655 10.365480
1656 10.371480
1657 10.377480
1658 10.383480
1659 10.389480
1660 10.395480
1661 10.401480
1662 10.407480
1663 10.413480
1664 10.419480
1665 10.427480
1666 10.433480
1667 10.439480
1668 10.445480
1669 10.451480
1670 10.457480
1671 10.463480
1672 10.469480
1673 10.475480
1674 10.481480
1675 10.489480
1676 10.495480
1677 10.501480
1678 10.507480
1679 10.513480
1680 10.519480
1681 10.525480
1682 10.531480
1683 10.537480
1684 10.543480
1685 10.551480
1686 10.557480
1687 10.563480
1688 10.569480
1689 10.575480
1690 10.581480
1691 10.587480
1692 10.593480
1693 10.599480
1694 10.605480
1695 10.613480
1696 10.619480
1697 10.625480
1698 10.631480
1699 10.637480
1700 10.643480
1701 10.649480
1702 10.655480
1703 10.661480
1704 10.667480
1705 10.675480
1706 10.681480
1707 10.687480
1708 10.693480
1709 10.699480
1710 10.705480
1711 10.711480
1712 10.717480
1713 10.723480
1714 10.729480
1715 10.737480
1716 10.743480
1717 10.749480
1718 10.755480
1719 10.761480
1720 10.767480
1721 10.773480
1722 10.779480
1723 10.785480
1724 10.791480
1725 10.799480
1726 10.805480
1727 10.811480
1728 10.817480
1729 10.823480
1730 10.829480
1731 10.835480
1732 10.841480
1733 10.847480
1734 10.853480
1735 10.861480
1736 10.867480
1737 10.873480
1738 10.879480
1739 10.885480
1740 10.891480
1741 10.897480
1742 10.903480
1743 10.909480
1744 10.915480
1745 10.923480
1746 10.929480
1747 10.935480
1748 10.941480
1749 10.947480
1750 10.953480
1751 10.959480
1752 10.965480
1753 10.971480
1754 10.977480
1755 10.985480
1756 10.991480
1757 10.997480
1758 11.003480
1759 11.009480
1760 11.015480
1761 11.021480
1762 11.027480
1763 11.033480
1764 11.039480
1765 11.047480
1766 11.053480
1767 11.059480
1768 11.065480
1769 11.071480
1770 11.077480
1771 11.083480
1772 11.089480
1773 11.095480
1774 11.101480
1775 11.109480
1776 11.115480
1777 11.121480
1778 11.127480
1779 11.133480
1780 11.139480
1781 11.145480
1782 11.151480
1783 11.157480
1784 11.163480
1785 11.171480
1786 11.177480
1787 11.183480
1788 11.189480
1789 11.195480
1790 11.201480
1791 11.207480
1792 11.213480
1793 11.219480
1794 11.225480
1795 11.233480
1796 11.239480
1797 11.245480
1798 11.251480
1799 11.257480
1800 11.263480
1801 11.269480
1802 11.275480
1803 11.281480
1804 11.287480
1805 11.295480
1806 11.301480
1807 11.307480
1808 11.313480
1809 11.319480
1810 11.325480
1811 11.331480
1812 11.337480
1813 11.343480
1814 11.349480
1815 11.357480
1816 11.363480
1817 11.369480
1818 11.375480
1819 11.381480
1820 11.387480
1821 11.393480
1822 11.399480
1823 11.405480
1824 11.411480
1825 11.419480
1826 11.425480
1827 11.431480
1828 11.437480
1829 11.443480
1830 11.449480
1831 11.455480
1832 11.461480
1833 11.467480
1834 11.473480
1835 11.481480
1836 11.487480
1837 11.493480
1838 11.499480
1839 11.505480
1840 11.511480
1841 11.517480
1842 11.523480
1843 11.529480
1844 11.535480
1845 11.543480
1846 11.549480
1847 11.555480
1848 11.561480
1849 11.567480
1850 11.573480
1851 11.579480
1852 11.585480
1853 11.591480
1854 11.597480
1855 11.605480
1856 11.611480
1857 11.617480
1858 11.623480
1859 11.629480
1860 11.635480
1861 11.641480
1862 11.647480
1863 11.653480
1864 11.659480
1865 11.667480
1866 11.673480
1867 11.679480
1868 11.685480
1869 11.691480
1870 11.697480
1871 11.703480
1872 11.709480
1873 11.715480
1874 11.721480
1875 11.729480
1876 11.735480
1877 11.741480
1878 11.747480
1879 11.753480
1880 11.759480
1881 11.765480
1882 11.771480
1883 11.777480
1884 11.783480
1885 11.791480
1886 11.797480
1887 11.803480
1888 11.809480
1889 11.815480
1890 11.821480
1891 11.827480
1892 11.833480
1893 11.839480
1894 11.845480
1895 11.853480
1896 11.859480
1897 11.865480
1898 11.871480
1899 11.877480
1900 11.883480
1901 11.889480
1902 11.895480
1903 11.901480
1904 11.907480
1905 11.915480
1906 11.921480
1907 11.927480
1908 11.933480
1909 11.939480
1910 11.945480
1911 11.951480
1912 11.957480
1913 11.963480
1914 11.969480
1915 11.977480
1916 11.983480
1917 11.989480
1918 11.995480
1919 12.001480
1920 12.007480
1921 12.013480
