0.100000	0.006107
0.112213	0.008774
0.112213	0.010854
0.127093	0.010534
0.127093	0.012614
0.129173	0.012614
0.129173	0.014694
0.143733	0.016774
0.143733	0.018854
0.145813	0.020934
0.145813	0.023014
0.147893	0.027174
0.147893	0.029254
0.149973	0.031334
0.149973	0.033414
0.166613	0.037574
0.166613	0.039654
0.168693	0.041734
0.168693	0.043814
0.172853	0.047974
0.172853	0.050054
0.174933	0.054214
0.174933	0.056294
0.181173	0.058374
0.181173	0.060454
0.183253	0.062534
0.183253	0.064614
0.187413	0.066694
0.187413	0.068774
0.189493	0.070854
0.189493	0.072934
0.210293	0.079174
0.210293	0.081254
0.212373	0.083334
0.212373	0.085414
0.216533	0.089574
0.216533	0.091654
0.218613	0.095814
0.218613	0.097894
0.226933	0.102054
0.229013	0.104134
0.235253	0.108294
0.237333	0.110374
0.245653	0.112454
0.247733	0.114534
0.251893	0.116614
0.253973	0.118694
0.260213	0.120774
0.262293	0.122854
0.266453	0.124934
0.268533	0.127014
0.295573	0.135334
0.297653	0.139494
0.301813	0.143654
0.303893	0.145734
0.312213	0.151974
0.314293	0.154054
0.320533	0.156134
0.322613	0.158214
0.335093	0.158214
0.339253	0.158214
0.349653	0.158214
0.353813	0.158214
0.364213	0.158214
0.368373	0.158214
0.374613	0.158214
0.378773	0.158214
0.387093	0.158214
0.391253	0.158214
0.397493	0.158214
0.401653	0.158214
0.437013	0.158214
0.443253	0.158214
0.451573	0.158214
0.455733	0.158214
0.470293	0.158214
0.474453	0.158214
0.482773	0.158214
0.486933	0.158214
0.499413	0.158214
0.503573	0.158214
0.513973	0.158214
0.518133	0.158214
0.528533	0.158214
0.532693	0.158214
0.538933	0.158214
0.543093	0.158214
0.551413	0.158214
0.555573	0.158214
0.561813	0.158214
0.565973	0.158214
0.601333	0.158214
0.607573	0.158214
0.615893	0.158214
0.620053	0.158214
0.634613	0.158214
0.638773	0.158214
0.647093	0.158214
0.651253	0.158214
0.663733	0.158214
0.667893	0.158214
0.678293	0.158214
0.682453	0.158214
0.692853	0.158214
0.697013	0.158214
0.703253	0.158214
0.707413	0.158214
0.715733	0.158214
0.719893	0.158214
0.726133	0.158214
0.730293	0.158214
0.765653	0.158214
0.771893	0.158214
0.780213	0.158214
0.784373	0.158214
0.798933	0.158214
0.803093	0.158214
0.811413	0.158214
0.815573	0.158214
0.828053	0.158214
0.832213	0.158214
0.842613	0.158214
0.846773	0.158214
0.857173	0.158214
0.861333	0.158214
0.867573	0.158214
0.871733	0.158214
0.880053	0.158214
0.884213	0.158214
0.890453	0.158214
0.894613	0.158214
0.929973	0.158214
0.936213	0.158214
0.944533	0.158214
0.948693	0.158214
0.963253	0.158214
0.967413	0.158214
0.975733	0.158214
0.979893	0.158214
0.992373	0.158214
0.996533	0.158214
1.006933	0.158214
1.011093	0.158214
1.021493	0.158214
1.025653	0.158214
1.031893	0.158214
1.036053	0.158214
1.044373	0.158214
1.048533	0.158214
1.054773	0.158214
1.058933	0.158214
1.094293	0.158214
1.100533	0.158214
1.108853	0.158214
1.113013	0.158214
1.127573	0.158214
1.131733	0.158214
1.140053	0.158214
1.144213	0.158214
1.156693	0.158214
1.160853	0.158214
1.171253	0.158214
1.175413	0.158214
1.185813	0.158214
1.189973	0.158214
1.196213	0.158214
1.200373	0.158214
1.208693	0.158214
1.212853	0.158214
1.219093	0.158214
1.223253	0.158214
1.258613	0.158214
1.264853	0.158214
1.273173	0.158214
1.277333	0.158214
1.291893	0.158214
1.296053	0.158214
1.304373	0.158214
1.308533	0.158214
1.321013	0.158214
1.325173	0.158214
1.335573	0.158214
1.339733	0.158214
1.350133	0.158214
1.354293	0.158214
1.360533	0.158214
1.364693	0.158214
1.373013	0.158214
1.377173	0.158214
1.383413	0.158214
1.387573	0.158214
1.422933	0.158214
1.429173	0.158214
1.437493	0.158214
1.441653	0.158214
1.456213	0.158214
1.460373	0.158214
1.468693	0.158214
1.472853	0.158214
1.485333	0.158214
1.489493	0.158214
1.499893	0.158214
1.504053	0.158214
1.514453	0.158214
1.518613	0.158214
1.524853	0.158214
1.529013	0.158214
1.537333	0.158214
1.541493	0.158214
1.547733	0.158214
1.551893	0.158214
1.587253	0.158214
1.593493	0.158214
1.601813	0.158214
1.605973	0.158214
1.620533	0.158214
1.624693	0.158214
1.633013	0.158214
1.637173	0.158214
1.649653	0.158214
1.653813	0.158214
1.664213	0.158214
1.668373	0.158214
1.678773	0.158214
1.682933	0.158214
1.689173	0.158214
1.693333	0.158214
1.701653	0.158214
1.705813	0.158214
1.712053	0.158214
1.716213	0.158214
1.751573	0.158214
1.757813	0.158214
1.766133	0.158214
1.770293	0.158214
1.784853	0.158214
1.789013	0.158214
1.797333	0.158214
1.801493	0.158214
1.813973	0.158214
1.818133	0.158214
1.828533	0.158214
1.832693	0.158214
1.843093	0.158214
1.847253	0.158214
1.853493	0.158214
1.857653	0.158214
1.865973	0.158214
1.870133	0.158214
1.876373	0.158214
1.880533	0.158214
1.915893	0.158214
1.922133	0.158214
1.930453	0.158214
1.934613	0.158214
1.949173	0.158214
1.953333	0.158214
1.961653	0.158214
1.965813	0.158214
1.978293	0.158214
1.982453	0.158214
1.992853	0.158214
1.997013	0.158214
2.007413	0.158214
2.011573	0.158214
2.017813	0.158214
2.021973	0.158214
2.030293	0.158214
2.034453	0.158214
2.040693	0.158214
2.044853	0.158214
2.080213	0.158214
2.086453	0.158214
2.094773	0.158214
2.098933	0.158214
2.113493	0.158214
2.117653	0.158214
2.125973	0.158214
2.130133	0.158214
2.142613	0.158214
2.146773	0.158214
2.157173	0.158214
2.161333	0.158214
2.171733	0.158214
2.175893	0.158214
2.182133	0.158214
2.186293	0.158214
2.194613	0.158214
2.198773	0.158214
2.205013	0.158214
2.209173	0.158214
2.244533	0.158214
2.250773	0.158214
2.259093	0.158214
2.263253	0.158214
2.277813	0.158214
2.281973	0.158214
2.290293	0.158214
2.294453	0.158214
2.306933	0.158214
2.311093	0.158214
2.321493	0.158214
2.325653	0.158214
2.336053	0.158214
2.340213	0.158214
2.346453	0.158214
2.350613	0.158214
2.358933	0.158214
2.363093	0.158214
2.369333	0.158214
2.373493	0.158214
2.408853	0.158214
2.415093	0.158214
2.423413	0.158214
2.427573	0.158214
2.442133	0.158214
2.446293	0.158214
2.454613	0.158214
2.458773	0.158214
2.471253	0.158214
2.475413	0.158214
2.485813	0.158214
2.489973	0.158214
2.500373	0.158214
2.504533	0.158214
2.510773	0.158214
2.514933	0.158214
2.523253	0.158214
2.527413	0.158214
2.533653	0.158214
2.537813	0.158214
2.573173	0.158214
2.579413	0.158214
2.587733	0.158214
2.591893	0.158214
2.606453	0.158214
2.610613	0.158214
2.618933	0.158214
2.623093	0.158214
2.635573	0.158214
2.639733	0.158214
2.650133	0.158214
2.654293	0.158214
2.664693	0.158214
2.668853	0.158214
2.675093	0.158214
2.679253	0.158214
2.687573	0.158214
2.691733	0.158214
2.697973	0.158214
2.702133	0.158214
2.737493	0.158214
2.743733	0.158214
2.752053	0.158214
2.756213	0.158214
2.770773	0.158214
2.774933	0.158214
2.783253	0.158214
2.787413	0.158214
2.799893	0.158214
2.804053	0.158214
2.814453	0.158214
2.818613	0.158214
2.829013	0.158214
2.833173	0.158214
2.839413	0.158214
2.843573	0.158214
2.851893	0.158214
2.856053	0.158214
2.862293	0.158214
2.866453	0.158214
2.901813	0.158214
2.908053	0.158214
2.916373	0.158214
2.920533	0.158214
2.935093	0.158214
2.939253	0.158214
2.947573	0.158214
2.951733	0.158214
2.964213	0.158214
2.968373	0.158214
2.978773	0.158214
2.982933	0.158214
2.993333	0.158214
2.997493	0.158214
3.003733	0.158214
3.007893	0.158214
3.016213	0.158214
3.020373	0.158214
3.026613	0.158214
3.030773	0.158214
3.066133	0.158214
3.072373	0.158214
3.080693	0.158214
3.084853	0.158214
3.099413	0.158214
3.103573	0.158214
3.111893	0.158214
3.116053	0.158214
3.128533	0.158214
3.132693	0.158214
3.143093	0.158214
3.147253	0.158214
3.157653	0.158214
3.161813	0.158214
3.168053	0.158214
3.172213	0.158214
3.180533	0.158214
3.184693	0.158214
3.190933	0.158214
3.195093	0.158214
3.230453	0.158214
3.236693	0.158214
3.245013	0.158214
3.249173	0.158214
3.263733	0.158214
3.267893	0.158214
3.276213	0.158214
3.280373	0.158214
3.292853	0.158214
3.297013	0.158214
3.307413	0.158214
3.311573	0.158214
3.321973	0.158214
3.326133	0.158214
3.332373	0.158214
3.336533	0.158214
3.344853	0.158214
3.349013	0.158214
3.355253	0.158214
3.359413	0.158214
3.394773	0.158214
3.401013	0.158214
3.409333	0.158214
3.413493	0.158214
3.428053	0.158214
3.432213	0.158214
3.440533	0.158214
3.444693	0.158214
3.457173	0.158214
3.461333	0.158214
3.471733	0.158214
3.475893	0.158214
3.486293	0.158214
3.490453	0.158214
3.496693	0.158214
3.500853	0.158214
3.509173	0.158214
3.513333	0.158214
3.519573	0.158214
3.523733	0.158214
3.559093	0.158214
3.565333	0.158214
3.573653	0.158214
3.577813	0.158214
3.592373	0.158214
3.596533	0.158214
3.604853	0.158214
3.609013	0.158214
3.621493	0.158214
3.625653	0.158214
3.636053	0.158214
3.640213	0.158214
3.650613	0.158214
3.654773	0.158214
3.661013	0.158214
3.665173	0.158214
3.673493	0.158214
3.677653	0.158214
3.683893	0.158214
3.688053	0.158214
3.723413	0.158214
3.729653	0.158214
3.737973	0.158214
3.742133	0.158214
3.756693	0.158214
3.760853	0.158214
3.769173	0.158214
3.773333	0.158214
3.785813	0.158214
3.789973	0.158214
3.800373	0.158214
3.804533	0.158214
3.814933	0.158214
3.819093	0.158214
3.825333	0.158214
3.829493	0.158214
3.837813	0.158214
3.841973	0.158214
3.848213	0.158214
3.852373	0.158214
3.887733	0.158214
3.893973	0.158214
3.902293	0.158214
3.906453	0.158214
3.921013	0.158214
3.925173	0.158214
3.933493	0.158214
3.937653	0.158214
3.950133	0.158214
3.954293	0.158214
3.964693	0.158214
3.968853	0.158214
3.979253	0.158214
3.983413	0.158214
3.989653	0.158214
3.993813	0.158214
4.002133	0.158214
4.006293	0.158214
4.012533	0.158214
4.016693	0.158214
4.052053	0.158214
4.058293	0.158214
4.066613	0.158214
4.070773	0.158214
4.085333	0.158214
4.089493	0.158214
4.097813	0.158214
4.101973	0.158214
4.114453	0.158214
4.118613	0.158214
4.129013	0.158214
4.133173	0.158214
4.143573	0.158214
4.147733	0.158214
4.153973	0.158214
4.158133	0.158214
4.166453	0.158214
4.170613	0.158214
4.176853	0.158214
4.181013	0.158214
4.216373	0.158214
4.222613	0.158214
4.230933	0.158214
4.235093	0.158214
4.249653	0.158214
4.253813	0.158214
4.262133	0.158214
4.266293	0.158214
4.278773	0.158214
4.282933	0.158214
4.293333	0.158214
4.297493	0.158214
4.307893	0.158214
4.312053	0.158214
4.318293	0.158214
4.322453	0.158214
4.330773	0.158214
4.334933	0.158214
4.341173	0.158214
4.345333	0.158214
4.380693	0.158214
4.386933	0.158214
4.395253	0.158214
4.399413	0.158214
4.413973	0.158214
4.418133	0.158214
4.426453	0.158214
4.430613	0.158214
4.443093	0.158214
4.447253	0.158214
4.457653	0.158214
4.461813	0.158214
4.472213	0.158214
4.476373	0.158214
4.482613	0.158214
4.486773	0.158214
4.495093	0.158214
4.499253	0.158214
4.505493	0.158214
4.509653	0.158214
4.545013	0.158214
4.551253	0.158214
4.559573	0.158214
4.563733	0.158214
4.578293	0.158214
4.582453	0.158214
4.590773	0.158214
4.594933	0.158214
4.607413	0.158214
4.611573	0.158214
4.621973	0.158214
4.626133	0.158214
4.636533	0.158214
4.640693	0.158214
4.646933	0.158214
4.651093	0.158214
4.659413	0.158214
4.663573	0.158214
4.669813	0.158214
4.673973	0.158214
4.709333	0.158214
4.715573	0.158214
4.723893	0.158214
4.728053	0.158214
4.742613	0.158214
4.746773	0.158214
4.755093	0.158214
4.759253	0.158214
4.771733	0.158214
4.775893	0.158214
4.786293	0.158214
4.790453	0.158214
4.800853	0.158214
4.805013	0.158214
4.811253	0.158214
4.815413	0.158214
4.823733	0.158214
4.827893	0.158214
4.834133	0.158214
4.838293	0.158214
4.873653	0.158214
4.879893	0.158214
4.888213	0.158214
4.892373	0.158214
4.906933	0.158214
4.911093	0.158214
4.919413	0.158214
4.923573	0.158214
4.936053	0.158214
4.940213	0.158214
4.950613	0.158214
4.954773	0.158214
4.965173	0.158214
4.969333	0.158214
4.975573	0.158214
4.979733	0.158214
4.988053	0.158214
4.992213	0.158214
4.998453	0.158214
5.002613	0.158214
5.037973	0.158214
5.044213	0.158214
5.052533	0.158214
5.056693	0.158214
5.071253	0.158214
5.075413	0.158214
5.083733	0.158214
5.087893	0.158214
5.100373	0.158214
5.104533	0.158214
5.114933	0.158214
5.119093	0.158214
5.129493	0.158214
5.133653	0.158214
5.139893	0.158214
5.144053	0.158214
5.152373	0.158214
5.156533	0.158214
5.162773	0.158214
5.166933	0.158214
5.202293	0.158214
5.208533	0.158214
5.216853	0.158214
5.221013	0.158214
5.235573	0.158214
5.239733	0.158214
5.248053	0.158214
5.252213	0.158214
5.264693	0.158214
5.268853	0.158214
5.279253	0.158214
5.283413	0.158214
5.293813	0.158214
5.297973	0.158214
5.304213	0.158214
5.308373	0.158214
5.316693	0.158214
5.320853	0.158214
5.327093	0.158214
5.331253	0.158214
5.366613	0.158214
5.372853	0.158214
5.381173	0.158214
5.385333	0.158214
5.399893	0.158214
5.404053	0.158214
5.412373	0.158214
5.416533	0.158214
5.429013	0.158214
5.433173	0.158214
5.443573	0.158214
5.447733	0.158214
5.458133	0.158214
5.462293	0.158214
5.468533	0.158214
5.472693	0.158214
5.481013	0.158214
5.485173	0.158214
5.491413	0.158214
5.495573	0.158214
5.530933	0.158214
5.537173	0.158214
5.545493	0.158214
5.549653	0.158214
5.564213	0.158214
5.568373	0.158214
5.576693	0.158214
5.580853	0.158214
5.593333	0.158214
5.597493	0.158214
5.607893	0.158214
5.612053	0.158214
5.622453	0.158214
5.626613	0.158214
5.632853	0.158214
5.637013	0.158214
5.645333	0.158214
5.649493	0.158214
5.655733	0.158214
5.659893	0.158214
5.695253	0.158214
5.701493	0.158214
5.709813	0.158214
5.713973	0.158214
5.728533	0.158214
5.732693	0.158214
5.741013	0.158214
5.745173	0.158214
5.757653	0.158214
5.761813	0.158214
5.772213	0.158214
5.776373	0.158214
5.786773	0.158214
5.790933	0.158214
5.797173	0.158214
5.801333	0.158214
5.809653	0.158214
5.813813	0.158214
5.820053	0.158214
5.824213	0.158214
5.859573	0.158214
5.865813	0.158214
5.874133	0.158214
5.878293	0.158214
5.892853	0.158214
5.897013	0.158214
5.905333	0.158214
5.909493	0.158214
5.921973	0.158214
5.926133	0.158214
5.936533	0.158214
5.940693	0.158214
5.951093	0.158214
5.955253	0.158214
5.961493	0.158214
5.965653	0.158214
5.973973	0.158214
5.978133	0.158214
5.984373	0.158214
5.988533	0.158214
6.023893	0.158214
6.030133	0.158214
6.038453	0.158214
6.042613	0.158214
6.057173	0.158214
6.061333	0.158214
6.069653	0.158214
6.073813	0.158214
6.086293	0.158214
6.090453	0.158214
6.100853	0.158214
6.105013	0.158214
6.115413	0.158214
6.119573	0.158214
6.125813	0.158214
6.129973	0.158214
6.138293	0.158214
6.142453	0.158214
6.148693	0.158214
6.152853	0.158214
6.188213	0.158214
6.194453	0.158214
6.202773	0.158214
6.206933	0.158214
6.221493	0.158214
6.225653	0.158214
6.233973	0.158214
6.238133	0.158214
6.250613	0.158214
6.254773	0.158214
6.265173	0.158214
6.269333	0.158214
6.279733	0.158214
6.283893	0.158214
6.290133	0.158214
6.294293	0.158214
6.302613	0.158214
6.306773	0.158214
6.313013	0.158214
6.317173	0.158214
6.352533	0.158214
6.358773	0.158214
6.367093	0.158214
6.371253	0.158214
6.385813	0.158214
6.389973	0.158214
6.398293	0.158214
6.402453	0.158214
6.414933	0.158214
6.419093	0.158214
6.429493	0.158214
6.433653	0.158214
6.444053	0.158214
6.448213	0.158214
6.454453	0.158214
6.458613	0.158214
6.466933	0.158214
6.471093	0.158214
6.477333	0.158214
6.481493	0.158214
6.516853	0.158214
6.523093	0.158214
6.531413	0.158214
6.535573	0.158214
6.550133	0.158214
6.554293	0.158214
6.562613	0.158214
6.566773	0.158214
6.579253	0.158214
6.583413	0.158214
6.593813	0.158214
6.597973	0.158214
6.608373	0.158214
6.612533	0.158214
6.618773	0.158214
6.622933	0.158214
6.631253	0.158214
6.635413	0.158214
6.641653	0.158214
6.645813	0.158214
6.681173	0.158214
6.687413	0.158214
6.695733	0.158214
6.699893	0.158214
6.714453	0.158214
6.718613	0.158214
6.726933	0.158214
6.731093	0.158214
6.743573	0.158214
6.747733	0.158214
6.758133	0.158214
6.762293	0.158214
6.772693	0.158214
6.776853	0.158214
6.783093	0.158214
6.787253	0.158214
6.795573	0.158214
6.799733	0.158214
6.805973	0.158214
6.810133	0.158214
6.845493	0.158214
6.851733	0.158214
6.860053	0.158214
6.864213	0.158214
6.878773	0.158214
6.882933	0.158214
6.891253	0.158214
6.895413	0.158214
6.907893	0.158214
6.912053	0.158214
6.922453	0.158214
6.926613	0.158214
6.937013	0.158214
6.941173	0.158214
6.947413	0.158214
6.951573	0.158214
6.959893	0.158214
6.964053	0.158214
6.970293	0.158214
6.974453	0.158214
7.009813	0.158214
7.016053	0.158214
7.024373	0.158214
7.028533	0.158214
7.043093	0.158214
7.047253	0.158214
7.055573	0.158214
7.059733	0.158214
7.072213	0.158214
7.076373	0.158214
7.086773	0.158214
7.090933	0.158214
7.101333	0.158214
7.105493	0.158214
7.111733	0.158214
7.115893	0.158214
7.124213	0.158214
7.128373	0.158214
7.134613	0.158214
7.138773	0.158214
7.174133	0.158214
7.180373	0.158214
7.188693	0.158214
7.192853	0.158214
7.207413	0.158214
7.211573	0.158214
7.219893	0.158214
7.224053	0.158214
7.236533	0.158214
7.240693	0.158214
7.251093	0.158214
7.255253	0.158214
7.265653	0.158214
7.269813	0.158214
7.276053	0.158214
7.280213	0.158214
7.288533	0.158214
7.292693	0.158214
7.298933	0.158214
7.303093	0.158214
7.338453	0.158214
7.344693	0.158214
7.353013	0.158214
7.357173	0.158214
7.371733	0.158214
7.375893	0.158214
7.384213	0.158214
7.388373	0.158214
7.400853	0.158214
7.405013	0.158214
7.415413	0.158214
7.419573	0.158214
7.429973	0.158214
7.434133	0.158214
7.440373	0.158214
7.444533	0.158214
7.452853	0.158214
7.457013	0.158214
7.463253	0.158214
7.467413	0.158214
7.502773	0.158214
7.509013	0.158214
7.517333	0.158214
7.521493	0.158214
7.536053	0.158214
7.540213	0.158214
7.548533	0.158214
7.552693	0.158214
7.565173	0.158214
7.569333	0.158214
7.579733	0.158214
7.583893	0.158214
7.594293	0.158214
7.598453	0.158214
7.604693	0.158214
7.608853	0.158214
7.617173	0.158214
7.621333	0.158214
7.627573	0.158214
7.631733	0.158214
7.667093	0.158214
7.673333	0.158214
7.681653	0.158214
7.685813	0.158214
7.700373	0.158214
7.704533	0.158214
7.712853	0.158214
7.717013	0.158214
7.729493	0.158214
7.733653	0.158214
7.744053	0.158214
7.748213	0.158214
7.758613	0.158214
7.762773	0.158214
7.769013	0.158214
7.773173	0.158214
7.781493	0.158214
7.785653	0.158214
7.791893	0.158214
7.796053	0.158214
7.831413	0.158214
7.837653	0.158214
7.845973	0.158214
7.850133	0.158214
7.864693	0.158214
7.868853	0.158214
7.877173	0.158214
7.881333	0.158214
7.893813	0.158214
7.897973	0.158214
7.908373	0.158214
7.912533	0.158214
7.922933	0.158214
7.927093	0.158214
7.933333	0.158214
7.937493	0.158214
7.945813	0.158214
7.949973	0.158214
7.956213	0.158214
7.960373	0.158214
7.995733	0.158214
8.001973	0.158214
8.010293	0.158214
8.014453	0.158214
8.029013	0.158214
8.033173	0.158214
8.041493	0.158214
8.045653	0.158214
8.058133	0.158214
8.062293	0.158214
8.072693	0.158214
8.076853	0.158214
8.087253	0.158214
8.091413	0.158214
8.097653	0.158214
8.101813	0.158214
8.110133	0.158214
8.114293	0.158214
8.120533	0.158214
8.124693	0.158214
8.160053	0.158214
8.166293	0.158214
8.174613	0.158214
8.178773	0.158214
8.193333	0.158214
8.197493	0.158214
8.205813	0.158214
8.209973	0.158214
8.222453	0.158214
8.226613	0.158214
8.237013	0.158214
8.241173	0.158214
8.251573	0.158214
8.255733	0.158214
8.261973	0.158214
8.266133	0.158214
8.274453	0.158214
8.278613	0.158214
8.284853	0.158214
8.289013	0.158214
8.324373	0.158214
8.330613	0.158214
8.338933	0.158214
8.343093	0.158214
8.357653	0.158214
8.361813	0.158214
8.370133	0.158214
8.374293	0.158214
8.386773	0.158214
8.390933	0.158214
8.401333	0.158214
8.405493	0.158214
8.415893	0.158214
8.420053	0.158214
8.426293	0.158214
8.430453	0.158214
8.438773	0.158214
8.442933	0.158214
8.449173	0.158214
8.453333	0.158214
8.488693	0.158214
8.494933	0.158214
8.503253	0.158214
8.507413	0.158214
8.521973	0.158214
8.526133	0.158214
8.534453	0.158214
8.538613	0.158214
8.551093	0.158214
8.555253	0.158214
8.565653	0.158214
8.569813	0.158214
8.580213	0.158214
8.584373	0.158214
8.590613	0.158214
8.594773	0.158214
8.603093	0.158214
8.607253	0.158214
8.613493	0.158214
8.617653	0.158214
8.653013	0.158214
8.659253	0.158214
8.667573	0.158214
8.671733	0.158214
8.686293	0.158214
8.690453	0.158214
8.698773	0.158214
8.702933	0.158214
8.715413	0.158214
8.719573	0.158214
8.729973	0.158214
8.734133	0.158214
8.744533	0.158214
8.748693	0.158214
8.754933	0.158214
8.759093	0.158214
8.767413	0.158214
8.771573	0.158214
8.777813	0.158214
8.781973	0.158214
8.817333	0.158214
8.823573	0.158214
8.831893	0.158214
8.836053	0.158214
8.850613	0.158214
8.854773	0.158214
8.863093	0.158214
8.867253	0.158214
8.879733	0.158214
8.883893	0.158214
8.894293	0.158214
8.898453	0.158214
8.908853	0.158214
8.913013	0.158214
8.919253	0.158214
8.923413	0.158214
8.931733	0.158214
8.935893	0.158214
8.942133	0.158214
8.946293	0.158214
8.981653	0.158214
8.987893	0.158214
8.996213	0.158214
9.000373	0.158214
9.014933	0.158214
9.019093	0.158214
9.027413	0.158214
9.031573	0.158214
9.044053	0.158214
9.048213	0.158214
9.058613	0.158214
9.062773	0.158214
9.073173	0.158214
9.077333	0.158214
9.083573	0.158214
9.087733	0.158214
9.096053	0.158214
9.100213	0.158214
9.106453	0.158214
9.110613	0.158214
9.145973	0.158214
9.152213	0.158214
9.160533	0.158214
9.164693	0.158214
9.179253	0.158214
9.183413	0.158214
9.191733	0.158214
9.195893	0.158214
9.208373	0.158214
9.212533	0.158214
9.222933	0.158214
9.227093	0.158214
9.237493	0.158214
9.241653	0.158214
9.247893	0.158214
9.252053	0.158214
9.260373	0.158214
9.264533	0.158214
9.270773	0.158214
9.274933	0.158214
9.310293	0.158214
9.316533	0.158214
9.324853	0.158214
9.329013	0.158214
9.343573	0.158214
9.347733	0.158214
9.356053	0.158214
9.360213	0.158214
9.372693	0.158214
9.376853	0.158214
9.387253	0.158214
9.391413	0.158214
9.401813	0.158214
9.405973	0.158214
9.412213	0.158214
9.416373	0.158214
9.424693	0.158214
9.428853	0.158214
9.435093	0.158214
9.439253	0.158214
9.474613	0.158214
9.480853	0.158214
9.489173	0.158214
9.493333	0.158214
9.507893	0.158214
9.512053	0.158214
9.520373	0.158214
9.524533	0.158214
9.537013	0.158214
9.541173	0.158214
9.551573	0.158214
9.555733	0.158214
9.566133	0.158214
9.570293	0.158214
9.576533	0.158214
9.580693	0.158214
9.589013	0.158214
9.593173	0.158214
9.599413	0.158214
9.603573	0.158214
9.638933	0.158214
9.645173	0.158214
9.653493	0.158214
9.657653	0.158214
9.672213	0.158214
9.676373	0.158214
9.684693	0.158214
9.688853	0.158214
9.701333	0.158214
9.705493	0.158214
9.715893	0.158214
9.720053	0.158214
9.730453	0.158214
9.734613	0.158214
9.740853	0.158214
9.745013	0.158214
9.753333	0.158214
9.757493	0.158214
9.763733	0.158214
9.767893	0.158214
9.803253	0.158214
9.809493	0.158214
9.817813	0.158214
9.821973	0.158214
9.836533	0.158214
9.840693	0.158214
9.849013	0.158214
9.853173	0.158214
9.865653	0.158214
9.869813	0.158214
9.880213	0.158214
9.884373	0.158214
9.894773	0.158214
9.898933	0.158214
9.905173	0.158214
9.909333	0.158214
9.917653	0.158214
9.921813	0.158214
9.928053	0.158214
9.932213	0.158214
9.967573	0.158214
9.973813	0.158214
9.982133	0.158214
9.986293	0.158214
10.000853	0.158214
10.005013	0.158214
10.013333	0.158214
10.017493	0.158214
10.029973	0.158214
10.034133	0.158214
10.044533	0.158214
10.048693	0.158214
10.059093	0.158214
10.063253	0.158214
10.069493	0.158214
10.073653	0.158214
10.081973	0.158214
10.086133	0.158214
10.092373	0.158214
10.096533	0.158214
10.131893	0.158214
10.138133	0.158214
10.146453	0.158214
10.150613	0.158214
10.165173	0.158214
10.169333	0.158214
10.177653	0.158214
10.181813	0.158214
10.194293	0.158214
10.198453	0.158214
10.208853	0.158214
10.213013	0.158214
10.223413	0.158214
10.227573	0.158214
10.233813	0.158214
10.237973	0.158214
10.246293	0.158214
10.250453	0.158214
10.256693	0.158214
10.260853	0.158214
10.296213	0.158214
10.302453	0.158214
10.310773	0.158214
10.314933	0.158214
10.329493	0.158214
10.333653	0.158214
10.341973	0.158214
10.346133	0.158214
10.358613	0.158214
10.362773	0.158214
10.373173	0.158214
10.377333	0.158214
10.387733	0.158214
10.391893	0.158214
10.398133	0.158214
10.402293	0.158214
10.410613	0.158214
10.414773	0.158214
10.421013	0.158214
10.425173	0.158214
10.460533	0.158214
10.466773	0.158214
10.475093	0.158214
10.479253	0.158214
10.493813	0.158214
10.497973	0.158214
10.506293	0.158214
10.510453	0.158214
10.522933	0.158214
10.527093	0.158214
10.537493	0.158214
10.541653	0.158214
10.552053	0.158214
10.556213	0.158214
10.562453	0.158214
10.566613	0.158214
10.574933	0.158214
10.579093	0.158214
10.585333	0.158214
10.589493	0.158214
10.624853	0.158214
10.631093	0.158214
10.639413	0.158214
10.643573	0.158214
10.658133	0.158214
10.662293	0.158214
10.670613	0.158214
10.674773	0.158214
10.687253	0.158214
10.691413	0.158214
10.701813	0.158214
10.705973	0.158214
10.716373	0.158214
10.720533	0.158214
10.726773	0.158214
10.730933	0.158214
10.739253	0.158214
10.743413	0.158214
10.749653	0.158214
10.753813	0.158214
10.789173	0.158214
10.795413	0.158214
10.803733	0.158214
10.807893	0.158214
10.822453	0.158214
10.826613	0.158214
10.834933	0.158214
10.839093	0.158214
10.851573	0.158214
10.855733	0.158214
10.866133	0.158214
10.870293	0.158214
10.880693	0.158214
10.884853	0.158214
10.891093	0.158214
10.895253	0.158214
10.903573	0.158214
10.907733	0.158214
10.913973	0.158214
10.918133	0.158214
10.953493	0.158214
10.959733	0.158214
10.968053	0.158214
10.972213	0.158214
10.986773	0.158214
10.990933	0.158214
10.999253	0.158214
11.003413	0.158214
11.015893	0.158214
11.020053	0.158214
11.030453	0.158214
11.034613	0.158214
11.045013	0.158214
11.049173	0.158214
11.055413	0.158214
11.059573	0.158214
11.067893	0.158214
11.072053	0.158214
11.078293	0.158214
11.082453	0.158214
11.117813	0.158214
11.124053	0.158214
11.132373	0.158214
11.136533	0.158214
11.151093	0.158214
11.155253	0.158214
11.163573	0.158214
11.167733	0.158214
11.180213	0.158214
11.184373	0.158214
11.194773	0.158214
11.198933	0.158214
11.209333	0.158214
11.213493	0.158214
11.219733	0.158214
11.223893	0.158214
11.232213	0.158214
11.236373	0.158214
11.242613	0.158214
11.246773	0.158214
11.282133	0.158214
11.288373	0.158214
11.296693	0.158214
11.300853	0.158214
11.315413	0.158214
11.319573	0.158214
11.327893	0.158214
11.332053	0.158214
11.344533	0.158214
11.348693	0.158214
11.359093	0.158214
11.363253	0.158214
11.373653	0.158214
11.377813	0.158214
11.384053	0.158214
11.388213	0.158214
11.396533	0.158214
11.400693	0.158214
11.406933	0.158214
11.411093	0.158214
11.446453	0.158214
11.452693	0.158214
11.461013	0.158214
11.465173	0.158214
11.479733	0.158214
11.483893	0.158214
11.492213	0.158214
11.496373	0.158214
11.508853	0.158214
11.513013	0.158214
11.523413	0.158214
11.527573	0.158214
11.537973	0.158214
11.542133	0.158214
11.548373	0.158214
11.552533	0.158214
11.560853	0.158214
11.565013	0.158214
11.571253	0.158214
11.575413	0.158214
11.610773	0.158214
11.617013	0.158214
11.625333	0.158214
11.629493	0.158214
11.644053	0.158214
11.648213	0.158214
11.656533	0.158214
11.660693	0.158214
11.673173	0.158214
11.677333	0.158214
11.687733	0.158214
11.691893	0.158214
11.702293	0.158214
11.706453	0.158214
11.712693	0.158214
11.716853	0.158214
11.725173	0.158214
11.729333	0.158214
11.735573	0.158214
11.739733	0.158214
11.775093	0.158214
11.781333	0.158214
11.789653	0.158214
11.793813	0.158214
11.808373	0.158214
11.812533	0.158214
11.820853	0.158214
11.825013	0.158214
11.837493	0.158214
11.841653	0.158214
11.852053	0.158214
11.856213	0.158214
11.866613	0.158214
11.870773	0.158214
11.877013	0.158214
11.881173	0.158214
11.889493	0.158214
11.893653	0.158214
11.899893	0.158214
11.904053	0.158214
11.939413	0.158214
11.945653	0.158214
11.953973	0.158214
11.958133	0.158214
11.972693	0.158214
11.976853	0.158214
11.985173	0.158214
11.989333	0.158214
