0.12	0.00
0.12	4000.00
0.12	2000.00
0.13	2400.00
0.13	2000.00
0.13	2222.22
0.14	1846.15
0.14	2000.00
0.15	1882.35
0.15	2000.00
0.16	1904.76
0.16	2000.00
0.17	1920.00
0.17	2000.00
0.17	1931.03
0.18	2000.00
0.18	1882.35
0.19	1942.86
0.19	1894.74
0.20	1853.66
0.20	1904.76
0.21	1866.67
0.21	1913.04
0.21	1877.55
0.22	1920.00
0.22	1886.79
0.23	1890.91
0.23	1862.07
0.23	1898.31
0.24	1870.97
0.25	1846.15
0.25	1878.79
0.25	1855.07
0.26	1885.71
0.26	1863.01
0.26	1891.89
0.27	1846.15
0.27	1873.42
0.28	1853.66
0.29	1835.29
0.29	1860.47
0.29	1842.70
0.30	1866.67
0.30	1849.46
0.30	1872.34
0.31	1855.67
0.31	1858.59
0.32	1843.14
0.32	1864.08
0.33	1849.06
0.33	1834.86
0.34	1854.55
0.34	1840.71
0.34	1859.65
0.35	1846.15
0.35	1864.41
0.36	1836.07
0.36	1853.66
0.37	1841.27
0.37	1829.46
0.38	1846.15
0.38	1834.59
0.38	1850.75
0.39	1839.42
0.39	1855.07
0.40	1843.97
0.40	1846.15
0.41	1835.62
0.41	1850.34
0.42	1840.00
0.42	1830.07
0.42	1844.16
0.43	1834.39
0.43	1848.10
0.44	1838.51
0.44	1851.85
0.45	1831.33
0.45	1844.31
0.46	1835.29
0.46	1826.59
0.46	1839.08
0.47	1830.51
0.47	1842.70
0.48	1834.25
0.48	1846.15
0.49	1837.84
0.49	1839.57
0.50	1831.58
0.50	1842.93
0.50	1835.05
0.51	1827.41
0.51	1838.38
0.52	1830.85
0.52	1841.58
0.53	1834.15
0.53	1844.66
0.54	1828.57
0.54	1838.86
0.54	1831.78
0.55	1824.88
0.55	1834.86
0.56	1828.05
0.56	1837.84
0.57	1831.11
0.57	1840.71
0.57	1834.06
0.58	1835.50
0.58	1829.06
0.59	1838.30
0.59	1831.93
0.60	1825.73
0.60	1834.71
0.61	1828.57
0.61	1837.40
0.61	1831.33
0.62	1840.00
0.62	1826.77
0.63	1835.29
0.63	1829.46
0.64	1823.75
0.64	1832.06
0.65	1826.42
0.65	1834.59
0.65	1829.00
0.66	1837.04
0.66	1831.50
0.67	1832.73
0.67	1827.34
0.67	1835.13
0.68	1829.79
0.69	1824.56
0.69	1832.17
0.69	1826.99
0.70	1834.48
0.70	1829.35
0.70	1836.73
0.71	1825.50
0.71	1832.78
0.72	1827.81
0.73	1822.95
0.73	1830.07
0.73	1825.24
0.74	1832.26
0.74	1827.48
0.74	1834.39
0.75	1829.65
0.75	1830.72
0.76	1826.09
0.76	1832.82
0.77	1828.22
0.77	1823.71
0.78	1830.30
0.78	1825.83
0.78	1832.34
0.79	1827.89
0.79	1834.32
0.80	1824.56
0.80	1830.90
0.81	1826.59
0.81	1822.35
0.82	1828.57
0.82	1824.36
0.82	1830.51
0.83	1826.33
0.83	1832.40
0.84	1828.25
0.84	1829.20
0.85	1825.14
0.85	1831.06
0.86	1827.03
0.86	1823.06
0.86	1828.88
0.87	1824.93
0.87	1830.69
0.88	1826.77
0.88	1832.46
0.89	1823.83
0.89	1829.46
0.90	1825.64
0.90	1821.88
0.90	1827.41
0.91	1823.68
0.91	1829.15
0.92	1825.44
0.92	1830.85
0.93	1827.16
0.93	1828.01
0.94	1824.39
0.94	1829.68
0.94	1826.09
0.95	1822.54
0.95	1827.75
0.96	1824.23
0.96	1829.38
0.97	1825.88
0.97	1830.99
0.98	1823.26
0.98	1828.31
0.98	1824.88
0.99	1821.51
0.99	1826.48
1.00	1823.13
1.00	1828.05
1.01	1824.72
1.01	1829.60
1.01	1826.28
1.02	1827.05
1.02	1823.79
1.03	1828.57
1.03	1825.33
1.04	1822.13
1.04	1826.84
1.05	1823.66
1.05	1828.33
1.05	1825.16
1.06	1829.79
1.06	1822.78
1.07	1827.37
1.07	1824.27
1.08	1821.21
1.08	1825.73
1.09	1822.68
1.09	1827.16
1.09	1824.13
1.10	1828.57
1.10	1825.56
1.11	1826.26
1.11	1823.29
1.11	1827.66
1.12	1824.70
1.13	1821.78
1.13	1826.09
1.13	1823.18
1.14	1827.45
1.14	1824.56
1.14	1828.79
1.15	1822.39
1.15	1826.59
1.16	1823.75
1.17	1820.95
1.17	1825.10
1.17	1822.31
1.18	1826.42
1.18	1823.64
1.18	1827.72
1.19	1824.95
1.19	1825.60
1.20	1822.88
1.20	1826.89
1.21	1824.18
1.21	1821.49
1.22	1825.45
1.22	1822.78
1.22	1826.71
1.23	1824.06
1.23	1827.96
1.24	1822.06
1.24	1825.93
1.25	1823.32
1.25	1820.74
1.26	1824.56
1.26	1821.99
1.26	1825.78
1.27	1823.22
1.27	1826.99
1.28	1824.44
1.28	1825.04
1.29	1822.53
1.29	1826.24
1.30	1823.73
1.30	1821.25
1.30	1824.92
1.31	1822.45
1.31	1826.09
1.32	1823.63
1.32	1827.24
1.33	1821.78
1.33	1825.37
1.34	1822.95
1.34	1820.55
1.34	1824.10
1.35	1821.72
1.35	1825.24
1.36	1822.87
1.36	1826.37
1.37	1824.00
1.37	1824.56
1.38	1822.22
1.38	1825.67
1.38	1823.34
1.39	1821.04
1.39	1824.45
1.40	1822.15
1.40	1825.55
1.41	1823.26
1.41	1826.63
1.42	1821.54
1.42	1824.88
1.42	1822.63
1.43	1820.40
1.43	1823.71
1.44	1821.48
1.44	1824.77
1.45	1822.56
1.45	1825.83
1.45	1823.62
1.46	1824.14
1.46	1821.96
1.47	1825.19
1.47	1823.01
1.48	1820.85
1.48	1824.05
1.49	1821.90
1.49	1825.07
1.49	1822.93
1.50	1826.09
1.50	1821.33
1.51	1824.46
1.51	1822.35
1.52	1820.26
1.52	1823.36
1.53	1821.28
1.53	1824.36
1.53	1822.28
1.54	1825.35
1.54	1823.28
1.55	1823.78
1.55	1821.73
1.55	1824.76
1.56	1822.71
1.57	1820.69
1.57	1823.69
1.57	1821.67
1.58	1824.66
1.58	1822.65
1.58	1825.61
1.59	1821.14
1.59	1824.09
1.60	1822.10
1.61	1820.13
1.61	1823.06
1.61	1821.09
1.62	1824.00
1.62	1822.05
1.62	1824.93
1.63	1822.99
1.63	1823.45
1.64	1821.52
1.64	1824.38
1.65	1822.45
1.65	1820.55
1.66	1823.38
1.66	1821.47
1.66	1824.29
1.67	1822.39
1.67	1825.19
1.68	1820.97
1.68	1823.75
1.69	1821.88
1.69	1820.03
1.70	1822.78
1.70	1820.93
1.70	1823.68
1.71	1821.83
1.71	1824.56
1.72	1822.72
1.72	1823.16
1.73	1821.34
1.73	1824.04
1.74	1822.22
1.74	1820.42
1.74	1823.10
1.75	1821.30
1.75	1823.96
1.76	1822.17
1.76	1824.82
1.77	1820.82
1.77	1823.46
1.78	1821.69
1.78	1819.93
1.78	1822.54
1.79	1820.79
1.79	1823.39
1.80	1821.64
1.80	1824.23
1.81	1822.49
1.81	1822.90
1.82	1821.18
1.82	1823.74
1.82	1822.01
1.83	1820.30
1.83	1822.84
1.84	1821.14
1.84	1823.67
1.85	1821.97
1.85	1824.48
1.86	1820.69
1.86	1823.19
1.86	1821.51
1.87	1819.84
1.87	1822.32
1.88	1820.66
1.88	1823.13
1.89	1821.47
1.89	1823.93
1.89	1822.27
1.90	1822.67
1.90	1821.03
1.91	1823.46
1.91	1821.83
1.92	1820.20
1.92	1822.62
1.93	1820.99
1.93	1823.40
1.93	1821.78
1.94	1824.18
1.94	1820.57
1.95	1822.95
1.95	1821.35
1.96	1819.76
1.96	1822.13
1.97	1820.54
1.97	1822.89
1.97	1821.31
1.98	1823.66
1.98	1822.08
1.99	1822.46
1.99	1820.90
1.99	1823.22
2.00	1821.66
2.01	1820.11
2.01	1822.41
2.01	1820.86
2.02	1823.16
2.02	1825.45
2.02	1823.90
2.03	1824.27
2.03	1822.73
2.04	1825.00
2.04	1823.47
2.05	1821.95
2.05	1824.20
2.06	1822.68
2.06	1824.92
2.06	1823.41
2.07	1825.64
2.07	1822.27
2.08	1824.49
2.08	1822.99
2.09	1821.50
2.09	1823.71
2.10	1822.22
2.10	1824.42
2.10	1822.94
2.11	1825.13
2.11	1823.65
2.12	1824.00
2.12	1822.53
2.12	1824.70
2.13	1823.24
2.14	1821.78
2.14	1823.94
2.14	1822.49
2.15	1824.63
2.15	1823.18
2.15	1825.32
2.16	1822.09
2.16	1824.22
2.17	1822.78
2.18	1821.36
2.18	1823.47
2.18	1822.05
2.19	1824.15
2.19	1822.74
2.19	1824.83
2.20	1823.42
2.20	1823.75
2.21	1822.35
2.21	1824.43
2.22	1823.03
2.22	1821.63
2.23	1823.70
2.23	1822.31
2.23	1824.36
2.24	1822.98
2.24	1825.02
2.25	1821.93
2.25	1823.97
2.26	1822.60
2.26	1821.23
2.27	1823.26
2.27	1821.89
2.27	1823.91
2.28	1822.55
2.28	1824.56
2.29	1823.20
2.29	1823.53
2.30	1822.18
2.30	1824.18
2.31	1822.83
2.31	1821.49
2.31	1823.48
2.32	1822.14
2.32	1824.12
2.33	1822.78
2.33	1824.75
2.34	1821.78
2.34	1823.74
2.35	1822.42
2.35	1821.11
2.35	1823.06
2.36	1821.75
2.36	1823.69
2.37	1822.38
2.37	1824.31
2.38	1823.01
2.38	1823.32
2.39	1822.03
2.39	1823.94
2.39	1822.65
2.40	1821.37
2.40	1823.27
2.41	1821.99
2.41	1823.89
2.42	1822.61
2.42	1824.50
2.43	1821.65
2.43	1823.53
2.43	1822.26
2.44	1821.00
2.44	1822.87
2.45	1821.61
2.45	1823.48
2.46	1822.22
2.46	1824.08
2.46	1822.83
2.47	1823.13
2.47	1821.88
2.48	1823.73
2.48	1822.49
2.49	1821.25
2.49	1823.08
2.50	1821.85
2.50	1823.68
2.50	1822.45
2.51	1824.27
2.51	1821.52
2.52	1823.33
2.52	1822.11
2.53	1820.90
2.53	1822.70
2.54	1821.49
2.54	1823.29
2.54	1822.08
2.55	1823.87
2.55	1822.66
2.56	1822.95
2.56	1821.75
2.56	1823.53
2.57	1822.33
2.58	1821.14
2.58	1822.91
2.58	1821.72
2.59	1823.48
2.59	1822.29
2.59	1824.05
2.60	1821.40
2.60	1823.15
2.61	1821.97
2.62	1820.80
2.62	1822.54
2.62	1821.37
2.63	1823.11
2.63	1821.94
2.63	1823.67
2.64	1822.50
2.64	1822.78
2.65	1821.63
2.65	1823.34
2.66	1822.19
2.66	1821.04
2.67	1822.75
2.67	1821.60
2.67	1823.30
2.68	1822.15
2.68	1823.85
2.69	1821.29
2.69	1822.98
2.70	1821.84
2.70	1820.71
2.71	1822.39
2.71	1821.26
2.71	1822.94
2.72	1821.81
2.72	1823.48
2.73	1822.36
2.73	1822.63
2.74	1821.51
2.74	1823.17
2.75	1822.05
2.75	1820.94
2.75	1822.59
2.76	1821.48
2.76	1823.13
2.77	1822.02
2.77	1823.66
2.78	1821.19
2.78	1822.82
2.79	1821.72
2.79	1820.63
2.79	1822.26
2.80	1821.16
2.80	1822.78
2.81	1821.69
2.81	1823.31
2.82	1822.22
2.82	1822.49
2.83	1821.40
2.83	1823.01
2.83	1821.93
2.84	1820.85
2.84	1822.45
2.85	1821.38
2.85	1822.97
2.86	1821.90
2.86	1823.49
2.87	1821.09
2.87	1822.67
2.87	1821.61
2.88	1820.55
2.88	1822.13
2.89	1821.07
2.89	1822.64
2.90	1821.58
2.90	1823.15
2.90	1822.09
2.91	1822.35
2.91	1821.30
2.92	1822.86
2.92	1821.81
2.93	1820.77
2.93	1822.32
2.94	1821.28
2.94	1822.82
2.94	1821.78
2.95	1823.32
2.95	1821.00
2.96	1822.54
2.96	1821.50
2.97	1820.48
2.97	1822.00
2.98	1820.98
2.98	1822.50
2.98	1821.48
2.99	1823.00
2.99	1821.97
3.00	1822.22
3.00	1821.21
3.00	1822.71
3.01	1821.70
3.02	1820.69
3.02	1822.19
3.02	1821.18
3.03	1822.68
3.03	1821.67
3.03	1823.17
3.04	1820.92
3.04	1822.40
3.05	1821.40
3.06	1820.41
3.06	1821.89
3.06	1820.90
3.07	1822.37
3.07	1821.38
3.07	1822.85
3.08	1821.86
3.08	1822.10
3.09	1821.12
3.09	1822.58
3.10	1821.60
3.10	1820.62
3.11	1822.07
3.11	1821.09
3.11	1822.55
3.12	1821.57
3.12	1823.02
3.13	1820.84
3.13	1822.28
3.14	1821.31
3.14	1820.34
3.15	1821.78
3.15	1820.82
3.15	1822.25
3.16	1821.29
3.16	1822.72
3.17	1821.76
3.17	1821.99
3.18	1821.03
3.18	1822.45
3.19	1821.50
3.19	1820.55
3.19	1821.96
3.20	1821.01
3.20	1822.42
3.21	1821.47
3.21	1822.88
3.22	1820.76
3.22	1822.16
3.23	1821.22
3.23	1820.28
3.23	1821.68
3.24	1820.74
3.24	1822.14
3.25	1821.20
3.25	1822.59
3.26	1821.66
3.26	1821.88
3.27	1820.95
3.27	1822.34
3.27	1821.41
3.28	1820.48
3.28	1821.86
3.29	1820.93
3.29	1822.31
3.30	1821.38
3.30	1822.75
3.31	1820.69
3.31	1822.06
3.31	1821.14
3.32	1820.22
3.32	1821.58
3.33	1820.67
3.33	1822.03
3.34	1821.12
3.34	1822.47
3.34	1821.56
3.35	1821.78
3.35	1820.88
3.36	1822.22
3.36	1821.32
3.37	1820.42
3.37	1821.76
3.38	1820.86
3.38	1822.19
3.38	1821.30
3.39	1822.63
3.39	1820.62
3.40	1821.95
3.40	1821.06
3.41	1820.17
3.41	1821.49
3.42	1820.61
3.42	1821.93
3.42	1821.04
3.43	1822.36
3.43	1821.47
3.44	1821.69
3.44	1820.81
3.44	1822.12
3.45	1821.24
3.46	1820.36
3.46	1821.66
3.46	1820.79
3.47	1822.09
3.47	1821.22
3.47	1822.51
3.48	1820.56
3.48	1821.85
3.49	1820.98
3.50	1820.12
3.50	1821.41
3.50	1820.54
3.51	1821.83
3.51	1820.97
3.51	1822.25
3.52	1821.39
3.52	1821.60
3.53	1820.74
3.53	1822.01
3.54	1821.16
3.54	1820.30
3.55	1821.57
3.55	1820.72
3.55	1821.99
3.56	1821.14
3.56	1822.40
3.57	1820.50
3.57	1821.76
3.58	1820.91
3.58	1820.07
3.59	1821.33
3.59	1820.48
3.59	1821.74
3.60	1820.90
3.60	1822.15
3.61	1821.31
3.61	1821.51
3.62	1820.67
3.62	1821.92
3.63	1821.08
3.63	1820.25
3.63	1821.49
3.64	1820.66
3.64	1821.89
3.65	1821.06
3.65	1822.30
3.66	1820.44
3.66	1821.67
3.67	1820.85
3.67	1820.02
3.67	1821.25
3.68	1820.43
3.68	1821.65
3.69	1820.83
3.69	1822.05
3.70	1821.23
3.70	1821.43
3.71	1820.61
3.71	1821.83
3.71	1821.01
3.72	1820.20
3.72	1821.41
3.73	1820.60
3.73	1821.80
3.74	1820.99
3.74	1822.20
3.75	1820.39
3.75	1821.59
3.75	1820.78
3.76	1819.98
3.76	1821.17
3.77	1820.37
3.77	1821.57
3.78	1820.77
3.78	1821.96
3.78	1821.16
3.79	1821.35
3.79	1820.55
3.80	1821.74
3.80	1820.94
3.81	1820.15
3.81	1821.33
3.82	1820.54
3.82	1821.72
3.82	1820.93
3.83	1822.10
3.83	1820.33
3.84	1821.51
3.84	1820.72
3.85	1819.94
3.85	1821.10
3.86	1820.32
3.86	1821.49
3.86	1820.70
3.87	1821.87
3.87	1821.09
3.88	1821.28
3.88	1820.50
3.88	1821.66
3.89	1820.88
3.90	1820.11
3.90	1821.26
3.90	1820.49
3.91	1821.64
3.91	1820.86
3.91	1822.01
3.92	1820.28
3.92	1821.43
3.93	1820.66
3.94	1819.90
3.94	1821.04
3.94	1820.27
3.95	1821.41
3.95	1820.65
3.95	1821.78
3.96	1821.02
3.96	1821.21
3.97	1820.45
3.97	1821.58
3.98	1820.82
3.98	1820.06
3.99	1821.19
3.99	1820.43
3.99	1821.56
4.00	1820.80
4.00	1821.92
4.01	1820.24
4.01	1821.36
4.02	1820.60
4.02	1819.86
4.03	1820.97
4.03	1820.22
4.03	1821.34
4.04	1820.59
4.04	1821.70
4.05	1820.96
4.05	1821.14
4.06	1820.40
4.06	1821.50
4.07	1820.76
4.07	1820.02
4.07	1821.12
4.08	1820.38
4.08	1821.48
4.09	1820.75
4.09	1821.84
4.10	1820.19
4.10	1821.29
4.11	1820.55
4.11	1819.82
4.11	1820.91
4.12	1820.18
4.12	1821.27
4.13	1820.54
4.13	1821.62
4.14	1820.90
4.14	1821.07
4.15	1820.35
4.15	1821.43
4.15	1820.70
4.16	1819.98
4.16	1821.06
4.17	1820.34
4.17	1821.41
4.18	1820.69
4.18	1821.76
4.19	1820.15
4.19	1821.22
4.19	1820.50
4.20	1819.78
4.20	1820.85
4.21	1820.14
4.21	1821.20
4.22	1820.49
4.22	1821.55
4.22	1820.84
4.23	1821.01
4.23	1820.30
4.24	1821.36
4.24	1820.65
4.25	1819.94
4.25	1821.00
4.26	1820.29
4.26	1821.34
4.26	1820.64
4.27	1821.69
4.27	1820.11
4.28	1821.15
4.28	1820.45
4.29	1819.75
4.29	1820.80
4.30	1820.10
4.30	1821.14
4.30	1820.44
4.31	1821.48
4.31	1820.78
4.32	1820.95
4.32	1820.26
4.32	1821.29
4.33	1820.60
4.34	1819.91
4.34	1820.94
4.34	1820.25
4.35	1821.28
4.35	1820.59
4.35	1821.61
4.36	1820.07
4.36	1821.09
4.37	1820.40
4.38	1819.72
4.38	1820.74
4.38	1820.06
4.39	1821.08
4.39	1820.39
4.39	1821.41
4.40	1820.73
4.40	1820.90
4.41	1820.21
4.41	1821.23
4.42	1820.55
4.42	1819.87
4.43	1820.88
4.43	1820.20
4.43	1821.21
4.44	1820.54
4.44	1821.54
4.45	1820.03
4.45	1821.03
4.46	1820.36
4.46	1819.69
4.47	1820.69
4.47	1820.02
4.47	1821.02
4.48	1820.35
4.48	1821.35
4.49	1820.68
4.49	1820.84
4.50	1820.17
4.50	1821.17
4.51	1820.50
4.51	1819.84
4.51	1820.83
4.52	1820.16
4.52	1821.15
4.53	1820.49
4.53	1821.48
4.54	1819.99
4.54	1820.98
4.55	1820.32
4.55	1819.66
4.55	1820.64
4.56	1819.98
4.56	1820.96
4.57	1820.31
4.57	1821.28
4.58	1820.63
4.58	1820.79
4.59	1820.13
4.59	1821.11
4.59	1820.46
4.60	1819.80
4.60	1820.78
4.61	1820.12
4.61	1821.09
4.62	1820.44
4.62	1821.41
4.63	1819.96
4.63	1820.92
4.63	1820.27
4.64	1819.63
4.64	1820.59
4.65	1819.95
4.65	1820.91
4.66	1820.26
4.66	1821.22
4.66	1820.58
4.67	1820.74
4.67	1820.10
4.68	1821.05
4.68	1820.41
4.69	1819.77
4.69	1820.73
4.70	1820.09
4.70	1821.04
4.70	1820.40
4.71	1821.35
4.71	1819.92
4.72	1820.87
4.72	1820.23
4.73	1819.60
4.73	1820.55
4.74	1819.91
4.74	1820.86
4.74	1820.22
4.75	1821.17
4.75	1820.53
4.76	1820.69
4.76	1820.06
4.76	1821.00
4.77	1820.37
4.78	1819.74
4.78	1820.68
4.78	1820.05
4.79	1820.99
4.79	1820.36
4.79	1821.29
4.80	1819.89
4.80	1820.82
4.81	1820.20
4.82	1819.57
4.82	1820.50
4.82	1819.88
4.83	1820.81
4.83	1820.19
4.83	1821.11
4.84	1820.49
4.84	1820.64
4.85	1820.03
4.85	1820.95
4.86	1820.33
4.86	1819.71
4.87	1820.63
4.87	1820.02
4.87	1820.93
4.88	1820.32
4.88	1821.23
4.89	1819.86
4.89	1820.77
4.90	1820.16
4.90	1819.55
4.91	1820.46
4.91	1819.85
4.91	1820.76
4.92	1820.15
4.92	1821.06
4.93	1820.45
4.93	1820.60
4.94	1819.99
4.94	1820.90
4.95	1820.29
4.95	1819.69
4.95	1820.59
4.96	1819.98
4.96	1820.88
4.97	1820.28
4.97	1821.18
4.98	1819.83
4.98	1820.72
4.99	1820.12
4.99	1819.52
4.99	1820.42
5.00	1819.82
5.00	1820.71
5.01	1820.11
5.01	1821.01
5.02	1820.41
5.02	1820.55
5.03	1819.96
5.03	1820.85
5.03	1820.25
5.04	1819.66
5.04	1820.54
5.05	1819.95
5.05	1820.84
5.06	1820.24
5.06	1821.13
5.07	1819.80
5.07	1820.68
5.07	1820.09
5.08	1819.50
5.08	1820.38
5.09	1819.79
5.09	1820.67
5.10	1820.08
5.10	1820.96
5.10	1820.37
5.11	1820.51
5.11	1819.93
5.12	1820.80
5.12	1820.22
5.13	1819.63
5.13	1820.50
5.14	1819.92
5.14	1820.79
5.14	1820.21
5.15	1821.07
5.15	1819.77
5.16	1820.63
5.16	1820.06
5.17	1819.48
5.17	1820.34
5.18	1819.76
5.18	1820.62
5.18	1820.05
5.19	1820.91
5.19	1820.33
5.20	1820.47
5.20	1819.90
5.20	1820.75
5.21	1820.18
5.22	1819.61
5.22	1820.46
5.22	1819.89
5.23	1820.74
5.23	1820.17
5.23	1821.02
5.24	1819.74
5.24	1820.59
5.25	1820.02
5.26	1819.46
5.26	1820.30
5.26	1819.74
5.27	1820.58
5.27	1820.02
5.27	1820.86
5.28	1820.29
5.28	1820.43
5.29	1819.87
5.29	1820.71
5.30	1820.15
5.30	1819.58
5.31	1820.42
5.31	1819.86
5.31	1820.70
5.32	1820.14
5.32	1820.98
5.33	1819.72
5.33	1820.55
5.34	1819.99
5.34	1819.43
5.35	1820.27
5.35	1819.71
5.35	1820.54
5.36	1819.98
5.36	1820.82
5.37	1820.26
5.37	1820.40
5.38	1819.84
5.38	1820.67
5.39	1820.11
5.39	1819.56
5.39	1820.39
5.40	1819.83
5.40	1820.66
5.41	1820.11
5.41	1820.93
5.42	1819.69
5.42	1820.51
5.43	1819.96
5.43	1819.41
5.43	1820.23
5.44	1819.68
5.44	1820.50
5.45	1819.95
5.45	1820.77
5.46	1820.22
5.46	1820.36
5.47	1819.81
5.47	1820.63
5.47	1820.08
5.48	1819.54
5.48	1820.35
5.49	1819.81
5.49	1820.62
5.50	1820.07
5.50	1820.88
5.51	1819.67
5.51	1820.47
5.51	1819.93
5.52	1819.39
5.52	1820.20
5.53	1819.66
5.53	1820.47
5.54	1819.93
5.54	1820.73
5.54	1820.19
5.55	1820.32
5.55	1819.79
5.56	1820.59
5.56	1820.05
5.57	1819.52
5.57	1820.32
5.58	1819.78
5.58	1820.58
5.58	1820.04
5.59	1820.84
5.59	1819.64
5.60	1820.44
5.60	1819.91
5.61	1819.37
5.61	1820.17
5.62	1819.64
5.62	1820.43
5.62	1819.90
5.63	1820.69
5.63	1820.16
5.64	1820.29
5.64	1819.76
5.64	1820.55
5.65	1820.02
5.66	1819.49
5.66	1820.28
5.66	1819.75
5.67	1820.54
5.67	1820.01
5.67	1820.80
5.68	1819.62
5.68	1820.40
5.69	1819.88
5.70	1819.35
5.70	1820.14
5.70	1819.61
5.71	1820.39
5.71	1819.87
5.71	1820.65
5.72	1820.13
5.72	1820.26
5.73	1819.74
5.73	1820.51
5.74	1819.99
5.74	1819.47
5.75	1820.25
5.75	1819.73
5.75	1820.50
5.76	1819.99
5.76	1820.76
5.77	1819.60
5.77	1820.37
5.78	1819.85
5.78	1819.34
5.79	1820.11
5.79	1819.59
5.79	1820.36
5.80	1819.85
5.80	1820.61
5.81	1820.10
5.81	1820.22
5.82	1819.71
5.82	1820.48
5.83	1819.96
5.83	1819.45
5.83	1820.22
5.84	1819.71
5.84	1820.47
5.85	1819.96
5.85	1820.72
5.86	1819.58
5.86	1820.33
5.87	1819.83
5.87	1819.32
5.87	1820.08
5.88	1819.57
5.88	1820.33
5.89	1819.82
5.89	1820.57
5.90	1820.07
5.90	1820.19
5.91	1819.69
5.91	1820.44
5.91	1819.94
5.92	1819.43
5.92	1820.19
5.93	1819.68
5.93	1820.43
5.94	1819.93
5.94	1820.68
5.95	1819.55
5.95	1820.30
5.95	1819.80
5.96	1819.30
5.96	1820.05
5.97	1819.55
5.97	1820.29
5.98	1819.80
5.98	1820.54
5.98	1820.04
5.99	1820.16
5.99	1819.67
6.00	1820.41
6.00	1819.91
6.01	1819.42
6.01	1820.16
6.02	1819.66
6.02	1820.40
6.02	1819.91
6.03	1820.64
6.03	1819.53
6.04	1820.27
6.04	1819.78
6.05	1819.29
6.05	1820.02
6.06	1819.53
6.06	1820.26
6.06	1819.77
6.07	1820.50
6.07	1820.01
6.08	1820.13
6.08	1819.64
6.08	1820.38
6.09	1819.89
6.10	1819.40
6.10	1820.13
6.10	1819.64
6.11	1820.37
6.11	1819.88
6.11	1820.61
6.12	1819.51
6.12	1820.24
6.13	1819.75
6.14	1819.27
6.14	1819.99
6.14	1819.51
6.15	1820.23
6.15	1819.75
6.15	1820.47
6.16	1819.99
6.16	1820.11
6.17	1819.62
6.17	1820.34
6.18	1819.86
6.18	1819.38
6.19	1820.10
6.19	1819.62
6.19	1820.34
6.20	1819.86
6.20	1820.57
6.21	1819.49
6.21	1820.21
6.22	1819.73
6.22	1819.25
6.23	1819.97
6.23	1819.49
6.23	1820.20
6.24	1819.73
6.24	1820.44
6.25	1819.96
6.25	1820.08
6.26	1819.60
6.26	1820.31
6.27	1819.84
6.27	1819.36
6.27	1820.07
6.28	1819.60
6.28	1820.30
6.29	1819.83
6.29	1820.54
6.30	1819.48
6.30	1820.18
6.31	1819.71
6.31	1819.24
6.31	1819.94
6.32	1819.47
6.32	1820.17
6.33	1819.70
6.33	1820.41
6.34	1819.94
6.34	1820.05
6.35	1819.58
6.35	1820.28
6.35	1819.81
6.36	1819.35
6.36	1820.04
6.37	1819.58
6.37	1820.28
6.38	1819.81
6.38	1820.50
6.39	1819.46
6.39	1820.15
6.39	1819.69
6.40	1819.22
6.40	1819.92
6.41	1819.45
6.41	1820.15
6.42	1819.68
6.42	1820.37
6.42	1819.91
6.43	1820.03
6.43	1819.56
6.44	1820.25
6.44	1819.79
6.45	1819.33
6.45	1820.02
6.46	1819.56
6.46	1820.25
6.46	1819.79
6.47	1820.47
6.47	1819.44
6.48	1820.13
6.48	1819.67
6.49	1819.21
6.49	1819.89
6.50	1819.44
6.50	1820.12
6.50	1819.66
6.51	1820.34
6.51	1819.89
6.52	1820.00
6.52	1819.54
6.52	1820.22
6.53	1819.77
6.54	1819.31
6.54	1819.99
6.54	1819.54
6.55	1820.22
6.55	1819.76
6.55	1820.44
6.56	1819.42
6.56	1820.10
6.57	1819.65
6.58	1819.20
6.58	1819.87
6.58	1819.42
6.59	1820.09
6.59	1819.64
6.59	1820.31
6.60	1819.86
6.60	1819.98
6.61	1819.53
6.61	1820.20
6.62	1819.75
6.62	1819.30
6.63	1819.97
6.63	1819.52
6.63	1820.19
6.64	1819.74
6.64	1820.41
6.65	1819.41
6.65	1820.07
6.66	1819.63
6.66	1819.18
6.67	1819.85
6.67	1819.40
6.67	1820.07
6.68	1819.62
6.68	1820.29
6.69	1819.84
6.69	1819.95
6.70	1819.51
6.70	1820.17
6.71	1819.73
6.71	1819.28
6.71	1819.95
6.72	1819.50
6.72	1820.16
6.73	1819.72
6.73	1820.38
6.74	1819.39
6.74	1820.05
6.75	1819.61
6.75	1819.17
6.75	1819.83
6.76	1819.39
6.76	1820.04
6.77	1819.60
6.77	1820.26
6.78	1819.82
6.78	1819.93
6.79	1819.49
6.79	1820.14
6.79	1819.71
6.80	1819.27
6.80	1819.92
6.81	1819.49
6.81	1820.14
6.82	1819.70
6.82	1820.35
6.83	1819.37
6.83	1820.02
6.83	1819.59
6.84	1819.16
6.84	1819.80
6.85	1819.37
6.85	1820.02
6.86	1819.58
6.86	1820.23
6.86	1819.80
6.87	1819.91
6.87	1819.47
6.88	1820.12
6.88	1819.69
6.89	1819.26
6.89	1819.90
6.90	1819.47
6.90	1820.11
6.90	1819.68
6.91	1820.32
6.91	1819.36
6.92	1820.00
6.92	1819.57
6.93	1819.14
6.93	1819.78
6.94	1819.35
6.94	1819.99
6.94	1819.57
6.95	1820.20
6.95	1819.78
6.96	1819.88
6.96	1819.46
6.96	1820.09
6.97	1819.67
6.98	1819.24
6.98	1819.88
6.98	1819.45
6.99	1820.09
6.99	1819.66
6.99	1820.30
7.00	1819.34
7.00	1819.98
7.01	1819.55
7.02	1819.13
7.02	1819.76
7.02	1819.34
7.03	1819.97
7.03	1819.55
7.03	1820.18
7.04	1819.76
7.04	1819.86
7.05	1819.44
7.05	1820.07
7.06	1819.65
7.06	1819.23
7.07	1819.86
7.07	1819.44
7.07	1820.06
7.08	1819.64
7.08	1820.27
7.09	1819.33
7.09	1819.95
7.10	1819.54
7.10	1819.12
7.11	1819.74
7.11	1819.33
7.11	1819.95
7.12	1819.53
7.12	1820.15
7.13	1819.74
7.13	1819.84
7.14	1819.42
7.14	1820.05
7.15	1819.63
7.15	1819.22
7.15	1819.84
7.16	1819.42
7.16	1820.04
7.17	1819.63
7.17	1820.24
7.18	1819.31
7.18	1819.93
7.19	1819.52
7.19	1819.11
7.19	1819.72
7.20	1819.31
7.20	1819.93
7.21	1819.51
7.21	1820.13
7.22	1819.72
7.22	1819.82
7.23	1819.41
7.23	1820.02
7.23	1819.61
7.24	1819.20
7.24	1819.81
7.25	1819.41
7.25	1820.02
7.26	1819.61
7.26	1820.22
7.27	1819.30
7.27	1819.91
7.27	1819.50
7.28	1819.10
7.28	1819.70
7.29	1819.30
7.29	1819.91
7.30	1819.50
7.30	1820.11
7.30	1819.70
7.31	1819.80
7.31	1819.39
7.32	1820.00
7.32	1819.59
7.33	1819.19
7.33	1819.79
7.34	1819.39
7.34	1819.99
7.34	1819.59
7.35	1820.19
7.35	1819.29
7.36	1819.89
7.36	1819.49
7.37	1819.08
7.37	1819.69
7.38	1819.28
7.38	1819.88
7.38	1819.48
7.39	1820.08
7.39	1819.68
7.40	1819.78
7.40	1819.38
7.40	1819.98
7.41	1819.58
7.42	1819.18
7.42	1819.78
7.42	1819.38
7.43	1819.97
7.43	1819.57
7.43	1820.17
7.44	1819.27
7.44	1819.87
7.45	1819.47
7.46	1819.07
7.46	1819.67
7.46	1819.27
7.47	1819.86
7.47	1819.47
7.47	1820.06
7.48	1819.66
7.48	1819.76
7.49	1819.37
7.49	1819.96
7.50	1819.56
7.50	1819.17
7.51	1819.76
7.51	1819.36
7.51	1819.95
7.52	1819.56
7.52	1820.15
7.53	1819.26
7.53	1819.85
7.54	1819.46
7.54	1819.06
7.55	1819.65
7.55	1819.26
7.55	1819.84
7.56	1819.45
7.56	1820.04
7.57	1819.65
7.57	1819.74
7.58	1819.35
7.58	1819.94
7.59	1819.54
7.59	1819.15
7.59	1819.74
7.60	1819.35
7.60	1819.93
7.61	1819.54
7.61	1820.12
7.62	1819.25
7.62	1819.83
7.63	1819.44
7.63	1819.05
7.63	1819.63
7.64	1819.25
7.64	1819.82
7.65	1819.44
7.65	1820.02
7.66	1819.63
7.66	1819.72
7.67	1819.34
7.67	1819.92
7.67	1819.53
7.68	1819.14
7.68	1819.72
7.69	1819.33
7.69	1819.91
7.70	1819.53
7.70	1820.10
7.71	1819.24
7.71	1819.81
7.71	1819.43
7.72	1819.04
7.72	1819.62
7.73	1819.23
7.73	1819.81
7.74	1819.42
7.74	1819.99
7.74	1819.61
7.75	1819.71
7.75	1819.32
7.76	1819.90
7.76	1819.51
7.77	1819.13
7.77	1819.70
7.78	1819.32
7.78	1819.89
7.78	1819.51
7.79	1820.08
7.79	1819.22
7.80	1819.79
7.80	1819.41
7.81	1819.03
7.81	1819.60
7.82	1819.22
7.82	1819.79
7.82	1819.41
7.83	1819.97
7.83	1819.60
7.84	1819.69
7.84	1819.31
7.84	1819.88
7.85	1819.50
7.86	1819.12
7.86	1819.68
7.86	1819.31
7.87	1819.87
7.87	1819.49
7.87	1820.06
7.88	1819.21
7.88	1819.77
7.89	1819.40
7.90	1819.02
7.90	1819.58
7.90	1819.21
7.91	1819.77
7.91	1819.39
7.91	1819.95
7.92	1819.58
7.92	1819.67
7.93	1819.30
7.93	1819.86
7.94	1819.48
7.94	1819.11
7.95	1819.67
7.95	1819.30
7.95	1819.85
7.96	1819.48
7.96	1820.04
7.97	1819.20
7.97	1819.76
7.98	1819.38
7.98	1819.01
7.99	1819.57
7.99	1819.20
7.99	1819.75
8.00	1819.38
8.00	1819.93
8.01	1819.56
8.01	1819.66
8.02	1819.29
8.02	1819.84
8.03	1819.47
8.03	1819.10
8.03	1819.65
8.04	1819.28
8.04	1819.83
8.05	1819.47
8.05	1820.02
8.06	1819.19
8.06	1819.74
8.07	1819.37
8.07	1819.00
8.07	1819.55
8.08	1819.19
8.08	1819.73
8.09	1819.37
8.09	1819.91
8.10	1819.55
8.10	1819.64
8.11	1819.27
8.11	1819.82
8.11	1819.45
8.12	1819.09
8.12	1819.64
8.13	1819.27
8.13	1819.82
8.14	1819.45
8.14	1820.00
8.15	1819.18
8.15	1819.72
8.15	1819.36
8.16	1819.00
8.16	1819.54
8.17	1819.18
8.17	1819.72
8.18	1819.35
8.18	1819.90
8.18	1819.53
8.19	1819.62
8.19	1819.26
8.20	1819.80
8.20	1819.44
8.21	1819.08
8.21	1819.62
8.22	1819.26
8.22	1819.80
8.22	1819.44
8.23	1819.98
8.23	1819.17
8.24	1819.70
8.24	1819.35
8.25	1818.99
8.25	1819.52
8.26	1819.16
8.26	1819.70
8.26	1819.34
8.27	1819.88
8.27	1819.52
8.28	1819.61
8.28	1819.25
8.28	1819.78
8.29	1819.43
8.30	1819.07
8.30	1819.60
8.30	1819.25
8.31	1819.78
8.31	1819.42
8.31	1819.96
8.32	1819.16
8.32	1819.69
8.33	1819.33
8.34	1818.98
8.34	1819.51
8.34	1819.15
8.35	1819.68
8.35	1819.33
8.35	1819.86
8.36	1819.51
8.36	1819.59
8.37	1819.24
8.37	1819.77
8.38	1819.41
8.38	1819.06
8.39	1819.59
8.39	1819.24
8.39	1819.76
8.40	1819.41
8.40	1819.94
8.41	1819.15
8.41	1819.67
8.42	1819.32
8.42	1818.97
8.43	1819.49
8.43	1819.14
8.43	1819.67
8.44	1819.32
8.44	1819.84
8.45	1819.49
8.45	1819.58
8.46	1819.23
8.46	1819.75
8.47	1819.40
8.47	1819.05
8.47	1819.57
8.48	1819.23
8.48	1819.75
8.49	1819.40
8.49	1819.92
8.50	1819.14
8.50	1819.66
8.51	1819.31
8.51	1818.96
8.51	1819.48
8.52	1819.13
8.52	1819.65
8.53	1819.31
8.53	1819.82
8.54	1819.48
8.54	1819.56
8.55	1819.22
8.55	1819.73
8.55	1819.39
8.56	1819.04
8.56	1819.56
8.57	1819.21
8.57	1819.73
8.58	1819.39
8.58	1819.90
8.59	1819.13
8.59	1819.64
8.59	1819.30
8.60	1818.95
8.60	1819.47
8.61	1819.12
8.61	1819.64
8.62	1819.29
8.62	1819.81
8.62	1819.46
8.63	1819.55
8.63	1819.21
8.64	1819.72
8.64	1819.38
8.65	1819.03
8.65	1819.55
8.66	1819.20
8.66	1819.71
8.66	1819.37
8.67	1819.88
8.67	1819.12
8.68	1819.63
8.68	1819.29
8.69	1818.95
8.69	1819.45
8.70	1819.11
8.70	1819.62
8.70	1819.28
8.71	1819.79
8.71	1819.45
8.72	1819.53
8.72	1819.20
8.72	1819.70
8.73	1819.36
8.74	1819.03
8.74	1819.53
8.74	1819.19
8.75	1819.70
8.75	1819.36
8.75	1819.87
8.76	1819.11
8.76	1819.61
8.77	1819.27
8.78	1818.94
8.78	1819.44
8.78	1819.10
8.79	1819.61
8.79	1819.27
8.79	1819.77
8.80	1819.44
8.80	1819.52
8.81	1819.19
8.81	1819.69
8.82	1819.35
8.82	1819.02
8.83	1819.52
8.83	1819.18
8.83	1819.68
8.84	1819.35
8.84	1819.85
8.85	1819.10
8.85	1819.60
8.86	1819.26
8.86	1818.93
8.87	1819.43
8.87	1819.10
8.87	1819.59
8.88	1819.26
8.88	1819.76
8.89	1819.43
8.89	1819.51
8.90	1819.18
8.90	1819.67
8.91	1819.34
8.91	1819.01
8.91	1819.50
8.92	1819.17
8.92	1819.67
8.93	1819.34
8.93	1819.83
8.94	1819.09
8.94	1819.58
8.95	1819.25
8.95	1818.92
8.95	1819.42
8.96	1819.09
8.96	1819.58
8.97	1819.25
8.97	1819.74
8.98	1819.41
8.98	1819.49
8.99	1819.17
8.99	1819.66
8.99	1819.33
9.00	1819.00
9.00	1819.49
9.01	1819.16
9.01	1819.65
9.02	1819.33
9.02	1819.82
9.03	1819.08
9.03	1819.57
9.03	1819.24
9.04	1818.92
9.04	1819.40
9.05	1819.08
9.05	1819.57
9.06	1819.24
9.06	1819.73
9.06	1819.40
9.07	1819.48
9.07	1819.16
9.08	1819.64
9.08	1819.32
9.09	1818.99
9.09	1819.48
9.10	1819.15
9.10	1819.64
9.10	1819.31
9.11	1819.80
9.11	1819.07
9.12	1819.56
9.12	1819.23
9.13	1818.91
9.13	1819.39
9.14	1819.07
9.14	1819.55
9.14	1819.23
9.15	1819.71
9.15	1819.39
9.16	1819.47
9.16	1819.15
9.16	1819.63
9.17	1819.31
9.18	1818.98
9.18	1819.47
9.18	1819.14
9.19	1819.63
9.19	1819.30
9.19	1819.78
9.20	1819.06
9.20	1819.54
9.21	1819.22
9.22	1818.90
9.22	1819.38
9.22	1819.06
9.23	1819.54
9.23	1819.22
9.23	1819.70
9.24	1819.38
9.24	1819.46
9.25	1819.14
9.25	1819.61
9.26	1819.30
9.26	1818.98
9.27	1819.45
9.27	1819.13
9.27	1819.61
9.28	1819.29
9.28	1819.77
9.29	1819.05
9.29	1819.53
9.30	1819.21
9.30	1818.89
9.31	1819.37
9.31	1819.05
9.31	1819.53
9.32	1819.21
9.32	1819.68
9.33	1819.37
9.33	1819.44
9.34	1819.13
9.34	1819.60
9.35	1819.28
9.35	1818.97
9.35	1819.44
9.36	1819.13
9.36	1819.60
9.37	1819.28
9.37	1819.75
9.38	1819.05
9.38	1819.52
9.39	1819.20
9.39	1818.89
9.39	1819.36
9.40	1819.04
9.40	1819.51
9.41	1819.20
9.41	1819.67
9.42	1819.35
9.42	1819.43
9.43	1819.12
9.43	1819.59
9.43	1819.27
9.44	1818.96
9.44	1819.43
9.45	1819.12
9.45	1819.58
9.46	1819.27
9.46	1819.74
9.47	1819.04
9.47	1819.50
9.47	1819.19
9.48	1818.88
9.48	1819.35
9.49	1819.04
9.49	1819.50
9.50	1819.19
9.50	1819.65
9.50	1819.34
9.51	1819.42
9.51	1819.11
9.52	1818.80
9.52	1819.26
9.53	1818.95
9.53	1818.65
9.54	1819.11
9.54	1818.80
9.54	1819.26
9.55	1818.95
9.55	1819.03
9.56	1818.72
9.56	1819.18
9.57	1818.87
9.57	1818.57
9.58	1819.03
9.58	1818.72
9.58	1819.18
9.59	1818.87
9.59	1819.33
9.60	1818.64
9.60	1819.10
9.61	1818.79
9.61	1818.49
9.62	1818.95
9.62	1818.64
9.62	1819.10
9.63	1818.79
9.63	1819.25
9.64	1818.95
9.64	1819.02
9.65	1818.72
9.65	1819.17
9.66	1818.87
9.66	1818.56
9.66	1819.02
9.67	1818.71
9.67	1819.17
9.68	1818.87
9.68	1819.32
9.69	1818.64
9.69	1819.09
9.70	1818.79
9.70	1818.49
9.70	1818.94
9.71	1818.64
9.71	1819.09
9.72	1818.79
9.72	1819.24
9.73	1818.94
9.73	1819.01
9.74	1818.71
9.74	1819.16
9.74	1818.86
9.75	1818.56
9.75	1819.01
9.76	1818.71
9.76	1819.16
9.77	1818.86
9.77	1819.31
9.78	1818.63
9.78	1819.09
9.78	1818.78
9.79	1818.48
9.79	1818.93
9.80	1818.63
9.80	1819.08
9.81	1818.78
9.81	1819.23
9.81	1818.93
9.82	1819.01
9.82	1818.71
9.83	1819.16
9.83	1818.86
9.84	1818.56
9.84	1819.00
9.85	1818.71
9.85	1819.15
9.85	1818.85
9.86	1819.30
9.86	1818.63
9.87	1819.08
9.87	1818.78
9.88	1818.48
9.88	1818.93
9.89	1818.63
9.89	1819.07
9.89	1818.78
9.90	1819.22
9.90	1818.92
9.91	1819.00
9.91	1818.70
9.91	1819.15
9.92	1818.85
9.93	1818.55
9.93	1819.00
9.93	1818.70
9.94	1819.14
9.94	1818.85
9.94	1819.29
9.95	1818.63
9.95	1819.07
9.96	1818.77
9.97	1818.48
9.97	1818.92
9.97	1818.62
9.98	1819.07
9.98	1818.77
9.98	1819.21
9.99	1818.92
9.99	1818.99
10.00	1818.70
10.00	1819.14
10.01	1818.84
10.01	1818.55
10.02	1818.99
10.02	1818.70
10.02	1819.14
10.03	1818.84
10.03	1819.28
10.04	1818.62
10.04	1819.06
10.05	1818.77
10.05	1818.47
10.06	1818.91
10.06	1818.62
10.06	1819.06
10.07	1818.77
10.07	1819.20
10.08	1818.91
10.08	1818.98
10.09	1818.69
10.09	1819.13
10.10	1818.84
10.10	1818.55
10.10	1818.98
10.11	1818.69
10.11	1819.13
10.12	1818.84
10.12	1819.27
10.13	1818.62
10.13	1819.05
10.14	1818.76
10.14	1818.47
10.14	1818.91
10.15	1818.62
10.15	1819.05
10.16	1818.76
10.16	1819.20
10.17	1818.91
10.17	1818.98
10.18	1818.69
10.18	1819.12
10.18	1818.83
10.19	1818.54
10.19	1818.98
10.20	1818.69
10.20	1819.12
10.21	1818.83
10.21	1819.26
10.22	1818.61
10.22	1819.05
10.22	1818.76
10.23	1818.47
10.23	1818.90
10.24	1818.61
10.24	1819.04
10.25	1818.76
10.25	1819.19
10.25	1818.90
10.26	1818.97
10.26	1818.68
10.27	1819.11
10.27	1818.83
10.28	1818.54
10.28	1818.97
10.29	1818.68
10.29	1819.11
10.29	1818.82
10.30	1819.25
10.30	1818.61
10.31	1819.04
10.31	1818.75
10.32	1818.47
10.32	1818.89
10.33	1818.61
10.33	1819.04
10.33	1818.75
10.34	1819.18
10.34	1818.89
10.35	1818.96
10.35	1818.68
10.35	1819.11
10.36	1818.82
10.37	1818.54
10.37	1818.96
10.37	1818.68
10.38	1819.10
10.38	1818.82
10.38	1819.24
10.39	1818.61
10.39	1819.03
10.40	1818.75
10.41	1818.46
10.41	1818.89
10.41	1818.61
10.42	1819.03
10.42	1818.75
10.42	1819.17
10.43	1818.89
10.43	1818.96
10.44	1818.67
10.44	1819.10
10.45	1818.82
10.45	1818.53
10.46	1818.96
10.46	1818.67
10.46	1819.10
10.47	1818.81
10.47	1819.24
10.48	1818.60
10.48	1819.02
10.49	1818.74
10.49	1818.46
10.50	1818.88
10.50	1818.60
10.50	1819.02
10.51	1818.74
10.51	1819.16
10.52	1818.88
10.52	1818.95
10.53	1818.67
10.53	1819.09
10.54	1818.81
10.54	1818.53
10.54	1818.95
10.55	1818.67
10.55	1819.09
10.56	1818.81
10.56	1819.23
10.57	1818.60
10.57	1819.02
10.58	1818.74
10.58	1818.46
10.58	1818.88
10.59	1818.60
10.59	1819.01
10.60	1818.74
10.60	1819.15
10.61	1818.88
10.61	1818.94
10.62	1818.67
10.62	1819.08
10.62	1818.80
10.63	1818.53
10.63	1818.94
10.64	1818.67
10.64	1819.08
10.65	1818.80
10.65	1819.22
10.66	1818.60
10.66	1819.01
10.66	1818.73
10.67	1818.46
10.67	1818.87
10.68	1818.59
10.68	1819.01
10.69	1818.73
10.69	1819.14
10.69	1818.87
10.70	1818.94
10.70	1818.66
10.71	1819.07
10.71	1818.80
10.72	1818.52
10.72	1818.94
10.73	1818.66
10.73	1819.07
10.73	1818.80
10.74	1819.21
10.74	1818.59
10.75	1819.00
10.75	1818.73
10.76	1818.46
10.76	1818.87
10.77	1818.59
10.77	1819.00
10.77	1818.73
10.78	1819.14
10.78	1818.86
10.79	1818.93
10.79	1818.66
10.79	1819.07
10.80	1818.79
10.81	1818.52
10.81	1818.93
10.81	1818.66
10.82	1819.07
10.82	1818.79
10.82	1819.20
10.83	1818.59
10.83	1819.00
10.84	1818.72
10.85	1818.45
10.85	1818.86
10.85	1818.59
10.86	1818.99
10.86	1818.72
10.86	1819.13
10.87	1818.86
10.87	1818.93
10.88	1818.65
10.88	1819.06
10.89	1818.79
10.89	1818.52
10.90	1818.92
10.90	1818.65
10.90	1819.06
10.91	1818.79
10.91	1819.19
10.92	1818.59
10.92	1818.99
10.93	1818.72
10.93	1818.45
10.94	1818.85
10.94	1818.58
10.94	1818.99
10.95	1818.72
10.95	1819.12
10.96	1818.85
10.96	1818.92
10.97	1818.65
10.97	1819.05
10.98	1818.78
10.98	1818.52
10.98	1818.92
10.99	1818.65
10.99	1819.05
11.00	1818.78
11.00	1819.18
11.01	1818.58
11.01	1818.98
11.02	1818.72
11.02	1818.45
11.02	1818.85
11.03	1818.58
11.03	1818.98
11.04	1818.71
11.04	1819.11
11.05	1818.85
11.05	1818.91
11.06	1818.65
11.06	1819.05
11.06	1818.78
11.07	1818.51
11.07	1818.91
11.08	1818.65
11.08	1819.04
11.09	1818.78
11.09	1819.18
11.10	1818.58
11.10	1818.98
11.10	1818.71
11.11	1818.45
11.11	1818.84
11.12	1818.58
11.12	1818.97
11.13	1818.71
11.13	1819.11
11.13	1818.84
11.14	1818.91
11.14	1818.64
11.15	1819.04
11.15	1818.77
11.16	1818.51
11.16	1818.91
11.17	1818.64
11.17	1819.04
11.17	1818.77
11.18	1819.17
11.18	1818.58
11.19	1818.97
11.19	1818.71
11.20	1818.44
11.20	1818.84
11.21	1818.58
11.21	1818.97
11.21	1818.71
11.22	1819.10
11.22	1818.84
11.23	1818.90
11.23	1818.64
11.23	1819.03
11.24	1818.77
11.25	1818.51
11.25	1818.90
11.25	1818.64
11.26	1819.03
11.26	1818.77
11.26	1819.16
11.27	1818.57
11.27	1818.96
11.28	1818.70
11.29	1818.44
11.29	1818.83
11.29	1818.57
11.30	1818.96
11.30	1818.70
11.30	1819.09
11.31	1818.83
11.31	1818.90
11.32	1818.64
11.32	1819.03
11.33	1818.77
11.33	1818.51
11.34	1818.89
11.34	1818.64
11.34	1819.02
11.35	1818.76
11.35	1819.15
11.36	1818.57
11.36	1818.96
11.37	1818.70
11.37	1818.44
11.38	1818.83
11.38	1818.57
11.38	1818.96
11.39	1818.70
11.39	1819.08
11.40	1818.83
11.40	1818.89
11.41	1818.63
11.41	1819.02
11.42	1818.76
11.42	1818.50
11.42	1818.89
11.43	1818.63
11.43	1819.02
11.44	1818.76
11.44	1819.15
11.45	1818.57
11.45	1818.95
11.46	1818.69
11.46	1818.44
11.46	1818.82
11.47	1818.57
11.47	1818.95
11.48	1818.69
11.48	1819.08
11.49	1818.82
11.49	1818.89
11.50	1818.63
11.50	1819.01
11.50	1818.76
11.51	1818.50
11.51	1818.88
11.52	1818.63
11.52	1819.01
11.53	1818.76
11.53	1819.14
11.54	1818.56
11.54	1818.95
11.54	1818.69
11.55	1818.44
11.55	1818.82
11.56	1818.56
11.56	1818.94
11.57	1818.69
11.57	1819.07
11.57	1818.82
11.58	1818.88
11.58	1818.63
11.59	1819.01
11.59	1818.75
11.60	1818.50
11.60	1818.88
11.61	1818.62
11.61	1819.00
11.61	1818.75
11.62	1819.13
11.62	1818.56
11.63	1818.94
11.63	1818.69
11.64	1818.43
11.64	1818.81
11.65	1818.56
11.65	1818.94
11.65	1818.69
11.66	1819.06
11.66	1818.81
11.67	1818.87
11.67	1818.62
11.67	1819.00
11.68	1818.75
11.69	1818.50
11.69	1818.87
11.69	1818.62
11.70	1819.00
11.70	1818.75
11.70	1819.12
11.71	1818.56
11.71	1818.93
11.72	1818.68
11.73	1818.43
11.73	1818.81
11.73	1818.56
11.74	1818.93
11.74	1818.68
11.74	1819.06
11.75	1818.81
11.75	1818.87
11.76	1818.62
11.76	1818.99
11.77	1818.74
11.77	1818.49
11.78	1818.87
11.78	1818.62
11.78	1818.99
11.79	1818.74
11.79	1819.12
11.80	1818.56
11.80	1818.93
11.81	1818.68
11.81	1818.43
11.82	1818.80
11.82	1818.55
11.82	1818.93
11.83	1818.68
11.83	1819.05
11.84	1818.80
11.84	1818.86
11.85	1818.62
11.85	1818.99
11.86	1818.74
11.86	1818.49
11.86	1818.86
11.87	1818.61
11.87	1818.99
11.88	1818.74
11.88	1819.11
11.89	1818.55
11.89	1818.92
11.90	1818.68
11.90	1818.43
11.90	1818.80
11.91	1818.55
11.91	1818.92
11.92	1818.67
11.92	1819.04
11.93	1818.80
11.93	1818.86
11.94	1818.61
11.94	1818.98
11.94	1818.74
11.95	1818.49
11.95	1818.86
11.96	1818.61
11.96	1818.98
11.97	1818.73
11.97	1819.10
11.98	1818.55
11.98	1818.92
11.98	1818.67
11.99	1818.43
11.99	1818.79
12.00	1818.55
12.00	1818.92
12.01	1818.67
12.01	1819.04
12.01	1818.79
12.02	1818.85
12.02	1819.22
12.02	1819.59
12.02	1819.95
12.03	1820.32
12.03	1820.69
12.03	1821.05
12.03	1821.42
12.03	1821.78
12.04	1822.15
12.04	1822.21
12.04	1822.57
12.04	1822.94
12.05	1823.30
12.05	1823.67
12.05	1824.03
12.05	1824.40
12.05	1824.76
12.06	1825.13
12.06	1825.49
12.06	1825.55
12.06	1825.91
12.07	1826.28
12.07	1826.64
12.07	1827.00
12.07	1827.37
12.07	1827.73
12.08	1828.09
12.08	1828.46
12.08	1828.82
12.08	1828.88
12.09	1829.24
12.09	1829.60
12.09	1829.96
12.09	1830.33
12.09	1830.69
12.10	1831.05
12.10	1831.41
12.10	1831.78
12.10	1832.14
12.10	1832.50
12.11	1832.86
12.11	1833.22
12.11	1833.58
12.11	1833.94
12.11	1834.31
12.12	1834.67
12.12	1835.03
12.12	1835.39
12.12	1835.75
12.12	1836.11
12.13	1836.47
12.13	1836.83
12.13	1837.19
12.13	1837.55
12.13	1837.91
12.14	1838.27
12.14	1838.63
12.14	1838.99
12.14	1839.35
12.14	1839.71
12.15	1840.07
12.15	1840.43
12.15	1840.78
12.15	1841.14
12.15	1841.50
12.16	1841.86
12.16	1842.22
12.16	1842.58
12.16	1842.94
12.16	1843.29
12.17	1843.65
12.17	1844.01
12.17	1844.06
12.18	1844.11
12.18	1844.16
12.18	1844.22
12.19	1844.27
12.19	1844.32
12.20	1844.37
12.20	1844.42
12.20	1844.47
12.20	0.00
