0 0.103240
1 0.122147
2 0.128387
3 0.142947
4 0.149187
5 0.159587
6 0.174147
7 0.184547
8 0.188707
9 0.194947
10 0.209507
11 0.221987
12 0.230307
13 0.253187
14 0.259427
15 0.267747
16 0.271907
17 0.278147
18 0.288547
19 0.298947
20 0.313507
21 0.317667
22 0.325987
23 0.340547
24 0.346787
25 0.350947
26 0.359267
27 0.388387
28 0.392547
29 0.394627
30 0.400867
31 0.407107
32 0.413347
33 0.419587
34 0.427907
35 0.436227
36 0.446627
37 0.452867
38 0.461187
39 0.467427
40 0.479907
41 0.484067
42 0.494467
43 0.509027
44 0.513187
45 0.519427
46 0.525667
47 0.556867
48 0.558947
49 0.561027
50 0.567267
51 0.573507
52 0.579747
53 0.585987
54 0.594307
55 0.602627
56 0.613027
57 0.619267
58 0.629667
59 0.633827
60 0.646307
61 0.650467
62 0.660867
63 0.675427
64 0.679587
65 0.687907
66 0.694147
67 0.723267
68 0.725347
69 0.731587
70 0.735747
71 0.739907
72 0.746147
73 0.752387
74 0.762787
75 0.771107
76 0.779427
77 0.785667
78 0.796067
79 0.802307
80 0.810627
81 0.818947
82 0.827267
83 0.841827
84 0.848067
85 0.854307
86 0.862627
87 0.889667
88 0.893827
89 0.897987
90 0.902147
91 0.906307
92 0.912547
93 0.920867
94 0.929187
95 0.939587
96 0.945827
97 0.954147
98 0.962467
99 0.970787
100 0.977027
101 0.987427
102 0.993667
103 1.008227
104 1.016547
105 1.022787
106 1.029027
107 1.056067
108 1.060227
109 1.064387
110 1.068547
111 1.072707
112 1.078947
113 1.087267
114 1.095587
115 1.105987
116 1.112227
117 1.122627
118 1.130947
119 1.137187
120 1.143427
121 1.153827
122 1.162147
123 1.176707
124 1.182947
125 1.191267
126 1.195427
127 1.222467
128 1.226627
129 1.230787
130 1.234947
131 1.239107
132 1.245347
133 1.255747
134 1.264067
135 1.272387
136 1.278627
137 1.289027
138 1.299427
139 1.303587
140 1.311907
141 1.320227
142 1.330627
143 1.345187
144 1.351427
145 1.357667
146 1.363907
147 1.388867
148 1.393027
149 1.397187
150 1.401347
151 1.405507
152 1.413827
153 1.422147
154 1.432547
155 1.438787
156 1.447107
157 1.455427
158 1.465827
159 1.469987
160 1.480387
161 1.486627
162 1.497027
163 1.511587
164 1.519907
165 1.524067
166 1.532387
167 1.555267
168 1.559427
169 1.563587
170 1.567747
171 1.571907
172 1.580227
173 1.588547
174 1.598947
175 1.605187
176 1.615587
177 1.623907
178 1.632227
179 1.636387
180 1.646787
181 1.655107
182 1.663427
183 1.680067
184 1.686307
185 1.692547
186 1.698787
187 1.721667
188 1.725827
189 1.729987
190 1.734147
191 1.738307
192 1.748707
193 1.757027
194 1.765347
195 1.771587
196 1.781987
197 1.792387
198 1.798627
199 1.804867
200 1.813187
201 1.823587
202 1.829827
203 1.848547
204 1.852707
205 1.861027
206 1.867267
207 1.888067
208 1.892227
209 1.896387
210 1.900547
211 1.906787
212 1.915107
213 1.925507
214 1.931747
215 1.940067
216 1.948387
217 1.958787
218 1.965027
219 1.973347
220 1.979587
221 1.989987
222 1.998307
223 2.014947
224 2.021187
225 2.027427
226 2.035747
227 2.054467
228 2.058627
229 2.062787
230 2.066947
231 2.073187
232 2.081507
233 2.091907
234 2.098147
235 2.108547
236 2.116867
237 2.125187
238 2.133507
239 2.139747
240 2.148067
241 2.156387
242 2.166787
243 2.181347
244 2.189667
245 2.195907
246 2.202147
247 2.220867
248 2.225027
249 2.229187
250 2.235427
251 2.241667
252 2.249987
253 2.258307
254 2.264547
255 2.274947
256 2.285347
257 2.291587
258 2.301987
259 2.306147
260 2.316547
261 2.322787
262 2.333187
263 2.349827
264 2.356067
265 2.364387
266 2.368547
267 2.387267
268 2.391427
269 2.395587
270 2.401827
271 2.408067
272 2.418467
273 2.424707
274 2.433027
275 2.441347
276 2.451747
277 2.457987
278 2.468387
279 2.472547
280 2.482947
281 2.491267
282 2.501667
283 2.518307
284 2.524547
285 2.530787
286 2.534947
287 2.553667
288 2.557827
289 2.564067
290 2.570307
291 2.574467
292 2.584867
293 2.591107
294 2.601507
295 2.609827
296 2.618147
297 2.626467
298 2.634787
299 2.641027
300 2.649347
301 2.659747
302 2.670147
303 2.684707
304 2.693027
305 2.697187
306 2.701347
307 2.720067
308 2.724227
309 2.730467
310 2.736707
311 2.742947
312 2.751267
313 2.757507
314 2.767907
315 2.778307
316 2.784547
317 2.794947
318 2.801187
319 2.809507
320 2.815747
321 2.826147
322 2.836547
323 2.853187
324 2.859427
325 2.863587
326 2.867747
327 2.886467
328 2.892707
329 2.898947
330 2.903107
331 2.911427
332 2.917667
333 2.925987
334 2.934307
335 2.944707
336 2.950947
337 2.961347
338 2.969667
339 2.975907
340 2.984227
341 2.994627
342 3.002947
343 3.021667
344 3.025827
345 3.029987
346 3.034147
347 3.052867
348 3.059107
349 3.065347
350 3.071587
351 3.077827
352 3.084067
353 3.094467
354 3.102787
355 3.111107
356 3.119427
357 3.127747
358 3.138147
359 3.142307
360 3.152707
361 3.163107
362 3.171427
363 3.188067
364 3.192227
365 3.196387
366 3.200547
367 3.221347
368 3.227587
369 3.231747
370 3.240067
371 3.244227
372 3.250467
373 3.260867
374 3.271267
375 3.277507
376 3.287907
377 3.294147
378 3.304547
379 3.308707
380 3.319107
381 3.329507
382 3.339907
383 3.354467
384 3.358627
385 3.362787
386 3.366947
387 3.387747
388 3.393987
389 3.400227
390 3.406467
391 3.410627
392 3.418947
393 3.427267
394 3.437667
395 3.443907
396 3.454307
397 3.462627
398 3.470947
399 3.477187
400 3.487587
401 3.495907
402 3.506307
403 3.520867
404 3.525027
405 3.529187
406 3.533347
407 3.556227
408 3.560387
409 3.568707
410 3.572867
411 3.577027
412 3.587427
413 3.595747
414 3.604067
415 3.612387
416 3.620707
417 3.631107
418 3.637347
419 3.645667
420 3.656067
421 3.664387
422 3.674787
423 3.687267
424 3.691427
425 3.695587
426 3.699747
427 3.722627
428 3.728867
429 3.735107
430 3.739267
431 3.743427
432 3.753827
433 3.764227
434 3.770467
435 3.780867
436 3.787107
437 3.797507
438 3.805827
439 3.812067
440 3.822467
441 3.832867
442 3.843267
443 3.853667
444 3.857827
445 3.861987
446 3.866147
447 3.889027
448 3.897347
449 3.901507
450 3.905667
451 3.911907
452 3.920227
453 3.930627
454 3.936867
455 3.947267
456 3.955587
457 3.963907
458 3.974307
459 3.980547
460 3.988867
461 3.999267
462 4.009667
463 4.020067
464 4.024227
465 4.028387
466 4.032547
467 4.057507
468 4.063747
469 4.067907
470 4.072067
471 4.080387
472 4.088707
473 4.097027
474 4.105347
475 4.113667
476 4.124067
477 4.130307
478 4.140707
479 4.149027
480 4.157347
481 4.167747
482 4.176067
483 4.186467
484 4.190627
485 4.194787
486 4.198947
487 4.225987
488 4.230147
489 4.234307
490 4.240547
491 4.246787
492 4.257187
493 4.263427
494 4.273827
495 4.280067
496 4.290467
497 4.298787
498 4.309187
499 4.315427
500 4.325827
501 4.336227
502 4.342467
503 4.352867
504 4.357027
505 4.361187
506 4.365347
507 4.392387
508 4.396547
509 4.400707
510 4.409027
511 4.413187
512 4.423587
513 4.429827
514 4.440227
515 4.448547
516 4.456867
517 4.467267
518 4.477667
519 4.481827
520 4.492227
521 4.502627
522 4.508867
523 4.519267
524 4.523427
525 4.527587
526 4.531747
527 4.558787
528 4.562947
529 4.569187
530 4.575427
531 4.581667
532 4.589987
533 4.598307
534 4.606627
535 4.617027
536 4.623267
537 4.633667
538 4.644067
539 4.650307
540 4.660707
541 4.669027
542 4.675267
543 4.685667
544 4.689827
545 4.693987
546 4.700227
547 4.725187
548 4.729347
549 4.737667
550 4.741827
551 4.750147
552 4.756387
553 4.766787
554 4.773027
555 4.783427
556 4.791747
557 4.802147
558 4.810467
559 4.818787
560 4.829187
561 4.835427
562 4.841667
563 4.852067
564 4.856227
565 4.860387
566 4.866627
567 4.891587
568 4.897827
569 4.904067
570 4.910307
571 4.916547
572 4.922787
573 4.933187
574 4.941507
575 4.949827
576 4.960227
577 4.970627
578 4.978947
579 4.985187
580 4.995587
581 5.001827
582 5.008067
583 5.018467
584 5.022627
585 5.028867
586 5.035107
587 5.057987
588 5.066307
589 5.070467
590 5.078787
591 5.082947
592 5.091267
593 5.099587
594 5.109987
595 5.116227
596 5.126627
597 5.137027
598 5.147427
599 5.153667
600 5.161987
601 5.168227
602 5.174467
603 5.184867
604 5.189027
605 5.195267
606 5.201507
607 5.226467
608 5.232707
609 5.238947
610 5.245187
611 5.249347
612 5.259747
613 5.265987
614 5.276387
615 5.284707
616 5.295107
617 5.303427
618 5.313827
619 5.322147
620 5.328387
621 5.334627
622 5.340867
623 5.351267
624 5.357507
625 5.363747
626 5.367907
627 5.394947
628 5.399107
629 5.407427
630 5.411587
631 5.415747
632 5.426147
633 5.434467
634 5.442787
635 5.453187
636 5.463587
637 5.471907
638 5.482307
639 5.488547
640 5.494787
641 5.501027
642 5.507267
643 5.517667
644 5.523907
645 5.530147
646 5.536387
647 5.561347
648 5.567587
649 5.573827
650 5.577987
651 5.584227
652 5.592547
653 5.602947
654 5.609187
655 5.619587
656 5.629987
657 5.640387
658 5.650787
659 5.654947
660 5.661187
661 5.667427
662 5.673667
663 5.686147
664 5.692387
665 5.696547
666 5.704867
667 5.727747
668 5.736067
669 5.740227
670 5.744387
671 5.752707
672 5.758947
673 5.769347
674 5.777667
675 5.788067
676 5.796387
677 5.806787
678 5.817187
679 5.821347
680 5.827587
681 5.833827
682 5.840067
683 5.852547
684 5.858787
685 5.865027
686 5.871267
687 5.896227
688 5.902467
689 5.906627
690 5.912867
691 5.919107
692 5.927427
693 5.935747
694 5.946147
695 5.956547
696 5.964867
697 5.975267
698 5.983587
699 5.987747
700 5.993987
701 6.000227
702 6.006467
703 6.021027
704 6.025187
705 6.033507
706 6.037667
707 6.064707
708 6.068867
709 6.073027
710 6.081347
711 6.085507
712 6.095907
713 6.102147
714 6.112547
715 6.122947
716 6.133347
717 6.143747
718 6.149987
719 6.154147
720 6.160387
721 6.166627
722 6.172867
723 6.187427
724 6.193667
725 6.199907
726 6.204067
727 6.231107
728 6.235267
729 6.241507
730 6.247747
731 6.251907
732 6.262307
733 6.270627
734 6.281027
735 6.289347
736 6.299747
737 6.310147
738 6.316387
739 6.320547
740 6.326787
741 6.333027
742 6.339267
743 6.353827
744 6.362147
745 6.366307
746 6.370467
747 6.397507
748 6.401667
749 6.409987
750 6.414147
751 6.420387
752 6.428707
753 6.439107
754 6.449507
755 6.457827
756 6.468227
757 6.476547
758 6.482787
759 6.486947
760 6.493187
761 6.499427
762 6.507747
763 6.522307
764 6.528547
765 6.532707
766 6.536867
767 6.563907
768 6.570147
769 6.576387
770 6.580547
771 6.588867
772 6.595107
773 6.605507
774 6.615907
775 6.626307
776 6.636707
777 6.642947
778 6.649187
779 6.653347
780 6.659587
781 6.665827
782 6.674147
783 6.690787
784 6.694947
785 6.699107
786 6.705347
787 6.730307
788 6.738627
789 6.742787
790 6.749027
791 6.755267
792 6.763587
793 6.773987
794 6.782307
795 6.792707
796 6.803107
797 6.809347
798 6.815587
799 6.819747
800 6.825987
801 6.832227
802 6.842627
803 6.857187
804 6.861347
805 6.865507
806 6.873827
807 6.898787
808 6.905027
809 6.909187
810 6.917507
811 6.921667
812 6.932067
813 6.942467
814 6.950787
815 6.961187
816 6.969507
817 6.975747
818 6.981987
819 6.986147
820 6.992387
821 7.000707
822 7.009027
823 7.023587
824 7.027747
825 7.033987
826 7.040227
827 7.067267
828 7.071427
829 7.077667
830 7.083907
831 7.088067
832 7.098467
833 7.108867
834 7.119267
835 7.129667
836 7.135907
837 7.142147
838 7.148387
839 7.152547
840 7.158787
841 7.167107
842 7.175427
843 7.189987
844 7.194147
845 7.202467
846 7.206627
847 7.233667
848 7.237827
849 7.246147
850 7.250307
851 7.256547
852 7.266947
853 7.275267
854 7.285667
855 7.296067
856 7.302307
857 7.308547
858 7.314787
859 7.318947
860 7.325187
861 7.335587
862 7.343907
863 7.356387
864 7.362627
865 7.368867
866 7.375107
867 7.400067
868 7.406307
869 7.412547
870 7.416707
871 7.425027
872 7.435427
873 7.443747
874 7.454147
875 7.462467
876 7.468707
877 7.474947
878 7.481187
879 7.485347
880 7.493667
881 7.501987
882 7.512387
883 7.522787
884 7.531107
885 7.535267
886 7.543587
887 7.566467
888 7.574787
889 7.578947
890 7.585187
891 7.591427
892 7.601827
893 7.612227
894 7.622627
895 7.628867
896 7.635107
897 7.641347
898 7.647587
899 7.651747
900 7.660067
901 7.668387
902 7.678787
903 7.691267
904 7.697507
905 7.703747
906 7.709987
907 7.734947
908 7.741187
909 7.745347
910 7.753667
911 7.759907
912 7.768227
913 7.778627
914 7.789027
915 7.795267
916 7.801507
917 7.807747
918 7.813987
919 7.818147
920 7.828547
921 7.836867
922 7.845187
923 7.859747
924 7.863907
925 7.872227
926 7.876387
927 7.903427
928 7.907587
929 7.913827
930 7.920067
931 7.928387
932 7.936707
933 7.947107
934 7.955427
935 7.961667
936 7.967907
937 7.974147
938 7.980387
939 7.986627
940 7.994947
941 8.005347
942 8.011587
943 8.026147
944 8.032387
945 8.038627
946 8.042787
947 8.069827
948 8.073987
949 8.082307
950 8.088547
951 8.094787
952 8.105187
953 8.115587
954 8.121827
955 8.128067
956 8.134307
957 8.140547
958 8.146787
959 8.153027
960 8.161347
961 8.171747
962 8.177987
963 8.192547
964 8.200867
965 8.205027
966 8.209187
967 8.236227
968 8.242467
969 8.248707
970 8.257027
971 8.261187
972 8.271587
973 8.281987
974 8.288227
975 8.294467
976 8.300707
977 8.306947
978 8.315267
979 8.321507
980 8.329827
981 8.338147
982 8.344387
983 8.361027
984 8.367267
985 8.371427
986 8.377667
987 8.402627
988 8.410947
989 8.417187
990 8.423427
991 8.429667
992 8.440067
993 8.448387
994 8.454627
995 8.460867
996 8.467107
997 8.473347
998 8.481667
999 8.487907
1000 8.498307
1001 8.504547
1002 8.512867
1003 8.529507
1004 8.533667
1005 8.537827
1006 8.546147
1007 8.571107
1008 8.577347
1009 8.585667
1010 8.589827
1011 8.598147
1012 8.608547
1013 8.614787
1014 8.621027
1015 8.627267
1016 8.633507
1017 8.639747
1018 8.650147
1019 8.654307
1020 8.664707
1021 8.670947
1022 8.681347
1023 8.695907
1024 8.700067
1025 8.706307
1026 8.712547
1027 8.739587
1028 8.745827
1029 8.752067
1030 8.758307
1031 8.764547
1032 8.774947
1033 8.781187
1034 8.787427
1035 8.793667
1036 8.799907
1037 8.808227
1038 8.816547
1039 8.822787
1040 8.831107
1041 8.837347
1042 8.847747
1043 8.862307
1044 8.866467
1045 8.874787
1046 8.878947
1047 8.905987
1048 8.914307
1049 8.918467
1050 8.926787
1051 8.933027
1052 8.941347
1053 8.947587
1054 8.953827
1055 8.960067
1056 8.966307
1057 8.974627
1058 8.982947
1059 8.991267
1060 8.997507
1061 9.005827
1062 9.014147
1063 9.028707
1064 9.034947
1065 9.041187
1066 9.045347
1067 9.074467
1068 9.080707
1069 9.086947
1070 9.093187
1071 9.101507
1072 9.107747
1073 9.113987
1074 9.120227
1075 9.126467
1076 9.132707
1077 9.143107
1078 9.151427
1079 9.157667
1080 9.163907
1081 9.174307
1082 9.182627
1083 9.195107
1084 9.203427
1085 9.207587
1086 9.213827
1087 9.242947
1088 9.247107
1089 9.255427
1090 9.261667
1091 9.267907
1092 9.274147
1093 9.280387
1094 9.286627
1095 9.292867
1096 9.301187
1097 9.309507
1098 9.319907
1099 9.324067
1100 9.330307
1101 9.340707
1102 9.351107
1103 9.363587
1104 9.369827
1105 9.373987
1106 9.382307
1107 9.409347
1108 9.415587
1109 9.421827
1110 9.430147
1111 9.434307
1112 9.440547
1113 9.446787
1114 9.453027
1115 9.459267
1116 9.467587
1117 9.475907
1118 9.486307
1119 9.490467
1120 9.498787
1121 9.507107
1122 9.517507
1123 9.532067
1124 9.536227
1125 9.542467
1126 9.548707
1127 9.575747
1128 9.584067
1129 9.590307
1130 9.596547
1131 9.600707
1132 9.606947
1133 9.613187
1134 9.619427
1135 9.625667
1136 9.636067
1137 9.644387
1138 9.652707
1139 9.656867
1140 9.667267
1141 9.675587
1142 9.683907
1143 9.698467
1144 9.702627
1145 9.710947
1146 9.715107
1147 9.744227
1148 9.750467
1149 9.758787
1150 9.762947
1151 9.767107
1152 9.773347
1153 9.779587
1154 9.785827
1155 9.794147
1156 9.802467
1157 9.812867
1158 9.819107
1159 9.823267
1160 9.833667
1161 9.844067
1162 9.850307
1163 9.864867
1164 9.871107
1165 9.877347
1166 9.881507
1167 9.912707
1168 9.918947
1169 9.925187
1170 9.929347
1171 9.933507
1172 9.939747
1173 9.945987
1174 9.952227
1175 9.960547
1176 9.968867
1177 9.979267
1178 9.985507
1179 9.991747
1180 10.000067
1181 10.010467
1182 10.016707
1183 10.031267
1184 10.039587
1185 10.043747
1186 10.049987
1187 10.079107
1188 10.087427
1189 10.091587
1190 10.095747
1191 10.099907
1192 10.106147
1193 10.112387
1194 10.118627
1195 10.129027
1196 10.137347
1197 10.145667
1198 10.151907
1199 10.160227
1200 10.168547
1201 10.176867
1202 10.185187
1203 10.199747
1204 10.205987
1205 10.210147
1206 10.218467
1207 10.247587
1208 10.253827
1209 10.257987
1210 10.262147
1211 10.266307
1212 10.272547
1213 10.278787
1214 10.287107
1215 10.295427
1216 10.305827
1217 10.312067
1218 10.320387
1219 10.326627
1220 10.337027
1221 10.343267
1222 10.353667
1223 10.368227
1224 10.372387
1225 10.378627
1226 10.384867
1227 10.416067
1228 10.420227
1229 10.424387
1230 10.428547
1231 10.432707
1232 10.438947
1233 10.445187
1234 10.453507
1235 10.461827
1236 10.472227
1237 10.478467
1238 10.488867
1239 10.493027
1240 10.503427
1241 10.509667
1242 10.520067
1243 10.534627
1244 10.538787
1245 10.547107
1246 10.553347
1247 10.582467
1248 10.586627
1249 10.590787
1250 10.594947
1251 10.599107
1252 10.605347
1253 10.611587
1254 10.621987
1255 10.630307
1256 10.638627
1257 10.644867
1258 10.655267
1259 10.661507
1260 10.669827
1261 10.678147
1262 10.686467
1263 10.701027
1264 10.707267
1265 10.713507
1266 10.721827
1267 10.748867
1268 10.753027
1269 10.757187
1270 10.761347
1271 10.765507
1272 10.771747
1273 10.780067
1274 10.788387
1275 10.798787
1276 10.805027
1277 10.813347
1278 10.821667
1279 10.829987
1280 10.836227
1281 10.846627
1282 10.852867
1283 10.867427
1284 10.875747
1285 10.881987
1286 10.888227
1287 10.915267
1288 10.919427
1289 10.923587
1290 10.927747
1291 10.931907
1292 10.938147
1293 10.946467
1294 10.954787
1295 10.965187
1296 10.971427
1297 10.981827
1298 10.990147
1299 10.996387
1300 11.002627
1301 11.013027
1302 11.021347
1303 11.035907
1304 11.042147
1305 11.050467
1306 11.054627
1307 11.081667
1308 11.085827
1309 11.089987
1310 11.094147
1311 11.098307
1312 11.104547
1313 11.114947
1314 11.123267
1315 11.131587
1316 11.137827
1317 11.148227
1318 11.158627
1319 11.162787
1320 11.171107
1321 11.179427
1322 11.189827
1323 11.204387
1324 11.210627
1325 11.216867
1326 11.223107
1327 11.248067
1328 11.252227
1329 11.256387
1330 11.260547
1331 11.264707
1332 11.273027
1333 11.281347
1334 11.291747
1335 11.297987
1336 11.306307
1337 11.314627
1338 11.325027
1339 11.329187
1340 11.339587
1341 11.345827
1342 11.356227
1343 11.370787
1344 11.379107
1345 11.383267
1346 11.391587
1347 11.414467
1348 11.418627
1349 11.422787
1350 11.426947
1351 11.431107
1352 11.439427
1353 11.447747
1354 11.458147
1355 11.464387
1356 11.474787
1357 11.483107
1358 11.491427
1359 11.495587
1360 11.505987
1361 11.514307
1362 11.522627
1363 11.539267
1364 11.545507
1365 11.551747
1366 11.557987
1367 11.580867
1368 11.585027
1369 11.589187
1370 11.593347
1371 11.597507
1372 11.607907
1373 11.616227
1374 11.624547
1375 11.630787
1376 11.641187
1377 11.651587
1378 11.657827
1379 11.664067
1380 11.672387
1381 11.682787
1382 11.689027
1383 11.707747
1384 11.711907
1385 11.720227
1386 11.726467
1387 11.747267
1388 11.751427
1389 11.755587
1390 11.759747
1391 11.765987
1392 11.774307
1393 11.784707
1394 11.790947
1395 11.799267
1396 11.807587
1397 11.817987
1398 11.824227
1399 11.832547
1400 11.838787
1401 11.849187
1402 11.857507
1403 11.874147
1404 11.880387
1405 11.886627
1406 11.894947
1407 11.913667
1408 11.917827
1409 11.921987
1410 11.926147
1411 11.932387
1412 11.940707
1413 11.951107
1414 11.957347
1415 11.967747
1416 11.976067
1417 11.984387
1418 11.992707
1419 11.998947
1420 12.007267
1421 12.015587
1422 12.025987
1423 12.040547
1424 12.048867
1425 12.055107
1426 12.061347
1427 12.080067
1428 12.084227
1429 12.088387
1430 12.094627
1431 12.100867
1432 12.109187
1433 12.117507
1434 12.123747
1435 12.134147
1436 12.144547
1437 12.150787
