0.12	0.00
0.12	4000.00
0.13	1600.00
0.13	2000.00
0.14	1600.00
0.14	1818.18
0.15	1600.00
0.15	1750.00
0.16	1684.21
0.16	1800.00
0.16	1739.13
0.17	1833.33
0.17	1777.78
0.17	1857.14
0.18	1806.45
0.18	1875.00
0.19	1828.57
0.19	1888.89
0.20	1846.15
0.20	1900.00
0.20	1860.47
0.21	1909.09
0.21	1872.34
0.21	1916.67
0.22	1882.35
0.22	1923.08
0.23	1890.91
0.23	1928.57
0.24	1898.31
0.24	1933.33
0.24	1904.76
0.25	1937.50
0.25	1910.45
0.25	1941.18
0.26	1915.49
0.26	1944.44
0.27	1920.00
0.27	1947.37
0.28	1924.05
0.28	1950.00
0.28	1927.71
0.29	1952.38
0.29	1931.03
0.29	1954.55
0.30	1934.07
0.30	1956.52
0.31	1936.84
0.31	1958.33
0.32	1939.39
0.32	1960.00
0.32	1941.75
0.33	1961.54
0.33	1943.93
0.33	1962.96
0.34	1945.95
0.34	1964.29
0.35	1947.83
0.35	1965.52
0.36	1949.58
0.36	1966.67
0.36	1951.22
0.37	1967.74
0.37	1952.76
0.37	1968.75
0.38	1954.20
0.38	1969.70
0.39	1955.56
0.39	1970.59
0.40	1956.83
0.40	1971.43
0.40	1958.04
0.41	1972.22
0.41	1959.18
0.41	1972.97
0.42	1960.26
0.42	1973.68
0.43	1961.29
0.43	1974.36
0.44	1962.26
0.44	1975.00
0.44	1963.19
0.45	1975.61
0.45	1964.07
0.45	1976.19
0.46	1964.91
0.46	1976.74
0.47	1965.71
0.47	1977.27
0.48	1966.48
0.48	1977.78
0.48	1967.21
0.49	1978.26
0.49	1967.91
0.49	1978.72
0.50	1968.59
0.50	1979.17
0.51	1969.23
0.51	1979.59
0.52	1969.85
0.52	1980.00
0.52	1970.44
0.53	1980.39
0.53	1971.01
0.53	1980.77
0.54	1971.56
0.54	1981.13
0.55	1972.09
0.55	1981.48
0.56	1972.60
0.56	1981.82
0.56	1973.09
0.57	1982.14
0.57	1973.57
0.57	1982.46
0.58	1974.03
0.58	1982.76
0.59	1974.47
0.59	1983.05
0.60	1974.90
0.60	1983.33
0.60	1975.31
0.61	1983.61
0.61	1975.71
0.61	1983.87
0.62	1991.97
0.62	1984.13
0.63	1976.47
0.63	1984.38
0.64	1976.83
0.64	1984.62
0.64	1977.19
0.65	1984.85
0.65	1977.53
0.65	1985.07
0.66	1977.86
0.66	1985.29
0.67	1978.18
0.67	1985.51
0.68	1978.49
0.68	1985.71
0.68	1978.80
0.69	1985.92
0.69	1979.09
0.69	1986.11
0.70	1979.38
0.70	1986.30
0.71	1979.66
0.71	1986.49
0.72	1979.93
0.72	1986.67
0.72	1980.20
0.73	1986.84
0.73	1980.46
0.73	1987.01
0.74	1980.71
0.74	1987.18
0.75	1980.95
0.75	1987.34
0.75	1993.69
0.76	1987.50
0.76	1981.42
0.77	1987.65
0.77	1981.65
0.77	1987.80
0.78	1981.87
0.78	1987.95
0.79	1982.09
0.79	1988.10
0.80	1982.30
0.80	1988.24
0.80	1982.51
0.81	1988.37
0.81	1982.71
0.81	1988.51
0.82	1982.91
0.82	1988.64
0.83	1983.10
0.83	1988.76
0.84	1983.29
0.84	1988.89
0.84	1983.47
0.85	1989.01
0.85	1983.65
0.85	1989.13
0.86	1983.83
0.86	1989.25
0.87	1984.00
0.87	1989.36
0.88	1984.17
0.88	1989.47
0.88	1984.33
0.89	1989.58
0.89	1994.81
0.89	2000.00
0.90	1984.65
0.90	1989.80
0.91	1984.81
0.91	1989.90
0.92	1984.96
0.92	1990.00
0.92	1985.11
0.93	1990.10
0.93	1985.26
0.93	1990.20
0.94	1985.40
0.94	1990.29
0.95	1985.54
0.95	1990.38
0.96	1985.68
0.96	1990.48
0.96	1985.82
0.97	1990.57
0.97	1985.95
0.97	1990.65
0.98	1986.08
0.98	1990.74
0.99	1986.21
0.99	1990.83
1.00	1986.33
1.00	1990.91
1.00	1986.46
1.01	1990.99
1.01	1986.58
1.01	1991.07
1.02	1995.55
1.02	1991.15
1.03	1986.81
1.03	1991.23
1.04	1986.93
1.04	1991.30
1.04	1987.04
1.05	1991.38
1.05	1987.15
1.05	1991.45
1.06	1987.26
1.06	1991.53
1.07	1987.37
1.07	1991.60
1.08	1987.47
1.08	1991.67
1.08	1987.58
1.09	1991.74
1.09	1987.68
1.09	1991.80
1.10	1987.78
1.10	1991.87
1.11	1987.88
1.11	1991.94
1.12	1987.98
1.12	1992.00
1.12	1988.07
1.13	1992.06
1.13	1988.17
1.13	1992.13
1.14	1988.26
1.14	1992.19
1.15	1988.35
1.15	1992.25
1.16	1988.44
1.16	1992.31
1.16	1988.53
1.17	1992.37
1.17	1988.61
1.17	1992.42
1.18	1988.70
1.18	1992.48
1.19	1988.79
1.19	1992.54
1.20	1988.87
1.20	1992.59
1.20	1988.95
1.21	1992.65
1.21	1989.03
1.21	1992.70
1.22	1989.11
1.22	1992.75
1.23	1989.19
1.23	1992.81
1.24	1989.27
1.24	1992.86
1.24	1989.34
1.25	1992.91
1.25	1989.42
1.25	1992.96
1.26	1989.49
1.26	1993.01
1.27	1989.57
1.27	1993.06
1.28	1989.64
1.28	1993.10
1.28	1989.71
1.29	1993.15
1.29	1989.78
1.29	1993.20
1.30	1989.85
1.30	1993.24
1.31	1989.92
1.31	1993.29
1.32	1989.98
1.32	1993.33
1.32	1990.05
1.33	1993.38
1.33	1990.12
1.33	1993.42
1.34	1990.18
1.34	1993.46
1.35	1990.24
1.35	1993.51
1.36	1990.31
1.36	1993.55
1.36	1990.37
1.37	1993.59
1.37	1990.43
1.37	1993.63
1.38	1990.49
1.38	1993.67
1.39	1990.55
1.39	1993.71
1.40	1990.61
1.40	1993.75
1.40	1990.67
1.41	1993.79
1.41	1990.73
1.42	1990.76
1.42	1987.73
1.42	1990.81
1.44	1975.76
1.44	1978.82
1.45	1975.90
1.45	1978.95
1.45	1976.05
1.46	1979.07
1.46	1976.19
1.46	1979.20
1.47	1976.33
1.47	1979.32
1.48	1976.47
1.48	1979.44
1.49	1976.61
1.49	1979.56
1.49	1976.74
1.50	1979.68
1.50	1976.88
1.50	1979.80
1.51	1977.01
1.51	1979.91
1.52	1977.14
1.52	1980.03
1.53	1977.27
1.53	1980.14
1.53	1977.40
1.54	1980.25
1.54	1977.53
1.54	1980.36
1.55	1977.65
1.55	1980.47
1.56	1977.78
1.56	1980.58
1.57	1977.90
1.57	1980.69
1.57	1978.02
1.58	1980.80
1.58	1978.14
1.58	1980.90
1.59	1978.26
1.59	1981.00
1.60	1978.38
1.60	1981.11
1.60	1983.83
1.61	1981.21
1.61	1983.91
1.62	1981.31
1.62	1984.00
1.62	1981.41
1.63	1984.08
1.63	1986.75
1.63	1989.42
1.63	1992.07
1.63	1994.72
1.65	1976.53
1.65	1979.17
1.66	1981.79
1.66	1984.42
1.66	1987.03
1.66	1989.64
1.66	1992.24
1.68	1974.42
1.68	1977.01
1.69	1979.59
1.69	1982.17
1.69	1979.70
1.70	1982.26
1.70	1979.80
1.70	1982.35
1.71	1979.90
1.71	1982.43
1.72	1980.00
1.72	1982.52
1.73	1980.10
1.73	1982.61
1.73	1980.20
1.74	1982.69
1.74	1980.30
1.74	1982.78
1.75	1980.39
1.75	1982.86
1.76	1980.49
1.76	1982.95
1.77	1980.58
1.77	1983.03
1.77	1980.68
1.78	1983.11
1.78	1980.77
1.78	1983.19
1.79	1980.86
1.79	1983.27
1.80	1980.95
1.80	1983.35
1.80	1985.75
1.81	1983.43
1.81	1985.82
1.82	1983.51
1.82	1985.88
1.82	1983.59
1.83	1985.95
1.83	1988.30
1.83	1990.65
1.83	1993.00
1.83	1995.34
1.85	1979.24
1.85	1981.57
1.86	1983.89
1.86	1986.21
1.86	1988.52
1.86	1990.83
1.86	1993.13
1.88	1977.32
1.88	1979.61
1.89	1981.90
1.89	1984.18
1.89	1986.46
1.89	1988.73
1.89	1990.99
1.91	1975.47
1.91	1977.73
1.92	1979.98
1.92	1982.22
1.92	1984.46
1.92	1986.70
1.92	1988.93
1.93	1991.15
1.94	1975.90
1.95	1978.12
1.95	1980.33
1.95	1982.53
1.95	1984.73
1.95	1986.93
1.96	1989.12
1.96	1991.30
1.97	1980.58
1.97	1982.76
1.98	1984.93
1.98	1982.83
1.98	1984.99
1.99	1982.91
1.99	1985.06
2.00	1982.98
2.00	1985.12
2.01	1983.05
2.01	1985.19
2.01	1983.12
2.02	1985.25
2.02	1987.37
2.02	1989.48
2.02	1991.60
2.02	1993.70
2.04	1983.33
2.04	1985.43
2.04	1987.53
2.04	1989.62
2.05	1991.70
2.05	1993.78
2.07	1979.47
2.07	1981.54
2.07	1983.61
2.07	1985.67
2.07	1987.73
2.08	1989.79
2.09	1979.72
2.09	1981.76
2.09	1983.81
2.10	1985.84
2.11	1975.90
2.11	1977.93
2.11	1979.96
2.12	1981.98
2.12	1984.00
2.13	1978.11
2.13	1980.12
2.13	1982.13
2.13	1984.13
2.14	1978.28
2.15	1980.28
2.15	1982.27
2.15	1984.25
2.16	1978.45
2.16	1980.43
2.16	1982.40
2.17	1984.38
2.18	1978.62
2.18	1980.58
2.18	1982.54
2.18	1984.50
2.19	1978.78
2.19	1980.73
2.20	1978.87
2.20	1980.81
2.21	1978.95
2.21	1980.88
2.22	1979.03
2.22	1980.95
2.22	1982.87
2.22	1984.79
2.23	1982.94
2.23	1981.10
2.24	1983.00
2.24	1984.91
2.24	1986.80
2.25	1977.53
2.26	1979.42
2.26	1981.31
2.26	1983.19
2.26	1985.07
2.27	1979.57
2.27	1981.45
2.28	1983.32
2.28	1985.19
2.29	1979.72
2.29	1981.58
2.29	1983.44
2.29	1985.29
2.30	1979.87
2.31	1981.72
2.31	1983.56
2.31	1985.40
2.32	1980.02
2.32	1981.85
2.32	1983.68
2.33	1985.51
2.34	1980.16
2.34	1981.98
2.34	1983.80
2.34	1985.61
2.35	1980.30
2.35	1982.11
2.36	1983.91
2.36	1985.71
2.37	1980.44
2.37	1982.24
2.38	1980.51
2.38	1982.30
2.38	1980.58
2.39	1982.36
2.39	1980.65
2.39	1982.43
2.40	1980.72
2.40	1982.49
2.41	1980.79
2.41	1982.55
2.42	1980.85
2.42	1982.61
2.42	1980.92
2.43	1982.67
2.43	1984.42
2.43	1986.16
2.43	1987.90
2.45	1979.38
2.45	1981.12
2.45	1982.85
2.45	1984.58
2.45	1986.30
2.46	1981.24
2.47	1982.96
2.47	1984.68
2.47	1986.39
2.48	1981.37
2.48	1983.08
2.48	1984.78
2.49	1986.49
2.50	1981.50
2.50	1983.19
2.50	1984.89
2.50	1986.58
2.51	1981.62
2.51	1983.31
2.52	1984.99
2.52	1986.67
2.53	1981.74
2.53	1983.42
2.53	1985.09
2.53	1986.75
2.54	1981.86
2.55	1983.53
2.55	1981.92
2.55	1983.58
2.56	1981.98
2.56	1983.63
2.57	1982.04
2.57	1983.69
2.58	1982.10
2.58	1983.74
2.58	1982.16
2.59	1983.79
2.59	1982.22
2.59	1983.84
2.60	1982.27
2.60	1983.90
2.61	1982.33
2.61	1983.95
2.62	1982.39
2.62	1984.00
2.62	1985.61
2.62	1987.22
2.63	1985.66
2.63	1984.10
2.64	1985.70
2.64	1987.30
2.64	1988.90
2.65	1981.07
2.66	1982.66
2.66	1984.25
2.66	1985.84
2.66	1987.42
2.67	1982.77
2.67	1984.35
2.68	1985.93
2.68	1987.50
2.69	1982.88
2.69	1984.45
2.69	1986.01
2.69	1987.58
2.70	1982.99
2.71	1984.54
2.71	1986.10
2.71	1987.65
2.72	1983.09
2.72	1984.64
2.73	1983.14
2.73	1984.69
2.74	1983.19
2.74	1984.73
2.74	1983.24
2.75	1984.78
2.75	1983.30
2.75	1984.83
2.76	1983.35
2.76	1984.87
2.77	1983.40
2.77	1984.92
2.78	1983.45
2.78	1984.96
2.78	1983.50
2.79	1985.01
2.79	1983.55
2.79	1985.05
2.80	1983.59
2.80	1985.10
2.81	1983.64
2.81	1985.14
2.82	1983.69
2.82	1985.19
2.82	1983.74
2.83	1985.23
2.83	1986.72
2.83	1988.20
2.83	1989.68
2.85	1982.40
2.85	1983.88
2.85	1985.36
2.85	1986.83
2.85	1988.30
2.86	1983.98
2.87	1985.44
2.87	1986.91
2.87	1988.37
2.88	1984.07
2.88	1985.53
2.88	1986.98
2.89	1988.44
2.90	1984.16
2.90	1985.61
2.90	1984.21
2.91	1985.65
2.91	1984.25
2.91	1985.69
2.92	1984.30
2.92	1985.73
2.93	1984.34
2.93	1985.78
2.94	1984.39
2.94	1985.82
2.94	1984.43
2.95	1985.86
2.95	1984.47
2.95	1985.90
2.96	1984.52
2.96	1985.94
2.97	1984.56
2.97	1985.97
2.98	1984.60
2.98	1986.01
2.98	1984.65
2.99	1986.05
2.99	1984.69
2.99	1986.09
3.00	1984.73
3.00	1986.13
3.01	1984.78
3.01	1986.17
3.02	1984.82
3.02	1986.21
3.02	1987.59
3.02	1988.98
3.03	1987.63
3.03	1986.28
3.04	1987.66
3.04	1989.04
3.04	1990.42
3.05	1983.65
3.06	1985.02
3.06	1986.39
3.06	1985.06
3.07	1986.43
3.07	1985.10
3.07	1986.47
3.08	1985.15
3.08	1986.50
3.09	1985.19
3.09	1986.54
3.10	1985.22
3.10	1986.58
3.10	1985.26
3.11	1986.61
3.11	1985.30
3.11	1986.65
3.12	1985.34
3.12	1986.68
3.13	1985.38
3.13	1986.72
3.14	1985.42
3.14	1986.75
3.14	1985.46
3.15	1986.79
3.15	1985.50
3.15	1986.82
3.16	1985.54
3.16	1986.86
3.17	1985.57
3.17	1986.89
3.18	1985.61
3.18	1986.93
3.18	1985.65
3.19	1986.96
3.19	1985.69
3.19	1987.00
3.20	1985.72
3.20	1987.03
3.21	1985.76
3.21	1987.06
3.22	1985.80
3.22	1987.10
3.22	1985.83
3.23	1987.13
3.23	1985.87
3.23	1987.16
3.24	1985.91
3.24	1987.20
3.25	1985.94
3.25	1987.23
3.26	1985.98
3.26	1987.26
3.26	1986.01
3.27	1987.29
3.27	1986.05
3.27	1987.33
3.28	1986.08
3.28	1987.36
3.29	1986.12
3.29	1987.39
3.30	1986.15
3.30	1987.42
3.30	1986.19
3.31	1987.45
3.31	1986.22
3.31	1987.48
3.32	1986.26
3.32	1987.52
3.33	1986.29
3.33	1987.55
3.34	1986.33
3.34	1987.58
3.34	1986.36
3.35	1987.61
3.35	1986.39
3.35	1987.64
3.36	1986.43
3.36	1987.67
3.37	1986.46
3.37	1987.70
3.38	1986.49
3.38	1987.73
3.38	1986.53
3.39	1987.76
3.39	1986.56
3.39	1987.79
3.40	1986.59
3.40	1986.61
3.41	1985.42
3.41	1986.64
3.42	1985.45
3.43	1981.87
3.43	1980.70
3.44	1981.92
3.44	1980.75
3.44	1981.96
3.45	1980.79
3.45	1982.00
3.46	1980.84
3.46	1982.05
3.47	1980.88
3.47	1982.09
3.47	1980.93
3.48	1982.13
3.48	1980.98
3.48	1982.17
3.49	1981.02
3.49	1982.22
3.50	1981.07
3.50	1982.26
3.51	1981.11
3.51	1982.30
3.51	1981.15
3.52	1982.34
3.52	1981.20
3.52	1982.38
3.53	1981.24
3.53	1982.43
3.54	1981.29
3.54	1982.47
3.55	1981.33
3.55	1982.51
3.55	1981.37
3.56	1982.55
3.56	1981.42
3.56	1982.59
3.57	1981.46
3.57	1982.63
3.58	1981.50
3.58	1982.67
3.59	1981.55
3.59	1982.71
3.59	1981.59
3.60	1982.75
3.60	1983.91
3.60	1985.07
3.60	1986.22
3.61	1985.10
3.61	1986.25
3.62	1980.60
3.63	1981.76
3.63	1982.91
3.63	1984.05
3.63	1985.20
3.63	1986.35
3.64	1987.49
3.65	1979.64
3.66	1980.78
3.66	1981.92
3.66	1983.06
3.66	1984.20
3.66	1985.34
3.67	1986.47
3.67	1987.61
3.69	1979.82
3.69	1980.95
3.69	1982.08
3.69	1983.21
3.70	1982.12
3.70	1983.25
3.71	1982.16
3.71	1983.29
3.71	1982.20
3.72	1983.32
3.72	1982.24
3.72	1983.36
3.73	1982.28
3.73	1983.40
3.74	1982.32
3.74	1983.43
3.75	1982.36
3.75	1983.47
3.75	1982.40
3.76	1983.51
3.76	1982.44
3.76	1983.54
3.77	1982.48
3.77	1983.58
3.78	1982.51
3.78	1983.62
3.79	1982.55
3.79	1983.65
3.79	1982.59
3.80	1983.69
3.80	1982.63
3.80	1983.72
3.81	1984.82
3.81	1985.91
3.81	1987.00
3.81	1988.09
3.81	1989.18
3.82	1990.27
3.84	1980.65
3.84	1981.73
3.84	1982.81
3.84	1983.90
3.85	1984.98
3.85	1986.06
3.85	1987.14
3.85	1988.22
3.87	1980.81
3.87	1981.89
3.87	1982.96
3.88	1984.03
3.88	1985.11
3.88	1986.18
3.88	1987.25
3.88	1988.32
3.90	1980.97
3.90	1982.04
3.91	1983.10
3.91	1984.17
3.91	1985.23
3.91	1986.29
3.91	1987.36
3.92	1988.41
3.93	1981.13
3.94	1982.19
3.94	1983.25
3.94	1984.30
3.94	1985.36
3.94	1986.41
3.95	1987.46
3.95	1988.51
3.97	1981.29
3.97	1982.34
3.97	1983.39
3.97	1984.43
3.97	1985.48
3.98	1986.52
3.98	1987.56
3.98	1988.61
3.99	1983.49
4.00	1980.44
4.01	1981.48
4.01	1980.48
4.01	1981.52
4.02	1982.56
4.03	1977.51
4.03	1978.54
4.03	1979.57
4.04	1976.57
4.05	1977.60
4.05	1978.63
4.06	1975.63
4.06	1976.66
4.06	1977.69
4.06	1978.71
4.07	1975.73
4.08	1976.76
4.08	1977.78
4.08	1978.80
4.09	1975.83
4.09	1976.85
4.09	1977.87
4.10	1978.88
4.11	1975.93
4.11	1976.94
4.11	1977.96
4.11	1978.97
4.12	1976.02
4.12	1977.03
4.13	1978.04
4.13	1979.05
4.14	1976.12
4.14	1977.13
4.14	1978.13
4.14	1979.14
4.15	1976.21
4.16	1977.22
4.16	1978.22
4.16	1979.22
4.17	1976.31
4.17	1977.31
4.17	1978.30
4.18	1979.30
4.18	1978.35
4.18	1979.34
4.19	1978.39
4.19	1979.38
4.20	1978.43
4.20	1979.42
4.21	1978.47
4.21	1979.46
4.21	1978.52
4.22	1979.50
4.22	1980.49
4.23	1977.62
4.23	1978.60
4.23	1979.58
4.24	1976.72
4.24	1977.70
4.25	1978.68
4.25	1979.66
4.26	1976.81
4.26	1977.79
4.26	1978.76
4.26	1979.74
4.27	1976.90
4.28	1977.87
4.28	1978.85
4.28	1979.82
4.29	1976.99
4.29	1977.96
4.29	1978.93
4.30	1979.89
4.31	1977.08
4.31	1978.04
4.31	1979.01
4.31	1979.97
4.32	1979.05
4.32	1980.01
4.33	1979.09
4.33	1980.05
4.33	1979.13
4.34	1980.09
4.34	1979.17
4.34	1980.12
4.35	1979.21
4.35	1980.16
4.36	1979.25
4.36	1980.20
4.37	1979.28
4.37	1980.24
4.37	1979.32
4.38	1980.27
4.38	1979.36
4.38	1980.31
4.39	1979.40
4.39	1980.35
4.40	1979.44
4.40	1980.38
4.41	1979.48
4.41	1980.42
4.41	1979.52
4.42	1980.46
4.42	1979.55
4.42	1980.49
4.43	1979.59
4.43	1980.53
4.44	1979.63
4.44	1980.56
4.45	1979.67
4.45	1980.60
4.45	1979.70
4.46	1980.64
4.46	1979.74
4.46	1980.67
4.47	1979.78
4.47	1980.71
4.48	1979.82
4.48	1980.74
4.48	1981.67
4.49	1980.78
4.49	1979.89
4.50	1980.81
4.50	1979.93
4.50	1980.85
4.51	1979.96
4.51	1980.88
4.52	1980.00
4.52	1980.92
4.53	1980.04
4.53	1980.95
4.53	1980.07
4.54	1980.99
4.54	1980.11
4.54	1981.02
4.55	1980.14
4.55	1981.06
4.56	1980.18
4.56	1981.09
4.57	1980.22
4.57	1981.12
4.57	1982.03
4.58	1981.16
4.58	1980.29
4.58	1981.19
4.59	1980.32
4.59	1981.22
4.60	1980.36
4.60	1981.26
4.61	1980.39
4.61	1981.29
4.61	1980.43
4.62	1981.33
4.62	1980.46
4.62	1981.36
4.63	1980.50
4.63	1981.39
4.64	1980.53
4.64	1981.42
4.65	1980.57
4.65	1981.46
4.65	1980.60
4.66	1981.49
4.66	1980.63
4.66	1981.52
4.67	1980.67
4.67	1981.55
4.68	1980.70
4.68	1981.59
4.69	1980.74
4.69	1981.62
4.69	1980.77
4.70	1981.65
4.70	1980.80
4.70	1981.68
4.71	1980.84
4.71	1981.72
4.72	1980.87
4.72	1981.75
4.73	1980.90
4.73	1981.78
4.73	1980.94
4.74	1981.81
4.74	1980.97
4.74	1981.84
4.75	1981.00
4.75	1981.87
4.76	1981.03
4.76	1981.90
4.77	1981.07
4.77	1981.94
4.77	1981.10
4.78	1981.97
4.78	1981.13
4.78	1982.00
4.79	1981.16
4.79	1982.03
4.80	1981.20
4.80	1982.06
4.81	1981.23
4.81	1982.09
4.81	1981.26
4.82	1982.12
4.82	1981.29
4.82	1982.15
4.83	1981.32
4.83	1981.34
4.84	1980.52
4.85	1978.02
4.86	1977.21
4.86	1978.06
4.86	1977.24
4.87	1978.10
4.87	1977.28
4.87	1978.13
4.88	1977.32
4.88	1978.17
4.89	1977.36
4.89	1978.21
4.90	1977.40
4.90	1978.24
4.90	1977.43
4.91	1978.28
4.91	1977.47
4.91	1978.32
4.92	1977.51
4.92	1978.35
4.93	1977.55
4.93	1978.39
4.94	1977.58
4.94	1978.42
4.94	1977.62
4.95	1978.46
4.95	1977.66
4.95	1978.49
4.96	1977.70
4.96	1978.53
4.97	1977.73
4.97	1978.57
4.98	1977.77
4.98	1978.60
4.98	1977.81
4.99	1978.64
4.99	1977.84
4.99	1978.67
5.00	1977.88
5.00	1978.71
5.01	1977.91
5.01	1978.74
5.02	1977.95
5.02	1978.78
5.02	1977.99
5.03	1978.81
5.03	1978.02
5.03	1978.84
5.04	1979.67
5.04	1980.49
5.04	1981.31
5.05	1977.31
5.06	1978.13
5.06	1978.95
5.06	1978.16
5.07	1978.98
5.07	1978.20
5.07	1979.02
5.08	1978.23
5.08	1979.05
5.09	1978.27
5.09	1979.08
5.10	1978.30
5.10	1979.12
5.10	1978.34
5.11	1979.15
5.11	1978.37
5.11	1979.18
5.12	1978.41
5.12	1979.22
5.13	1978.44
5.13	1979.25
5.14	1978.48
5.14	1979.28
5.14	1978.51
5.15	1979.32
5.15	1978.55
5.15	1979.35
5.16	1978.58
5.16	1979.38
5.17	1978.61
5.17	1979.41
5.18	1978.65
5.18	1979.45
5.18	1978.68
5.19	1979.48
5.19	1978.72
5.19	1979.51
5.20	1978.75
5.20	1979.54
5.21	1978.78
5.21	1979.58
5.22	1978.82
5.22	1979.61
5.22	1978.85
5.23	1979.64
5.23	1978.88
5.23	1979.67
5.24	1980.46
5.24	1981.25
5.24	1982.04
5.24	1982.83
5.26	1977.44
5.26	1978.23
5.26	1979.01
5.27	1979.80
5.27	1980.58
5.27	1981.37
5.28	1977.55
5.29	1978.33
5.29	1979.11
5.29	1979.89
5.30	1979.14
5.30	1979.92
5.30	1979.17
5.31	1979.95
5.31	1979.21
5.31	1979.98
5.32	1979.24
5.32	1980.02
5.33	1979.27
5.33	1980.05
5.34	1979.30
5.34	1980.08
5.34	1979.33
5.35	1980.11
5.35	1979.37
5.35	1980.14
5.36	1979.40
5.36	1980.17
5.37	1979.43
5.37	1980.20
5.38	1979.46
5.38	1980.23
5.38	1979.49
5.39	1980.26
5.39	1979.52
5.39	1980.29
5.40	1979.55
5.40	1980.32
5.41	1979.58
5.41	1980.35
5.42	1979.61
5.42	1980.38
5.42	1979.65
5.43	1980.41
5.43	1981.17
5.43	1980.44
5.44	1981.20
5.45	1978.98
5.45	1979.74
5.45	1980.50
5.45	1981.25
5.45	1982.01
5.46	1982.77
5.47	1977.60
5.48	1978.35
5.48	1979.10
5.48	1979.86
5.48	1980.61
5.48	1981.36
5.49	1982.12
5.50	1978.45
5.50	1979.20
5.50	1979.95
5.51	1980.70
5.51	1981.45
5.51	1982.20
5.52	1978.54
5.53	1979.29
5.53	1980.04
5.53	1980.78
5.54	1980.07
5.54	1980.81
5.54	1980.10
5.55	1980.84
5.55	1980.13
5.55	1980.87
5.56	1980.15
5.56	1980.90
5.57	1980.18
5.57	1980.92
5.58	1980.21
5.58	1980.95
5.58	1980.24
5.59	1980.98
5.59	1980.27
5.59	1981.01
5.60	1980.30
5.60	1981.04
5.61	1980.33
5.61	1981.06
5.62	1980.36
5.62	1981.09
5.62	1980.39
5.63	1981.12
5.63	1981.85
5.63	1981.15
5.64	1981.88
5.65	1979.74
5.65	1980.47
5.65	1981.20
5.65	1981.93
5.65	1982.66
5.66	1983.39
5.67	1978.40
5.68	1979.13
5.68	1979.86
5.68	1980.58
5.68	1981.31
5.68	1982.03
5.69	1982.76
5.70	1979.22
5.70	1979.94
5.70	1980.67
5.71	1981.39
5.71	1982.11
5.71	1982.83
5.72	1979.31
5.73	1980.03
5.73	1980.75
5.73	1981.47
5.73	1982.19
5.73	1982.91
5.75	1979.40
5.75	1980.11
5.75	1980.83
5.75	1981.55
5.76	1982.26
5.76	1982.98
5.77	1980.88
5.77	1981.60
5.78	1980.91
5.78	1981.63
5.78	1980.94
5.79	1981.65
5.79	1980.97
5.79	1981.68
5.80	1980.99
5.80	1981.70
5.81	1981.02
5.81	1981.73
5.82	1981.05
5.82	1981.75
5.82	1981.07
5.83	1981.78
5.83	1982.49
5.83	1983.19
5.84	1982.51
5.84	1983.22
5.85	1981.15
5.85	1981.86
5.85	1982.56
5.85	1983.26
5.86	1983.97
5.87	1979.15
5.88	1979.85
5.88	1980.56
5.88	1981.26
5.88	1981.96
5.88	1982.66
5.89	1983.36
5.90	1979.94
5.90	1980.64
5.90	1981.33
5.91	1982.03
5.91	1982.73
5.91	1983.43
5.92	1980.02
5.93	1980.72
5.93	1981.41
5.93	1982.11
5.93	1982.80
5.93	1983.49
5.95	1980.10
5.95	1980.80
5.95	1981.49
5.95	1982.18
5.96	1982.87
5.96	1983.56
5.97	1980.18
5.97	1980.87
5.98	1981.56
5.98	1982.25
5.98	1982.94
5.98	1983.63
6.00	1980.27
6.00	1980.95
6.00	1981.64
6.00	1982.32
6.00	1983.01
6.01	1983.70
6.02	1981.69
6.02	1982.37
6.02	1981.71
6.03	1982.40
6.03	1981.74
6.03	1982.42
6.04	1983.10
6.04	1983.78
6.04	1984.46
6.05	1981.13
6.06	1981.81
6.06	1982.49
6.06	1983.17
6.06	1983.85
6.08	1980.53
6.08	1981.21
6.08	1981.89
6.08	1982.56
6.10	1979.26
6.10	1979.93
6.10	1980.61
6.10	1981.28
6.10	1981.96
6.12	1978.67
6.12	1979.34
6.12	1980.01
6.12	1980.69
6.13	1981.36
6.14	1979.40
6.14	1980.07
6.14	1980.74
6.14	1981.41
6.15	1979.45
6.15	1980.12
6.16	1980.79
6.16	1981.46
6.17	1979.50
6.17	1980.17
6.17	1980.84
6.17	1981.51
6.18	1979.56
6.19	1980.22
6.19	1980.89
6.19	1981.55
6.20	1979.61
6.20	1980.28
6.20	1980.94
6.21	1981.60
6.21	1980.96
6.22	1980.33
6.22	1980.99
6.23	1980.35
6.23	1981.01
6.23	1980.38
6.24	1981.04
6.24	1980.40
6.24	1981.06
6.25	1981.72
6.25	1982.38
6.26	1980.46
6.26	1981.11
6.26	1981.77
6.26	1982.43
6.28	1979.22
6.28	1979.88
6.28	1980.53
6.28	1981.19
6.29	1981.84
6.30	1979.93
6.30	1980.58
6.30	1981.24
6.30	1981.89
6.31	1979.98
6.31	1980.63
6.32	1981.28
6.32	1981.94
6.33	1980.03
6.33	1980.68
6.33	1981.33
6.33	1981.98
6.34	1980.08
6.35	1980.73
6.35	1981.38
6.35	1982.03
6.36	1980.13
6.36	1980.78
6.36	1981.43
6.37	1982.07
6.38	1980.19
6.38	1980.83
6.38	1981.48
6.38	1982.12
6.39	1981.50
6.39	1980.88
6.40	1981.52
6.40	1980.90
6.40	1981.55
6.41	1980.93
6.41	1981.57
6.42	1980.95
6.42	1981.59
6.43	1980.98
6.43	1981.62
6.43	1981.00
6.44	1981.64
6.44	1982.28
6.44	1981.66
6.45	1981.05
6.45	1981.69
6.45	1982.32
6.46	1982.96
6.47	1979.85
6.47	1980.48
6.47	1981.12
6.48	1981.76
6.48	1982.39
6.49	1980.53
6.49	1981.17
6.49	1981.80
6.49	1982.43
6.50	1980.58
6.51	1981.21
6.51	1981.85
6.51	1982.48
6.52	1980.63
6.52	1981.26
6.52	1981.89
6.53	1982.52
6.54	1980.68
6.54	1981.31
6.54	1981.94
6.54	1982.57
6.55	1980.73
6.55	1981.35
6.56	1981.98
6.56	1981.38
6.56	1982.00
6.57	1981.40
6.57	1982.03
6.58	1981.42
6.58	1982.05
6.59	1981.45
6.59	1982.07
6.59	1981.47
6.60	1982.09
6.60	1981.49
6.60	1982.12
6.61	1981.52
6.61	1982.14
6.62	1981.54
6.62	1982.16
6.63	1981.56
6.63	1982.18
6.63	1981.58
6.64	1982.20
6.64	1981.61
6.64	1982.22
6.65	1982.84
6.65	1983.46
6.66	1981.65
6.66	1982.27
6.66	1982.89
6.66	1983.50
6.68	1980.49
6.68	1981.10
6.68	1981.72
6.68	1982.33
6.69	1982.95
6.70	1981.15
6.70	1981.76
6.70	1982.38
6.70	1982.99
6.71	1981.20
6.71	1981.81
6.72	1982.42
6.72	1983.03
6.73	1981.24
6.73	1981.85
6.73	1982.46
6.74	1981.87
6.74	1982.48
6.75	1981.89
6.75	1982.50
6.75	1981.92
6.76	1982.52
6.76	1981.94
6.76	1982.55
6.77	1981.96
6.77	1982.57
6.78	1981.98
6.78	1982.59
6.79	1982.00
6.79	1982.61
6.79	1982.03
6.80	1982.63
6.80	1982.05
6.80	1982.65
6.81	1982.07
6.81	1982.67
6.82	1982.09
6.82	1982.69
6.83	1982.11
6.83	1982.71
6.83	1982.13
6.84	1982.73
6.84	1982.15
6.86	1978.64
6.86	1979.23
6.86	1979.83
6.86	1980.43
6.87	1981.03
6.87	1981.63
6.88	1979.88
6.88	1979.31
6.89	1979.91
6.89	1979.33
6.89	1979.93
6.90	1979.36
6.90	1979.95
6.91	1979.38
6.91	1979.98
6.92	1979.41
6.92	1980.00
6.92	1979.43
6.93	1980.02
6.93	1979.45
6.93	1980.05
6.94	1979.48
6.94	1980.07
6.95	1979.50
6.95	1980.09
6.96	1979.53
6.96	1980.12
6.96	1979.55
6.97	1980.14
6.97	1979.57
6.97	1980.16
6.98	1979.60
6.98	1980.19
6.99	1979.62
6.99	1980.21
7.00	1979.65
7.00	1980.23
7.00	1979.67
7.01	1980.26
7.01	1979.69
7.01	1980.28
7.02	1979.72
7.02	1980.30
7.03	1979.74
7.03	1980.32
7.04	1979.76
7.04	1980.35
7.04	1979.79
7.05	1980.37
7.05	1980.95
7.05	1981.53
7.05	1982.12
7.05	1982.70
7.06	1982.14
7.07	1979.30
7.08	1979.88
7.08	1980.46
7.08	1981.04
7.08	1981.62
7.08	1982.20
7.09	1982.78
7.10	1978.81
7.11	1979.39
7.11	1979.97
7.11	1980.55
7.11	1981.13
7.11	1981.70
7.12	1982.28
7.13	1978.34
7.14	1978.91
7.14	1979.49
7.14	1980.06
7.14	1980.64
7.15	1980.09
7.15	1980.66
7.16	1980.11
7.16	1980.68
7.16	1980.13
7.17	1980.70
7.17	1980.15
7.17	1980.73
7.18	1980.18
7.18	1980.75
7.19	1980.20
7.19	1980.77
7.20	1980.22
7.20	1980.79
7.20	1980.24
7.21	1980.81
7.21	1980.27
7.21	1980.83
7.22	1980.29
7.22	1980.86
7.23	1980.31
7.23	1980.88
7.24	1980.33
7.24	1980.90
7.24	1980.35
7.25	1980.92
7.25	1980.38
7.25	1980.94
7.26	1981.51
7.26	1982.07
7.26	1982.64
7.26	1983.20
7.26	1983.77
7.29	1978.79
7.29	1979.36
7.29	1979.92
7.29	1980.49
7.29	1981.05
7.30	1981.61
7.30	1982.17
7.30	1982.73
7.32	1978.89
7.32	1979.45
7.32	1980.01
7.32	1980.57
7.33	1981.13
7.33	1981.69
7.33	1982.25
7.33	1982.81
7.35	1978.98
7.35	1979.54
7.35	1980.10
7.36	1980.66
7.36	1981.22
7.36	1981.77
7.36	1982.33
7.36	1982.89
7.38	1979.07
7.38	1979.63
7.39	1980.19
7.39	1980.74
7.39	1981.30
7.39	1981.85
7.39	1982.41
7.40	1982.96
7.41	1979.17
7.42	1979.72
7.42	1980.27
7.42	1980.83
7.42	1981.38
7.42	1981.93
7.43	1982.48
7.43	1983.04
7.44	1980.34
7.45	1979.81
7.45	1979.28
7.46	1979.83
7.46	1979.30
7.46	1979.85
7.48	1977.17
7.48	1977.72
7.48	1978.27
7.49	1976.67
7.49	1977.22
7.50	1977.77
7.51	1976.18
7.51	1976.73
7.51	1977.27
7.51	1977.82
7.52	1976.23
7.52	1976.78
7.53	1977.32
7.53	1977.87
7.54	1976.28
7.54	1976.83
7.54	1977.37
7.54	1977.92
7.55	1976.33
7.56	1976.88
7.56	1977.42
7.56	1977.96
7.57	1976.38
7.57	1976.93
7.57	1977.47
7.58	1978.01
7.59	1976.43
7.59	1976.97
7.59	1977.52
7.59	1978.06
7.60	1976.48
7.60	1977.02
7.61	1977.56
7.61	1978.10
7.62	1976.53
7.62	1977.07
7.62	1977.61
7.62	1978.15
7.63	1977.64
7.63	1978.17
7.64	1977.66
7.64	1978.20
7.65	1977.68
7.65	1978.22
7.65	1977.71
7.66	1978.24
7.66	1977.73
7.66	1978.27
7.67	1978.80
7.68	1977.24
7.68	1977.78
7.68	1978.31
7.69	1976.76
7.69	1977.29
7.69	1977.82
7.70	1978.36
7.71	1976.81
7.71	1977.34
7.71	1977.87
7.71	1978.40
7.72	1976.85
7.72	1977.39
7.73	1977.92
7.73	1978.45
7.74	1976.90
7.74	1977.43
7.74	1977.96
7.74	1978.49
7.75	1976.95
7.76	1977.48
7.76	1978.01
7.76	1978.54
7.77	1978.03
7.77	1978.56
7.77	1978.06
7.78	1978.58
7.78	1978.08
7.78	1978.61
7.79	1978.10
7.79	1978.63
7.80	1978.12
7.80	1978.65
7.81	1978.15
7.81	1978.67
7.81	1978.17
7.82	1978.70
7.82	1978.19
7.82	1978.72
7.83	1978.22
7.83	1978.74
7.84	1978.24
7.84	1978.76
7.85	1978.26
7.85	1978.78
7.85	1978.28
7.86	1978.81
7.86	1978.31
7.86	1978.83
7.87	1978.33
7.87	1978.85
7.88	1978.35
7.88	1978.87
7.89	1978.37
7.89	1978.89
7.89	1978.40
7.90	1978.91
7.90	1978.42
7.90	1978.94
7.91	1978.44
7.91	1978.96
7.92	1978.46
7.92	1978.98
7.93	1978.48
7.93	1979.00
7.93	1979.52
7.94	1979.02
7.94	1978.53
7.94	1979.04
7.95	1978.55
7.95	1979.07
7.96	1978.57
7.96	1979.09
7.97	1978.59
7.97	1979.11
7.97	1978.62
7.98	1979.13
7.98	1978.64
7.98	1979.15
7.99	1978.66
7.99	1979.17
8.00	1978.68
8.00	1979.19
8.01	1978.70
8.01	1979.21
8.01	1978.72
8.02	1979.24
8.02	1979.75
8.02	1979.26
8.03	1978.77
8.03	1979.28
8.04	1978.79
8.04	1979.30
8.05	1978.81
8.05	1979.32
8.05	1978.83
8.06	1979.34
8.06	1978.85
8.06	1979.36
8.07	1978.87
8.07	1979.38
8.08	1978.89
8.08	1979.40
8.09	1978.92
8.09	1979.42
8.09	1978.94
8.10	1979.44
8.10	1978.96
8.10	1979.46
8.11	1978.98
8.11	1979.48
8.12	1979.00
8.12	1979.51
8.13	1979.02
8.13	1979.53
8.13	1979.04
8.14	1979.55
8.14	1979.06
8.14	1979.57
8.15	1979.08
8.15	1979.59
8.16	1979.10
8.16	1979.61
8.17	1979.13
8.17	1979.63
8.17	1979.15
8.18	1979.65
8.18	1979.17
8.18	1979.67
8.19	1979.19
8.19	1979.69
8.20	1979.21
8.20	1979.71
8.21	1979.23
8.21	1979.73
8.21	1979.25
8.22	1979.75
8.22	1979.27
8.22	1979.77
8.23	1979.29
8.23	1979.79
8.24	1979.31
8.24	1979.81
8.25	1979.33
8.25	1979.83
8.25	1979.35
8.26	1979.85
8.26	1979.37
8.26	1979.87
8.27	1979.39
8.27	1979.89
8.28	1979.41
8.28	1979.42
8.29	1978.95
8.30	1977.51
8.30	1977.03
8.31	1977.53
8.31	1977.06
8.31	1977.55
8.32	1977.08
8.32	1977.57
8.33	1977.10
8.33	1977.59
8.34	1977.12
8.34	1977.62
8.34	1977.15
8.35	1977.64
8.35	1977.17
8.35	1977.66
8.36	1977.19
8.36	1977.68
8.37	1977.21
8.37	1977.70
8.38	1977.23
8.38	1977.72
8.38	1977.26
8.39	1977.75
8.39	1977.28
8.39	1977.77
8.40	1977.30
8.40	1977.79
8.41	1977.32
8.41	1977.81
8.42	1977.34
8.42	1977.83
8.42	1977.37
8.43	1977.85
8.43	1977.39
8.43	1977.87
8.44	1977.41
8.44	1977.90
8.45	1977.43
8.45	1977.92
8.46	1977.45
8.46	1977.94
8.46	1977.47
8.47	1977.96
8.47	1977.50
8.47	1977.98
8.48	1977.52
8.48	1978.00
8.48	1978.48
8.49	1978.97
8.49	1979.45
8.50	1977.10
8.50	1977.58
8.51	1978.06
8.51	1977.60
8.51	1978.08
8.52	1977.62
8.52	1978.11
8.53	1977.65
8.53	1978.13
8.54	1977.67
8.54	1978.15
8.54	1977.69
8.55	1978.17
8.55	1977.71
8.55	1978.19
8.56	1977.73
8.56	1978.21
8.57	1977.75
8.57	1978.23
8.58	1977.77
8.58	1978.25
8.58	1977.79
8.59	1978.27
8.59	1977.81
8.59	1978.29
8.60	1977.84
8.60	1978.31
8.61	1977.86
8.61	1978.33
8.62	1977.88
8.62	1978.35
8.62	1977.90
8.63	1978.37
8.63	1977.92
8.63	1978.39
8.64	1977.94
8.64	1978.41
8.65	1977.96
8.65	1978.43
8.66	1977.98
8.66	1978.45
8.66	1978.00
8.67	1978.47
8.67	1978.02
8.67	1978.49
8.68	1978.97
8.68	1979.44
8.68	1978.99
8.69	1979.46
8.70	1978.08
8.70	1978.55
8.70	1979.03
8.70	1979.50
8.70	1979.97
8.71	1980.44
8.72	1977.23
8.73	1977.70
8.73	1978.16
8.73	1978.63
8.73	1979.10
8.73	1979.57
8.74	1980.04
8.75	1977.76
8.75	1978.23
8.75	1978.69
8.76	1978.25
8.76	1978.71
8.77	1978.27
8.77	1978.73
8.78	1978.29
8.78	1978.75
8.78	1978.31
8.79	1978.77
8.79	1978.33
8.79	1978.79
8.80	1978.35
8.80	1978.81
8.81	1978.37
8.81	1978.83
8.82	1978.39
8.82	1978.85
8.82	1978.41
8.83	1978.87
8.83	1978.43
8.83	1978.89
8.84	1978.45
8.84	1978.91
8.85	1978.47
8.85	1978.93
8.86	1978.48
8.86	1978.95
8.86	1978.50
8.87	1978.97
8.87	1978.52
8.87	1978.99
8.88	1979.45
8.88	1979.91
8.88	1980.37
8.89	1979.93
8.89	1980.39
8.90	1978.14
8.90	1978.60
8.91	1979.06
8.91	1979.52
8.91	1979.98
8.91	1980.44
8.93	1977.30
8.93	1977.76
8.93	1978.22
8.94	1978.68
8.94	1979.14
8.94	1979.60
8.94	1980.05
8.96	1977.82
8.96	1978.28
8.96	1978.74
8.96	1979.19
8.96	1979.65
8.97	1980.11
8.97	1980.56
8.99	1977.45
8.99	1977.90
8.99	1978.36
8.99	1978.81
8.99	1979.27
9.00	1979.73
9.00	1980.18
9.01	1977.96
9.01	1978.42
9.02	1978.87
9.02	1979.33
9.02	1978.89
9.03	1979.34
9.03	1978.91
9.03	1979.36
9.04	1978.93
9.04	1979.38
9.05	1978.95
9.05	1979.40
9.06	1978.97
9.06	1979.42
9.06	1978.99
9.07	1979.44
9.07	1979.00
9.07	1979.46
9.08	1979.91
9.08	1980.36
9.08	1980.81
9.09	1980.37
9.09	1980.82
9.10	1978.63
9.10	1979.08
9.11	1979.53
9.11	1979.98
9.11	1980.43
9.11	1980.88
9.13	1977.81
9.13	1978.26
9.13	1978.70
9.14	1979.15
9.14	1979.60
9.14	1980.05
9.14	1980.50
9.16	1978.31
9.16	1978.76
9.16	1979.21
9.16	1979.66
9.16	1980.10
9.17	1980.55
9.17	1980.99
9.19	1977.94
9.19	1978.39
9.19	1978.84
9.19	1979.28
9.19	1979.73
9.20	1980.17
9.20	1980.62
9.21	1978.45
9.21	1978.89
9.22	1979.34
9.22	1979.78
9.22	1980.22
9.22	1980.67
9.24	1978.50
9.24	1978.95
9.24	1979.39
9.24	1979.83
9.24	1980.28
9.26	1978.12
9.26	1978.56
9.26	1979.00
9.26	1979.44
9.27	1979.89
9.28	1978.60
9.28	1979.04
9.28	1978.62
9.29	1978.19
9.29	1978.64
9.29	1979.08
9.30	1979.52
9.31	1977.37
9.31	1977.81
9.31	1978.25
9.32	1976.97
9.33	1977.41
9.33	1977.85
9.33	1978.29
9.34	1977.01
9.34	1977.45
9.34	1977.89
9.35	1978.33
9.36	1977.05
9.36	1977.49
9.36	1977.93
9.36	1978.36
9.37	1977.09
9.37	1977.53
9.38	1977.97
9.38	1978.40
9.39	1977.13
9.39	1977.57
9.39	1978.00
9.39	1978.44
9.40	1977.17
9.41	1977.61
9.41	1978.04
9.41	1978.48
9.42	1977.21
9.42	1977.64
9.42	1978.08
9.43	1978.51
9.44	1977.25
9.44	1977.68
9.44	1978.12
9.44	1978.55
9.45	1977.29
9.45	1977.72
9.46	1978.15
9.46	1977.74
9.46	1978.17
9.47	1977.76
9.47	1978.19
9.48	1977.78
9.48	1978.21
9.49	1977.80
9.49	1978.23
9.49	1977.82
9.50	1978.25
9.50	1978.68
9.50	1979.11
9.51	1977.85
9.51	1978.28
9.51	1978.71
9.52	1977.46
9.53	1977.89
9.53	1978.32
9.53	1978.75
9.54	1977.50
9.54	1977.93
9.54	1978.36
9.55	1978.79
9.56	1977.54
9.56	1977.97
9.56	1978.39
9.56	1978.82
9.57	1977.58
9.57	1978.00
9.58	1978.43
9.58	1978.86
9.59	1977.61
9.59	1978.04
9.59	1978.47
9.59	1978.89
9.60	1978.49
9.61	1978.08
9.61	1978.50
9.61	1978.10
9.62	1978.52
9.62	1978.11
9.62	1978.54
9.63	1978.13
9.63	1978.56
9.64	1978.15
9.64	1978.58
9.65	1978.17
9.65	1978.59
9.65	1978.19
9.66	1978.61
9.66	1978.21
9.66	1978.63
9.67	1978.22
9.67	1978.65
9.68	1978.24
9.68	1978.67
9.69	1978.26
9.69	1978.68
9.69	1978.28
9.70	1978.70
9.70	1979.12
9.70	1979.54
9.71	1978.32
9.71	1978.74
9.71	1979.16
9.72	1977.93
9.73	1978.35
9.73	1978.77
9.73	1979.19
9.74	1978.79
9.74	1978.39
9.74	1978.81
9.75	1978.41
9.75	1978.82
9.76	1978.42
9.76	1978.84
9.77	1978.44
9.77	1978.86
9.77	1978.46
9.78	1978.88
9.78	1978.48
9.78	1978.90
9.79	1978.49
9.79	1978.91
9.80	1978.51
9.80	1978.93
9.81	1978.53
9.81	1978.95
9.81	1978.55
9.82	1978.96
9.82	1978.57
9.82	1978.98
9.83	1978.58
9.83	1979.00
9.84	1978.60
9.84	1979.02
9.85	1978.62
9.85	1979.03
9.85	1978.64
9.86	1979.05
9.86	1978.65
9.86	1979.07
9.87	1978.67
9.87	1979.09
9.88	1978.69
9.88	1979.10
9.89	1978.71
9.89	1979.12
9.89	1978.72
9.90	1979.14
9.90	1978.74
9.90	1979.15
9.91	1978.76
9.91	1979.17
9.92	1978.78
9.92	1979.19
9.93	1978.79
9.93	1979.20
9.93	1978.81
9.94	1979.22
9.94	1978.83
9.94	1979.24
9.95	1978.84
9.95	1979.26
9.96	1978.86
9.96	1979.27
9.97	1978.88
9.97	1979.29
9.97	1978.90
9.98	1979.31
9.98	1978.91
9.98	1979.32
9.99	1978.93
9.99	1979.34
10.00	1978.95
10.00	1979.36
10.01	1978.96
10.01	1979.37
10.01	1978.98
10.02	1979.39
10.02	1979.00
10.02	1979.41
10.03	1979.02
10.03	1979.42
10.04	1979.03
10.04	1979.44
10.05	1979.05
10.05	1979.46
10.05	1979.07
10.06	1979.47
10.06	1979.08
10.06	1979.49
10.07	1979.10
10.07	1979.51
10.08	1979.12
10.08	1979.52
10.09	1979.13
10.09	1979.54
10.09	1979.15
10.10	1979.56
10.10	1979.17
10.10	1979.57
10.11	1979.18
10.11	1979.59
10.12	1979.20
10.12	1979.21
10.13	1978.82
10.13	1979.22
10.14	1977.26
10.15	1977.66
10.15	1977.28
10.15	1977.68
10.16	1977.30
10.16	1977.70
10.17	1977.31
10.17	1977.72
10.18	1977.33
10.18	1977.73
10.18	1977.35
10.19	1977.75
10.19	1977.37
10.19	1977.77
10.20	1977.39
10.20	1977.79
10.21	1977.40
10.21	1977.80
10.22	1977.42
10.22	1977.82
10.22	1977.44
10.23	1977.84
10.23	1977.46
10.23	1977.86
10.24	1977.47
10.24	1977.87
10.25	1977.49
10.25	1977.89
10.26	1977.51
10.26	1977.91
10.26	1977.53
10.27	1977.93
10.27	1977.55
10.27	1977.94
10.28	1977.56
10.28	1977.96
10.29	1977.58
10.29	1977.98
10.30	1977.60
10.30	1978.00
10.30	1977.62
10.31	1978.01
10.31	1977.63
10.31	1978.03
10.32	1978.43
10.32	1978.82
10.32	1978.44
10.33	1978.84
10.34	1977.69
10.34	1978.08
10.34	1978.48
10.34	1978.87
10.34	1979.27
10.35	1979.66
10.36	1976.97
10.37	1977.36
10.37	1977.76
10.37	1978.15
10.37	1978.54
10.37	1978.94
10.38	1979.33
10.39	1976.64
10.40	1977.04
10.40	1977.43
10.40	1977.83
10.40	1978.22
10.41	1977.84
10.41	1978.24
10.42	1977.86
10.42	1978.25
10.42	1977.88
10.43	1978.27
10.43	1977.89
10.43	1978.29
10.44	1977.91
10.44	1978.30
10.45	1977.93
10.45	1978.32
10.46	1977.95
10.46	1978.34
10.46	1977.96
10.47	1978.35
10.47	1977.98
10.47	1978.37
10.48	1978.00
10.48	1978.39
10.49	1978.01
10.49	1978.40
10.50	1978.03
10.50	1978.42
10.50	1978.05
10.51	1978.44
10.51	1978.06
10.51	1978.45
10.52	1978.84
10.52	1979.23
10.52	1978.86
10.53	1979.25
10.54	1978.11
10.54	1978.50
10.54	1978.89
10.54	1979.28
10.54	1979.67
10.55	1980.05
10.56	1977.41
10.57	1977.79
10.57	1978.18
10.57	1978.57
10.57	1978.96
10.57	1979.34
10.58	1979.73
10.59	1977.09
10.60	1977.48
10.60	1977.86
10.60	1978.25
10.60	1978.63
10.60	1979.02
10.61	1979.41
10.62	1976.78
10.63	1977.16
10.63	1977.55
10.63	1977.93
10.63	1978.31
10.63	1978.70
10.64	1979.08
10.64	1979.47
10.66	1976.85
10.66	1977.23
10.66	1977.61
10.66	1978.00
10.66	1978.38
10.67	1978.76
10.67	1979.15
10.67	1979.53
10.68	1977.66
10.69	1978.05
10.69	1978.43
10.69	1978.81
10.70	1978.45
10.70	1978.83
10.70	1978.46
10.71	1978.84
10.71	1978.48
10.71	1978.86
10.72	1978.49
10.72	1978.88
10.73	1978.51
10.73	1978.89
10.73	1979.27
10.73	1979.65
10.74	1980.03
10.74	1980.41
10.76	1977.82
10.76	1978.20
10.76	1978.58
10.76	1978.96
10.76	1979.33
10.78	1977.49
10.78	1977.87
10.78	1978.24
10.78	1978.62
10.80	1976.78
10.80	1977.16
10.80	1977.54
10.80	1977.92
10.81	1978.29
10.82	1976.45
10.82	1976.83
10.82	1977.21
10.83	1977.59
10.83	1977.96
10.84	1976.87
10.84	1977.24
10.84	1977.62
10.84	1978.00
10.85	1976.90
10.86	1977.28
10.86	1977.65
10.86	1978.03
10.87	1976.93
10.87	1977.31
10.87	1977.69
10.88	1978.06
10.89	1976.97
10.89	1977.34
10.89	1977.72
10.89	1978.10
10.90	1977.00
10.90	1977.38
10.91	1977.75
10.91	1977.39
10.91	1977.77
10.92	1977.41
10.92	1977.79
10.93	1977.43
10.93	1977.80
10.93	1978.18
10.93	1978.55
10.94	1977.46
10.95	1977.84
10.95	1978.21
10.95	1978.58
10.96	1976.77
10.97	1977.14
10.97	1977.51
10.97	1977.88
10.97	1978.26
10.98	1977.17
10.98	1977.54
10.99	1977.92
10.99	1978.29
11.00	1977.21
11.00	1977.58
11.00	1977.95
11.00	1978.32
11.01	1977.24
11.02	1977.61
11.02	1977.98
11.02	1978.35
11.03	1977.27
11.03	1977.64
11.03	1978.01
11.04	1978.38
11.05	1977.31
11.05	1977.68
11.05	1978.05
11.05	1978.42
11.06	1977.34
11.06	1977.71
11.07	1978.08
11.07	1978.45
11.08	1977.37
11.08	1977.74
11.08	1978.11
11.09	1977.76
11.09	1978.13
11.10	1977.77
11.10	1978.14
11.10	1977.79
11.11	1978.16
11.11	1977.81
11.11	1978.17
11.12	1977.82
11.12	1978.19
11.13	1977.84
11.13	1978.21
11.14	1977.85
11.14	1978.22
11.14	1978.59
11.14	1978.96
11.16	1977.17
11.16	1977.54
11.16	1977.90
11.16	1978.27
11.16	1978.63
11.17	1977.57
11.18	1977.93
11.18	1978.30
11.18	1978.67
11.19	1977.60
11.19	1977.97
11.19	1978.33
11.20	1978.70
11.21	1977.63
11.21	1978.00
11.21	1978.36
11.21	1978.73
11.22	1977.67
11.22	1978.03
11.23	1978.39
11.23	1978.76
11.24	1977.70
11.24	1978.06
11.24	1978.43
11.24	1978.79
11.25	1977.73
11.26	1978.09
11.26	1978.46
11.26	1978.11
11.27	1978.47
11.27	1978.12
11.27	1978.49
11.28	1978.14
11.28	1978.50
11.29	1978.16
11.29	1978.52
11.30	1978.17
11.30	1978.53
11.30	1978.19
11.31	1978.55
11.31	1978.20
11.31	1978.56
11.32	1978.22
11.32	1978.58
11.33	1978.23
11.33	1978.59
11.33	1978.95
11.33	1979.32
11.34	1978.26
11.35	1978.62
11.35	1978.98
11.35	1979.34
11.36	1977.59
11.37	1977.95
11.37	1978.31
11.37	1978.67
11.37	1979.03
11.38	1977.98
11.38	1978.34
11.39	1978.70
11.39	1979.06
11.40	1978.01
11.40	1978.37
11.40	1978.73
11.40	1979.09
11.41	1978.05
11.42	1978.40
11.42	1978.76
11.42	1979.12
11.43	1978.78
11.43	1978.43
11.43	1978.79
11.44	1978.45
11.44	1978.81
11.45	1978.46
11.45	1978.82
11.46	1978.48
11.46	1978.84
11.46	1978.49
11.47	1978.85
11.47	1978.51
11.47	1978.87
11.48	1978.52
11.48	1978.88
11.49	1978.54
11.49	1978.90
11.50	1978.56
11.50	1978.91
11.50	1978.57
11.51	1978.93
11.51	1978.59
11.51	1978.94
11.52	1978.60
11.52	1978.95
11.53	1978.62
11.53	1978.97
11.54	1978.63
11.54	1978.98
11.54	1979.34
11.54	1979.69
11.56	1977.97
11.56	1978.32
11.56	1978.68
11.56	1979.03
11.56	1979.38
11.57	1978.35
11.58	1978.70
11.58	1979.06
11.58	1979.41
11.59	1978.38
11.59	1978.73
11.59	1979.09
11.60	1979.44
11.60	1979.10
11.61	1978.76
11.61	1979.12
11.62	1978.78
11.62	1979.13
11.62	1978.79
11.63	1979.14
11.63	1978.81
11.63	1979.16
11.64	1978.82
11.64	1979.17
11.65	1978.84
11.65	1979.19
11.66	1978.85
11.66	1979.20
11.66	1978.87
11.67	1979.22
11.67	1978.88
11.67	1979.23
11.68	1978.90
11.68	1979.25
11.69	1978.91
11.69	1979.26
11.70	1978.93
11.70	1979.27
11.70	1978.94
11.71	1979.29
11.71	1978.95
11.71	1979.30
11.72	1978.97
11.72	1979.32
11.73	1978.98
11.73	1979.33
11.73	1979.68
11.73	1980.03
11.74	1979.01
11.75	1979.36
11.75	1979.71
11.75	1980.06
11.76	1978.36
11.77	1978.71
11.77	1979.06
11.77	1979.40
11.78	1979.07
11.78	1979.42
11.78	1979.08
11.79	1979.43
11.79	1979.10
11.79	1979.45
11.80	1979.11
11.80	1979.46
11.81	1979.13
11.81	1979.47
11.82	1979.14
11.82	1979.49
11.82	1979.16
11.83	1979.50
11.83	1979.17
11.83	1979.52
11.84	1979.18
11.84	1979.53
11.85	1979.20
11.85	1979.54
11.86	1979.21
11.86	1979.56
11.86	1979.23
11.87	1979.57
11.87	1979.24
11.87	1979.58
11.88	1979.26
11.88	1979.60
11.89	1979.27
11.89	1979.61
11.90	1979.28
11.90	1979.63
11.90	1979.30
11.91	1979.64
11.91	1979.31
11.91	1979.65
11.92	1979.33
11.92	1979.67
11.93	1979.34
11.93	1979.68
11.94	1979.35
11.94	1979.70
11.94	1979.37
11.95	1979.71
11.95	1979.38
11.95	1979.72
11.96	1979.40
11.96	1979.74
11.97	1979.41
11.97	1979.75
11.98	1979.42
11.98	1979.76
11.98	1979.44
11.99	1979.78
11.99	1979.45
11.99	1979.79
12.00	1979.46
12.00	1979.80
12.01	1979.48
12.01	1979.82
12.02	1979.49
12.02	1979.83
12.02	1979.51
12.03	1979.85
12.03	1980.18
12.03	1980.52
12.03	1980.86
12.03	1981.20
12.04	1981.54
12.05	1980.22
12.05	1980.56
12.05	1980.89
12.05	1981.23
12.06	1981.57
12.06	1981.58
12.06	1981.58
12.07	1981.59
12.07	1981.60
12.08	1981.60
12.08	1981.61
12.08	1981.61
12.09	1981.62
12.09	1981.63
12.10	1981.63
12.10	1981.64
12.10	1981.65
12.11	1981.65
12.11	1981.66
12.12	1981.66
12.12	1981.67
12.12	1981.68
12.13	1981.68
12.13	1981.69
12.14	1981.69
12.14	1981.70
12.14	1981.71
12.15	1981.71
12.15	1981.72
12.16	1981.72
12.16	1981.73
12.16	1981.74
12.17	1981.74
12.17	1981.75
12.18	1981.75
12.18	1981.76
12.18	1981.77
12.19	1981.77
12.19	1981.78
12.20	1981.79
12.20	1981.79
12.20	1981.80
12.20	0.00
