0.12	0.00
0.12	4000.00
0.13	1600.00
0.13	2000.00
0.14	1600.00
0.14	1818.18
0.15	1600.00
0.15	1750.00
0.16	1684.21
0.16	1800.00
0.16	1739.13
0.17	1833.33
0.17	1777.78
0.17	1857.14
0.18	1806.45
0.18	1875.00
0.19	1828.57
0.19	1888.89
0.20	1846.15
0.20	1900.00
0.20	1860.47
0.21	1909.09
0.21	1872.34
0.21	1916.67
0.22	1882.35
0.22	1923.08
0.23	1890.91
0.23	1928.57
0.24	1898.31
0.24	1933.33
0.24	1904.76
0.25	1937.50
0.25	1910.45
0.25	1941.18
0.26	1915.49
0.26	1944.44
0.27	1920.00
0.27	1947.37
0.28	1924.05
0.28	1950.00
0.28	1927.71
0.29	1952.38
0.29	1931.03
0.29	1954.55
0.30	1934.07
0.30	1956.52
0.31	1936.84
0.31	1958.33
0.32	1939.39
0.32	1960.00
0.32	1941.75
0.33	1941.75
0.33	1960.78
0.33	1960.78
0.34	1980.20
0.34	1980.20
0.35	2000.00
0.35	2000.00
0.36	2000.00
0.36	2000.00
0.36	2000.00
0.37	2000.00
0.37	2000.00
0.37	2000.00
0.38	2000.00
0.38	2000.00
0.39	2000.00
0.39	2000.00
0.40	2000.00
0.40	2000.00
0.40	2000.00
0.41	2000.00
0.41	2000.00
0.41	2000.00
0.42	2000.00
0.42	2000.00
0.43	2000.00
0.43	2000.00
0.44	2000.00
0.44	2000.00
0.44	2000.00
0.45	2000.00
0.45	2000.00
0.45	2000.00
0.46	2000.00
0.46	2000.00
0.47	2000.00
0.47	2000.00
0.48	2000.00
0.48	2000.00
0.48	2000.00
0.49	2000.00
0.49	2000.00
0.49	2000.00
0.50	2000.00
0.50	2000.00
0.51	2000.00
0.51	2000.00
0.52	2000.00
0.52	2000.00
0.52	2000.00
0.53	2000.00
0.53	2000.00
0.53	2000.00
0.54	2000.00
0.54	2000.00
0.55	2000.00
0.55	2000.00
0.56	2000.00
0.56	2000.00
0.56	2000.00
0.57	2000.00
0.57	2000.00
0.57	2000.00
0.58	2000.00
0.58	2000.00
0.59	2000.00
0.59	2000.00
0.60	2000.00
0.60	2000.00
0.60	2000.00
0.61	2000.00
0.61	2000.00
0.61	2000.00
0.62	2040.82
0.62	2000.00
0.63	2000.00
0.63	2000.00
0.64	2000.00
0.64	2000.00
0.64	2000.00
0.65	2000.00
0.65	2000.00
0.65	2000.00
0.66	2000.00
0.66	2000.00
0.67	2000.00
0.67	2000.00
0.68	2000.00
0.68	2000.00
0.68	2000.00
0.69	2000.00
0.69	2000.00
0.69	2000.00
0.70	2000.00
0.70	2000.00
0.71	2000.00
0.71	2000.00
0.72	2000.00
0.72	2000.00
0.72	2000.00
0.73	2000.00
0.73	2000.00
0.73	2000.00
0.74	2000.00
0.74	2000.00
0.75	2000.00
0.75	2000.00
0.75	2040.82
0.76	2000.00
0.76	2000.00
0.77	2000.00
0.77	2000.00
0.77	2000.00
0.78	2000.00
0.78	2000.00
0.79	2000.00
0.79	2000.00
0.80	2000.00
0.80	2000.00
0.80	2000.00
0.81	2000.00
0.81	2000.00
0.81	2000.00
0.82	1960.78
0.82	2000.00
0.83	2000.00
0.83	2000.00
0.84	2000.00
0.84	2000.00
0.84	2000.00
0.85	2000.00
0.85	2000.00
0.85	2000.00
0.86	2000.00
0.86	2000.00
0.87	2000.00
0.87	2000.00
0.88	2000.00
0.88	2000.00
0.88	2000.00
0.89	2000.00
0.89	2040.82
0.89	2040.82
0.90	2000.00
0.90	2000.00
0.91	2000.00
0.91	2000.00
0.92	2000.00
0.92	2000.00
0.92	2000.00
0.93	2000.00
0.93	2000.00
0.93	2000.00
0.94	2000.00
0.94	2000.00
0.95	2000.00
0.95	2000.00
0.96	1960.78
0.96	2000.00
0.96	2000.00
0.97	2000.00
0.97	2000.00
0.97	2000.00
0.98	2000.00
0.98	2000.00
0.99	2000.00
0.99	2000.00
1.00	2000.00
1.00	2000.00
1.00	2000.00
1.01	2000.00
1.01	2000.00
1.01	2000.00
1.02	2040.82
1.02	2000.00
1.03	2000.00
1.03	2000.00
1.04	2000.00
1.04	2000.00
1.04	2000.00
1.05	2000.00
1.05	2000.00
1.05	2000.00
1.06	2000.00
1.06	2000.00
1.07	2000.00
1.07	2000.00
1.08	2000.00
1.08	2000.00
1.08	2000.00
1.09	2000.00
1.09	1960.78
1.09	1960.78
1.10	2000.00
1.10	2000.00
1.11	2000.00
1.11	2000.00
1.12	2000.00
1.12	2000.00
1.12	2000.00
1.13	2000.00
1.13	2000.00
1.13	2000.00
1.14	2000.00
1.14	2000.00
1.15	2000.00
1.15	2000.00
1.16	2000.00
1.16	2000.00
1.16	2000.00
1.17	2000.00
1.17	2000.00
1.17	2000.00
1.18	2000.00
1.18	2000.00
1.19	2000.00
1.19	2000.00
1.20	2000.00
1.20	2000.00
1.20	2000.00
1.21	2000.00
1.21	2000.00
1.21	2000.00
1.22	1960.78
1.22	2000.00
1.23	2000.00
1.23	2000.00
1.24	2000.00
1.24	2000.00
1.24	2000.00
1.25	2000.00
1.25	2000.00
1.25	2000.00
1.26	2000.00
1.26	2000.00
1.27	2000.00
1.27	2000.00
1.28	2000.00
1.28	2000.00
1.28	2000.00
1.29	2000.00
1.29	2000.00
1.29	2000.00
1.30	2000.00
1.30	2000.00
1.31	2000.00
1.31	2000.00
1.32	2000.00
1.32	2000.00
1.32	2000.00
1.33	2000.00
1.33	2000.00
1.33	2000.00
1.34	2000.00
1.34	2000.00
1.35	2000.00
1.35	2000.00
1.36	2000.00
1.36	2000.00
1.36	2000.00
1.37	2000.00
1.37	2000.00
1.37	2000.00
1.38	2000.00
1.38	2000.00
1.39	2000.00
1.39	2000.00
1.40	2000.00
1.40	2000.00
1.40	2000.00
1.41	2000.00
1.41	2000.00
1.42	1980.20
1.42	1980.20
1.42	1980.20
1.44	1904.76
1.44	1904.76
1.45	1904.76
1.45	1904.76
1.45	1904.76
1.46	1904.76
1.46	1904.76
1.46	1904.76
1.47	1904.76
1.47	1904.76
1.48	1904.76
1.48	1904.76
1.49	1904.76
1.49	1904.76
1.49	1904.76
1.50	1904.76
1.50	1904.76
1.50	1904.76
1.51	1904.76
1.51	1904.76
1.52	1904.76
1.52	1904.76
1.53	1904.76
1.53	1904.76
1.53	1904.76
1.54	1904.76
1.54	1904.76
1.54	1904.76
1.55	1904.76
1.55	1904.76
1.56	1904.76
1.56	1904.76
1.57	1904.76
1.57	1904.76
1.57	1904.76
1.58	1904.76
1.58	1904.76
1.58	1904.76
1.59	1904.76
1.59	1904.76
1.60	1904.76
1.60	1904.76
1.60	1941.75
1.61	1904.76
1.61	1941.75
1.62	1904.76
1.62	1941.75
1.62	1923.08
1.63	1960.78
1.63	1960.78
1.63	2083.33
1.63	2083.33
1.63	2127.66
1.65	1960.78
1.65	2000.00
1.66	2000.00
1.66	2040.82
1.66	2040.82
1.66	2083.33
1.66	2083.33
1.68	1960.78
1.68	1960.78
1.69	2000.00
1.69	2000.00
1.69	2000.00
1.70	2000.00
1.70	2000.00
1.70	2000.00
1.71	2000.00
1.71	2000.00
1.72	2000.00
1.72	2000.00
1.73	2000.00
1.73	2000.00
1.73	2000.00
1.74	2000.00
1.74	2000.00
1.74	2000.00
1.75	2000.00
1.75	2000.00
1.76	2000.00
1.76	2000.00
1.77	2000.00
1.77	2000.00
1.77	2000.00
1.78	2000.00
1.78	2000.00
1.78	2000.00
1.79	2000.00
1.79	2000.00
1.80	2000.00
1.80	2000.00
1.80	2000.00
1.81	2000.00
1.81	2000.00
1.82	2000.00
1.82	2000.00
1.82	2000.00
1.83	2000.00
1.83	2000.00
1.83	2000.00
1.83	2000.00
1.83	2000.00
1.85	2000.00
1.85	2000.00
1.86	2000.00
1.86	2000.00
1.86	2000.00
1.86	2000.00
1.86	2000.00
1.88	2000.00
1.88	2000.00
1.89	2000.00
1.89	2000.00
1.89	2040.82
1.89	2040.82
1.89	2083.33
1.91	1923.08
1.91	1960.78
1.92	1960.78
1.92	2000.00
1.92	2000.00
1.92	2040.82
1.92	2040.82
1.93	2083.33
1.94	1923.08
1.95	1960.78
1.95	1960.78
1.95	2000.00
1.95	2000.00
1.95	2040.82
1.96	2040.82
1.96	2083.33
1.97	1960.78
1.97	2000.00
1.98	2000.00
1.98	2000.00
1.98	2000.00
1.99	2000.00
1.99	2000.00
2.00	2000.00
2.00	2000.00
2.01	1960.78
2.01	2000.00
2.01	1960.78
2.02	2000.00
2.02	2000.00
2.02	2040.82
2.02	2040.82
2.02	2040.82
2.04	1923.08
2.04	1923.08
2.04	1923.08
2.04	2083.33
2.05	2083.33
2.05	2083.33
2.07	1923.08
2.07	1923.08
2.07	1923.08
2.07	1923.08
2.07	2083.33
2.08	2083.33
2.09	1960.78
2.09	1960.78
2.09	1960.78
2.10	1960.78
2.11	1851.85
2.11	2000.00
2.11	2000.00
2.12	2000.00
2.12	2000.00
2.13	1923.08
2.13	1923.08
2.13	1923.08
2.13	1923.08
2.14	2000.00
2.15	2000.00
2.15	2000.00
2.15	2000.00
2.16	1923.08
2.16	1923.08
2.16	1923.08
2.17	1923.08
2.18	1960.78
2.18	1960.78
2.18	1960.78
2.18	2000.00
2.19	1923.08
2.19	1960.78
2.20	1923.08
2.20	1960.78
2.21	1923.08
2.21	1960.78
2.22	1923.08
2.22	1960.78
2.22	1960.78
2.22	1960.78
2.23	1923.08
2.23	1886.79
2.24	1886.79
2.24	2000.00
2.24	2000.00
2.25	1886.79
2.26	1886.79
2.26	1886.79
2.26	1886.79
2.26	2040.82
2.27	1960.78
2.27	1960.78
2.28	1960.78
2.28	1960.78
2.29	1886.79
2.29	2000.00
2.29	2000.00
2.29	2000.00
2.30	1923.08
2.31	2040.82
2.31	2040.82
2.31	2040.82
2.32	1960.78
2.32	1960.78
2.32	2040.82
2.33	2040.82
2.34	1960.78
2.34	1960.78
2.34	2040.82
2.34	2040.82
2.35	1960.78
2.35	1960.78
2.36	2040.82
2.36	2040.82
2.37	1960.78
2.37	1960.78
2.38	2000.00
2.38	2000.00
2.38	1960.78
2.39	1960.78
2.39	2000.00
2.39	2000.00
2.40	2000.00
2.40	2000.00
2.41	2000.00
2.41	2000.00
2.42	2000.00
2.42	2000.00
2.42	1960.78
2.43	1960.78
2.43	2000.00
2.43	2040.82
2.43	2040.82
2.45	1923.08
2.45	1923.08
2.45	2040.82
2.45	2040.82
2.45	2040.82
2.46	1960.78
2.47	1960.78
2.47	2040.82
2.47	2040.82
2.48	1960.78
2.48	1960.78
2.48	2040.82
2.49	2040.82
2.50	1960.78
2.50	1960.78
2.50	2040.82
2.50	2040.82
2.51	1960.78
2.51	1960.78
2.52	2040.82
2.52	2040.82
2.53	1960.78
2.53	1960.78
2.53	2040.82
2.53	2040.82
2.54	1960.78
2.55	1960.78
2.55	2000.00
2.55	2000.00
2.56	1960.78
2.56	1960.78
2.57	2000.00
2.57	2000.00
2.58	2000.00
2.58	2000.00
2.58	2000.00
2.59	2000.00
2.59	2000.00
2.59	2000.00
2.60	2000.00
2.60	2000.00
2.61	2000.00
2.61	2000.00
2.62	2000.00
2.62	2000.00
2.62	2040.82
2.62	2040.82
2.63	2000.00
2.63	1960.78
2.64	1960.78
2.64	2083.33
2.64	2083.33
2.65	1960.78
2.66	1960.78
2.66	1960.78
2.66	2040.82
2.66	2040.82
2.67	1960.78
2.67	1960.78
2.68	2040.82
2.68	2040.82
2.69	1960.78
2.69	1960.78
2.69	2040.82
2.69	2040.82
2.70	1960.78
2.71	1960.78
2.71	2040.82
2.71	2040.82
2.72	1960.78
2.72	1960.78
2.73	2000.00
2.73	2000.00
2.74	1960.78
2.74	1960.78
2.74	2000.00
2.75	2000.00
2.75	2000.00
2.75	2000.00
2.76	2000.00
2.76	2000.00
2.77	2000.00
2.77	2000.00
2.78	2000.00
2.78	2000.00
2.78	2000.00
2.79	2000.00
2.79	2000.00
2.79	2000.00
2.80	2000.00
2.80	2000.00
2.81	2000.00
2.81	2000.00
2.82	2000.00
2.82	2000.00
2.82	1960.78
2.83	1960.78
2.83	2000.00
2.83	2040.82
2.83	2040.82
2.85	1923.08
2.85	1923.08
2.85	2040.82
2.85	2040.82
2.85	2040.82
2.86	1960.78
2.87	1960.78
2.87	2040.82
2.87	2040.82
2.88	1960.78
2.88	1960.78
2.88	2040.82
2.89	2040.82
2.90	1960.78
2.90	1960.78
2.90	2000.00
2.91	2000.00
2.91	1960.78
2.91	1960.78
2.92	2000.00
2.92	2000.00
2.93	2000.00
2.93	2000.00
2.94	2000.00
2.94	2000.00
2.94	2000.00
2.95	2000.00
2.95	2000.00
2.95	2000.00
2.96	2000.00
2.96	2000.00
2.97	2000.00
2.97	2000.00
2.98	2000.00
2.98	2000.00
2.98	2000.00
2.99	2000.00
2.99	2000.00
2.99	2000.00
3.00	2000.00
3.00	2000.00
3.01	2000.00
3.01	2000.00
3.02	2000.00
3.02	2000.00
3.02	2040.82
3.02	2040.82
3.03	2000.00
3.03	1960.78
3.04	1960.78
3.04	2083.33
3.04	2083.33
3.05	1960.78
3.06	1960.78
3.06	1960.78
3.06	2000.00
3.07	2000.00
3.07	1960.78
3.07	1960.78
3.08	2000.00
3.08	2000.00
3.09	1960.78
3.09	1960.78
3.10	2000.00
3.10	2000.00
3.10	2000.00
3.11	2000.00
3.11	2000.00
3.11	2000.00
3.12	2000.00
3.12	2000.00
3.13	2000.00
3.13	2000.00
3.14	2000.00
3.14	2000.00
3.14	2000.00
3.15	2000.00
3.15	2000.00
3.15	2000.00
3.16	2000.00
3.16	2000.00
3.17	2000.00
3.17	2000.00
3.18	2000.00
3.18	2000.00
3.18	2000.00
3.19	2000.00
3.19	2000.00
3.19	2000.00
3.20	2000.00
3.20	2000.00
3.21	2000.00
3.21	2000.00
3.22	2000.00
3.22	2000.00
3.22	1960.78
3.23	1960.78
3.23	1960.78
3.23	2000.00
3.24	1960.78
3.24	1960.78
3.25	1923.08
3.25	2040.82
3.26	2000.00
3.26	2000.00
3.26	2000.00
3.27	2000.00
3.27	2000.00
3.27	2000.00
3.28	2000.00
3.28	2000.00
3.29	2000.00
3.29	2000.00
3.30	2000.00
3.30	2000.00
3.30	2000.00
3.31	2000.00
3.31	2000.00
3.31	2000.00
3.32	2000.00
3.32	2000.00
3.33	2000.00
3.33	2000.00
3.34	2000.00
3.34	2000.00
3.34	2000.00
3.35	2000.00
3.35	2000.00
3.35	2000.00
3.36	2000.00
3.36	2000.00
3.37	2000.00
3.37	2000.00
3.38	2000.00
3.38	2000.00
3.38	2000.00
3.39	2000.00
3.39	2000.00
3.39	2000.00
3.40	2000.00
3.40	1980.20
3.41	1980.20
3.41	1980.20
3.42	1980.20
3.43	1904.76
3.43	1904.76
3.44	1904.76
3.44	1904.76
3.44	1904.76
3.45	1904.76
3.45	1904.76
3.46	1904.76
3.46	1904.76
3.47	1904.76
3.47	1904.76
3.47	1904.76
3.48	1904.76
3.48	1904.76
3.48	1904.76
3.49	1904.76
3.49	1904.76
3.50	1904.76
3.50	1904.76
3.51	1904.76
3.51	1904.76
3.51	1904.76
3.52	1904.76
3.52	1904.76
3.52	1904.76
3.53	1904.76
3.53	1904.76
3.54	1904.76
3.54	1904.76
3.55	1904.76
3.55	1904.76
3.55	1904.76
3.56	1904.76
3.56	1904.76
3.56	1904.76
3.57	1904.76
3.57	1904.76
3.58	1904.76
3.58	1904.76
3.59	1904.76
3.59	1904.76
3.59	1904.76
3.60	1904.76
3.60	1941.75
3.60	1941.75
3.60	1980.20
3.61	1960.78
3.61	2000.00
3.62	1886.79
3.63	1923.08
3.63	2000.00
3.63	2040.82
3.63	2040.82
3.63	2083.33
3.64	2083.33
3.65	1960.78
3.66	1960.78
3.66	2000.00
3.66	2000.00
3.66	2040.82
3.66	2040.82
3.67	2083.33
3.67	2083.33
3.69	1960.78
3.69	1960.78
3.69	2000.00
3.69	2000.00
3.70	2000.00
3.70	2000.00
3.71	2000.00
3.71	2000.00
3.71	2000.00
3.72	2000.00
3.72	2000.00
3.72	2000.00
3.73	2000.00
3.73	2000.00
3.74	2000.00
3.74	2000.00
3.75	2000.00
3.75	2000.00
3.75	2000.00
3.76	2000.00
3.76	2000.00
3.76	2000.00
3.77	2000.00
3.77	2000.00
3.78	2000.00
3.78	2000.00
3.79	2000.00
3.79	2000.00
3.79	2000.00
3.80	2000.00
3.80	1960.78
3.80	1960.78
3.81	1960.78
3.81	2000.00
3.81	2000.00
3.81	2127.66
3.81	2127.66
3.82	2127.66
3.84	1923.08
3.84	1923.08
3.84	1923.08
3.84	1923.08
3.85	2083.33
3.85	2083.33
3.85	2083.33
3.85	2083.33
3.87	1923.08
3.87	1923.08
3.87	1923.08
3.88	1923.08
3.88	2083.33
3.88	2083.33
3.88	2083.33
3.88	2083.33
3.90	1960.78
3.90	1960.78
3.91	2000.00
3.91	2000.00
3.91	2040.82
3.91	2040.82
3.91	2083.33
3.92	2083.33
3.93	1960.78
3.94	1960.78
3.94	2000.00
3.94	2000.00
3.94	2040.82
3.94	2040.82
3.95	2083.33
3.95	2083.33
3.97	1960.78
3.97	1960.78
3.97	2000.00
3.97	2000.00
3.97	2040.82
3.98	2040.82
3.98	2083.33
3.98	2083.33
3.99	2000.00
4.00	1923.08
4.01	1960.78
4.01	1923.08
4.01	1923.08
4.02	1923.08
4.03	1818.18
4.03	1818.18
4.03	1818.18
4.04	1754.39
4.05	1923.08
4.05	1923.08
4.06	1851.85
4.06	1851.85
4.06	1851.85
4.06	1851.85
4.07	1785.71
4.08	1785.71
4.08	1923.08
4.08	1923.08
4.09	1851.85
4.09	1851.85
4.09	1851.85
4.10	1851.85
4.11	1785.71
4.11	1785.71
4.11	1923.08
4.11	1923.08
4.12	1851.85
4.12	1851.85
4.13	1851.85
4.13	1851.85
4.14	1785.71
4.14	1785.71
4.14	1923.08
4.14	1923.08
4.15	1851.85
4.16	1851.85
4.16	1851.85
4.16	1851.85
4.17	1785.71
4.17	1785.71
4.17	1923.08
4.18	1923.08
4.18	1886.79
4.18	1886.79
4.19	1851.85
4.19	1851.85
4.20	1818.18
4.20	1818.18
4.21	1886.79
4.21	1960.78
4.21	1923.08
4.22	1960.78
4.22	1960.78
4.23	1886.79
4.23	2000.00
4.23	2000.00
4.24	1923.08
4.24	2000.00
4.25	2000.00
4.25	2000.00
4.26	2000.00
4.26	2000.00
4.26	2000.00
4.26	2000.00
4.27	2000.00
4.28	2000.00
4.28	2000.00
4.28	2000.00
4.29	2000.00
4.29	2000.00
4.29	2000.00
4.30	2000.00
4.31	2000.00
4.31	2000.00
4.31	2000.00
4.31	2000.00
4.32	2040.82
4.32	2040.82
4.33	2000.00
4.33	2000.00
4.33	2040.82
4.34	2040.82
4.34	2000.00
4.34	2000.00
4.35	2040.82
4.35	2040.82
4.36	2000.00
4.36	2000.00
4.37	2040.82
4.37	2040.82
4.37	2000.00
4.38	2000.00
4.38	2000.00
4.38	2000.00
4.39	2000.00
4.39	2000.00
4.40	2000.00
4.40	2000.00
4.41	2000.00
4.41	2000.00
4.41	2000.00
4.42	2000.00
4.42	1960.78
4.42	2040.82
4.43	2000.00
4.43	2000.00
4.44	2040.82
4.44	2040.82
4.45	2000.00
4.45	2000.00
4.45	2040.82
4.46	2040.82
4.46	2000.00
4.46	2000.00
4.47	2040.82
4.47	2040.82
4.48	2000.00
4.48	2000.00
4.48	2083.33
4.49	2040.82
4.49	2000.00
4.50	2000.00
4.50	2040.82
4.50	2040.82
4.51	2000.00
4.51	2000.00
4.52	2000.00
4.52	2000.00
4.53	2000.00
4.53	2000.00
4.53	2000.00
4.54	2000.00
4.54	2000.00
4.54	2000.00
4.55	2000.00
4.55	2000.00
4.56	2000.00
4.56	2000.00
4.57	2000.00
4.57	2000.00
4.57	2040.82
4.58	2000.00
4.58	2000.00
4.58	2000.00
4.59	2000.00
4.59	2000.00
4.60	2000.00
4.60	2000.00
4.61	2000.00
4.61	2000.00
4.61	2000.00
4.62	2000.00
4.62	2000.00
4.62	2000.00
4.63	2000.00
4.63	2000.00
4.64	2000.00
4.64	2000.00
4.65	2000.00
4.65	2000.00
4.65	2000.00
4.66	2000.00
4.66	2000.00
4.66	2000.00
4.67	2000.00
4.67	2000.00
4.68	2000.00
4.68	2000.00
4.69	1960.78
4.69	2000.00
4.69	2000.00
4.70	2000.00
4.70	2000.00
4.70	2000.00
4.71	2000.00
4.71	2000.00
4.72	2000.00
4.72	2000.00
4.73	2000.00
4.73	2000.00
4.73	2000.00
4.74	2000.00
4.74	2000.00
4.74	2000.00
4.75	2000.00
4.75	2000.00
4.76	2000.00
4.76	2000.00
4.77	2000.00
4.77	2000.00
4.77	1960.78
4.78	2000.00
4.78	2000.00
4.78	2000.00
4.79	2000.00
4.79	2000.00
4.80	2000.00
4.80	2000.00
4.81	2000.00
4.81	2000.00
4.81	2000.00
4.82	2000.00
4.82	2000.00
4.82	2000.00
4.83	2000.00
4.83	1980.20
4.84	1980.20
4.85	1904.76
4.86	1904.76
4.86	1904.76
4.86	1904.76
4.87	1904.76
4.87	1904.76
4.87	1904.76
4.88	1904.76
4.88	1904.76
4.89	1904.76
4.89	1904.76
4.90	1904.76
4.90	1904.76
4.90	1904.76
4.91	1904.76
4.91	1904.76
4.91	1904.76
4.92	1904.76
4.92	1904.76
4.93	1904.76
4.93	1904.76
4.94	1904.76
4.94	1904.76
4.94	1904.76
4.95	1904.76
4.95	1904.76
4.95	1904.76
4.96	1904.76
4.96	1904.76
4.97	1904.76
4.97	1904.76
4.98	1904.76
4.98	1904.76
4.98	1904.76
4.99	1904.76
4.99	1904.76
4.99	1904.76
5.00	1904.76
5.00	1904.76
5.01	1904.76
5.01	1904.76
5.02	1904.76
5.02	1904.76
5.02	1904.76
5.03	1904.76
5.03	1904.76
5.03	1904.76
5.04	1941.75
5.04	1960.78
5.04	2000.00
5.05	1960.78
5.06	2000.00
5.06	2000.00
5.06	2000.00
5.07	2000.00
5.07	2000.00
5.07	2000.00
5.08	2000.00
5.08	2000.00
5.09	2000.00
5.09	2000.00
5.10	2000.00
5.10	2000.00
5.10	2000.00
5.11	2000.00
5.11	2000.00
5.11	2000.00
5.12	2000.00
5.12	2000.00
5.13	2000.00
5.13	2000.00
5.14	2000.00
5.14	2000.00
5.14	2000.00
5.15	2000.00
5.15	2000.00
5.15	2000.00
5.16	2000.00
5.16	2000.00
5.17	2000.00
5.17	2000.00
5.18	2000.00
5.18	2000.00
5.18	2000.00
5.19	2000.00
5.19	2000.00
5.19	2000.00
5.20	2000.00
5.20	2000.00
5.21	2000.00
5.21	2000.00
5.22	2000.00
5.22	2000.00
5.22	2000.00
5.23	2000.00
5.23	2000.00
5.23	2000.00
5.24	2000.00
5.24	2000.00
5.24	2000.00
5.24	2127.66
5.26	1960.78
5.26	1960.78
5.26	2000.00
5.27	2000.00
5.27	2040.82
5.27	2040.82
5.28	1960.78
5.29	1960.78
5.29	2000.00
5.29	2000.00
5.30	2000.00
5.30	2000.00
5.30	2000.00
5.31	2000.00
5.31	2000.00
5.31	2000.00
5.32	2000.00
5.32	2000.00
5.33	2000.00
5.33	2000.00
5.34	2000.00
5.34	2000.00
5.34	2000.00
5.35	2000.00
5.35	2000.00
5.35	2000.00
5.36	2000.00
5.36	2000.00
5.37	2000.00
5.37	2000.00
5.38	2000.00
5.38	2000.00
5.38	2000.00
5.39	2000.00
5.39	2000.00
5.39	2000.00
5.40	2000.00
5.40	2000.00
5.41	2000.00
5.41	2000.00
5.42	2000.00
5.42	2000.00
5.42	2000.00
5.43	2000.00
5.43	2040.82
5.43	2000.00
5.44	2000.00
5.45	1923.08
5.45	1923.08
5.45	1923.08
5.45	2083.33
5.45	2083.33
5.46	2083.33
5.47	1923.08
5.48	1923.08
5.48	1923.08
5.48	2040.82
5.48	2040.82
5.48	2040.82
5.49	2040.82
5.50	1960.78
5.50	1960.78
5.50	2000.00
5.51	2000.00
5.51	2040.82
5.51	2040.82
5.52	1960.78
5.53	1960.78
5.53	2000.00
5.53	2000.00
5.54	2000.00
5.54	2000.00
5.54	2000.00
5.55	2000.00
5.55	2000.00
5.55	2000.00
5.56	2000.00
5.56	2000.00
5.57	2000.00
5.57	2000.00
5.58	2000.00
5.58	2000.00
5.58	2000.00
5.59	2000.00
5.59	2000.00
5.59	2000.00
5.60	2000.00
5.60	2000.00
5.61	2000.00
5.61	2000.00
5.62	2000.00
5.62	2000.00
5.62	2000.00
5.63	2000.00
5.63	2000.00
5.63	2000.00
5.64	2000.00
5.65	2000.00
5.65	2000.00
5.65	2000.00
5.65	2000.00
5.65	2000.00
5.66	2000.00
5.67	2000.00
5.68	2000.00
5.68	2000.00
5.68	2000.00
5.68	2000.00
5.68	2000.00
5.69	2000.00
5.70	2000.00
5.70	2000.00
5.70	2000.00
5.71	2000.00
5.71	2000.00
5.71	2000.00
5.72	2000.00
5.73	2000.00
5.73	2000.00
5.73	2000.00
5.73	2040.82
5.73	2040.82
5.75	1960.78
5.75	1960.78
5.75	2000.00
5.75	2000.00
5.76	2040.82
5.76	2040.82
5.77	2000.00
5.77	2000.00
5.78	2000.00
5.78	2000.00
5.78	2000.00
5.79	2000.00
5.79	2000.00
5.79	2000.00
5.80	2000.00
5.80	2000.00
5.81	2000.00
5.81	2000.00
5.82	2000.00
5.82	2000.00
5.82	2000.00
5.83	2000.00
5.83	2000.00
5.83	2040.82
5.84	2000.00
5.84	2083.33
5.85	2000.00
5.85	2000.00
5.85	2000.00
5.85	2000.00
5.86	2000.00
5.87	2000.00
5.88	2000.00
5.88	2000.00
5.88	2000.00
5.88	2000.00
5.88	2000.00
5.89	2000.00
5.90	2000.00
5.90	2000.00
5.90	2000.00
5.91	2000.00
5.91	2000.00
5.91	2000.00
5.92	2000.00
5.93	2000.00
5.93	2000.00
5.93	2000.00
5.93	2000.00
5.93	2000.00
5.95	2000.00
5.95	2000.00
5.95	2000.00
5.95	2000.00
5.96	2000.00
5.96	2000.00
5.97	1960.78
5.97	1960.78
5.98	2000.00
5.98	2000.00
5.98	2040.82
5.98	2040.82
6.00	1960.78
6.00	1960.78
6.00	2000.00
6.00	2000.00
6.00	2040.82
6.01	2040.82
6.02	2000.00
6.02	2000.00
6.02	2000.00
6.03	2000.00
6.03	1960.78
6.03	1960.78
6.04	2000.00
6.04	2000.00
6.04	2083.33
6.05	1960.78
6.06	1960.78
6.06	1960.78
6.06	1960.78
6.06	2127.66
6.08	2000.00
6.08	2000.00
6.08	2000.00
6.08	2000.00
6.10	1886.79
6.10	1886.79
6.10	2000.00
6.10	2000.00
6.10	2000.00
6.12	1886.79
6.12	1886.79
6.12	1886.79
6.12	2000.00
6.13	2000.00
6.14	1923.08
6.14	1923.08
6.14	1923.08
6.14	1923.08
6.15	1960.78
6.15	1960.78
6.16	1960.78
6.16	1960.78
6.17	1886.79
6.17	1886.79
6.17	2000.00
6.17	2000.00
6.18	1923.08
6.19	1923.08
6.19	1923.08
6.19	1923.08
6.20	1960.78
6.20	1960.78
6.20	1960.78
6.21	1960.78
6.21	1923.08
6.22	1886.79
6.22	1960.78
6.23	1923.08
6.23	1960.78
6.23	1923.08
6.24	1960.78
6.24	1923.08
6.24	1923.08
6.25	1923.08
6.25	1923.08
6.26	1960.78
6.26	1960.78
6.26	1960.78
6.26	1960.78
6.28	1851.85
6.28	1960.78
6.28	1960.78
6.28	1960.78
6.29	1960.78
6.30	2000.00
6.30	2000.00
6.30	2000.00
6.30	2000.00
6.31	1923.08
6.31	2040.82
6.32	2040.82
6.32	2040.82
6.33	1960.78
6.33	1960.78
6.33	2040.82
6.33	2040.82
6.34	1960.78
6.35	1960.78
6.35	2040.82
6.35	2040.82
6.36	1960.78
6.36	1960.78
6.36	2040.82
6.37	2040.82
6.38	1960.78
6.38	1960.78
6.38	2040.82
6.38	2040.82
6.39	2000.00
6.39	1960.78
6.40	2040.82
6.40	2000.00
6.40	2000.00
6.41	1960.78
6.41	2000.00
6.42	2000.00
6.42	2000.00
6.43	2000.00
6.43	2000.00
6.43	2000.00
6.44	2000.00
6.44	2040.82
6.44	2000.00
6.45	1960.78
6.45	1960.78
6.45	2040.82
6.46	2040.82
6.47	1923.08
6.47	1923.08
6.47	2040.82
6.48	2040.82
6.48	2040.82
6.49	1960.78
6.49	1960.78
6.49	2040.82
6.49	2040.82
6.50	1960.78
6.51	1960.78
6.51	2040.82
6.51	2040.82
6.52	1960.78
6.52	1960.78
6.52	2040.82
6.53	2040.82
6.54	1960.78
6.54	1960.78
6.54	2040.82
6.54	2040.82
6.55	1960.78
6.55	1960.78
6.56	2040.82
6.56	2000.00
6.56	2000.00
6.57	1960.78
6.57	2040.82
6.58	2000.00
6.58	2000.00
6.59	1960.78
6.59	2000.00
6.59	2000.00
6.60	2000.00
6.60	2000.00
6.60	2000.00
6.61	2000.00
6.61	2000.00
6.62	2000.00
6.62	2000.00
6.63	2000.00
6.63	2000.00
6.63	2000.00
6.64	2000.00
6.64	1960.78
6.64	2000.00
6.65	2040.82
6.65	2040.82
6.66	1960.78
6.66	1960.78
6.66	2083.33
6.66	2083.33
6.68	1960.78
6.68	1960.78
6.68	1960.78
6.68	2040.82
6.69	2040.82
6.70	1960.78
6.70	1960.78
6.70	2040.82
6.70	2040.82
6.71	1960.78
6.71	1960.78
6.72	2040.82
6.72	2040.82
6.73	1960.78
6.73	1960.78
6.73	2040.82
6.74	2000.00
6.74	2000.00
6.75	1960.78
6.75	2040.82
6.75	2000.00
6.76	2000.00
6.76	2000.00
6.76	2000.00
6.77	2000.00
6.77	2000.00
6.78	2000.00
6.78	2000.00
6.79	2000.00
6.79	2000.00
6.79	2000.00
6.80	2000.00
6.80	2000.00
6.80	2000.00
6.81	2000.00
6.81	2000.00
6.82	2000.00
6.82	2000.00
6.83	2000.00
6.83	2000.00
6.83	2000.00
6.84	2000.00
6.84	2000.00
6.86	1869.16
6.86	1869.16
6.86	1869.16
6.86	1941.75
6.87	1941.75
6.87	1941.75
6.88	1869.16
6.88	1941.75
6.89	1941.75
6.89	1904.76
6.89	1904.76
6.90	1869.16
6.90	1941.75
6.91	1904.76
6.91	1904.76
6.92	1869.16
6.92	1941.75
6.92	1904.76
6.93	1904.76
6.93	1869.16
6.93	1941.75
6.94	1904.76
6.94	1904.76
6.95	1904.76
6.95	1904.76
6.96	1904.76
6.96	1904.76
6.96	1904.76
6.97	1904.76
6.97	1904.76
6.97	1904.76
6.98	1904.76
6.98	1904.76
6.99	1904.76
6.99	1904.76
7.00	1904.76
7.00	1904.76
7.00	1904.76
7.01	1904.76
7.01	1904.76
7.01	1904.76
7.02	1904.76
7.02	1904.76
7.03	1904.76
7.03	1904.76
7.04	1904.76
7.04	1904.76
7.04	1904.76
7.05	1904.76
7.05	1941.75
7.05	2083.33
7.05	2083.33
7.05	2083.33
7.06	2040.82
7.07	1923.08
7.08	1923.08
7.08	2000.00
7.08	2040.82
7.08	2040.82
7.08	2083.33
7.09	2083.33
7.10	1960.78
7.11	1960.78
7.11	2000.00
7.11	2000.00
7.11	2040.82
7.11	2040.82
7.12	2083.33
7.13	1923.08
7.14	1960.78
7.14	1960.78
7.14	2000.00
7.14	2000.00
7.15	2000.00
7.15	2000.00
7.16	2000.00
7.16	2000.00
7.16	2000.00
7.17	2000.00
7.17	2000.00
7.17	2000.00
7.18	2000.00
7.18	2000.00
7.19	2000.00
7.19	2000.00
7.20	2000.00
7.20	2000.00
7.20	2000.00
7.21	2000.00
7.21	2000.00
7.21	2000.00
7.22	2000.00
7.22	2000.00
7.23	2000.00
7.23	2000.00
7.24	2000.00
7.24	2000.00
7.24	2000.00
7.25	2000.00
7.25	1960.78
7.25	1960.78
7.26	1960.78
7.26	1960.78
7.26	2000.00
7.26	2127.66
7.26	2127.66
7.29	1923.08
7.29	1923.08
7.29	1923.08
7.29	1923.08
7.29	1923.08
7.30	2083.33
7.30	2083.33
7.30	2083.33
7.32	1923.08
7.32	1923.08
7.32	1923.08
7.32	1923.08
7.33	2083.33
7.33	2083.33
7.33	2083.33
7.33	2083.33
7.35	1923.08
7.35	1960.78
7.35	1960.78
7.36	2000.00
7.36	2000.00
7.36	2040.82
7.36	2040.82
7.36	2083.33
7.38	1923.08
7.38	1960.78
7.39	1960.78
7.39	2000.00
7.39	2000.00
7.39	2040.82
7.39	2040.82
7.40	2083.33
7.41	1923.08
7.42	1960.78
7.42	1960.78
7.42	2000.00
7.42	2000.00
7.42	2040.82
7.43	2040.82
7.43	2083.33
7.44	1960.78
7.45	1960.78
7.45	1923.08
7.46	1960.78
7.46	1923.08
7.46	1923.08
7.48	1818.18
7.48	1818.18
7.48	1818.18
7.49	1754.39
7.49	1923.08
7.50	1923.08
7.51	1851.85
7.51	1851.85
7.51	1851.85
7.51	1851.85
7.52	1785.71
7.52	1785.71
7.53	1923.08
7.53	1923.08
7.54	1851.85
7.54	1851.85
7.54	1851.85
7.54	1851.85
7.55	1785.71
7.56	1785.71
7.56	1923.08
7.56	1923.08
7.57	1851.85
7.57	1851.85
7.57	1851.85
7.58	1851.85
7.59	1785.71
7.59	1785.71
7.59	1923.08
7.59	1923.08
7.60	1851.85
7.60	1851.85
7.61	1851.85
7.61	1851.85
7.62	1785.71
7.62	1785.71
7.62	1923.08
7.62	1923.08
7.63	1886.79
7.63	1886.79
7.64	1851.85
7.64	1851.85
7.65	1818.18
7.65	1818.18
7.65	1886.79
7.66	1923.08
7.66	1923.08
7.66	1923.08
7.67	1960.78
7.68	1886.79
7.68	2000.00
7.68	2000.00
7.69	1923.08
7.69	2000.00
7.69	2000.00
7.70	2000.00
7.71	2000.00
7.71	2000.00
7.71	2000.00
7.71	2000.00
7.72	2000.00
7.72	2000.00
7.73	2000.00
7.73	2000.00
7.74	2000.00
7.74	2000.00
7.74	2000.00
7.74	2000.00
7.75	2000.00
7.76	2000.00
7.76	2000.00
7.76	2000.00
7.77	2040.82
7.77	2040.82
7.77	2000.00
7.78	2000.00
7.78	2040.82
7.78	2040.82
7.79	2000.00
7.79	2000.00
7.80	2040.82
7.80	2040.82
7.81	2000.00
7.81	2000.00
7.81	2040.82
7.82	2040.82
7.82	2000.00
7.82	2000.00
7.83	2000.00
7.83	2000.00
7.84	2000.00
7.84	2000.00
7.85	2000.00
7.85	2000.00
7.85	2000.00
7.86	2000.00
7.86	2000.00
7.86	2000.00
7.87	1960.78
7.87	2040.82
7.88	2000.00
7.88	2000.00
7.89	2040.82
7.89	2040.82
7.89	2000.00
7.90	2000.00
7.90	2040.82
7.90	2040.82
7.91	2000.00
7.91	2000.00
7.92	2040.82
7.92	2040.82
7.93	2000.00
7.93	2000.00
7.93	2083.33
7.94	2040.82
7.94	2000.00
7.94	2000.00
7.95	2040.82
7.95	2040.82
7.96	2000.00
7.96	2000.00
7.97	2000.00
7.97	2000.00
7.97	2000.00
7.98	2000.00
7.98	2000.00
7.98	2000.00
7.99	2000.00
7.99	2000.00
8.00	2000.00
8.00	2000.00
8.01	2000.00
8.01	2000.00
8.01	2000.00
8.02	2000.00
8.02	2040.82
8.02	2000.00
8.03	2000.00
8.03	2000.00
8.04	2000.00
8.04	2000.00
8.05	2000.00
8.05	2000.00
8.05	2000.00
8.06	2000.00
8.06	2000.00
8.06	2000.00
8.07	2000.00
8.07	2000.00
8.08	2000.00
8.08	2000.00
8.09	2000.00
8.09	2000.00
8.09	2000.00
8.10	2000.00
8.10	2000.00
8.10	2000.00
8.11	2000.00
8.11	2000.00
8.12	2000.00
8.12	2000.00
8.13	2000.00
8.13	2000.00
8.13	1960.78
8.14	2000.00
8.14	2000.00
8.14	2000.00
8.15	2000.00
8.15	2000.00
8.16	2000.00
8.16	2000.00
8.17	2000.00
8.17	2000.00
8.17	2000.00
8.18	2000.00
8.18	2000.00
8.18	2000.00
8.19	2000.00
8.19	2000.00
8.20	2000.00
8.20	2000.00
8.21	2000.00
8.21	2000.00
8.21	2000.00
8.22	2000.00
8.22	1960.78
8.22	2000.00
8.23	2000.00
8.23	2000.00
8.24	2000.00
8.24	2000.00
8.25	2000.00
8.25	2000.00
8.25	2000.00
8.26	2000.00
8.26	2000.00
8.26	2000.00
8.27	2000.00
8.27	2000.00
8.28	2000.00
8.28	1980.20
8.29	1980.20
8.30	1904.76
8.30	1904.76
8.31	1904.76
8.31	1904.76
8.31	1904.76
8.32	1904.76
8.32	1904.76
8.33	1904.76
8.33	1904.76
8.34	1904.76
8.34	1904.76
8.34	1904.76
8.35	1904.76
8.35	1904.76
8.35	1904.76
8.36	1904.76
8.36	1904.76
8.37	1904.76
8.37	1904.76
8.38	1904.76
8.38	1904.76
8.38	1904.76
8.39	1904.76
8.39	1904.76
8.39	1904.76
8.40	1904.76
8.40	1904.76
8.41	1904.76
8.41	1904.76
8.42	1904.76
8.42	1904.76
8.42	1904.76
8.43	1904.76
8.43	1904.76
8.43	1904.76
8.44	1904.76
8.44	1904.76
8.45	1904.76
8.45	1904.76
8.46	1904.76
8.46	1904.76
8.46	1904.76
8.47	1904.76
8.47	1904.76
8.47	1904.76
8.48	1904.76
8.48	1904.76
8.48	1941.75
8.49	1960.78
8.49	2000.00
8.50	1960.78
8.50	2000.00
8.51	2000.00
8.51	2000.00
8.51	2000.00
8.52	2000.00
8.52	2000.00
8.53	2000.00
8.53	2000.00
8.54	2000.00
8.54	2000.00
8.54	2000.00
8.55	2000.00
8.55	2000.00
8.55	2000.00
8.56	2000.00
8.56	2000.00
8.57	2000.00
8.57	2000.00
8.58	2000.00
8.58	2000.00
8.58	2000.00
8.59	2000.00
8.59	2000.00
8.59	2000.00
8.60	2000.00
8.60	2000.00
8.61	2000.00
8.61	2000.00
8.62	2000.00
8.62	2000.00
8.62	2000.00
8.63	2000.00
8.63	2000.00
8.63	2000.00
8.64	2000.00
8.64	2000.00
8.65	2000.00
8.65	2000.00
8.66	2000.00
8.66	2000.00
8.66	2000.00
8.67	2000.00
8.67	2000.00
8.67	2000.00
8.68	2040.82
8.68	2040.82
8.68	2000.00
8.69	2000.00
8.70	1923.08
8.70	2040.82
8.70	2040.82
8.70	2040.82
8.70	2083.33
8.71	2083.33
8.72	1960.78
8.73	1960.78
8.73	2000.00
8.73	2000.00
8.73	2040.82
8.73	2040.82
8.74	2083.33
8.75	1960.78
8.75	2000.00
8.75	2000.00
8.76	2000.00
8.76	2000.00
8.77	2000.00
8.77	2000.00
8.78	2000.00
8.78	2000.00
8.78	2000.00
8.79	2000.00
8.79	2000.00
8.79	2000.00
8.80	2000.00
8.80	2000.00
8.81	2000.00
8.81	2000.00
8.82	2000.00
8.82	2000.00
8.82	2000.00
8.83	2000.00
8.83	2000.00
8.83	2000.00
8.84	2000.00
8.84	2000.00
8.85	2000.00
8.85	2000.00
8.86	2000.00
8.86	2000.00
8.86	2000.00
8.87	2000.00
8.87	2000.00
8.87	2000.00
8.88	2000.00
8.88	2000.00
8.88	2040.82
8.89	2000.00
8.89	2083.33
8.90	1960.78
8.90	1960.78
8.91	1960.78
8.91	1960.78
8.91	1960.78
8.91	2127.66
8.93	1960.78
8.93	1960.78
8.93	1960.78
8.94	1960.78
8.94	1960.78
8.94	1960.78
8.94	2083.33
8.96	1960.78
8.96	1960.78
8.96	2000.00
8.96	2000.00
8.96	2040.82
8.97	2040.82
8.97	2083.33
8.99	1923.08
8.99	1960.78
8.99	1960.78
8.99	2000.00
8.99	2000.00
9.00	2040.82
9.00	2040.82
9.01	1960.78
9.01	1960.78
9.02	2000.00
9.02	2000.00
9.02	2000.00
9.03	2000.00
9.03	2000.00
9.03	2000.00
9.04	2000.00
9.04	2000.00
9.05	2000.00
9.05	2000.00
9.06	2000.00
9.06	2000.00
9.06	2000.00
9.07	2000.00
9.07	2000.00
9.07	2000.00
9.08	2000.00
9.08	2000.00
9.08	2000.00
9.09	2000.00
9.09	2000.00
9.10	2000.00
9.10	2000.00
9.11	2000.00
9.11	2000.00
9.11	2000.00
9.11	2000.00
9.13	2000.00
9.13	2000.00
9.13	2000.00
9.14	2000.00
9.14	2000.00
9.14	2000.00
9.14	2000.00
9.16	2000.00
9.16	2000.00
9.16	2000.00
9.16	2000.00
9.16	2000.00
9.17	2000.00
9.17	2000.00
9.19	2000.00
9.19	2000.00
9.19	2000.00
9.19	2000.00
9.19	2000.00
9.20	2000.00
9.20	2000.00
9.21	2000.00
9.21	2000.00
9.22	2000.00
9.22	2000.00
9.22	2040.82
9.22	2040.82
9.24	1960.78
9.24	1960.78
9.24	2000.00
9.24	2000.00
9.24	2040.82
9.26	1923.08
9.26	1960.78
9.26	1960.78
9.26	2000.00
9.27	2000.00
9.28	1960.78
9.28	1960.78
9.28	1923.08
9.29	1886.79
9.29	1886.79
9.29	1923.08
9.30	1923.08
9.31	1923.08
9.31	1923.08
9.31	1923.08
9.32	1851.85
9.33	1851.85
9.33	1851.85
9.33	2000.00
9.34	1923.08
9.34	1923.08
9.34	1923.08
9.35	1923.08
9.36	1851.85
9.36	1851.85
9.36	1960.78
9.36	1960.78
9.37	1886.79
9.37	1886.79
9.38	1886.79
9.38	1886.79
9.39	1818.18
9.39	1960.78
9.39	1960.78
9.39	1960.78
9.40	1886.79
9.41	1886.79
9.41	1886.79
9.41	1886.79
9.42	1923.08
9.42	1923.08
9.42	1923.08
9.43	1923.08
9.44	1851.85
9.44	1851.85
9.44	1960.78
9.44	1960.78
9.45	1886.79
9.45	1886.79
9.46	1886.79
9.46	1960.78
9.46	1960.78
9.47	1923.08
9.47	1923.08
9.48	1886.79
9.48	1960.78
9.49	1923.08
9.49	1960.78
9.49	1960.78
9.50	1960.78
9.50	1960.78
9.50	1960.78
9.51	2000.00
9.51	2000.00
9.51	2000.00
9.52	2000.00
9.53	2000.00
9.53	2000.00
9.53	2000.00
9.54	2000.00
9.54	2000.00
9.54	2000.00
9.55	2000.00
9.56	2000.00
9.56	2000.00
9.56	2000.00
9.56	2000.00
9.57	2000.00
9.57	2000.00
9.58	2000.00
9.58	2000.00
9.59	2000.00
9.59	2000.00
9.59	2000.00
9.59	2000.00
9.60	2040.82
9.61	2000.00
9.61	2000.00
9.61	1960.78
9.62	2040.82
9.62	2000.00
9.62	2000.00
9.63	1960.78
9.63	2040.82
9.64	2000.00
9.64	2000.00
9.65	1960.78
9.65	2040.82
9.65	2000.00
9.66	2000.00
9.66	2000.00
9.66	2000.00
9.67	2000.00
9.67	2000.00
9.68	2000.00
9.68	2000.00
9.69	2000.00
9.69	2000.00
9.69	2000.00
9.70	2000.00
9.70	2000.00
9.70	2000.00
9.71	2000.00
9.71	2000.00
9.71	2000.00
9.72	2000.00
9.73	2000.00
9.73	2000.00
9.73	2000.00
9.74	2040.82
9.74	2000.00
9.74	2000.00
9.75	1960.78
9.75	2040.82
9.76	2000.00
9.76	2000.00
9.77	1960.78
9.77	2040.82
9.77	2000.00
9.78	2000.00
9.78	1960.78
9.78	2040.82
9.79	2000.00
9.79	2000.00
9.80	1960.78
9.80	2000.00
9.81	2000.00
9.81	2000.00
9.81	2000.00
9.82	2000.00
9.82	2000.00
9.82	2000.00
9.83	2000.00
9.83	2000.00
9.84	2000.00
9.84	2000.00
9.85	2000.00
9.85	2000.00
9.85	2000.00
9.86	2000.00
9.86	2000.00
9.86	2000.00
9.87	2000.00
9.87	2000.00
9.88	2000.00
9.88	2000.00
9.89	2000.00
9.89	2000.00
9.89	2000.00
9.90	2000.00
9.90	1960.78
9.90	1960.78
9.91	2000.00
9.91	2000.00
9.92	1960.78
9.92	2040.82
9.93	2000.00
9.93	2000.00
9.93	1960.78
9.94	2000.00
9.94	2000.00
9.94	2000.00
9.95	2000.00
9.95	2000.00
9.96	2000.00
9.96	2000.00
9.97	2000.00
9.97	2000.00
9.97	2000.00
9.98	2000.00
9.98	2000.00
9.98	2000.00
9.99	2000.00
9.99	2000.00
10.00	2000.00
10.00	2000.00
10.01	2000.00
10.01	2000.00
10.01	2000.00
10.02	2000.00
10.02	2000.00
10.02	2000.00
10.03	2000.00
10.03	2000.00
10.04	2000.00
10.04	2000.00
10.05	2000.00
10.05	2000.00
10.05	2000.00
10.06	2000.00
10.06	2000.00
10.06	2000.00
10.07	2000.00
10.07	2000.00
10.08	2000.00
10.08	2000.00
10.09	2000.00
10.09	2000.00
10.09	2000.00
10.10	2000.00
10.10	2000.00
10.10	2000.00
10.11	2000.00
10.11	2000.00
10.12	2000.00
10.12	1980.20
10.13	1980.20
10.13	1980.20
10.14	1904.76
10.15	1904.76
10.15	1904.76
10.15	1904.76
10.16	1904.76
10.16	1904.76
10.17	1904.76
10.17	1904.76
10.18	1904.76
10.18	1904.76
10.18	1904.76
10.19	1904.76
10.19	1904.76
10.19	1904.76
10.20	1904.76
10.20	1904.76
10.21	1904.76
10.21	1904.76
10.22	1904.76
10.22	1904.76
10.22	1904.76
10.23	1904.76
10.23	1904.76
10.23	1904.76
10.24	1904.76
10.24	1904.76
10.25	1904.76
10.25	1904.76
10.26	1904.76
10.26	1904.76
10.26	1904.76
10.27	1904.76
10.27	1904.76
10.27	1904.76
10.28	1904.76
10.28	1904.76
10.29	1904.76
10.29	1904.76
10.30	1904.76
10.30	1904.76
10.30	1904.76
10.31	1904.76
10.31	1904.76
10.31	1904.76
10.32	1941.75
10.32	1941.75
10.32	1941.75
10.33	1960.78
10.34	1923.08
10.34	1923.08
10.34	2040.82
10.34	2040.82
10.34	2083.33
10.35	2083.33
10.36	1960.78
10.37	1960.78
10.37	2000.00
10.37	2000.00
10.37	2040.82
10.37	2040.82
10.38	2083.33
10.39	1923.08
10.40	1960.78
10.40	1960.78
10.40	2000.00
10.40	2000.00
10.41	2000.00
10.41	2000.00
10.42	2000.00
10.42	2000.00
10.42	2000.00
10.43	2000.00
10.43	2000.00
10.43	2000.00
10.44	2000.00
10.44	2000.00
10.45	2000.00
10.45	2000.00
10.46	2000.00
10.46	2000.00
10.46	2000.00
10.47	2000.00
10.47	2000.00
10.47	2000.00
10.48	2000.00
10.48	2000.00
10.49	2000.00
10.49	2000.00
10.50	2000.00
10.50	2000.00
10.50	2000.00
10.51	2000.00
10.51	2000.00
10.51	2000.00
10.52	2000.00
10.52	2000.00
10.52	2000.00
10.53	2000.00
10.54	2000.00
10.54	2000.00
10.54	2000.00
10.54	2000.00
10.54	2000.00
10.55	2000.00
10.56	2000.00
10.57	2000.00
10.57	2000.00
10.57	2000.00
10.57	2000.00
10.57	2000.00
10.58	2000.00
10.59	2000.00
10.60	2000.00
10.60	2000.00
10.60	2000.00
10.60	2000.00
10.60	2040.82
10.61	2040.82
10.62	1923.08
10.63	1923.08
10.63	1960.78
10.63	1960.78
10.63	2000.00
10.63	2000.00
10.64	2040.82
10.64	2040.82
10.66	1923.08
10.66	1923.08
10.66	1960.78
10.66	1960.78
10.66	2000.00
10.67	2000.00
10.67	2040.82
10.67	2040.82
10.68	1960.78
10.69	1960.78
10.69	2000.00
10.69	2000.00
10.70	2000.00
10.70	2000.00
10.70	2000.00
10.71	2000.00
10.71	2000.00
10.71	2000.00
10.72	1960.78
10.72	1960.78
10.73	1960.78
10.73	1960.78
10.73	2040.82
10.73	2040.82
10.74	2040.82
10.74	2040.82
10.76	1886.79
10.76	1886.79
10.76	2040.82
10.76	2040.82
10.76	2040.82
10.78	1923.08
10.78	1923.08
10.78	1923.08
10.78	1923.08
10.80	1960.78
10.80	1960.78
10.80	1960.78
10.80	1960.78
10.81	1960.78
10.82	1851.85
10.82	1851.85
10.82	2000.00
10.83	2000.00
10.83	2000.00
10.84	1923.08
10.84	1923.08
10.84	1923.08
10.84	1923.08
10.85	1851.85
10.86	2000.00
10.86	2000.00
10.86	2000.00
10.87	1923.08
10.87	1923.08
10.87	1923.08
10.88	1923.08
10.89	1851.85
10.89	1960.78
10.89	1960.78
10.89	1960.78
10.90	1886.79
10.90	1923.08
10.91	1923.08
10.91	1923.08
10.91	1923.08
10.92	1923.08
10.92	1923.08
10.93	1923.08
10.93	1923.08
10.93	1960.78
10.93	1960.78
10.94	1886.79
10.95	1886.79
10.95	1886.79
10.95	1886.79
10.96	1923.08
10.97	1923.08
10.97	1923.08
10.97	1923.08
10.97	1923.08
10.98	1960.78
10.98	1960.78
10.99	1960.78
10.99	1960.78
11.00	2000.00
11.00	2000.00
11.00	2000.00
11.00	2000.00
11.01	1923.08
11.02	2040.82
11.02	2040.82
11.02	2040.82
11.03	1960.78
11.03	1960.78
11.03	2040.82
11.04	2040.82
11.05	1960.78
11.05	1960.78
11.05	2040.82
11.05	2040.82
11.06	1960.78
11.06	1960.78
11.07	2040.82
11.07	2040.82
11.08	1960.78
11.08	1960.78
11.08	2040.82
11.09	2000.00
11.09	2000.00
11.10	1960.78
11.10	2040.82
11.10	2000.00
11.11	2000.00
11.11	2000.00
11.11	2000.00
11.12	2000.00
11.12	2000.00
11.13	2000.00
11.13	2000.00
11.14	1960.78
11.14	1960.78
11.14	2040.82
11.14	2040.82
11.16	1923.08
11.16	1923.08
11.16	2040.82
11.16	2040.82
11.16	2040.82
11.17	1960.78
11.18	1960.78
11.18	2040.82
11.18	2040.82
11.19	1960.78
11.19	1960.78
11.19	2040.82
11.20	2040.82
11.21	1960.78
11.21	1960.78
11.21	2040.82
11.21	2040.82
11.22	1960.78
11.22	1960.78
11.23	2040.82
11.23	2040.82
11.24	1960.78
11.24	1960.78
11.24	2040.82
11.24	2040.82
11.25	1960.78
11.26	1960.78
11.26	2040.82
11.26	2000.00
11.27	2000.00
11.27	1960.78
11.27	2040.82
11.28	2000.00
11.28	2000.00
11.29	2000.00
11.29	2000.00
11.30	2000.00
11.30	2000.00
11.30	2000.00
11.31	2000.00
11.31	2000.00
11.31	2000.00
11.32	2000.00
11.32	2000.00
11.33	2000.00
11.33	2000.00
11.33	2040.82
11.33	2040.82
11.34	1960.78
11.35	1960.78
11.35	2083.33
11.35	2083.33
11.36	1960.78
11.37	1960.78
11.37	1960.78
11.37	2040.82
11.37	2040.82
11.38	1960.78
11.38	1960.78
11.39	2040.82
11.39	2040.82
11.40	1960.78
11.40	1960.78
11.40	2040.82
11.40	2040.82
11.41	1960.78
11.42	1960.78
11.42	2040.82
11.42	2040.82
11.43	2000.00
11.43	1960.78
11.43	2040.82
11.44	2000.00
11.44	2000.00
11.45	1960.78
11.45	2040.82
11.46	2000.00
11.46	2000.00
11.46	2000.00
11.47	2000.00
11.47	2000.00
11.47	2000.00
11.48	2000.00
11.48	2000.00
11.49	2000.00
11.49	2000.00
11.50	2000.00
11.50	2000.00
11.50	2000.00
11.51	2000.00
11.51	2000.00
11.51	2000.00
11.52	2000.00
11.52	2000.00
11.53	2000.00
11.53	2000.00
11.54	1960.78
11.54	1960.78
11.54	2040.82
11.54	2040.82
11.56	1923.08
11.56	1923.08
11.56	2040.82
11.56	2040.82
11.56	2040.82
11.57	1960.78
11.58	1960.78
11.58	2040.82
11.58	2040.82
11.59	1960.78
11.59	1960.78
11.59	2040.82
11.60	2040.82
11.60	2000.00
11.61	1960.78
11.61	2040.82
11.62	2000.00
11.62	2000.00
11.62	1960.78
11.63	2000.00
11.63	2000.00
11.63	2000.00
11.64	2000.00
11.64	2000.00
11.65	2000.00
11.65	2000.00
11.66	2000.00
11.66	2000.00
11.66	2000.00
11.67	2000.00
11.67	2000.00
11.67	2000.00
11.68	2000.00
11.68	2000.00
11.69	2000.00
11.69	2000.00
11.70	2000.00
11.70	2000.00
11.70	2000.00
11.71	2000.00
11.71	2000.00
11.71	2000.00
11.72	2000.00
11.72	2000.00
11.73	2000.00
11.73	2000.00
11.73	2040.82
11.73	2040.82
11.74	1960.78
11.75	1960.78
11.75	2083.33
11.75	2083.33
11.76	1960.78
11.77	1960.78
11.77	1960.78
11.77	2040.82
11.78	2000.00
11.78	2000.00
11.78	1960.78
11.79	2040.82
11.79	2000.00
11.79	2000.00
11.80	1960.78
11.80	2000.00
11.81	2000.00
11.81	2000.00
11.82	2000.00
11.82	2000.00
11.82	2000.00
11.83	2000.00
11.83	2000.00
11.83	2000.00
11.84	2000.00
11.84	2000.00
11.85	2000.00
11.85	2000.00
11.86	2000.00
11.86	2000.00
11.86	2000.00
11.87	2000.00
11.87	2000.00
11.87	2000.00
11.88	2000.00
11.88	2000.00
11.89	2000.00
11.89	2000.00
11.90	2000.00
11.90	2000.00
11.90	2000.00
11.91	2000.00
11.91	2000.00
11.91	2000.00
11.92	2000.00
11.92	2000.00
11.93	2000.00
11.93	2000.00
11.94	1960.78
11.94	1960.78
11.94	2000.00
11.95	2000.00
11.95	1960.78
11.95	1960.78
11.96	2040.82
11.96	2040.82
11.97	2000.00
11.97	2000.00
11.98	2000.00
11.98	2000.00
11.98	2000.00
11.99	2000.00
11.99	2000.00
11.99	2000.00
12.00	2000.00
12.00	2000.00
12.01	2000.00
12.01	2000.00
12.02	2000.00
12.02	2000.00
12.02	2000.00
12.03	2000.00
12.03	2040.82
12.03	2040.82
12.03	2083.33
12.03	2083.33
12.04	2127.66
12.05	2020.20
12.05	2061.86
12.05	2061.86
12.05	2105.26
12.06	2105.26
12.06	2127.66
12.06	2105.26
12.07	2127.66
12.07	2105.26
12.08	2127.66
12.08	2105.26
12.08	2127.66
12.09	2105.26
12.09	2127.66
12.10	2105.26
12.10	2127.66
12.10	2105.26
12.11	2127.66
12.11	2105.26
12.12	2127.66
12.12	2105.26
12.12	2127.66
12.13	2105.26
12.13	2127.66
12.14	2105.26
12.14	2127.66
12.14	2105.26
12.15	2127.66
12.15	2105.26
12.16	2127.66
12.16	2105.26
12.16	2127.66
12.17	2105.26
12.17	2127.66
12.18	2105.26
12.18	2127.66
12.18	2105.26
12.19	2127.66
12.19	2105.26
12.20	2127.66
12.20	2105.26
12.20	2127.66
12.20	0.00
