0 0.111000
1 0.129240
2 0.149480
3 0.157480
4 0.165480
5 0.177480
6 0.187480
7 0.197480
8 0.211480
9 0.219480
10 0.231480
11 0.235480
12 0.239480
13 0.251480
14 0.257480
15 0.267480
18 0.279480
19 0.283480
16 0.293480
17 0.295480
20 0.307480
21 0.325480
22 0.327480
23 0.335480
24 0.337480
25 0.345480
28 0.367480
26 0.371480
27 0.373480
29 0.377480
30 0.385480
31 0.409480
32 0.411480
33 0.415480
34 0.419480
35 0.427480
38 0.449480
36 0.455480
37 0.457480
39 0.461480
40 0.469480
42 0.489480
41 0.493480
43 0.499480
44 0.503480
45 0.509480
47 0.533480
46 0.539480
48 0.543480
49 0.547480
50 0.551480
51 0.573480
52 0.583480
53 0.587480
54 0.591480
55 0.595480
56 0.613480
57 0.617480
58 0.621480
59 0.625480
60 0.629480
61 0.653480
65 0.657480
62 0.671480
63 0.675480
64 0.679480
66 0.693480
67 0.705480
68 0.709480
69 0.713480
70 0.721480
71 0.733480
74 0.747480
72 0.759480
73 0.761480
75 0.765480
76 0.777480
77 0.793480
78 0.795480
79 0.803480
80 0.809480
81 0.817480
83 0.827480
82 0.839480
84 0.843480
85 0.849480
86 0.857480
87 0.875480
88 0.879480
89 0.885480
90 0.889480
91 0.897480
92 0.909480
93 0.913480
94 0.927480
95 0.931480
96 0.939480
97 0.949480
98 0.951480
99 0.965480
100 0.969480
101 0.979480
102 0.989480
103 0.991480
104 0.999480
105 1.003480
106 1.021480
107 1.029480
108 1.031480
110 1.035480
109 1.053480
111 1.061480
112 1.067480
113 1.069480
114 1.085480
115 1.093480
116 1.095480
117 1.103480
118 1.109480
120 1.127480
119 1.131480
121 1.133480
122 1.143480
123 1.147480
125 1.163480
124 1.169480
126 1.175480
127 1.181480
128 1.187480
130 1.203480
129 1.211480
131 1.213480
132 1.219480
133 1.227480
134 1.245480
135 1.247480
136 1.255480
137 1.261480
138 1.267480
139 1.279480
140 1.285480
141 1.293480
142 1.299480
143 1.305480
144 1.315480
145 1.323480
148 1.329480
146 1.339480
147 1.345480
149 1.357480
150 1.363480
151 1.373480
152 1.377480
153 1.389480
154 1.397480
155 1.403480
156 1.419480
157 1.423480
158 1.425480
159 1.435480
160 1.443480
161 1.459480
162 1.461480
163 1.465480
164 1.473480
165 1.481480
167 1.491480
166 1.501480
168 1.503480
169 1.511480
170 1.519480
171 1.533480
172 1.537480
173 1.543480
174 1.551480
175 1.557480
176 1.569480
177 1.575480
178 1.583480
179 1.589480
180 1.595480
181 1.607480
182 1.613480
183 1.621480
184 1.627480
185 1.633480
186 1.645480
187 1.651480
188 1.659480
189 1.665480
190 1.671480
191 1.685480
192 1.693480
193 1.699480
194 1.705480
195 1.709480
196 1.723480
197 1.729480
198 1.735480
199 1.741480
200 1.747480
201 1.763480
204 1.765480
202 1.773480
203 1.779480
205 1.785480
206 1.801480
209 1.803480
207 1.807480
208 1.813480
210 1.823480
211 1.839480
213 1.843480
214 1.849480
212 1.857480
215 1.861480
216 1.877480
217 1.891480
218 1.895480
219 1.901480
220 1.909480
222 1.925480
223 1.931480
221 1.937480
224 1.943480
225 1.951480
226 1.963480
221 1.973480
227 1.979480
228 1.987480
229 1.991480
230 1.995480
231 2.001480
232 2.011480
233 2.021480
236 2.027480
237 2.033480
234 2.041480
235 2.045480
238 2.059480
239 2.077480
240 2.081480
241 2.087480
242 2.091480
243 2.099480
244 2.107480
245 2.111480
246 2.127480
247 2.133480
250 2.139480
248 2.149480
249 2.157480
251 2.165480
252 2.175480
253 2.189480
254 2.193480
255 2.199480
256 2.203480
257 2.215480
260 2.227480
258 2.233480
259 2.237480
261 2.243480
262 2.255480
263 2.269480
264 2.273480
265 2.279480
266 2.285480
267 2.295480
269 2.307480
270 2.315480
268 2.319480
271 2.327480
272 2.335480
273 2.361480
274 2.365480
275 2.369480
276 2.375480
277 2.379480
279 2.397480
278 2.405480
280 2.411480
281 2.417480
282 2.421480
283 2.437480
284 2.447480
285 2.451480
286 2.457480
287 2.461480
288 2.475480
289 2.481480
290 2.485480
291 2.491480
292 2.495480
293 2.513480
297 2.523480
294 2.535480
295 2.539480
296 2.545480
298 2.553480
299 2.567480
300 2.571480
301 2.577480
302 2.585480
303 2.591480
305 2.605480
306 2.613480
304 2.617480
307 2.623480
308 2.629480
310 2.649480
309 2.651480
311 2.659480
312 2.663480
313 2.671480
315 2.683480
314 2.693480
316 2.697480
317 2.703480
318 2.711480
319 2.725480
320 2.729480
321 2.737480
322 2.743480
323 2.753480
324 2.767480
325 2.771480
328 2.783480
326 2.793480
327 2.797480
329 2.809480
330 2.815480
331 2.833480
332 2.837480
333 2.843480
334 2.849480
335 2.855480
336 2.859480
337 2.863480
338 2.885480
342 2.897480
339 2.905480
340 2.909480
341 2.913480
343 2.923480
344 2.941480
345 2.945480
346 2.949480
347 2.953480
348 2.959480
349 2.983480
350 2.985480
351 2.987480
352 2.991480
353 2.999480
354 3.021480
355 3.023480
356 3.027480
357 3.035480
358 3.037480
359 3.059480
360 3.063480
361 3.069480
362 3.073480
363 3.077480
364 3.097480
365 3.103480
366 3.107480
367 3.111480
368 3.115480
369 3.133480
370 3.149480
371 3.153480
372 3.157480
373 3.159480
374 3.175480
375 3.207480
376 3.209480
377 3.211480
378 3.213480
379 3.221480
380 3.227480
385 3.249480
381 3.257480
382 3.263480
383 3.267480
384 3.271480
386 3.295480
387 3.301480
388 3.305480
389 3.307480
390 3.311480
393 3.333480
391 3.337480
392 3.343480
394 3.347480
395 3.351480
396 3.377480
397 3.379480
398 3.383480
399 3.387480
400 3.393480
401 3.421480
402 3.425480
403 3.429480
404 3.433480
405 3.437480
406 3.461480
407 3.463480
408 3.467480
409 3.471480
410 3.475480
411 3.497480
412 3.501480
413 3.505480
414 3.509480
415 3.513480
416 3.533480
417 3.537480
418 3.541480
419 3.545480
420 3.549480
421 3.569480
422 3.573480
423 3.577480
424 3.581480
425 3.587480
426 3.605480
427 3.609480
430 3.613480
428 3.619480
429 3.623480
431 3.641480
432 3.645480
435 3.649480
433 3.655480
434 3.661480
436 3.675480
437 3.681480
439 3.685480
438 3.691480
440 3.701480
441 3.711480
442 3.717480
444 3.721480
443 3.731480
445 3.737480
446 3.747480
447 3.753480
448 3.761480
449 3.765480
450 3.775480
451 3.783480
452 3.789480
453 3.793480
454 3.797480
455 3.809480
456 3.819480
457 3.825480
458 3.829480
459 3.833480
460 3.853480
461 3.863480
462 3.869480
463 3.871480
464 3.877480
465 3.891480
466 3.901480
467 3.907480
468 3.913480
469 3.919480
470 3.925480
471 3.935480
472 3.945480
473 3.951480
474 3.959480
476 3.961480
475 3.971480
477 3.985480
478 3.991480
479 3.997480
481 4.003480
480 4.009480
482 4.023480
483 4.031480
484 4.035480
486 4.043480
485 4.047480
487 4.063480
488 4.069480
489 4.073480
491 4.081480
490 4.089480
492 4.103480
493 4.107480
494 4.111480
495 4.119480
496 4.121480
497 4.141480
498 4.145480
499 4.149480
500 4.157480
501 4.161480
502 4.181480
503 4.185480
504 4.189480
505 4.197480
506 4.199480
507 4.219480
508 4.223480
509 4.227480
510 4.235480
511 4.239480
512 4.261480
513 4.265480
514 4.269480
515 4.275480
516 4.277480
517 4.293480
518 4.297480
519 4.309480
520 4.313480
521 4.315480
523 4.323480
522 4.341480
524 4.349480
525 4.351480
526 4.353480
527 4.375480
528 4.383480
529 4.387480
530 4.389480
531 4.397480
532 4.415480
533 4.421480
534 4.425480
535 4.427480
536 4.437480
537 4.453480
538 4.459480
539 4.463480
540 4.465480
541 4.477480
542 4.493480
543 4.499480
544 4.503480
545 4.505480
546 4.515480
547 4.529480
548 4.537480
549 4.541480
550 4.545480
551 4.553480
552 4.569480
553 4.577480
554 4.581480
555 4.585480
556 4.591480
557 4.609480
558 4.619480
559 4.623480
560 4.627480
561 4.631480
562 4.641480
563 4.651480
564 4.663480
565 4.667480
566 4.669480
568 4.677480
567 4.689480
569 4.703480
570 4.705480
571 4.707480
572 4.723480
573 4.729480
574 4.741480
575 4.743480
577 4.753480
576 4.759480
578 4.769480
579 4.779480
580 4.781480
581 4.793480
582 4.795480
576 4.797480
583 4.809480
584 4.819480
585 4.821480
586 4.833480
587 4.835480
588 4.851480
589 4.859480
590 4.861480
591 4.871480
592 4.873480
593 4.891480
594 4.899480
595 4.901480
596 4.909480
597 4.911480
598 4.927480
599 4.937480
600 4.939480
601 4.947480
602 4.951480
603 4.967480
604 4.977480
605 4.979480
606 4.987480
607 4.989480
608 4.999480
609 5.009480
610 5.019480
611 5.025480
612 5.027480
614 5.035480
613 5.047480
615 5.057480
616 5.063480
617 5.065480
618 5.081480
619 5.087480
620 5.097480
621 5.101480
622 5.103480
623 5.113480
624 5.119480
625 5.135480
626 5.139480
627 5.141480
628 5.151480
629 5.155480
630 5.173480
631 5.177480
632 5.179480
633 5.191480
634 5.193480
635 5.213480
636 5.217480
637 5.219480
638 5.229480
639 5.233480
640 5.249480
641 5.255480
642 5.257480
643 5.269480
644 5.271480
645 5.289480
646 5.295480
647 5.297480
648 5.307480
649 5.309480
650 5.329480
651 5.335480
652 5.337480
653 5.345480
654 5.347480
655 5.361480
656 5.367480
657 5.377480
658 5.383480
659 5.385480
661 5.393480
660 5.409480
662 5.415480
663 5.421480
664 5.423480
665 5.443480
666 5.451480
667 5.455480
668 5.459480
669 5.461480
670 5.473480
671 5.491480
672 5.493480
673 5.497480
674 5.499480
675 5.511480
676 5.527480
677 5.531480
678 5.535480
680 5.547480
679 5.553480
681 5.565480
682 5.569480
683 5.573480
684 5.587480
685 5.589480
679 5.591480
686 5.605480
687 5.609480
688 5.613480
689 5.627480
690 5.629480
691 5.647480
692 5.651480
693 5.655480
694 5.665480
695 5.667480
696 5.687480
697 5.691480
698 5.695480
699 5.703480
700 5.705480
701 5.719480
702 5.723480
703 5.733480
704 5.741480
705 5.743480
707 5.747480
706 5.767480
708 5.773480
709 5.779480
710 5.781480
711 5.801480
712 5.809480
713 5.813480
714 5.817480
715 5.819480
716 5.831480
717 5.849480
718 5.851480
719 5.855480
720 5.857480
721 5.869480
722 5.885480
723 5.889480
724 5.893480
726 5.905480
725 5.911480
727 5.923480
728 5.927480
729 5.931480
730 5.945480
731 5.947480
725 5.949480
732 5.963480
733 5.967480
734 5.971480
735 5.985480
736 5.987480
737 6.005480
738 6.009480
739 6.013480
740 6.023480
741 6.025480
742 6.045480
743 6.049480
744 6.053480
745 6.061480
746 6.063480
747 6.077480
748 6.081480
749 6.091480
750 6.099480
751 6.101480
753 6.105480
752 6.125480
754 6.131480
755 6.137480
756 6.139480
757 6.159480
758 6.167480
759 6.171480
760 6.175480
761 6.177480
762 6.189480
763 6.207480
764 6.209480
765 6.213480
766 6.215480
767 6.227480
768 6.243480
769 6.247480
770 6.251480
772 6.263480
771 6.269480
773 6.281480
774 6.285480
775 6.289480
776 6.303480
777 6.305480
771 6.307480
778 6.321480
779 6.325480
780 6.329480
781 6.343480
782 6.345480
783 6.363480
784 6.367480
785 6.371480
786 6.381480
787 6.383480
788 6.403480
789 6.407480
790 6.411480
791 6.419480
792 6.421480
793 6.435480
794 6.439480
795 6.449480
796 6.457480
797 6.459480
799 6.463480
798 6.483480
800 6.489480
801 6.495480
802 6.497480
803 6.517480
804 6.525480
805 6.529480
806 6.533480
807 6.535480
808 6.547480
809 6.565480
810 6.567480
811 6.571480
812 6.573480
813 6.585480
814 6.601480
815 6.605480
816 6.609480
818 6.621480
817 6.627480
819 6.639480
820 6.643480
821 6.647480
822 6.661480
823 6.663480
817 6.665480
824 6.679480
825 6.683480
826 6.687480
827 6.701480
828 6.703480
829 6.721480
830 6.725480
831 6.729480
832 6.739480
833 6.741480
834 6.761480
835 6.765480
836 6.769480
837 6.777480
838 6.779480
839 6.793480
840 6.797480
841 6.807480
842 6.815480
843 6.817480
845 6.821480
844 6.841480
846 6.847480
847 6.853480
848 6.855480
849 6.875480
850 6.883480
851 6.887480
852 6.891480
853 6.893480
854 6.905480
855 6.923480
856 6.925480
857 6.929480
858 6.931480
859 6.943480
860 6.959480
861 6.963480
862 6.967480
864 6.979480
863 6.985480
865 6.997480
866 7.001480
867 7.005480
868 7.019480
869 7.021480
863 7.023480
870 7.037480
871 7.041480
872 7.045480
873 7.059480
874 7.061480
875 7.079480
876 7.083480
877 7.087480
878 7.097480
879 7.099480
880 7.119480
881 7.123480
882 7.127480
883 7.135480
884 7.137480
885 7.151480
886 7.155480
887 7.165480
888 7.173480
889 7.175480
891 7.179480
890 7.199480
892 7.205480
893 7.211480
894 7.213480
895 7.233480
896 7.241480
897 7.245480
898 7.249480
899 7.251480
900 7.263480
901 7.281480
902 7.283480
903 7.287480
904 7.289480
905 7.301480
906 7.317480
907 7.321480
908 7.325480
910 7.337480
909 7.343480
911 7.355480
912 7.359480
913 7.363480
914 7.377480
915 7.379480
909 7.381480
916 7.395480
917 7.399480
918 7.403480
919 7.417480
920 7.419480
921 7.437480
922 7.441480
923 7.445480
924 7.455480
925 7.457480
926 7.477480
927 7.481480
928 7.485480
929 7.493480
930 7.495480
931 7.509480
932 7.513480
933 7.523480
934 7.531480
935 7.533480
937 7.537480
936 7.557480
938 7.563480
939 7.569480
940 7.571480
941 7.591480
942 7.599480
943 7.603480
944 7.607480
945 7.609480
946 7.621480
947 7.639480
948 7.641480
949 7.645480
950 7.647480
951 7.659480
952 7.675480
953 7.679480
954 7.683480
956 7.695480
955 7.701480
957 7.713480
958 7.717480
959 7.721480
960 7.735480
961 7.737480
955 7.739480
962 7.753480
963 7.757480
964 7.761480
965 7.775480
966 7.777480
967 7.795480
968 7.799480
969 7.803480
970 7.813480
971 7.815480
972 7.835480
973 7.839480
974 7.843480
975 7.851480
976 7.853480
977 7.867480
978 7.871480
979 7.881480
980 7.889480
981 7.891480
983 7.895480
982 7.915480
984 7.921480
985 7.927480
986 7.929480
987 7.949480
988 7.957480
989 7.961480
990 7.965480
991 7.967480
992 7.979480
993 7.997480
994 7.999480
995 8.003480
996 8.005480
997 8.017480
998 8.033480
999 8.037480
1000 8.041480
1002 8.053480
1001 8.059480
1003 8.071480
1004 8.075480
1005 8.079480
1006 8.093480
1007 8.095480
1001 8.097480
1008 8.111480
1009 8.115480
1010 8.119480
1011 8.133480
1012 8.135480
1013 8.153480
1014 8.157480
1015 8.161480
1016 8.171480
1017 8.173480
1018 8.193480
1019 8.197480
1020 8.201480
1021 8.209480
1022 8.211480
1023 8.225480
1024 8.229480
1025 8.239480
1026 8.247480
1027 8.249480
1029 8.253480
1028 8.273480
1030 8.279480
1031 8.285480
1032 8.287480
1033 8.307480
1034 8.315480
1035 8.319480
1036 8.323480
1037 8.325480
1038 8.337480
1039 8.355480
1040 8.357480
1041 8.361480
1042 8.363480
1043 8.375480
1044 8.391480
1045 8.395480
1046 8.399480
1048 8.411480
1047 8.417480
1049 8.429480
1050 8.433480
1051 8.437480
1052 8.451480
1053 8.453480
1047 8.455480
1054 8.469480
1055 8.473480
1056 8.477480
1057 8.491480
1058 8.493480
1059 8.511480
1060 8.515480
1061 8.519480
1062 8.529480
1063 8.531480
1064 8.551480
1065 8.555480
1066 8.559480
1067 8.567480
1068 8.569480
1069 8.583480
1070 8.587480
1071 8.597480
1072 8.605480
1073 8.607480
1075 8.611480
1074 8.631480
1076 8.637480
1077 8.643480
1078 8.645480
1079 8.665480
1080 8.673480
1081 8.677480
1082 8.681480
1083 8.683480
1084 8.695480
1085 8.713480
1086 8.715480
1087 8.719480
1088 8.721480
1089 8.733480
1090 8.749480
1091 8.753480
1092 8.757480
1094 8.769480
1093 8.775480
1095 8.787480
1096 8.791480
1097 8.795480
1098 8.809480
1099 8.811480
1093 8.813480
1100 8.827480
1101 8.831480
1102 8.835480
1103 8.849480
1104 8.851480
1105 8.869480
1106 8.873480
1107 8.877480
1108 8.887480
1109 8.889480
1110 8.909480
1111 8.913480
1112 8.917480
1113 8.925480
1114 8.927480
1115 8.941480
1116 8.945480
1117 8.955480
1118 8.963480
1119 8.965480
1121 8.969480
1120 8.989480
1122 8.995480
1123 9.001480
1124 9.003480
1125 9.023480
1126 9.031480
1127 9.035480
1128 9.039480
1129 9.041480
1130 9.053480
1131 9.071480
1132 9.073480
1133 9.077480
1134 9.079480
1135 9.091480
1136 9.107480
1137 9.111480
1138 9.115480
1140 9.127480
1139 9.133480
1141 9.145480
1142 9.149480
1143 9.153480
1144 9.167480
1145 9.169480
1139 9.171480
1146 9.185480
1147 9.189480
1148 9.193480
1149 9.207480
1150 9.209480
1151 9.227480
1152 9.231480
1153 9.235480
1154 9.245480
1155 9.247480
1156 9.267480
1157 9.271480
1158 9.275480
1159 9.283480
1160 9.285480
1161 9.299480
1162 9.303480
1163 9.313480
1164 9.321480
1165 9.323480
1167 9.327480
1166 9.347480
1168 9.353480
1169 9.359480
1170 9.361480
1171 9.381480
1172 9.389480
1173 9.393480
1174 9.397480
1175 9.399480
1176 9.411480
1177 9.429480
1178 9.431480
1179 9.435480
1180 9.437480
1181 9.449480
1182 9.465480
1183 9.469480
1184 9.473480
1186 9.485480
1185 9.491480
1187 9.503480
1188 9.507480
1189 9.511480
1190 9.525480
1191 9.527480
1185 9.529480
1192 9.543480
1193 9.547480
1194 9.551480
1195 9.565480
1196 9.567480
1197 9.585480
1198 9.589480
1199 9.593480
1200 9.603480
1201 9.605480
1202 9.625480
1203 9.629480
1204 9.633480
1205 9.641480
1206 9.643480
1207 9.657480
1208 9.661480
1209 9.671480
1210 9.679480
1211 9.681480
1213 9.685480
1212 9.705480
1214 9.711480
1215 9.717480
1216 9.719480
1217 9.739480
1218 9.747480
1219 9.751480
1220 9.755480
1221 9.757480
1222 9.769480
1223 9.787480
1224 9.789480
1225 9.793480
1226 9.795480
1227 9.807480
1228 9.823480
1229 9.827480
1230 9.831480
1232 9.843480
1231 9.849480
1233 9.861480
1234 9.865480
1235 9.869480
1236 9.883480
1237 9.885480
1231 9.887480
1238 9.901480
1239 9.905480
1240 9.909480
1241 9.923480
1242 9.925480
1243 9.943480
1244 9.947480
1245 9.951480
1246 9.961480
1247 9.963480
1248 9.983480
1249 9.987480
1250 9.991480
1251 9.999480
1252 10.001480
1253 10.015480
1254 10.019480
1255 10.029480
1256 10.037480
1257 10.039480
1259 10.043480
1258 10.063480
1260 10.069480
1261 10.075480
1262 10.077480
1263 10.097480
1264 10.105480
1265 10.109480
1266 10.113480
1267 10.115480
1268 10.127480
1269 10.145480
1270 10.147480
1271 10.151480
1272 10.153480
1273 10.165480
1274 10.181480
1275 10.185480
1276 10.189480
1278 10.201480
1277 10.207480
1279 10.219480
1280 10.223480
1281 10.227480
1282 10.241480
1283 10.243480
1277 10.245480
1284 10.259480
1285 10.263480
1286 10.267480
1287 10.281480
1288 10.283480
1289 10.301480
1290 10.305480
1291 10.309480
1292 10.319480
1293 10.321480
1294 10.341480
1295 10.345480
1296 10.349480
1297 10.357480
1298 10.359480
1299 10.373480
1300 10.377480
1301 10.387480
1302 10.395480
1303 10.397480
1305 10.401480
1304 10.421480
1306 10.427480
1307 10.433480
1308 10.435480
1309 10.455480
1310 10.463480
1311 10.467480
1312 10.471480
1313 10.473480
1314 10.485480
1315 10.503480
1316 10.505480
1317 10.509480
1318 10.511480
1319 10.523480
1320 10.539480
1321 10.543480
1322 10.547480
1324 10.559480
1323 10.565480
1325 10.577480
1326 10.581480
1327 10.585480
1328 10.599480
1329 10.601480
1323 10.603480
1330 10.617480
1331 10.621480
1332 10.625480
1333 10.639480
1334 10.641480
1335 10.659480
1336 10.663480
1337 10.667480
1338 10.677480
1339 10.679480
1340 10.699480
1341 10.703480
1342 10.707480
1343 10.715480
1344 10.717480
1345 10.731480
1346 10.735480
1347 10.745480
1348 10.753480
1349 10.755480
1351 10.759480
1350 10.779480
1352 10.785480
1353 10.791480
1354 10.793480
1355 10.813480
1356 10.821480
1357 10.825480
1358 10.829480
1359 10.831480
1360 10.843480
1361 10.861480
1362 10.863480
1363 10.867480
1364 10.869480
1365 10.881480
1366 10.897480
1367 10.901480
1368 10.905480
1370 10.917480
1369 10.923480
1371 10.935480
1372 10.939480
1373 10.943480
1374 10.957480
1375 10.959480
1369 10.961480
1376 10.975480
1377 10.979480
1378 10.983480
1379 10.997480
1380 10.999480
1381 11.017480
1382 11.021480
1383 11.025480
1384 11.035480
1385 11.037480
1386 11.057480
1387 11.061480
1388 11.065480
1389 11.073480
1390 11.075480
1391 11.089480
1392 11.093480
1393 11.103480
1394 11.111480
1395 11.113480
1397 11.117480
1396 11.137480
1398 11.143480
1399 11.149480
1400 11.151480
1401 11.171480
1402 11.179480
1403 11.183480
1404 11.187480
1405 11.189480
1406 11.201480
1407 11.219480
1408 11.221480
1409 11.225480
1410 11.227480
1411 11.239480
1412 11.255480
1413 11.259480
1414 11.263480
1416 11.275480
1415 11.281480
1417 11.293480
1418 11.297480
1419 11.301480
1420 11.315480
1421 11.317480
1415 11.319480
1422 11.333480
1423 11.337480
1424 11.341480
1425 11.355480
1426 11.357480
1427 11.375480
1428 11.379480
1429 11.383480
1430 11.393480
1431 11.395480
1432 11.415480
1433 11.419480
1434 11.423480
1435 11.431480
1436 11.433480
1437 11.447480
1438 11.451480
1439 11.461480
1440 11.469480
1441 11.471480
1443 11.475480
1442 11.495480
1444 11.501480
1445 11.507480
1446 11.509480
1447 11.529480
1448 11.537480
1449 11.541480
1450 11.545480
1451 11.547480
1452 11.559480
1453 11.577480
1454 11.579480
1455 11.583480
1456 11.585480
1457 11.597480
1458 11.613480
1459 11.617480
1460 11.621480
1462 11.633480
1461 11.639480
1463 11.651480
1464 11.655480
1465 11.659480
1466 11.673480
1467 11.675480
1461 11.677480
1468 11.691480
1469 11.695480
1470 11.699480
1471 11.713480
1472 11.715480
1473 11.733480
1474 11.737480
1475 11.741480
1476 11.751480
1477 11.753480
1478 11.773480
1479 11.777480
1480 11.781480
1481 11.789480
1482 11.791480
1483 11.805480
1484 11.809480
1485 11.819480
1486 11.827480
1487 11.829480
1489 11.833480
1488 11.853480
1490 11.859480
1491 11.865480
1492 11.867480
1493 11.887480
1494 11.895480
1495 11.899480
1496 11.903480
1497 11.905480
1498 11.917480
1499 11.935480
1500 11.937480
1501 11.941480
1502 11.943480
1503 11.955480
1504 11.971480
1505 11.975480
1506 11.979480
1508 11.991480
1507 11.997480
1509 12.009480
1510 12.013480
1511 12.017480
1507 12.027480
1512 12.045720
1513 12.063960
