0 0.107000
1 0.125240
2 0.143480
3 0.147480
4 0.157480
5 0.167480
6 0.171480
7 0.185480
8 0.197480
9 0.203480
10 0.209480
11 0.217480
12 0.225480
13 0.231480
14 0.241480
15 0.251480
16 0.257480
17 0.263480
18 0.273480
19 0.277480
20 0.293480
21 0.301480
22 0.303480
23 0.313480
24 0.317480
25 0.335480
26 0.341480
27 0.345480
28 0.353480
29 0.357480
30 0.377480
31 0.383480
32 0.387480
33 0.393480
34 0.397480
35 0.417480
36 0.425480
37 0.427480
38 0.433480
39 0.437480
40 0.459480
41 0.465480
42 0.467480
43 0.473480
44 0.477480
45 0.501480
46 0.505480
47 0.507480
48 0.513480
49 0.519480
50 0.541480
51 0.545480
52 0.547480
53 0.553480
54 0.559480
55 0.581480
56 0.585480
57 0.587480
58 0.595480
59 0.601480
60 0.621480
61 0.625480
62 0.627480
63 0.635480
64 0.643480
65 0.661480
66 0.665480
67 0.669480
68 0.677480
69 0.683480
70 0.701480
71 0.707480
72 0.709480
73 0.719480
74 0.725480
75 0.741480
76 0.747480
77 0.751480
78 0.759480
79 0.767480
80 0.783480
81 0.789480
82 0.791480
83 0.801480
84 0.807480
85 0.823480
86 0.829480
87 0.833480
88 0.843480
89 0.847480
90 0.865480
91 0.871480
92 0.873480
93 0.883480
94 0.887480
95 0.905480
96 0.911480
97 0.915480
98 0.923480
99 0.927480
100 0.947480
101 0.953480
102 0.957480
103 0.963480
104 0.967480
105 0.987480
106 0.995480
107 0.997480
108 1.003480
109 1.009480
110 1.029480
111 1.035480
112 1.037480
113 1.043480
114 1.049480
115 1.071480
116 1.075480
117 1.077480
118 1.085480
119 1.091480
120 1.111480
121 1.115480
122 1.117480
123 1.125480
124 1.131480
125 1.151480
126 1.155480
127 1.159480
128 1.167480
129 1.173480
130 1.191480
131 1.197480
132 1.199480
133 1.207480
134 1.213480
135 1.231480
136 1.237480
137 1.241480
138 1.249480
139 1.255480
140 1.273480
141 1.279480
142 1.281480
143 1.289480
144 1.295480
145 1.313480
146 1.319480
147 1.323480
148 1.331480
149 1.337480
150 1.355480
151 1.361480
152 1.363480
153 1.371480
154 1.377480
155 1.395480
156 1.401480
157 1.405480
158 1.413480
159 1.417480
160 1.437480
161 1.443480
162 1.445480
163 1.453480
164 1.457480
165 1.477480
166 1.483480
167 1.487480
168 1.493480
169 1.499480
170 1.519480
171 1.525480
172 1.527480
173 1.533480
174 1.539480
175 1.559480
176 1.565480
177 1.567480
178 1.575480
179 1.581480
180 1.601480
181 1.605480
182 1.607480
183 1.615480
184 1.621480
185 1.641480
186 1.645480
187 1.649480
188 1.657480
189 1.663480
190 1.681480
191 1.687480
192 1.689480
193 1.697480
194 1.703480
195 1.721480
196 1.727480
197 1.731480
198 1.739480
199 1.745480
200 1.763480
201 1.769480
202 1.771480
203 1.779480
204 1.785480
205 1.803480
206 1.809480
207 1.813480
208 1.821480
209 1.827480
210 1.845480
211 1.851480
212 1.853480
213 1.861480
214 1.867480
215 1.885480
216 1.891480
217 1.895480
218 1.903480
219 1.907480
220 1.927480
221 1.933480
222 1.935480
223 1.943480
224 1.947480
225 1.967480
226 1.973480
227 1.977480
228 1.983480
229 1.989480
230 2.009480
231 2.015480
232 2.017480
233 2.023480
234 2.029480
235 2.049480
236 2.055480
237 2.059480
238 2.065480
239 2.071480
240 2.089480
241 2.095480
242 2.099480
243 2.105480
244 2.111480
245 2.129480
246 2.135480
247 2.141480
248 2.147480
249 2.153480
250 2.169480
251 2.175480
252 2.181480
253 2.187480
254 2.193480
255 2.209480
256 2.217480
257 2.223480
258 2.229480
259 2.235480
260 2.249480
261 2.257480
262 2.263480
263 2.269480
264 2.275480
265 2.289480
266 2.299480
267 2.305480
268 2.311480
269 2.317480
270 2.331480
271 2.339480
272 2.345480
273 2.351480
274 2.357480
275 2.371480
276 2.381480
277 2.387480
278 2.393480
279 2.397480
280 2.413480
281 2.421480
282 2.427480
283 2.433480
284 2.437480
285 2.453480
286 2.463480
287 2.469480
288 2.473480
289 2.477480
290 2.495480
291 2.503480
292 2.509480
293 2.513480
294 2.517480
295 2.535480
296 2.545480
297 2.549480
298 2.553480
299 2.559480
300 2.577480
301 2.585480
302 2.589480
303 2.593480
304 2.599480
305 2.617480
306 2.625480
307 2.629480
308 2.635480
309 2.641480
310 2.659480
311 2.665480
312 2.669480
313 2.675480
314 2.681480
315 2.699480
316 2.705480
317 2.711480
318 2.717480
319 2.723480
320 2.739480
321 2.745480
322 2.751480
323 2.757480
324 2.763480
325 2.779480
326 2.787480
327 2.793480
328 2.799480
329 2.805480
330 2.819480
331 2.827480
332 2.833480
333 2.839480
334 2.845480
335 2.859480
336 2.869480
337 2.875480
338 2.881480
339 2.887480
340 2.901480
341 2.909480
342 2.915480
343 2.921480
344 2.927480
345 2.941480
346 2.951480
347 2.957480
348 2.963480
349 2.967480
350 2.983480
351 2.991480
352 2.997480
353 3.003480
354 3.007480
355 3.023480
356 3.033480
357 3.039480
358 3.043480
359 3.047480
360 3.065480
361 3.073480
362 3.079480
363 3.083480
364 3.087480
365 3.105480
366 3.115480
367 3.119480
368 3.123480
369 3.129480
370 3.147480
371 3.155480
372 3.159480
373 3.163480
374 3.169480
375 3.187480
376 3.195480
377 3.199480
378 3.205480
379 3.211480
380 3.229480
381 3.235480
382 3.239480
383 3.245480
384 3.251480
385 3.269480
386 3.275480
387 3.281480
388 3.287480
389 3.293480
390 3.309480
391 3.315480
392 3.321480
393 3.327480
394 3.333480
395 3.349480
396 3.357480
397 3.363480
398 3.369480
399 3.375480
400 3.389480
401 3.397480
402 3.403480
403 3.409480
404 3.415480
405 3.429480
406 3.439480
407 3.445480
408 3.451480
409 3.457480
410 3.471480
411 3.479480
412 3.485480
413 3.491480
414 3.497480
415 3.511480
416 3.521480
417 3.527480
418 3.533480
419 3.537480
420 3.553480
421 3.561480
422 3.567480
423 3.573480
424 3.577480
425 3.593480
426 3.603480
427 3.609480
428 3.613480
429 3.617480
430 3.635480
431 3.643480
432 3.649480
433 3.653480
434 3.657480
435 3.675480
436 3.685480
437 3.689480
438 3.693480
439 3.699480
440 3.717480
441 3.725480
442 3.729480
443 3.733480
444 3.739480
445 3.757480
446 3.765480
447 3.769480
448 3.775480
449 3.781480
450 3.799480
451 3.805480
452 3.809480
453 3.815480
454 3.821480
455 3.839480
456 3.845480
457 3.851480
458 3.857480
459 3.863480
460 3.879480
461 3.885480
462 3.891480
463 3.897480
464 3.903480
465 3.919480
466 3.927480
467 3.933480
468 3.939480
469 3.945480
470 3.959480
471 3.967480
472 3.973480
473 3.979480
474 3.985480
475 3.999480
476 4.009480
477 4.015480
478 4.021480
479 4.027480
480 4.041480
481 4.049480
482 4.055480
483 4.061480
484 4.067480
485 4.081480
486 4.091480
487 4.097480
488 4.103480
489 4.107480
490 4.123480
491 4.131480
492 4.137480
493 4.143480
494 4.147480
495 4.163480
496 4.173480
497 4.179480
498 4.183480
499 4.187480
500 4.205480
501 4.213480
502 4.219480
503 4.223480
504 4.227480
505 4.245480
506 4.255480
507 4.259480
508 4.263480
509 4.269480
510 4.287480
511 4.295480
512 4.299480
513 4.303480
514 4.309480
515 4.327480
516 4.335480
517 4.339480
518 4.345480
519 4.351480
520 4.369480
521 4.375480
522 4.379480
523 4.385480
524 4.391480
525 4.409480
526 4.415480
527 4.421480
528 4.427480
529 4.433480
530 4.449480
531 4.455480
532 4.461480
533 4.467480
534 4.473480
535 4.489480
536 4.497480
537 4.503480
538 4.509480
539 4.515480
540 4.529480
541 4.537480
542 4.543480
543 4.549480
544 4.555480
545 4.569480
546 4.579480
547 4.585480
548 4.591480
549 4.597480
550 4.611480
551 4.619480
552 4.625480
553 4.631480
554 4.637480
555 4.651480
556 4.661480
557 4.667480
558 4.673480
559 4.677480
560 4.693480
561 4.701480
562 4.707480
563 4.713480
564 4.717480
565 4.733480
566 4.743480
567 4.749480
568 4.753480
569 4.757480
570 4.775480
571 4.783480
572 4.789480
573 4.793480
574 4.797480
575 4.815480
576 4.825480
577 4.829480
578 4.833480
579 4.839480
580 4.857480
581 4.865480
582 4.869480
583 4.873480
584 4.879480
585 4.897480
586 4.905480
587 4.909480
588 4.915480
589 4.921480
590 4.939480
591 4.945480
592 4.949480
593 4.955480
594 4.961480
595 4.979480
596 4.985480
597 4.991480
598 4.997480
599 5.003480
600 5.019480
601 5.025480
602 5.031480
603 5.037480
604 5.043480
605 5.059480
606 5.067480
607 5.073480
608 5.079480
609 5.085480
610 5.099480
611 5.107480
612 5.113480
613 5.119480
614 5.125480
615 5.139480
616 5.149480
617 5.155480
618 5.161480
619 5.167480
620 5.181480
621 5.189480
622 5.195480
623 5.201480
624 5.207480
625 5.221480
626 5.231480
627 5.237480
628 5.243480
629 5.247480
630 5.263480
631 5.271480
632 5.277480
633 5.283480
634 5.287480
635 5.303480
636 5.313480
637 5.319480
638 5.323480
639 5.327480
640 5.345480
641 5.353480
642 5.359480
643 5.363480
644 5.367480
645 5.385480
646 5.395480
647 5.399480
648 5.403480
649 5.409480
650 5.427480
651 5.435480
652 5.439480
653 5.443480
654 5.449480
655 5.467480
656 5.475480
657 5.479480
658 5.485480
659 5.491480
660 5.509480
661 5.515480
662 5.519480
663 5.525480
664 5.531480
665 5.549480
666 5.555480
667 5.561480
668 5.567480
669 5.573480
670 5.589480
671 5.595480
672 5.601480
673 5.607480
674 5.613480
675 5.629480
676 5.637480
677 5.643480
678 5.649480
679 5.655480
680 5.669480
681 5.677480
682 5.683480
683 5.689480
684 5.695480
685 5.709480
686 5.719480
687 5.725480
688 5.731480
689 5.737480
690 5.751480
691 5.759480
692 5.765480
693 5.771480
694 5.777480
695 5.791480
696 5.801480
697 5.807480
698 5.813480
699 5.817480
700 5.833480
701 5.841480
702 5.847480
703 5.853480
704 5.857480
705 5.873480
706 5.883480
707 5.889480
708 5.893480
709 5.897480
710 5.915480
711 5.923480
712 5.929480
713 5.933480
714 5.937480
715 5.955480
716 5.965480
717 5.969480
718 5.973480
719 5.979480
720 5.997480
721 6.005480
722 6.009480
723 6.013480
724 6.019480
725 6.037480
726 6.045480
727 6.049480
728 6.055480
729 6.061480
730 6.079480
731 6.085480
732 6.089480
733 6.095480
734 6.101480
735 6.119480
736 6.125480
737 6.131480
738 6.137480
739 6.143480
740 6.159480
741 6.165480
742 6.171480
743 6.177480
744 6.183480
745 6.199480
746 6.207480
747 6.213480
748 6.219480
749 6.225480
750 6.239480
751 6.247480
752 6.253480
753 6.259480
754 6.265480
755 6.279480
756 6.289480
757 6.295480
758 6.301480
759 6.307480
760 6.321480
761 6.329480
762 6.335480
763 6.341480
764 6.347480
765 6.361480
766 6.371480
767 6.377480
768 6.383480
769 6.387480
770 6.403480
771 6.411480
772 6.417480
773 6.423480
774 6.427480
775 6.443480
776 6.453480
777 6.459480
778 6.463480
779 6.467480
780 6.485480
781 6.493480
782 6.499480
783 6.503480
784 6.507480
785 6.525480
786 6.535480
787 6.539480
788 6.543480
789 6.549480
790 6.567480
791 6.575480
792 6.579480
793 6.583480
794 6.589480
795 6.607480
796 6.615480
797 6.619480
798 6.625480
799 6.631480
800 6.649480
801 6.655480
802 6.659480
803 6.665480
804 6.671480
805 6.689480
806 6.695480
807 6.701480
808 6.707480
809 6.713480
810 6.729480
811 6.735480
812 6.741480
813 6.747480
814 6.753480
815 6.769480
816 6.777480
817 6.783480
818 6.789480
819 6.795480
820 6.809480
821 6.817480
822 6.823480
823 6.829480
824 6.835480
825 6.849480
826 6.859480
827 6.865480
828 6.871480
829 6.877480
830 6.891480
831 6.899480
832 6.905480
833 6.911480
834 6.917480
835 6.931480
836 6.941480
837 6.947480
838 6.953480
839 6.957480
840 6.973480
841 6.981480
842 6.987480
843 6.993480
844 6.997480
845 7.013480
846 7.023480
847 7.029480
848 7.033480
849 7.037480
850 7.055480
851 7.063480
852 7.069480
853 7.073480
854 7.077480
855 7.095480
856 7.105480
857 7.109480
858 7.113480
859 7.119480
860 7.137480
861 7.145480
862 7.149480
863 7.153480
864 7.159480
865 7.177480
866 7.185480
867 7.189480
868 7.195480
869 7.201480
870 7.219480
871 7.225480
872 7.229480
873 7.235480
874 7.241480
875 7.259480
876 7.265480
877 7.271480
878 7.277480
879 7.283480
880 7.299480
881 7.305480
882 7.311480
883 7.317480
884 7.323480
885 7.339480
886 7.347480
887 7.353480
888 7.359480
889 7.365480
890 7.379480
891 7.387480
892 7.393480
893 7.399480
894 7.405480
895 7.419480
896 7.429480
897 7.435480
898 7.441480
899 7.447480
900 7.461480
901 7.469480
902 7.475480
903 7.481480
904 7.487480
905 7.501480
906 7.511480
907 7.517480
908 7.523480
909 7.527480
910 7.543480
911 7.551480
912 7.557480
913 7.563480
914 7.567480
915 7.583480
916 7.593480
917 7.599480
918 7.603480
919 7.607480
920 7.625480
921 7.633480
922 7.639480
923 7.643480
924 7.647480
925 7.665480
926 7.675480
927 7.679480
928 7.683480
929 7.689480
930 7.707480
931 7.715480
932 7.719480
933 7.723480
934 7.729480
935 7.747480
936 7.755480
937 7.759480
938 7.765480
939 7.771480
940 7.789480
941 7.795480
942 7.799480
943 7.805480
944 7.811480
945 7.829480
946 7.835480
947 7.841480
948 7.847480
949 7.853480
950 7.869480
951 7.875480
952 7.881480
953 7.887480
954 7.893480
955 7.909480
956 7.917480
957 7.923480
958 7.929480
959 7.935480
960 7.949480
961 7.957480
962 7.963480
963 7.969480
964 7.975480
965 7.989480
966 7.999480
967 8.005480
968 8.011480
969 8.017480
970 8.031480
971 8.039480
972 8.045480
973 8.051480
974 8.057480
975 8.071480
976 8.081480
977 8.087480
978 8.093480
979 8.097480
980 8.113480
981 8.121480
982 8.127480
983 8.133480
984 8.137480
985 8.153480
986 8.163480
987 8.169480
988 8.173480
989 8.177480
990 8.195480
991 8.203480
992 8.209480
993 8.213480
994 8.217480
995 8.235480
996 8.245480
997 8.249480
998 8.253480
999 8.259480
1000 8.277480
1001 8.285480
1002 8.289480
1003 8.293480
1004 8.299480
1005 8.317480
1006 8.325480
1007 8.329480
1008 8.335480
1009 8.341480
1010 8.359480
1011 8.365480
1012 8.369480
1013 8.375480
1014 8.381480
1015 8.399480
1016 8.405480
1017 8.411480
1018 8.417480
1019 8.423480
1020 8.439480
1021 8.445480
1022 8.451480
1023 8.457480
1024 8.463480
1025 8.479480
1026 8.487480
1027 8.493480
1028 8.499480
1029 8.505480
1030 8.519480
1031 8.527480
1032 8.533480
1033 8.539480
1034 8.545480
1035 8.559480
1036 8.569480
1037 8.575480
1038 8.581480
1039 8.587480
1040 8.601480
1041 8.609480
1042 8.615480
1043 8.621480
1044 8.627480
1045 8.641480
1046 8.651480
1047 8.657480
1048 8.663480
1049 8.667480
1050 8.683480
1051 8.691480
1052 8.697480
1053 8.703480
1054 8.707480
1055 8.723480
1056 8.733480
1057 8.739480
1058 8.743480
1059 8.747480
1060 8.765480
1061 8.773480
1062 8.779480
1063 8.783480
1064 8.787480
1065 8.805480
1066 8.815480
1067 8.819480
1068 8.823480
1069 8.829480
1070 8.847480
1071 8.855480
1072 8.859480
1073 8.863480
1074 8.869480
1075 8.887480
1076 8.895480
1077 8.899480
1078 8.905480
1079 8.911480
1080 8.929480
1081 8.935480
1082 8.939480
1083 8.945480
1084 8.951480
1085 8.969480
1086 8.975480
1087 8.981480
1088 8.987480
1089 8.993480
1090 9.009480
1091 9.015480
1092 9.021480
1093 9.027480
1094 9.033480
1095 9.049480
1096 9.057480
1097 9.063480
1098 9.069480
1099 9.075480
1100 9.089480
1101 9.097480
1102 9.103480
1103 9.109480
1104 9.115480
1105 9.129480
1106 9.139480
1107 9.145480
1108 9.151480
1109 9.157480
1110 9.171480
1111 9.179480
1112 9.185480
1113 9.191480
1114 9.197480
1115 9.211480
1116 9.221480
1117 9.227480
1118 9.233480
1119 9.237480
1120 9.253480
1121 9.261480
1122 9.267480
1123 9.273480
1124 9.277480
1125 9.293480
1126 9.303480
1127 9.309480
1128 9.313480
1129 9.317480
1130 9.335480
1131 9.343480
1132 9.349480
1133 9.353480
1134 9.357480
1135 9.375480
1136 9.385480
1137 9.389480
1138 9.393480
1139 9.399480
1140 9.417480
1141 9.425480
1142 9.429480
1143 9.433480
1144 9.439480
1145 9.457480
1146 9.465480
1147 9.469480
1148 9.475480
1149 9.481480
1150 9.499480
1151 9.505480
1152 9.509480
1153 9.515480
1154 9.521480
1155 9.539480
1156 9.545480
1157 9.551480
1158 9.557480
1159 9.563480
1160 9.579480
1161 9.585480
1162 9.591480
1163 9.597480
1164 9.603480
1165 9.619480
1166 9.627480
1167 9.633480
1168 9.639480
1169 9.645480
1170 9.659480
1171 9.667480
1172 9.673480
1173 9.679480
1174 9.685480
1175 9.699480
1176 9.709480
1177 9.715480
1178 9.721480
1179 9.727480
1180 9.741480
1181 9.749480
1182 9.755480
1183 9.761480
1184 9.767480
1185 9.781480
1186 9.791480
1187 9.797480
1188 9.803480
1189 9.807480
1190 9.823480
1191 9.831480
1192 9.837480
1193 9.843480
1194 9.847480
1195 9.863480
1196 9.873480
1197 9.879480
1198 9.883480
1199 9.887480
1200 9.905480
1201 9.913480
1202 9.919480
1203 9.923480
1204 9.927480
1205 9.945480
1206 9.955480
1207 9.959480
1208 9.963480
1209 9.969480
1210 9.987480
1211 9.995480
1212 9.999480
1213 10.003480
1214 10.009480
1215 10.027480
1216 10.035480
1217 10.039480
1218 10.045480
1219 10.051480
1220 10.069480
1221 10.075480
1222 10.079480
1223 10.085480
1224 10.091480
1225 10.109480
1226 10.115480
1227 10.121480
1228 10.127480
1229 10.133480
1230 10.149480
1231 10.155480
1232 10.161480
1233 10.167480
1234 10.173480
1235 10.189480
1236 10.197480
1237 10.203480
1238 10.209480
1239 10.215480
1240 10.229480
1241 10.237480
1242 10.243480
1243 10.249480
1244 10.255480
1245 10.269480
1246 10.279480
1247 10.285480
1248 10.291480
1249 10.297480
1250 10.311480
1251 10.319480
1252 10.325480
1253 10.331480
1254 10.337480
1255 10.351480
1256 10.361480
1257 10.367480
1258 10.373480
1259 10.377480
1260 10.393480
1261 10.401480
1262 10.407480
1263 10.413480
1264 10.417480
1265 10.433480
1266 10.443480
1267 10.449480
1268 10.453480
1269 10.457480
1270 10.475480
1271 10.483480
1272 10.489480
1273 10.493480
1274 10.497480
1275 10.515480
1276 10.525480
1277 10.529480
1278 10.533480
1279 10.539480
1280 10.557480
1281 10.565480
1282 10.569480
1283 10.573480
1284 10.579480
1285 10.597480
1286 10.605480
1287 10.609480
1288 10.615480
1289 10.621480
1290 10.639480
1291 10.645480
1292 10.649480
1293 10.655480
1294 10.661480
1295 10.679480
1296 10.685480
1297 10.691480
1298 10.697480
1299 10.703480
1300 10.719480
1301 10.725480
1302 10.731480
1303 10.737480
1304 10.743480
1305 10.759480
1306 10.767480
1307 10.773480
1308 10.779480
1309 10.785480
1310 10.799480
1311 10.807480
1312 10.813480
1313 10.819480
1314 10.825480
1315 10.839480
1316 10.849480
1317 10.855480
1318 10.861480
1319 10.867480
1320 10.881480
1321 10.889480
1322 10.895480
1323 10.901480
1324 10.907480
1325 10.921480
1326 10.931480
1327 10.937480
1328 10.943480
1329 10.947480
1330 10.963480
1331 10.971480
1332 10.977480
1333 10.983480
1334 10.987480
1335 11.003480
1336 11.013480
1337 11.019480
1338 11.023480
1339 11.027480
1340 11.045480
1341 11.053480
1342 11.059480
1343 11.063480
1344 11.067480
1345 11.085480
1346 11.095480
1347 11.099480
1348 11.103480
1349 11.109480
1350 11.127480
1351 11.135480
1352 11.139480
1353 11.143480
1354 11.149480
1355 11.167480
1356 11.175480
1357 11.179480
1358 11.185480
1359 11.191480
1360 11.209480
1361 11.215480
1362 11.219480
1363 11.225480
1364 11.231480
1365 11.249480
1366 11.255480
1367 11.261480
1368 11.267480
1369 11.273480
1370 11.289480
1371 11.295480
1372 11.301480
1373 11.307480
1374 11.313480
1375 11.329480
1376 11.337480
1377 11.343480
1378 11.349480
1379 11.355480
1380 11.369480
1381 11.377480
1382 11.383480
1383 11.389480
1384 11.395480
1385 11.409480
1386 11.419480
1387 11.425480
1388 11.431480
1389 11.437480
1390 11.451480
1391 11.459480
1392 11.465480
1393 11.471480
1394 11.477480
1395 11.491480
1396 11.501480
1397 11.507480
1398 11.513480
1399 11.517480
1400 11.533480
1401 11.541480
1402 11.547480
1403 11.553480
1404 11.557480
1405 11.573480
1406 11.583480
1407 11.589480
1408 11.593480
1409 11.597480
1410 11.615480
1411 11.623480
1412 11.629480
1413 11.633480
1414 11.637480
1415 11.655480
1416 11.665480
1417 11.669480
1418 11.673480
1419 11.679480
1420 11.697480
1421 11.705480
1422 11.709480
1423 11.713480
1424 11.719480
1425 11.737480
1426 11.745480
1427 11.749480
1428 11.755480
1429 11.761480
1430 11.779480
1431 11.785480
1432 11.789480
1433 11.795480
1434 11.801480
1435 11.819480
1436 11.825480
1437 11.831480
1438 11.837480
1439 11.843480
1440 11.859480
1441 11.865480
1442 11.871480
1443 11.877480
1444 11.883480
1445 11.899480
1446 11.907480
1447 11.913480
1448 11.919480
1449 11.925480
1450 11.939480
1451 11.947480
1452 11.953480
1453 11.959480
1454 11.965480
1455 11.979480
1456 11.989480
1457 11.995480
1458 12.001480
1459 12.007480
1460 12.021480
