0.000000 0.006400
1.000000 0.016667
2.000000 0.022907
3.000000 0.016640
4.000000 0.037440
5.000000 0.022880
6.000000 0.043680
7.000000 0.037440
8.000000 0.043680
9.000000 0.045760
10.000000 0.041600
11.000000 0.045760
12.000000 0.041600
13.000000 0.131040
14.000000 0.043680
15.000000 0.049920
16.000000 0.056160
17.000000 0.062400
18.000000 0.052000
19.000000 0.066560
20.000000 0.068640
21.000000 0.074880
22.000000 0.074880
23.000000 0.079040
24.000000 0.095680
25.000000 0.101920
26.000000 0.095680
27.000000 0.093600
13.000000 0.085280
28.000000 0.054080
29.000000 0.049920
30.000000 0.047840
31.000000 0.043680
32.000000 0.147680
33.000000 0.054080
34.000000 0.052000
35.000000 0.049920
36.000000 0.126880
37.000000 0.118560
38.000000 0.037440
39.000000 0.104000
40.000000 0.104000
32.000000 0.104000
41.000000 0.047840
42.000000 0.049920
43.000000 0.047840
44.000000 0.047840
45.000000 0.049920
46.000000 0.049920
47.000000 0.047840
48.000000 0.047840
49.000000 0.049920
50.000000 0.049920
51.000000 0.049920
52.000000 0.060320
53.000000 0.035360
54.000000 0.035360
55.000000 0.033280
56.000000 0.033280
57.000000 0.041600
58.000000 0.033280
59.000000 0.035360
60.000000 0.027040
61.000000 0.027040
62.000000 0.031200
63.000000 0.033280
64.000000 0.024960
65.000000 0.033280
66.000000 0.033280
67.000000 0.022880
68.000000 0.027040
69.000000 0.027040
70.000000 0.022880
71.000000 0.020800
72.000000 0.052000
73.000000 0.151840
74.000000 0.151840
75.000000 0.151840
76.000000 0.149760
77.000000 0.052000
78.000000 0.054080
79.000000 0.056160
80.000000 0.058240
81.000000 0.118560
82.000000 0.101920
83.000000 0.099840
73.000000 0.097760
84.000000 0.043680
85.000000 0.045760
86.000000 0.039520
87.000000 0.039520
88.000000 0.039520
89.000000 0.041600
90.000000 0.041600
91.000000 0.049920
92.000000 0.049920
93.000000 0.049920
94.000000 0.049920
95.000000 0.049920
96.000000 0.060320
97.000000 0.064480
98.000000 0.041600
99.000000 0.041600
100.000000 0.041600
101.000000 0.043680
102.000000 0.045760
103.000000 0.037440
104.000000 0.035360
105.000000 0.037440
106.000000 0.033280
107.000000 0.033280
108.000000 0.070720
109.000000 0.068640
110.000000 0.066560
111.000000 0.035360
112.000000 0.037440
113.000000 0.060320
114.000000 0.064480
115.000000 0.049920
116.000000 0.031200
117.000000 0.039520
118.000000 0.037440
108.000000 0.022880
119.000000 0.012480
120.000000 0.245440
121.000000 0.249600
122.000000 0.243360
123.000000 0.243360
124.000000 0.054080
125.000000 0.054080
126.000000 0.189280
127.000000 0.189280
120.000000 0.049600
121.000000 0.018720
122.000000 0.020800
123.000000 0.018720
124.000000 0.022880
125.000000 0.022880
126.000000 0.024960
127.000000 0.029120
128.000000 0.033280
129.000000 0.031200
130.000000 0.033280
131.000000 0.037440
132.000000 0.039520
133.000000 0.037440
134.000000 0.012480
135.000000 0.012480
136.000000 0.064480
137.000000 0.064480
138.000000 0.064480
139.000000 0.062400
140.000000 0.027040
141.000000 0.041600
142.000000 0.037440
143.000000 0.039520
144.000000 0.037440
145.000000 0.037440
146.000000 0.041600
147.000000 0.029120
148.000000 0.022880
149.000000 0.022880
150.000000 0.022880
151.000000 0.024960
152.000000 0.029120
153.000000 0.027040
154.000000 0.027040
155.000000 0.016640
156.000000 0.022880
157.000000 0.022880
158.000000 0.024960
159.000000 0.035360
160.000000 0.022880
161.000000 0.027040
162.000000 0.027040
163.000000 0.035360
164.000000 0.022880
165.000000 0.027040
166.000000 0.027040
167.000000 0.024960
168.000000 0.024960
169.000000 0.027040
170.000000 0.031200
171.000000 0.031200
172.000000 0.029120
173.000000 0.029120
174.000000 0.031200
175.000000 0.031200
176.000000 0.031200
177.000000 0.031200
178.000000 0.031200
179.000000 0.031200
180.000000 0.031200
181.000000 0.035360
182.000000 0.035360
183.000000 0.035360
184.000000 0.035360
185.000000 0.039520
186.000000 0.031200
187.000000 0.035360
188.000000 0.035360
189.000000 0.035360
190.000000 0.035360
191.000000 0.035360
192.000000 0.035360
193.000000 0.039520
194.000000 0.039520
195.000000 0.043680
196.000000 0.043680
197.000000 0.043680
198.000000 0.043680
199.000000 0.043680
200.000000 0.043680
201.000000 0.054080
202.000000 0.054080
203.000000 0.035360
204.000000 0.052000
205.000000 0.052000
206.000000 0.056160
207.000000 0.052000
208.000000 0.054080
209.000000 0.054080
210.000000 0.054080
211.000000 0.054080
212.000000 0.054080
213.000000 0.054080
214.000000 0.043680
215.000000 0.047840
216.000000 0.045760
217.000000 0.045760
218.000000 0.064480
219.000000 0.064480
220.000000 0.062400
221.000000 0.066560
222.000000 0.066560
223.000000 0.066560
224.000000 0.066560
225.000000 0.066560
226.000000 0.066560
227.000000 0.066560
228.000000 0.070720
229.000000 0.070720
230.000000 0.070720
231.000000 0.054080
232.000000 0.054080
233.000000 0.054080
234.000000 0.054080
235.000000 0.058240
236.000000 0.058240
237.000000 0.058240
238.000000 0.058240
239.000000 0.058240
240.000000 0.058240
241.000000 0.058240
242.000000 0.054080
243.000000 0.054080
244.000000 0.054080
245.000000 0.054080
246.000000 0.054080
247.000000 0.052000
248.000000 0.054080
249.000000 0.054080
250.000000 0.054080
251.000000 0.058240
252.000000 0.056160
253.000000 0.058240
254.000000 0.058240
255.000000 0.058240
256.000000 0.058240
257.000000 0.056160
258.000000 0.058240
259.000000 0.058240
260.000000 0.056160
261.000000 0.056160
262.000000 0.056160
263.000000 0.056160
264.000000 0.056160
265.000000 0.056160
266.000000 0.056160
267.000000 0.058240
268.000000 0.079040
269.000000 0.076960
270.000000 0.076960
271.000000 0.076960
272.000000 0.074880
278.000000 0.056160
282.000000 0.041600
283.000000 0.045760
284.000000 0.056160
285.000000 0.060320
286.000000 0.024960
287.000000 0.024960
288.000000 0.060320
289.000000 0.062400
290.000000 0.062400
291.000000 0.062400
273.000000 0.060320
274.000000 0.049600
275.000000 0.035360
276.000000 0.039520
277.000000 0.039520
278.000000 0.043680
279.000000 0.043680
280.000000 0.047840
281.000000 0.037440
282.000000 0.041600
283.000000 0.041600
284.000000 0.037440
292.000000 0.014560
293.000000 0.018720
294.000000 0.022880
295.000000 0.027040
296.000000 0.027040
297.000000 0.027040
298.000000 0.014560
299.000000 0.035360
300.000000 0.180960
301.000000 0.180960
302.000000 0.180960
303.000000 0.045760
304.000000 0.047840
305.000000 0.156000
306.000000 0.137280
307.000000 0.135200
308.000000 0.027040
309.000000 0.031200
310.000000 0.035360
311.000000 0.035360
312.000000 0.054080
313.000000 0.035360
314.000000 0.035360
315.000000 0.033280
316.000000 0.033280
317.000000 0.033280
318.000000 0.033280
319.000000 0.033280
320.000000 0.033280
321.000000 0.039520
322.000000 0.039520
323.000000 0.018720
324.000000 0.039520
325.000000 0.039520
326.000000 0.039520
327.000000 0.039520
328.000000 0.039520
329.000000 0.039520
330.000000 0.022880
331.000000 0.041600
332.000000 0.041600
333.000000 0.018720
334.000000 0.041600
335.000000 0.041600
336.000000 0.041600
337.000000 0.041600
338.000000 0.041600
339.000000 0.041600
340.000000 0.041600
341.000000 0.027040
342.000000 0.043680
343.000000 0.027040
344.000000 0.027040
345.000000 0.031200
346.000000 0.035360
347.000000 0.035360
348.000000 0.056160
349.000000 0.056160
350.000000 0.056160
351.000000 0.056160
352.000000 0.191360
353.000000 0.068640
342.000000 0.068640
354.000000 0.149760
355.000000 0.149760
356.000000 0.149760
357.000000 0.043680
358.000000 0.128960
359.000000 0.128960
360.000000 0.043680
361.000000 0.043680
362.000000 0.043680
363.000000 0.047840
364.000000 0.052000
365.000000 0.052000
366.000000 0.052000
367.000000 0.022880
368.000000 0.022880
369.000000 0.022880
370.000000 0.041600
371.000000 0.041600
372.000000 0.018720
373.000000 0.041600
374.000000 0.041600
375.000000 0.041600
376.000000 0.041600
377.000000 0.041600
378.000000 0.041600
379.000000 0.022880
380.000000 0.043680
381.000000 0.043680
382.000000 0.018720
383.000000 0.043680
384.000000 0.043680
385.000000 0.043680
386.000000 0.043680
387.000000 0.043680
388.000000 0.043680
389.000000 0.043680
390.000000 0.027040
391.000000 0.052000
392.000000 0.035360
393.000000 0.035360
394.000000 0.039520
395.000000 0.043680
396.000000 0.043680
397.000000 0.060320
398.000000 0.062400
399.000000 0.064480
400.000000 0.064480
401.000000 0.056160
402.000000 0.072800
391.000000 0.072800
403.000000 0.047840
404.000000 0.189280
405.000000 0.187200
406.000000 0.054080
407.000000 0.054080
408.000000 0.160160
409.000000 0.160160
410.000000 0.133120
411.000000 0.135200
412.000000 0.029120
413.000000 0.031200
414.000000 0.035360
415.000000 0.035360
416.000000 0.037440
417.000000 0.037440
418.000000 0.035360
419.000000 0.031200
420.000000 0.031200
421.000000 0.035360
422.000000 0.033280
423.000000 0.035360
424.000000 0.033280
425.000000 0.033280
426.000000 0.031200
427.000000 0.018720
428.000000 0.018720
429.000000 0.029120
430.000000 0.031200
431.000000 0.039520
432.000000 0.037440
433.000000 0.035360
434.000000 0.033280
435.000000 0.033280
436.000000 0.033280
437.000000 0.033280
438.000000 0.020800
439.000000 0.029120
440.000000 0.022880
441.000000 0.027040
442.000000 0.027040
443.000000 0.027040
444.000000 0.033280
445.000000 0.033280
446.000000 0.062400
447.000000 0.062400
448.000000 0.062400
449.000000 0.052000
450.000000 0.162240
451.000000 0.062400
452.000000 0.062400
453.000000 0.064480
454.000000 0.066560
455.000000 0.062400
456.000000 0.079040
457.000000 0.056160
458.000000 0.056160
459.000000 0.056160
460.000000 0.056160
461.000000 0.056160
462.000000 0.056160
450.000000 0.056160
463.000000 0.066560
464.000000 0.066560
465.000000 0.052000
466.000000 0.052000
467.000000 0.056160
468.000000 0.060320
469.000000 0.033280
470.000000 0.018720
471.000000 0.035360
472.000000 0.039520
473.000000 0.037440
474.000000 0.037440
475.000000 0.037440
476.000000 0.039520
477.000000 0.033280
478.000000 0.033280
479.000000 0.035360
480.000000 0.035360
481.000000 0.033280
482.000000 0.033280
483.000000 0.033280
484.000000 0.035360
485.000000 0.037440
486.000000 0.020800
487.000000 0.041600
488.000000 0.039520
489.000000 0.039520
490.000000 0.043680
491.000000 0.043680
492.000000 0.043680
493.000000 0.041600
494.000000 0.043680
495.000000 0.083200
496.000000 0.056160
497.000000 0.058240
498.000000 0.060320
499.000000 0.056160
500.000000 0.062400
501.000000 0.062400
502.000000 0.062400
503.000000 0.062400
504.000000 0.064480
505.000000 0.035360
506.000000 0.035360
507.000000 0.035360
508.000000 0.035360
509.000000 0.039520
510.000000 0.033280
511.000000 0.033280
512.000000 0.033280
513.000000 0.037440
514.000000 0.039520
515.000000 0.029120
516.000000 0.031200
517.000000 0.031200
518.000000 0.031200
519.000000 0.029120
520.000000 0.024960
521.000000 0.024960
522.000000 0.024960
523.000000 0.054080
524.000000 0.049920
525.000000 0.047840
526.000000 0.047840
527.000000 0.047840
528.000000 0.049920
529.000000 0.049920
530.000000 0.047840
531.000000 0.047840
532.000000 0.047840
533.000000 0.047840
534.000000 0.047840
535.000000 0.018720
536.000000 0.018720
537.000000 0.049920
538.000000 0.049920
539.000000 0.049920
540.000000 0.049920
541.000000 0.052000
542.000000 0.052000
543.000000 0.052000
544.000000 0.052000
545.000000 0.172640
546.000000 0.172640
547.000000 0.172640
548.000000 0.172640
549.000000 0.172640
550.000000 0.151840
551.000000 0.151840
552.000000 0.151840
553.000000 0.151840
554.000000 0.151840
555.000000 0.162240
556.000000 0.164320
557.000000 0.164320
558.000000 0.164320
559.000000 0.043680
560.000000 0.047840
561.000000 0.047840
562.000000 0.047840
563.000000 0.047840
564.000000 0.037440
565.000000 0.037440
566.000000 0.037440
567.000000 0.037440
568.000000 0.037440
569.000000 0.027040
570.000000 0.027040
571.000000 0.029120
572.000000 0.029120
573.000000 0.029120
574.000000 0.068640
575.000000 0.022880
576.000000 0.062400
577.000000 0.062400
578.000000 0.062400
579.000000 0.062400
580.000000 0.062400
581.000000 0.062400
582.000000 0.062400
583.000000 0.062400
584.000000 0.062400
585.000000 0.062400
586.000000 0.062400
587.000000 0.062400
588.000000 0.064480
589.000000 0.064480
590.000000 0.064480
591.000000 0.027040
592.000000 0.027040
593.000000 0.074880
594.000000 0.074880
595.000000 0.251680
596.000000 0.251680
597.000000 0.251680
598.000000 0.251680
599.000000 0.251680
600.000000 0.272480
601.000000 0.272480
602.000000 0.272480
603.000000 0.272480
604.000000 0.272480
605.000000 0.301600
606.000000 0.303680
607.000000 0.303680
608.000000 0.303680
609.000000 0.303680
610.000000 0.276640
611.000000 0.276640
612.000000 0.099840
613.000000 0.099840
614.000000 0.099840
615.000000 0.120640
616.000000 0.120640
617.000000 0.099840
618.000000 0.099840
619.000000 0.099840
620.000000 0.120640
621.000000 0.120640
622.000000 0.091520
623.000000 0.091520
624.000000 0.091520
625.000000 0.114400
626.000000 0.114400
627.000000 0.114400
628.000000 0.093600
629.000000 0.093600
630.000000 0.114400
631.000000 0.114400
632.000000 0.114400
633.000000 0.093600
634.000000 0.093600
635.000000 0.114400
636.000000 0.114400
637.000000 0.114400
638.000000 0.093600
639.000000 0.093600
640.000000 0.114400
641.000000 0.114400
642.000000 0.114400
643.000000 0.093600
644.000000 0.095680
645.000000 0.137280
646.000000 0.137280
647.000000 0.137280
648.000000 0.137280
653.000000 0.112320
663.000000 0.068640
664.000000 0.033280
665.000000 0.037440
666.000000 0.043680
667.000000 0.045760
668.000000 0.045760
649.000000 0.031200
650.000000 0.037840
651.000000 0.031200
652.000000 0.033280
653.000000 0.022880
654.000000 0.024960
655.000000 0.027040
656.000000 0.047840
657.000000 0.056160
658.000000 0.124800
659.000000 0.124800
660.000000 0.045760
661.000000 0.104000
662.000000 0.099840
663.000000 0.081120
664.000000 0.056160
665.000000 0.058240
666.000000 0.058240
667.000000 0.062400
669.000000 0.060320
670.000000 0.062400
671.000000 0.068640
672.000000 0.072800
673.000000 0.076960
674.000000 0.079040
675.000000 0.076960
676.000000 0.039520
677.000000 0.031200
678.000000 0.031200
679.000000 0.031200
680.000000 0.035360
681.000000 0.039520
682.000000 0.043680
683.000000 0.033280
684.000000 0.045760
685.000000 0.045760
686.000000 0.022880
687.000000 0.024960
688.000000 0.039520
689.000000 0.041600
690.000000 0.037440
691.000000 0.045760
692.000000 0.043680
693.000000 0.039520
694.000000 0.031200
695.000000 0.074880
696.000000 0.033280
697.000000 0.033280
698.000000 0.033280
699.000000 0.033280
700.000000 0.062400
701.000000 0.033280
702.000000 0.033280
703.000000 0.033280
704.000000 0.043680
705.000000 0.043680
695.000000 0.066560
706.000000 0.126880
707.000000 0.131040
708.000000 0.135200
709.000000 0.133120
710.000000 0.045760
711.000000 0.116480
712.000000 0.091520
713.000000 0.043680
714.000000 0.045760
715.000000 0.047840
716.000000 0.049920
717.000000 0.041600
718.000000 0.041600
719.000000 0.066560
720.000000 0.066560
721.000000 0.062400
722.000000 0.062400
723.000000 0.064480
724.000000 0.064480
725.000000 0.064480
726.000000 0.085280
727.000000 0.085280
728.000000 0.085280
729.000000 0.085280
730.000000 0.085280
731.000000 0.087360
732.000000 0.087360
733.000000 0.087360
734.000000 0.024960
735.000000 0.024960
736.000000 0.024960
737.000000 0.024960
738.000000 0.024960
739.000000 0.024960
740.000000 0.024960
741.000000 0.257920
742.000000 0.257920
743.000000 0.243360
744.000000 0.243360
745.000000 0.058240
746.000000 0.058240
747.000000 0.058240
748.000000 0.058240
749.000000 0.235040
750.000000 0.191360
751.000000 0.191360
741.000000 0.191360
752.000000 0.016640
753.000000 0.020800
754.000000 0.024960
755.000000 0.018720
756.000000 0.024960
757.000000 0.031200
758.000000 0.031200
759.000000 0.024960
760.000000 0.022880
761.000000 0.018720
762.000000 0.020800
763.000000 0.027040
764.000000 0.020800
765.000000 0.027040
766.000000 0.018720
767.000000 0.022880
768.000000 0.024960
769.000000 0.022880
770.000000 0.018720
771.000000 0.020800
772.000000 0.024960
773.000000 0.027040
774.000000 0.027040
775.000000 0.029120
776.000000 0.029120
777.000000 0.027040
778.000000 0.029120
779.000000 0.029120
780.000000 0.031200
781.000000 0.052000
782.000000 0.056160
783.000000 0.054080
784.000000 0.126880
785.000000 0.054080
786.000000 0.056160
787.000000 0.054080
788.000000 0.054080
789.000000 0.052000
790.000000 0.043680
791.000000 0.045760
792.000000 0.045760
793.000000 0.049920
794.000000 0.049920
795.000000 0.047840
784.000000 0.047840
796.000000 0.035360
797.000000 0.033280
798.000000 0.027040
799.000000 0.024960
800.000000 0.024960
801.000000 0.020800
802.000000 0.016640
803.000000 0.016640
804.000000 0.016640
805.000000 0.018720
806.000000 0.024960
807.000000 0.031200
808.000000 0.018720
809.000000 0.020800
810.000000 0.022880
811.000000 0.024960
812.000000 0.022880
813.000000 0.029120
814.000000 0.024960
815.000000 0.029120
816.000000 0.029120
817.000000 0.027040
818.000000 0.027040
819.000000 0.027040
820.000000 0.033280
821.000000 0.031200
822.000000 0.033280
823.000000 0.029120
824.000000 0.029120
825.000000 0.029120
826.000000 0.024960
827.000000 0.022880
828.000000 0.022880
829.000000 0.035360
830.000000 0.035360
831.000000 0.037440
832.000000 0.039520
833.000000 0.037440
834.000000 0.037440
835.000000 0.037440
836.000000 0.068640
837.000000 0.031200
838.000000 0.043680
839.000000 0.043680
840.000000 0.043680
841.000000 0.045760
842.000000 0.043680
843.000000 0.043680
844.000000 0.043680
845.000000 0.043680
846.000000 0.037440
847.000000 0.016640
848.000000 0.056160
849.000000 0.056160
850.000000 0.056160
851.000000 0.056160
852.000000 0.056160
853.000000 0.056160
854.000000 0.058240
855.000000 0.058240
856.000000 0.058240
857.000000 0.058240
858.000000 0.056160
859.000000 0.016640
860.000000 0.037440
861.000000 0.037440
862.000000 0.037440
863.000000 0.037440
864.000000 0.037440
865.000000 0.037440
866.000000 0.039520
867.000000 0.039520
868.000000 0.039520
869.000000 0.039520
870.000000 0.052000
871.000000 0.052000
872.000000 0.031200
873.000000 0.031200
874.000000 0.031200
875.000000 0.047840
876.000000 0.047840
877.000000 0.079040
878.000000 0.079040
879.000000 0.079040
880.000000 0.081120
881.000000 0.081120
882.000000 0.091520
883.000000 0.079040
884.000000 0.079040
885.000000 0.079040
886.000000 0.079040
887.000000 0.087360
888.000000 0.070720
889.000000 0.070720
890.000000 0.043680
891.000000 0.043680
892.000000 0.049920
893.000000 0.049920
894.000000 0.054080
895.000000 0.054080
896.000000 0.043680
897.000000 0.047840
898.000000 0.047840
899.000000 0.047840
900.000000 0.047840
901.000000 0.039520
902.000000 0.045760
903.000000 0.045760
904.000000 0.041600
905.000000 0.041600
906.000000 0.035360
907.000000 0.039520
908.000000 0.037440
909.000000 0.037440
910.000000 0.039520
911.000000 0.039520
912.000000 0.035360
913.000000 0.035360
914.000000 0.035360
915.000000 0.070720
916.000000 0.070720
917.000000 0.064480
918.000000 0.064480
919.000000 0.064480
920.000000 0.064480
921.000000 0.064480
922.000000 0.060320
923.000000 0.060320
924.000000 0.060320
925.000000 0.060320
926.000000 0.062400
927.000000 0.278720
928.000000 0.278720
929.000000 0.278720
930.000000 0.278720
931.000000 0.243360
932.000000 0.266240
933.000000 0.266240
934.000000 0.266240
935.000000 0.266240
936.000000 0.266240
937.000000 0.289120
938.000000 0.289120
939.000000 0.289120
940.000000 0.289120
941.000000 0.289120
942.000000 0.307840
927.000000 0.109920
928.000000 0.093600
929.000000 0.095680
930.000000 0.095680
931.000000 0.112320
932.000000 0.112320
933.000000 0.114400
934.000000 0.114400
935.000000 0.116480
936.000000 0.126880
937.000000 0.128960
938.000000 0.106080
939.000000 0.108160
940.000000 0.108160
941.000000 0.120640
942.000000 0.120640
943.000000 0.120640
944.000000 0.120640
945.000000 0.097760
946.000000 0.108160
947.000000 0.108160
948.000000 0.108160
949.000000 0.108160
950.000000 0.089440
951.000000 0.101920
952.000000 0.101920
953.000000 0.101920
954.000000 0.037440
955.000000 0.033280
956.000000 0.037440
957.000000 0.039520
958.000000 0.043680
959.000000 0.043680
960.000000 0.033280
961.000000 0.120640
962.000000 0.122720
963.000000 0.124800
964.000000 0.120640
965.000000 0.114400
966.000000 0.112320
970.000000 0.099840
971.000000 0.052000
972.000000 0.052000
973.000000 0.056160
974.000000 0.020800
975.000000 0.056160
976.000000 0.060320
977.000000 0.058240
978.000000 0.058240
979.000000 0.052000
967.000000 0.031200
980.000000 0.033280
981.000000 0.027040
968.000000 0.032480
969.000000 0.220480
970.000000 0.224640
982.000000 0.087360
983.000000 0.091520
984.000000 0.093600
985.000000 0.016640
986.000000 0.024960
987.000000 0.020800
988.000000 0.016640
989.000000 0.014560
990.000000 0.020800
991.000000 0.029120
992.000000 0.020800
993.000000 0.018720
994.000000 0.020800
995.000000 0.022880
996.000000 0.024960
997.000000 0.022880
998.000000 0.024960
999.000000 0.018720
1000.000000 0.018720
1001.000000 0.018720
1002.000000 0.020800
1003.000000 0.020800
1004.000000 0.031200
1005.000000 0.031200
1006.000000 0.020800
1007.000000 0.020800
1008.000000 0.022880
1009.000000 0.035360
1010.000000 0.035360
1011.000000 0.020800
1012.000000 0.020800
1013.000000 0.024960
1014.000000 0.035360
1015.000000 0.029120
1016.000000 0.020800
1017.000000 0.020800
1018.000000 0.024960
1019.000000 0.035360
1020.000000 0.031200
1021.000000 0.035360
1022.000000 0.027040
1023.000000 0.027040
1024.000000 0.027040
1025.000000 0.033280
1026.000000 0.033280
1027.000000 0.031200
1028.000000 0.033280
1029.000000 0.039520
1030.000000 0.033280
1031.000000 0.037440
1032.000000 0.039520
1033.000000 0.041600
1034.000000 0.035360
1035.000000 0.035360
1036.000000 0.031200
1037.000000 0.029120
1038.000000 0.024960
1039.000000 0.062400
1040.000000 0.031200
1041.000000 0.029120
1042.000000 0.027040
1043.000000 0.049920
1044.000000 0.052000
1045.000000 0.020800
1046.000000 0.049920
1047.000000 0.052000
1048.000000 0.054080
1049.000000 0.049920
1050.000000 0.083200
1039.000000 0.083200
1051.000000 0.054080
1052.000000 0.058240
1053.000000 0.058240
1054.000000 0.058240
1055.000000 0.056160
1056.000000 0.022880
1057.000000 0.029120
1058.000000 0.043680
1059.000000 0.020800
1060.000000 0.047840
1061.000000 0.045760
1062.000000 0.047840
1063.000000 0.047840
1064.000000 0.045760
1065.000000 0.043680
1066.000000 0.029120
1067.000000 0.054080
1068.000000 0.056160
1069.000000 0.020800
1070.000000 0.060320
1071.000000 0.058240
1072.000000 0.058240
1073.000000 0.060320
1074.000000 0.054080
1075.000000 0.054080
1076.000000 0.022880
1077.000000 0.024960
1078.000000 0.054080
1079.000000 0.018720
1080.000000 0.066560
1081.000000 0.062400
1082.000000 0.060320
1083.000000 0.060320
1084.000000 0.062400
1085.000000 0.060320
1086.000000 0.060320
1087.000000 0.060320
1088.000000 0.027040
1089.000000 0.014560
1090.000000 0.083200
1091.000000 0.083200
1092.000000 0.083200
1093.000000 0.083200
1094.000000 0.095680
1095.000000 0.095680
1096.000000 0.095680
1097.000000 0.095680
1098.000000 0.095680
1099.000000 0.160160
1100.000000 0.093600
1101.000000 0.093600
1102.000000 0.095680
1103.000000 0.097760
1104.000000 0.114400
1105.000000 0.099840
1106.000000 0.099840
1107.000000 0.099840
1108.000000 0.099840
1109.000000 0.110240
1110.000000 0.045760
1111.000000 0.045760
1112.000000 0.045760
1113.000000 0.045760
1114.000000 0.054080
1115.000000 0.052000
1116.000000 0.035360
1117.000000 0.035360
1118.000000 0.035360
1119.000000 0.035360
1120.000000 0.035360
1121.000000 0.024960
1122.000000 0.024960
1123.000000 0.024960
1124.000000 0.024960
1125.000000 0.024960
1126.000000 0.070720
1127.000000 0.070720
1128.000000 0.072800
1129.000000 0.072800
1130.000000 0.072800
1131.000000 0.072800
1132.000000 0.072800
1133.000000 0.072800
1134.000000 0.072800
1135.000000 0.072800
1136.000000 0.072800
1137.000000 0.072800
1138.000000 0.072800
1139.000000 0.020800
1140.000000 0.020800
1141.000000 0.020800
1142.000000 0.076960
1143.000000 0.076960
1144.000000 0.076960
1145.000000 0.076960
1146.000000 0.076960
1147.000000 0.076960
1148.000000 0.076960
1149.000000 0.245440
1150.000000 0.245440
1151.000000 0.245440
1152.000000 0.245440
1153.000000 0.245440
1154.000000 0.272480
1155.000000 0.272480
1156.000000 0.218400
1157.000000 0.218400
1158.000000 0.220480
1159.000000 0.251680
1160.000000 0.251680
1161.000000 0.251680
1162.000000 0.251680
1163.000000 0.251680
1164.000000 0.112320
1165.000000 0.112320
1166.000000 0.112320
1167.000000 0.112320
1168.000000 0.112320
1169.000000 0.110240
1170.000000 0.110240
1171.000000 0.110240
1172.000000 0.110240
1173.000000 0.110240
1174.000000 0.133120
1175.000000 0.101920
1176.000000 0.101920
1177.000000 0.101920
1178.000000 0.101920
1179.000000 0.122720
1180.000000 0.093600
1181.000000 0.093600
1182.000000 0.093600
1183.000000 0.093600
1184.000000 0.114400
1185.000000 0.089440
1186.000000 0.089440
1187.000000 0.089440
1188.000000 0.089440
1189.000000 0.110240
1190.000000 0.089440
1191.000000 0.089440
1192.000000 0.091520
1193.000000 0.091520
1194.000000 0.112320
1195.000000 0.112320
1196.000000 0.091520
1197.000000 0.091520
1198.000000 0.091520
1199.000000 0.122720
1200.000000 0.122720
1201.000000 0.101920
1202.000000 0.101920
1205.000000 0.097760
1216.000000 0.060320
1217.000000 0.045760
1218.000000 0.045760
1219.000000 0.045760
1220.000000 0.049920
1221.000000 0.052000
1222.000000 0.041600
1203.000000 0.049920
1204.000000 0.071680
1206.000000 0.054080
1207.000000 0.060320
1208.000000 0.022880
1209.000000 0.029120
1210.000000 0.027040
1211.000000 0.033280
1212.000000 0.027040
1213.000000 0.022880
1214.000000 0.022880
1215.000000 0.022880
1216.000000 0.018720
1217.000000 0.027040
1218.000000 0.031200
1219.000000 0.029120
1223.000000 0.029120
1224.000000 0.035360
1225.000000 0.049920
1226.000000 0.056160
1227.000000 0.039520
1228.000000 0.031200
1229.000000 0.043680
1230.000000 0.033280
1231.000000 0.033280
1232.000000 0.033280
1233.000000 0.024960
1234.000000 0.029120
1235.000000 0.024960
1236.000000 0.035360
1237.000000 0.014560
1238.000000 0.031200
1239.000000 0.031200
1240.000000 0.035360
1241.000000 0.035360
1242.000000 0.035360
1243.000000 0.035360
1244.000000 0.024960
1245.000000 0.037440
1246.000000 0.035360
1247.000000 0.043680
1248.000000 0.043680
1249.000000 0.047840
1250.000000 0.047840
1251.000000 0.045760
1252.000000 0.045760
1253.000000 0.035360
1254.000000 0.035360
1255.000000 0.079040
1256.000000 0.079040
1257.000000 0.024960
1258.000000 0.024960
1259.000000 0.029120
1260.000000 0.072800
1261.000000 0.068640
1262.000000 0.022880
1263.000000 0.024960
1264.000000 0.054080
1265.000000 0.052000
1255.000000 0.049920
1266.000000 0.052000
1267.000000 0.054080
1268.000000 0.056160
1269.000000 0.054080
1270.000000 0.054080
1271.000000 0.054080
1272.000000 0.062400
1273.000000 0.062400
1274.000000 0.062400
1275.000000 0.062400
1276.000000 0.062400
1277.000000 0.062400
1278.000000 0.035360
1279.000000 0.037440
1280.000000 0.037440
1281.000000 0.043680
1282.000000 0.043680
1283.000000 0.043680
1284.000000 0.043680
1285.000000 0.033280
1286.000000 0.041600
1287.000000 0.041600
1288.000000 0.043680
1289.000000 0.037440
1290.000000 0.039520
1291.000000 0.043680
1292.000000 0.043680
1293.000000 0.024960
1294.000000 0.039520
1295.000000 0.041600
1296.000000 0.079040
1297.000000 0.081120
1298.000000 0.083200
1299.000000 0.083200
1300.000000 0.081120
1301.000000 0.097760
1302.000000 0.097760
1303.000000 0.079040
1304.000000 0.079040
1305.000000 0.056160
1306.000000 0.070720
1307.000000 0.070720
1308.000000 0.074880
1309.000000 0.074880
1310.000000 0.074880
1311.000000 0.072800
1312.000000 0.074880
1313.000000 0.072800
1314.000000 0.072800
1315.000000 0.058240
1316.000000 0.062400
1317.000000 0.062400
1318.000000 0.060320
1319.000000 0.062400
1320.000000 0.060320
1321.000000 0.072800
1322.000000 0.062400
1323.000000 0.062400
1324.000000 0.060320
1325.000000 0.058240
1326.000000 0.074880
1327.000000 0.060320
1328.000000 0.058240
1329.000000 0.058240
1330.000000 0.058240
1331.000000 0.074880
1332.000000 0.079040
1333.000000 0.066560
1334.000000 0.062400
1335.000000 0.060320
1336.000000 0.076960
1337.000000 0.079040
1338.000000 0.064480
1339.000000 0.060320
1340.000000 0.060320
1341.000000 0.079040
1342.000000 0.079040
