0.11	0.00
0.13	16.92
0.13	343.58
0.15	427.13
0.15	576.29
0.16	670.56
0.17	692.81
0.18	708.53
0.18	759.07
0.19	782.52
0.20	801.82
0.21	817.97
0.22	831.68
0.22	843.47
0.23	853.72
0.24	862.71
0.25	870.66
0.27	832.20
0.27	850.97
0.28	868.38
0.29	884.59
0.29	899.70
0.31	866.76
0.31	880.75
0.32	893.92
0.33	906.34
0.33	918.09
0.35	889.52
0.36	900.61
0.36	911.15
0.37	921.20
0.37	930.78
0.39	905.64
0.40	914.80
0.40	923.57
0.41	938.41
0.41	952.84
0.43	917.65
0.44	931.26
0.44	944.53
0.45	951.64
0.46	952.79
0.47	926.95
0.48	933.72
0.49	940.27
0.49	946.61
0.50	952.74
0.52	934.36
0.52	940.35
0.53	946.15
0.53	951.79
0.54	957.26
0.56	940.41
0.56	945.77
0.57	950.98
0.57	960.30
0.58	969.46
0.60	945.44
0.60	954.26
0.61	962.93
0.61	967.49
0.62	968.01
0.63	964.69
0.64	965.24
0.65	965.77
0.66	966.29
0.67	966.79
0.68	953.31
0.69	957.38
0.70	961.37
0.70	965.27
0.71	969.09
0.72	956.46
0.73	960.23
0.74	963.92
0.74	970.71
0.74	977.41
0.77	959.20
0.77	965.73
0.77	972.17
0.78	975.51
0.79	975.81
0.80	973.17
0.81	973.49
0.82	973.80
0.82	974.11
0.83	974.40
0.85	963.77
0.86	966.85
0.86	969.88
0.87	972.86
0.87	975.79
0.89	965.70
0.90	968.60
0.90	971.45
0.91	976.79
0.91	982.08
0.93	967.42
0.94	972.60
0.94	977.72
0.95	980.36
0.96	980.55
0.97	978.37
0.97	978.58
0.98	978.78
0.99	978.98
1.00	979.17
1.02	970.40
1.02	972.88
1.03	975.32
1.03	977.73
1.04	980.10
1.05	980.28
1.06	980.45
1.07	980.62
1.07	980.79
1.08	980.95
1.10	972.89
1.10	977.17
1.11	981.43
1.11	983.61
1.12	983.74
1.13	979.89
1.14	980.05
1.15	980.21
1.16	980.37
1.17	982.45
1.18	974.98
1.19	977.05
1.19	979.09
1.20	981.11
1.21	983.11
1.22	983.24
1.22	983.36
1.23	983.49
1.24	983.61
1.25	983.73
1.26	976.78
1.27	980.44
1.27	984.07
1.28	985.93
1.29	986.03
1.30	982.69
1.31	982.81
1.32	982.93
1.33	983.05
1.33	984.83
1.35	978.33
1.35	980.11
1.36	981.87
1.37	983.61
1.37	985.33
1.38	985.42
1.39	985.52
1.40	985.61
1.41	985.70
1.41	985.80
1.43	979.70
1.44	982.89
1.44	986.06
1.45	987.68
1.45	987.75
1.46	986.32
1.47	986.40
1.48	986.48
1.49	986.56
1.50	986.64
1.51	980.89
1.52	982.45
1.53	983.99
1.53	985.52
1.54	987.03
1.55	985.68
1.56	985.77
1.57	985.85
1.57	985.93
1.58	987.40
1.60	981.96
1.60	984.79
1.61	987.61
1.61	989.04
1.62	989.10
1.63	987.81
1.64	987.88
1.65	987.94
1.66	988.01
1.66	988.07
1.68	982.91
1.69	984.30
1.69	985.67
1.70	987.03
1.71	988.38
1.72	987.16
1.72	987.23
1.73	987.30
1.74	987.36
1.75	988.68
1.76	983.77
1.77	986.31
1.77	988.85
1.78	990.13
1.79	990.18
1.80	989.01
1.81	989.06
1.81	989.12
1.82	989.17
1.83	989.22
1.85	984.55
1.85	985.79
1.86	987.03
1.87	988.26
1.87	989.48
1.88	989.53
1.89	989.57
1.90	989.62
1.91	989.67
1.91	989.72
1.93	985.25
1.93	987.56
1.94	989.86
1.95	991.02
1.95	991.06
1.97	988.89
1.97	988.94
1.98	988.99
1.99	989.03
2.00	990.17
2.01	985.89
2.02	987.03
2.03	988.15
2.03	989.27
2.04	990.38
2.05	990.42
2.06	990.46
2.06	990.50
2.07	990.54
2.08	990.58
2.10	986.48
2.10	988.60
2.11	990.70
2.11	991.77
2.12	991.80
2.13	989.80
2.14	989.84
2.15	989.88
2.16	989.92
2.16	990.97
2.18	987.03
2.19	988.07
2.19	989.10
2.20	990.12
2.21	991.14
2.21	991.18
2.22	991.21
2.23	991.25
2.24	991.28
2.25	991.32
2.26	987.53
2.27	989.48
2.27	991.42
2.28	992.40
2.29	992.43
2.30	991.51
2.30	991.55
2.31	991.58
2.32	991.61
2.33	991.64
2.35	987.99
2.35	988.95
2.36	989.90
2.37	990.85
2.37	991.79
2.38	990.92
2.39	990.95
2.40	990.98
2.41	991.02
2.41	991.94
2.43	988.42
2.43	990.23
2.44	992.03
2.44	992.94
2.45	992.97
2.46	992.11
2.47	992.14
2.48	992.17
2.49	992.20
2.50	992.22
2.51	988.82
2.52	989.71
2.53	990.60
2.53	991.48
2.54	992.36
2.55	991.54
2.56	991.57
2.56	991.59
2.57	991.62
2.58	992.48
2.60	989.19
2.60	990.88
2.60	992.56
2.61	993.41
2.62	993.43
2.63	992.63
2.64	992.66
2.65	992.68
2.65	992.71
2.66	992.73
2.68	989.54
2.69	990.37
2.69	991.20
2.70	992.03
2.70	992.85
2.71	992.87
2.72	992.89
2.73	992.91
2.74	992.94
2.75	992.96
2.76	989.87
2.77	991.45
2.77	993.02
2.78	993.82
2.79	993.84
2.80	992.32
2.81	992.35
2.81	992.37
2.82	992.39
2.83	993.17
2.85	990.18
2.85	990.96
2.86	991.73
2.86	992.51
2.87	993.28
2.88	993.30
2.89	993.32
2.90	993.34
2.90	993.36
2.91	993.38
2.93	990.47
2.93	991.95
2.94	993.43
2.94	994.18
2.95	994.20
2.96	992.77
2.97	992.79
2.98	992.81
2.99	992.83
3.00	993.57
3.01	990.74
3.02	991.47
3.02	992.21
3.03	992.93
3.04	993.66
3.05	993.68
3.05	993.69
3.06	993.71
3.07	993.73
3.08	993.75
3.10	991.00
3.10	992.40
3.10	993.80
3.11	994.50
3.12	994.52
3.13	993.85
3.14	993.87
3.15	993.88
3.15	993.90
3.16	993.92
3.18	991.24
3.18	991.94
3.19	992.63
3.20	993.31
3.20	994.00
3.21	993.35
3.22	993.37
3.23	993.39
3.24	993.40
3.25	994.08
3.26	991.47
3.27	992.80
3.27	994.13
3.28	994.79
3.28	994.81
3.30	994.17
3.30	994.19
3.31	994.20
3.32	994.22
3.33	994.23
3.34	991.69
3.35	992.35
3.36	993.00
3.36	993.66
3.37	994.30
3.38	993.69
3.39	993.70
3.40	993.72
3.41	993.74
3.41	994.38
3.43	991.90
3.43	993.16
3.44	994.42
3.44	995.05
3.45	995.06
3.46	994.46
3.47	994.47
3.48	994.49
3.49	994.50
3.49	994.51
3.51	992.10
3.52	992.72
3.52	993.34
3.53	993.96
3.54	994.58
3.54	994.59
3.55	994.61
3.56	994.62
3.57	994.63
3.58	994.65
3.59	992.29
3.60	993.49
3.60	994.68
3.61	995.29
3.62	995.30
3.63	994.13
3.64	994.15
3.65	994.16
3.65	994.18
3.66	994.77
3.68	992.47
3.68	993.06
3.69	993.65
3.70	994.24
3.70	994.83
3.71	994.84
3.72	994.86
3.73	994.87
3.74	994.88
3.74	994.89
3.76	992.64
3.77	993.78
3.77	994.93
3.78	995.50
3.78	995.51
3.80	994.40
3.80	994.41
3.81	994.42
3.82	994.44
3.83	995.01
3.84	992.80
3.85	993.37
3.86	993.93
3.86	994.50
3.87	995.06
3.88	995.07
3.89	995.08
3.89	995.09
3.90	995.10
3.91	995.11
3.93	992.96
3.93	994.05
3.94	995.15
3.94	995.70
3.95	995.71
3.96	995.18
3.97	995.19
3.98	995.20
3.99	995.21
3.99	995.22
4.01	993.11
4.02	993.65
4.02	994.19
4.03	994.73
4.04	995.27
4.05	994.75
4.05	994.77
4.06	994.78
4.07	994.79
4.08	995.32
4.09	993.25
4.10	994.30
4.10	995.35
4.11	995.88
4.12	995.88
4.13	995.38
4.14	995.39
4.14	995.40
4.15	995.41
4.16	995.42
4.18	993.39
4.18	993.91
4.19	994.43
4.20	994.95
4.20	995.46
4.21	994.97
4.22	994.98
4.23	994.99
4.24	995.00
4.24	995.51
4.26	993.52
4.26	994.53
4.27	995.53
4.27	996.04
4.28	996.05
4.29	995.56
4.30	995.57
4.31	995.58
4.32	995.59
4.33	995.60
4.34	993.65
4.35	994.15
4.36	994.65
4.36	995.14
4.37	995.64
4.38	995.65
4.38	995.66
4.39	995.66
4.40	995.67
4.41	995.68
4.43	993.77
4.43	994.74
4.43	995.71
4.44	996.19
4.45	996.20
4.46	995.26
4.47	995.26
4.48	995.27
4.49	995.28
4.49	995.76
4.51	993.89
4.52	994.37
4.52	994.85
4.53	995.33
4.53	995.80
4.54	995.81
4.55	995.82
4.56	995.83
4.57	995.83
4.58	995.84
4.59	994.00
4.60	994.93
4.60	995.87
4.61	996.33
4.62	996.34
4.63	995.43
4.64	995.44
4.64	995.45
4.65	995.45
4.66	995.92
4.68	994.11
4.68	994.57
4.69	995.04
4.69	995.50
4.70	995.95
4.71	995.96
4.72	995.97
4.73	995.98
4.73	995.98
4.74	995.99
4.76	994.22
4.76	995.12
4.77	996.01
4.77	996.46
4.78	996.47
4.79	996.03
4.80	996.04
4.81	996.05
4.82	996.05
4.83	996.06
4.84	994.32
4.85	994.77
4.86	995.21
4.86	995.65
4.87	996.10
4.88	995.67
4.89	995.68
4.89	995.68
4.90	995.69
4.91	996.13
4.93	994.42
4.93	995.28
4.93	996.15
4.94	996.59
4.95	996.59
4.96	996.17
4.97	996.18
4.98	996.18
4.98	996.19
4.99	996.20
5.01	994.51
5.02	994.94
5.02	995.37
5.03	995.80
5.03	996.23
5.04	995.81
5.05	995.82
5.06	995.83
5.07	995.84
5.08	996.26
5.09	994.60
5.10	995.44
5.10	996.28
5.11	996.70
5.12	996.70
5.13	996.30
5.13	996.30
5.14	996.31
5.15	996.32
5.16	996.32
5.18	994.69
5.18	995.11
5.19	995.52
5.19	995.94
5.20	996.35
5.21	996.36
5.22	996.36
5.23	996.37
5.23	996.37
5.24	996.38
5.26	994.78
5.26	995.59
5.27	996.40
5.27	996.81
5.28	996.81
5.29	996.02
5.30	996.02
5.31	996.03
5.32	996.04
5.33	996.44
5.34	994.86
5.35	995.26
5.35	995.67
5.36	996.07
5.37	996.47
5.38	996.47
5.38	996.48
5.39	996.48
5.40	996.49
5.41	996.49
5.42	994.94
5.43	995.73
5.43	996.51
5.44	996.90
5.45	996.91
5.46	996.14
5.47	996.15
5.48	996.15
5.49	996.16
5.49	996.55
5.51	995.02
5.51	995.41
5.52	995.80
5.53	996.19
5.53	996.58
5.54	996.58
5.55	996.59
5.56	996.59
5.57	996.60
5.57	996.60
5.59	995.09
5.60	995.86
5.60	996.62
5.61	997.00
5.61	997.00
5.62	996.63
5.63	996.64
5.64	996.64
5.65	996.65
5.66	996.65
5.67	995.17
5.68	995.55
5.69	995.92
5.69	996.30
5.70	996.68
5.71	996.31
5.72	996.32
5.73	996.32
5.73	996.33
5.74	996.70
5.76	995.24
5.76	995.98
5.77	996.72
5.77	997.09
5.78	997.09
5.79	996.73
5.80	996.74
5.81	996.74
5.82	996.74
5.82	996.75
5.84	995.31
5.85	995.68
5.85	996.04
5.86	996.41
5.87	996.77
5.88	996.42
5.88	996.42
5.89	996.43
5.90	996.43
5.91	996.80
5.92	995.38
5.93	996.09
5.93	996.81
5.94	997.17
5.95	997.17
5.96	996.82
5.97	996.83
5.97	996.83
5.98	996.84
5.99	996.84
6.01	995.44
6.01	995.80
6.02	996.15
6.03	996.51
6.03	996.86
6.04	996.87
6.05	996.87
6.06	996.88
6.07	996.88
6.07	996.89
6.09	995.50
6.09	996.20
6.10	996.90
6.11	997.25
6.11	997.25
6.13	996.57
6.13	996.57
6.14	996.58
6.15	996.58
6.16	996.93
6.17	995.57
6.18	995.91
6.19	996.26
6.19	996.60
6.20	996.95
6.21	996.95
6.22	996.96
6.22	996.96
6.23	996.97
6.24	996.97
6.26	995.63
6.26	996.30
6.27	996.98
6.27	997.32
6.28	997.33
6.29	996.66
6.30	996.66
6.31	996.67
6.32	996.67
6.32	997.01
6.34	995.68
6.35	996.02
6.35	996.36
6.36	996.69
6.37	997.03
6.37	997.03
6.38	997.04
6.39	997.04
6.40	997.05
6.41	997.05
6.42	995.74
6.43	996.40
6.43	997.06
6.44	997.39
6.45	997.40
6.46	997.07
6.46	997.08
6.47	997.08
6.48	997.08
6.49	997.09
6.51	995.80
6.51	996.12
6.52	996.45
6.53	996.78
6.53	997.11
6.54	996.79
6.55	996.79
6.56	996.80
6.57	996.80
6.57	997.13
6.59	995.85
6.59	996.49
6.60	997.14
6.60	997.46
6.61	997.46
6.62	997.15
6.63	997.15
6.64	997.16
6.65	997.16
6.66	997.16
6.67	995.90
6.68	996.22
6.69	996.54
6.69	996.86
6.70	997.18
6.71	996.87
6.72	996.87
6.72	996.88
6.73	996.88
6.74	997.20
6.76	995.95
6.76	996.58
6.76	997.21
6.77	997.52
6.78	997.53
6.79	997.22
6.80	997.22
6.81	997.23
6.81	997.23
6.82	997.23
6.84	996.00
6.85	996.32
6.85	996.63
6.86	996.94
6.86	997.25
6.87	997.25
6.88	997.26
6.89	997.26
6.90	997.26
6.91	997.27
6.92	996.05
6.93	996.66
6.93	997.28
6.94	997.58
6.95	997.59
6.96	996.98
6.97	996.99
6.97	996.99
6.98	996.99
6.99	997.30
7.01	996.10
7.01	996.40
7.02	996.71
7.02	997.01
7.03	997.32
7.04	997.32
7.05	997.32
7.06	997.33
7.06	997.33
7.07	997.33
7.09	996.15
7.09	996.74
7.10	997.34
7.10	997.64
7.11	997.64
7.12	997.06
7.13	997.06
7.14	997.06
7.15	997.07
7.16	997.36
7.17	996.19
7.18	996.49
7.18	996.79
7.19	997.08
7.20	997.38
7.21	997.38
7.21	997.38
7.22	997.39
7.23	997.39
7.24	997.39
7.26	996.24
7.26	996.82
7.26	997.40
7.27	997.70
7.28	997.70
7.29	997.41
7.30	997.42
7.31	997.42
7.31	997.42
7.32	997.42
7.34	996.28
7.34	996.57
7.35	996.86
7.36	997.15
7.36	997.44
7.37	997.16
7.38	997.16
7.39	997.16
7.40	997.17
7.41	997.45
7.42	996.32
7.43	996.89
7.43	997.46
7.44	997.75
7.44	997.75
7.46	997.47
7.46	997.47
7.47	997.48
7.48	997.48
7.49	997.48
7.50	996.36
7.51	996.65
7.52	996.93
7.52	997.21
7.53	997.50
7.54	997.22
7.55	997.22
7.56	997.23
7.57	997.23
7.57	997.51
7.59	996.40
7.59	996.96
7.60	997.52
7.60	997.80
7.61	997.80
7.62	997.53
7.63	997.53
7.64	997.53
7.65	997.53
7.65	997.54
7.67	996.44
7.68	996.72
7.68	997.00
7.69	997.27
7.70	997.55
7.70	997.55
7.71	997.56
7.72	997.56
7.73	997.56
7.74	997.56
7.75	996.48
7.76	997.03
7.76	997.57
7.77	997.85
7.78	997.85
7.79	997.31
7.80	997.31
7.81	997.32
7.81	997.32
7.82	997.59
7.84	996.52
7.84	996.79
7.85	997.06
7.86	997.33
7.86	997.60
7.87	997.61
7.88	997.61
7.89	997.61
7.90	997.61
7.90	997.62
7.92	996.56
7.93	997.09
7.93	997.62
7.94	997.89
7.94	997.89
7.96	997.37
7.96	997.37
7.97	997.37
7.98	997.38
7.99	997.64
8.00	996.59
8.01	996.86
8.02	997.12
8.02	997.39
8.03	997.65
8.04	997.66
8.05	997.66
8.05	997.66
8.06	997.66
8.07	997.67
8.09	996.63
8.09	997.15
8.10	997.67
8.10	997.94
8.11	997.94
8.12	997.68
8.13	997.68
8.14	997.69
8.15	997.69
8.15	997.69
8.17	996.66
8.18	996.92
8.18	997.18
8.19	997.44
8.20	997.70
8.21	997.45
8.21	997.45
8.22	997.45
8.23	997.46
8.24	997.71
8.25	996.70
8.26	997.21
8.26	997.72
8.27	997.98
8.28	997.98
8.29	997.73
8.30	997.73
8.30	997.73
8.31	997.73
8.32	997.74
8.34	996.73
8.34	996.99
8.35	997.24
8.36	997.49
8.36	997.75
8.37	997.50
8.38	997.50
8.39	997.50
8.40	997.51
8.40	997.76
8.42	996.76
8.42	997.27
8.43	997.77
8.43	998.02
8.44	998.02
8.45	997.77
8.46	997.78
8.47	997.78
8.48	997.78
8.49	997.78
8.50	996.80
8.51	997.05
8.52	997.30
8.52	997.54
8.53	997.79
8.54	997.80
8.54	997.80
8.55	997.80
8.56	997.80
8.57	997.80
8.59	996.83
8.59	997.32
8.59	997.81
8.60	998.06
8.61	998.06
8.62	997.57
8.63	997.58
8.64	997.58
8.65	997.58
8.65	997.83
8.67	996.86
8.68	997.10
8.68	997.35
8.69	997.59
8.69	997.84
8.70	997.84
8.71	997.84
8.72	997.84
8.73	997.84
8.74	997.85
8.75	996.89
8.76	997.37
8.76	997.85
8.77	998.09
8.78	998.10
8.79	997.62
8.80	997.62
8.80	997.62
8.81	997.63
8.82	997.87
8.84	996.92
8.84	997.16
8.85	997.40
8.85	997.64
8.86	997.88
8.87	997.88
8.88	997.88
8.89	997.88
8.89	997.89
8.90	997.89
8.92	996.95
8.92	997.42
8.93	997.89
8.93	998.13
8.94	998.13
8.95	997.90
8.96	997.90
8.97	997.90
8.98	997.90
8.99	997.91
9.00	996.98
9.01	997.21
9.02	997.45
9.02	997.68
9.03	997.92
9.04	997.69
9.05	997.69
9.05	997.69
9.06	997.69
9.07	997.93
9.09	997.00
9.09	997.47
9.09	997.93
9.10	998.16
9.11	998.17
9.12	997.94
9.13	997.94
9.14	997.94
9.14	997.94
9.15	997.95
9.17	997.03
9.18	997.26
9.18	997.49
9.19	997.72
9.19	997.95
9.20	997.73
9.21	997.73
9.22	997.73
9.23	997.73
9.24	997.96
9.25	997.06
9.26	997.51
9.26	997.97
9.27	998.20
9.28	998.20
9.29	997.98
9.29	997.98
9.30	997.98
9.31	997.98
9.32	997.98
9.34	997.08
9.34	997.31
9.35	997.54
9.35	997.77
9.36	997.99
9.37	997.99
9.38	998.00
9.39	998.00
9.39	998.00
9.40	998.00
9.42	997.11
9.42	997.56
9.43	998.01
9.43	998.23
9.44	998.23
9.45	997.79
9.46	997.79
9.47	997.79
9.48	997.79
9.49	998.02
9.50	997.14
9.51	997.36
9.51	997.58
9.52	997.80
9.53	998.03
9.54	998.03
9.54	998.03
9.55	998.03
9.56	998.03
9.57	998.04
9.58	997.16
9.59	997.60
9.59	998.04
9.60	998.26
9.61	998.26
9.62	997.83
9.63	997.83
9.64	997.83
9.65	997.83
9.65	998.05
9.67	997.19
9.67	997.41
9.68	997.62
9.69	997.84
9.69	998.06
9.70	998.06
9.71	998.06
9.72	998.07
9.73	998.07
9.73	998.07
9.75	997.21
9.76	997.64
9.76	998.07
9.77	998.29
9.77	998.29
9.78	998.08
9.79	998.08
9.80	998.08
9.81	998.08
9.82	998.09
9.83	997.23
9.84	997.45
9.85	997.66
9.85	997.88
9.86	998.09
9.87	997.88
9.88	997.89
9.89	997.89
9.89	997.89
9.90	998.10
9.92	997.26
9.92	997.68
9.93	998.11
9.93	998.32
9.94	998.32
9.95	998.11
9.96	998.11
9.97	998.12
9.98	998.12
9.98	998.12
10.00	997.28
10.01	997.49
10.01	997.70
10.02	997.92
10.03	998.13
10.04	997.92
10.04	997.92
10.05	997.92
10.06	997.92
10.07	998.13
10.08	997.30
10.09	997.72
10.09	998.14
10.10	998.35
10.11	998.35
10.12	998.14
10.13	998.14
10.13	998.15
10.14	998.15
10.15	998.15
10.17	997.33
10.17	997.53
10.18	997.74
10.19	997.95
10.19	998.16
10.20	998.16
10.21	998.16
10.22	998.16
10.23	998.16
10.23	998.16
10.25	997.35
10.25	997.76
10.26	998.17
10.27	998.38
10.27	998.38
10.29	997.97
10.29	997.97
10.30	997.97
10.31	997.97
10.32	998.18
10.33	997.37
10.34	997.57
10.35	997.78
10.35	997.98
10.36	998.19
10.37	998.19
10.38	998.19
10.38	998.19
10.39	998.19
10.40	998.19
10.42	997.39
10.42	997.79
10.43	998.20
10.43	998.40
10.44	998.40
10.45	998.00
10.46	998.00
10.47	998.01
10.48	998.01
10.48	998.21
10.50	997.41
10.51	997.61
10.51	997.81
10.52	998.02
10.53	998.22
10.53	998.22
10.54	998.22
10.55	998.22
10.56	998.22
10.57	998.22
10.58	997.43
10.59	997.83
10.59	998.23
10.60	998.43
10.61	998.43
10.62	998.23
10.62	998.23
10.63	998.23
10.64	998.24
10.65	998.24
10.67	997.45
10.67	997.65
10.68	997.85
10.69	998.05
10.69	998.24
10.70	998.05
10.71	998.05
10.72	998.05
10.73	998.05
10.73	998.25
10.75	997.47
10.75	997.86
10.76	998.26
10.76	998.45
10.77	998.45
10.78	998.26
10.79	998.26
10.80	998.26
10.81	998.26
10.82	998.26
10.83	997.49
10.84	997.69
10.85	997.88
10.85	998.08
10.86	998.27
10.87	998.08
10.88	998.08
10.88	998.08
10.89	998.08
10.90	998.28
10.92	997.51
10.92	997.90
10.92	998.28
10.93	998.48
10.94	998.48
10.95	998.29
10.96	998.29
10.97	998.29
10.97	998.29
10.98	998.29
11.00	997.53
11.01	997.72
11.01	997.91
11.02	998.11
11.02	998.30
11.03	998.30
11.04	998.30
11.05	998.30
11.06	998.30
11.07	998.30
11.08	997.55
11.09	997.93
11.09	998.31
11.10	998.50
11.11	998.50
11.12	998.12
11.13	998.12
11.13	998.13
11.14	998.13
11.15	998.32
11.17	997.57
11.17	997.76
11.18	997.95
11.18	998.13
11.19	998.32
11.20	998.32
11.21	998.33
11.22	998.33
11.22	998.33
11.23	998.33
11.25	997.59
11.25	997.96
11.26	998.33
11.26	998.52
11.27	998.52
11.28	998.15
11.29	998.15
11.30	998.15
11.31	998.16
11.32	998.34
11.33	997.60
11.34	997.79
11.34	997.98
11.35	998.16
11.36	998.35
11.37	998.35
11.37	998.35
11.38	998.35
11.39	998.35
11.40	998.35
11.42	997.62
11.42	997.99
11.42	998.36
11.43	998.54
11.44	998.54
11.45	998.36
11.46	998.36
11.47	998.36
11.47	998.36
11.48	998.37
11.50	997.64
11.50	997.82
11.51	998.01
11.52	998.19
11.52	998.37
11.53	998.19
11.54	998.19
11.55	998.19
11.56	998.20
11.57	998.38
11.58	997.66
11.59	998.02
11.59	998.38
11.60	998.56
11.60	998.56
11.62	998.38
11.62	998.39
11.63	998.39
11.64	998.39
11.65	998.39
11.66	997.67
11.67	997.85
11.68	998.03
11.68	998.21
11.69	998.40
11.70	998.22
11.71	998.22
11.72	998.22
11.73	998.22
11.73	998.40
11.75	997.69
11.75	998.05
11.76	998.40
11.76	998.58
11.77	998.58
11.78	998.41
11.79	998.41
11.80	998.41
11.81	998.41
11.81	998.41
11.83	997.71
11.84	997.88
11.84	998.06
11.85	998.24
11.86	998.42
11.86	998.42
11.87	998.42
11.88	998.42
11.89	998.42
11.90	998.42
11.91	997.72
11.92	998.07
11.92	998.43
11.93	998.60
11.94	998.60
11.95	998.26
11.96	998.26
11.97	998.26
11.97	998.26
11.98	998.43
12.00	997.74
12.00	997.91
12.01	998.09
12.02	998.26
12.02	998.44
12.03	998.44
12.04	998.44
12.05	998.44
12.06	998.44
12.06	998.45
12.08	997.75
12.09	998.10
12.09	998.45
12.10	998.62
12.10	998.62
12.12	998.28
12.12	998.28
12.13	998.28
12.14	998.28
12.15	998.46
12.15	0.00
