0.11	0.00
0.13	16.92
0.13	381.63
0.14	446.94
0.15	608.47
0.16	648.81
0.17	699.28
0.17	737.66
0.18	788.51
0.19	831.56
0.19	848.88
0.20	863.28
0.21	892.46
0.22	901.80
0.23	909.86
0.23	916.89
0.24	923.07
0.25	928.56
0.26	933.45
0.27	937.84
0.27	941.81
0.28	945.41
0.29	948.69
0.30	951.69
0.31	954.45
0.32	957.00
0.32	959.35
0.33	961.53
0.34	963.56
0.35	965.46
0.36	967.22
0.36	968.88
0.37	970.44
0.38	971.90
0.39	973.28
0.40	974.58
0.40	975.81
0.41	976.97
0.42	978.08
0.43	979.13
0.44	980.12
0.45	981.07
0.45	981.98
0.46	982.84
0.47	983.66
0.48	984.45
0.49	985.21
0.49	985.93
0.50	986.62
0.51	987.29
0.52	987.92
0.53	988.54
0.54	989.13
0.54	989.70
0.55	990.25
0.56	990.77
0.57	991.28
0.58	991.77
0.58	992.25
0.59	992.71
0.60	993.15
0.61	993.58
0.62	994.00
0.63	994.40
0.63	994.79
0.64	995.17
0.65	995.53
0.66	995.89
0.67	996.24
0.67	996.57
0.68	996.90
0.69	997.22
0.70	997.52
0.71	997.82
0.72	998.12
0.72	998.40
0.73	998.68
0.74	998.95
0.75	999.21
0.76	999.47
0.76	999.72
0.77	999.96
0.78	1000.20
0.79	1000.43
0.80	1000.66
0.80	1000.88
0.81	1001.09
0.82	1001.31
0.83	1001.51
0.84	1001.71
0.85	1001.91
0.85	1002.10
0.86	1002.29
0.87	1002.48
0.88	1002.66
0.89	1002.84
0.89	1003.01
0.90	1003.18
0.91	1003.35
0.92	1003.51
0.93	1003.67
0.94	1003.83
0.94	1003.98
0.95	1004.13
0.96	1004.28
0.97	1004.42
0.98	1004.57
0.98	1004.71
0.99	1004.84
1.00	1004.98
1.01	1005.11
1.02	1005.24
1.03	1005.37
1.03	1005.49
1.04	1005.62
1.05	1005.74
1.06	1005.86
1.07	1005.97
1.07	1006.09
1.08	1006.20
1.09	1006.31
1.10	1006.42
1.11	1006.53
1.11	1006.64
1.12	1006.74
1.13	1006.84
1.14	1006.94
1.15	1007.04
1.16	1007.14
1.16	1007.24
1.17	1007.33
1.18	1007.42
1.19	1007.52
1.20	1007.61
1.20	1007.70
1.21	1007.78
1.22	1007.87
1.23	1007.96
1.24	1008.04
1.25	1008.12
1.25	1008.20
1.26	1008.28
1.27	1008.36
1.28	1008.44
1.29	1008.52
1.29	1008.60
1.30	1008.67
1.31	1008.74
1.32	1008.82
1.33	1008.89
1.34	1008.96
1.34	1009.03
1.35	1009.10
1.36	1009.17
1.37	1009.24
1.38	1009.30
1.38	1009.37
1.39	1009.43
1.40	1009.50
1.41	1009.56
1.42	1009.62
1.42	1009.69
1.43	1009.75
1.44	1009.81
1.45	1009.87
1.46	1009.93
1.47	1009.98
1.47	1010.04
1.48	1010.10
1.49	1010.15
1.50	1010.21
1.51	1010.26
1.51	1010.32
1.52	1010.37
1.53	1010.42
1.54	1010.48
1.55	1010.53
1.56	1010.58
1.56	1010.63
1.57	1010.68
1.58	1010.73
1.59	1010.78
1.60	1010.83
1.60	1010.87
1.61	1010.92
1.62	1010.97
1.63	1011.01
1.64	1011.06
1.65	1011.11
1.65	1011.15
1.66	1011.20
1.67	1011.24
1.68	1011.28
1.69	1011.33
1.69	1011.37
1.70	1011.41
1.71	1011.45
1.72	1011.49
1.73	1011.53
1.74	1011.57
1.74	1011.61
1.75	1011.65
1.76	1011.69
1.77	1011.73
1.78	1011.77
1.78	1011.81
1.79	1011.85
1.80	1011.88
1.81	1011.92
1.82	1011.96
1.82	1011.99
1.83	1012.03
1.84	1012.07
1.85	1012.10
1.86	1012.14
1.87	1012.17
1.87	1012.21
1.88	1012.24
1.89	1012.27
1.90	1012.31
1.91	1012.34
1.91	1012.37
1.92	1012.40
1.93	1012.44
1.94	1012.47
1.95	1012.50
1.96	1012.53
1.96	1012.56
1.97	1012.59
1.98	1012.62
1.99	1012.65
2.00	1012.68
2.00	1012.71
2.01	1012.74
2.02	1012.77
2.03	1012.80
2.04	1012.83
2.05	1012.86
2.05	1012.89
2.06	1012.92
2.07	1012.94
2.08	1012.97
2.09	1013.00
2.09	1013.03
2.10	1013.05
2.11	1013.08
2.12	1013.11
2.13	1013.13
2.13	1013.16
2.14	1013.18
2.15	1013.21
2.16	1013.23
2.17	1013.26
2.18	1013.29
2.18	1013.31
2.19	1013.33
2.20	1013.36
2.21	1013.38
2.22	1013.41
2.22	1013.43
2.23	1013.45
2.24	1013.48
2.25	1013.50
2.26	1013.52
2.27	1013.55
2.27	1013.57
2.28	1013.59
2.29	1013.62
2.30	1013.64
2.31	1013.66
2.31	1013.68
2.32	1013.70
2.33	1013.73
2.34	1013.75
2.35	1013.77
2.36	1013.79
2.36	1013.81
2.37	1013.83
2.38	1013.85
2.39	1013.87
2.40	1013.89
2.40	1013.91
2.41	1013.93
2.42	1013.95
2.43	1013.97
2.44	1013.99
2.44	1014.01
2.45	1014.03
2.46	1014.05
2.47	1014.07
2.48	1014.09
2.49	1014.11
2.49	1014.13
2.50	1014.15
2.51	1014.16
2.52	1014.18
2.53	1014.20
2.53	1014.22
2.54	1014.24
2.55	1014.26
2.56	1014.27
2.57	1014.29
2.58	1014.31
2.58	1014.33
2.59	1014.34
2.60	1014.36
2.61	1014.38
2.62	1014.40
2.62	1014.41
2.63	1014.43
2.64	1014.45
2.65	1014.46
2.66	1014.48
2.67	1014.49
2.67	1014.51
2.68	1014.53
2.69	1014.54
2.70	1014.56
2.71	1014.57
2.71	1014.59
2.72	1014.61
2.73	1014.62
2.74	1014.64
2.75	1014.65
2.76	1014.67
2.76	1014.68
2.77	1014.70
2.78	1014.71
2.79	1014.73
2.80	1014.74
2.80	1014.76
2.81	1014.77
2.82	1014.79
2.83	1014.80
2.84	1014.82
2.84	1014.83
2.85	1014.84
2.86	1014.86
2.87	1014.87
2.88	1014.89
2.89	1014.90
2.89	1014.91
2.90	1014.93
2.91	1014.94
2.92	1014.95
2.93	1014.97
2.93	1014.98
2.94	1014.99
2.95	1015.01
2.96	1015.02
2.97	1015.03
2.98	1015.05
2.98	1015.06
2.99	1015.07
3.00	1015.09
3.01	1015.10
3.02	1015.11
3.02	1015.12
3.03	1015.14
3.04	1015.15
3.05	1015.16
3.06	1015.17
3.07	1015.19
3.07	1015.20
3.08	1015.21
3.09	1015.22
3.10	1015.23
3.11	1015.25
3.11	1015.26
3.12	1015.27
3.13	1015.28
3.14	1015.29
3.15	1015.30
3.15	1015.32
3.16	1015.33
3.17	1015.34
3.18	1015.35
3.19	1015.36
3.20	1015.37
3.20	1015.38
3.21	1015.39
3.22	1015.41
3.23	1015.42
3.24	1015.43
3.24	1015.44
3.25	1015.45
3.26	1015.46
3.27	1015.47
3.28	1015.48
3.29	1015.49
3.29	1015.50
3.30	1015.51
3.31	1015.52
3.32	1015.53
3.33	1015.54
3.33	1015.55
3.34	1015.56
3.35	1015.57
3.36	1015.59
3.37	1015.60
3.38	1015.61
3.38	1015.62
3.39	1015.63
3.40	1015.63
3.41	1015.64
3.42	1015.65
3.42	1015.66
3.43	1015.67
3.44	1015.68
3.45	1015.69
3.46	1015.70
3.46	1015.71
3.47	1015.72
3.48	1015.73
3.49	1015.74
3.50	1015.75
3.51	1015.76
3.51	1015.77
3.52	1015.78
3.53	1015.79
3.54	1015.80
3.55	1015.80
3.55	1015.81
3.56	1015.82
3.57	1015.83
3.58	1015.84
3.59	1015.85
3.60	1015.86
3.60	1015.87
3.61	1015.88
3.62	1015.88
3.63	1015.89
3.64	1015.90
3.64	1015.91
3.65	1015.92
3.66	1015.93
3.67	1015.94
3.68	1015.94
3.69	1015.95
3.69	1015.96
3.70	1015.97
3.71	1015.98
3.72	1015.98
3.73	1015.99
3.73	1016.00
3.74	1016.01
3.75	1016.02
3.76	1016.03
3.77	1016.03
3.78	1016.04
3.78	1016.05
3.79	1016.06
3.80	1016.07
3.81	1016.07
3.82	1016.08
3.82	1016.09
3.83	1016.10
3.84	1016.10
3.85	1016.11
3.86	1016.12
3.86	1016.13
3.87	1016.13
3.88	1016.14
3.89	1016.15
3.90	1016.16
3.91	1016.16
3.91	1016.17
3.92	1016.18
3.93	1016.19
3.94	1016.19
3.95	1016.20
3.95	1016.21
3.96	1016.21
3.97	1016.22
3.98	1016.23
3.99	1016.24
4.00	1016.24
4.00	1016.25
4.01	1016.26
4.02	1016.26
4.03	1016.27
4.04	1016.28
4.04	1016.29
4.05	1016.29
4.06	1016.30
4.07	1016.31
4.08	1016.31
4.09	1016.32
4.09	1016.33
4.10	1016.33
4.11	1016.34
4.12	1016.35
4.13	1016.35
4.13	1016.36
4.14	1016.37
4.15	1016.37
4.16	1016.38
4.17	1016.39
4.17	1016.39
4.18	1016.40
4.19	1016.40
4.20	1016.41
4.21	1016.42
4.22	1016.42
4.22	1016.43
4.23	1016.44
4.24	1016.44
4.25	1016.45
4.26	1016.46
4.26	1016.46
4.27	1016.47
4.28	1016.47
4.29	1016.48
4.30	1016.49
4.31	1016.49
4.31	1016.50
4.32	1016.50
4.33	1016.51
4.34	1016.52
4.35	1016.52
4.35	1016.53
4.36	1016.53
4.37	1016.54
4.38	1016.55
4.39	1016.55
4.40	1016.56
4.40	1016.56
4.41	1016.57
4.42	1016.57
4.43	1016.58
4.44	1016.59
4.44	1016.59
4.45	1016.60
4.46	1016.60
4.47	1016.61
4.48	1016.61
4.48	1016.62
4.49	1016.63
4.50	1016.63
4.51	1016.64
4.52	1016.64
4.53	1016.65
4.53	1016.65
4.54	1016.66
4.55	1016.66
4.56	1016.67
4.57	1016.67
4.57	1016.68
4.58	1016.68
4.59	1016.69
4.60	1016.70
4.61	1016.70
4.62	1016.71
4.62	1016.71
4.63	1016.72
4.64	1016.72
4.65	1016.73
4.66	1016.73
4.66	1016.74
4.67	1016.74
4.68	1016.75
4.69	1016.75
4.70	1016.76
4.71	1016.76
4.71	1016.77
4.72	1016.77
4.73	1016.78
4.74	1016.78
4.75	1016.79
4.75	1016.79
4.76	1016.80
4.77	1016.80
4.78	1016.81
4.79	1016.81
4.80	1016.82
4.80	1016.82
4.81	1016.83
4.82	1016.83
4.83	1016.84
4.84	1016.84
4.84	1016.85
4.85	1016.85
4.86	1016.86
4.87	1016.86
4.88	1016.86
4.88	1016.87
4.89	1016.87
4.90	1016.88
4.91	1016.88
4.92	1016.89
4.93	1016.89
4.93	1016.90
4.94	1016.90
4.95	1016.91
4.96	1016.91
4.97	1016.92
4.97	1016.92
4.98	1016.92
4.99	1016.93
5.00	1016.93
5.01	1016.94
5.02	1016.94
5.02	1016.95
5.03	1016.95
5.04	1016.96
5.05	1016.96
5.06	1016.96
5.06	1016.97
5.07	1016.97
5.08	1016.98
5.09	1016.98
5.10	1016.99
5.11	1016.99
5.11	1016.99
5.12	1017.00
5.13	1017.00
5.14	1017.01
5.15	1017.01
5.15	1017.02
5.16	1017.02
5.17	1017.02
5.18	1017.03
5.19	1017.03
5.19	1017.04
5.20	1017.04
5.21	1017.04
5.22	1017.05
5.23	1017.05
5.24	1017.06
5.24	1017.06
5.25	1017.07
5.26	1017.07
5.27	1017.07
5.28	1017.08
5.28	1017.08
5.29	1017.09
5.30	1017.09
5.31	1017.09
5.32	1017.10
5.33	1017.10
5.33	1017.10
5.34	1017.11
5.35	1017.11
5.36	1017.12
5.37	1017.12
5.37	1017.12
5.38	1017.13
5.39	1017.13
5.40	1017.14
5.41	1017.14
5.42	1017.14
5.42	1017.15
5.43	1017.15
5.44	1017.15
5.45	1017.16
5.46	1017.16
5.46	1017.17
5.47	1017.17
5.48	1017.17
5.49	1017.18
5.50	1017.18
5.50	1017.18
5.51	1017.19
5.52	1017.19
5.53	1017.20
5.54	1017.20
5.55	1017.20
5.55	1017.21
5.56	1017.21
5.57	1017.21
5.58	1017.22
5.59	1017.22
5.59	1017.22
5.60	1017.23
5.61	1017.23
5.62	1017.23
5.63	1017.24
5.64	1017.24
5.64	1017.24
5.65	1017.25
5.66	1017.25
5.67	1017.26
5.68	1017.26
5.68	1017.26
5.69	1017.27
5.70	1017.27
5.71	1017.27
5.72	1017.28
5.73	1017.28
5.73	1017.28
5.74	1017.29
5.75	1017.29
5.76	1017.29
5.77	1017.30
5.77	1017.30
5.78	1017.30
5.79	1017.31
5.80	1017.31
5.81	1017.31
5.82	1017.32
5.82	1017.32
5.83	1017.32
5.84	1017.33
5.85	1017.33
5.86	1017.33
5.86	1017.34
5.87	1017.34
5.88	1017.34
5.89	1017.34
5.90	1017.35
5.90	1017.35
5.91	1017.35
5.92	1017.36
5.93	1017.36
5.94	1017.36
5.95	1017.37
5.95	1017.37
5.96	1017.37
5.97	1017.38
5.98	1017.38
5.99	1017.38
5.99	1017.39
6.00	1017.39
6.01	1017.39
6.02	1017.39
6.03	1017.40
6.04	1017.40
6.04	1017.40
6.05	1017.41
6.06	1017.41
6.07	1017.41
6.08	1017.42
6.08	1017.42
6.09	1017.42
6.10	1017.43
6.11	1017.43
6.12	1017.43
6.13	1017.43
6.13	1017.44
6.14	1017.44
6.15	1017.44
6.16	1017.45
6.17	1017.45
6.17	1017.45
6.18	1017.45
6.19	1017.46
6.20	1017.46
6.21	1017.46
6.21	1017.47
6.22	1017.47
6.23	1017.47
6.24	1017.47
6.25	1017.48
6.26	1017.48
6.26	1017.48
6.27	1017.49
6.28	1017.49
6.29	1017.49
6.30	1017.49
6.30	1017.50
6.31	1017.50
6.32	1017.50
6.33	1017.51
6.34	1017.51
6.35	1017.51
6.35	1017.51
6.36	1017.52
6.37	1017.52
6.38	1017.52
6.39	1017.52
6.39	1017.53
6.40	1017.53
6.41	1017.53
6.42	1017.54
6.43	1017.54
6.44	1017.54
6.44	1017.54
6.45	1017.55
6.46	1017.55
6.47	1017.55
6.48	1017.55
6.48	1017.56
6.49	1017.56
6.50	1017.56
6.51	1017.56
6.52	1017.57
6.52	1017.57
6.53	1017.57
6.54	1017.57
6.55	1017.58
6.56	1017.58
6.57	1017.58
6.57	1017.58
6.58	1017.59
6.59	1017.59
6.60	1017.59
6.61	1017.59
6.61	1017.60
6.62	1017.60
6.63	1017.60
6.64	1017.60
6.65	1017.61
6.66	1017.61
6.66	1017.61
6.67	1017.61
6.68	1017.62
6.69	1017.62
6.70	1017.62
6.70	1017.62
6.71	1017.63
6.72	1017.63
6.73	1017.63
6.74	1017.63
6.75	1017.64
6.75	1017.64
6.76	1017.64
6.77	1017.64
6.78	1017.65
6.79	1017.65
6.79	1017.65
6.80	1017.65
6.81	1017.66
6.82	1017.66
6.83	1017.66
6.84	1017.66
6.84	1017.67
6.85	1017.67
6.86	1017.67
6.87	1017.67
6.88	1017.67
6.88	1017.68
6.89	1017.68
6.90	1017.68
6.91	1017.68
6.92	1017.69
6.92	1017.69
6.93	1017.69
6.94	1017.69
6.95	1017.70
6.96	1017.70
6.97	1017.70
6.97	1017.70
6.98	1017.70
6.99	1017.71
7.00	1017.71
7.01	1017.71
7.01	1017.71
7.02	1017.72
7.03	1017.72
7.04	1017.72
7.05	1017.72
7.06	1017.72
7.06	1017.73
7.07	1017.73
7.08	1017.73
7.09	1017.73
7.10	1017.74
7.10	1017.74
7.11	1017.74
7.12	1017.74
7.13	1017.74
7.14	1017.75
7.15	1017.75
7.15	1017.75
7.16	1017.75
7.17	1017.76
7.18	1017.76
7.19	1017.76
7.19	1017.76
7.20	1017.76
7.21	1017.77
7.22	1017.77
7.23	1017.77
7.23	1017.77
7.24	1017.77
7.25	1017.78
7.26	1017.78
7.27	1017.78
7.28	1017.78
7.28	1017.78
7.29	1017.79
7.30	1017.79
7.31	1017.79
7.32	1017.79
7.32	1017.80
7.33	1017.80
7.34	1017.80
7.35	1017.80
7.36	1017.80
7.37	1017.81
7.37	1017.81
7.38	1017.81
7.39	1017.81
7.40	1017.81
7.41	1017.82
7.41	1017.82
7.42	1017.82
7.43	1017.82
7.44	1017.82
7.45	1017.83
7.46	1017.83
7.46	1017.83
7.47	1017.83
7.48	1017.83
7.49	1017.84
7.50	1017.84
7.50	1017.84
7.51	1017.84
7.52	1017.84
7.53	1017.84
7.54	1017.85
7.54	1017.85
7.55	1017.85
7.56	1017.85
7.57	1017.85
7.58	1017.86
7.59	1017.86
7.59	1017.86
7.60	1017.86
7.61	1017.86
7.62	1017.87
7.63	1017.87
7.63	1017.87
7.64	1017.87
7.65	1017.87
7.66	1017.88
7.67	1017.88
7.68	1017.88
7.68	1017.88
7.69	1017.88
7.70	1017.88
7.71	1017.89
7.72	1017.89
7.72	1017.89
7.73	1017.89
7.74	1017.89
7.75	1017.90
7.76	1017.90
7.77	1017.90
7.77	1017.90
7.78	1017.90
7.79	1017.90
7.80	1017.91
7.81	1017.91
7.81	1017.91
7.82	1017.91
7.83	1017.91
7.84	1017.92
7.85	1017.92
7.86	1017.92
7.86	1017.92
7.87	1017.92
7.88	1017.92
7.89	1017.93
7.90	1017.93
7.90	1017.93
7.91	1017.93
7.92	1017.93
7.93	1017.94
7.94	1017.94
7.94	1017.94
7.95	1017.94
7.96	1017.94
7.97	1017.94
7.98	1017.95
7.99	1017.95
7.99	1017.95
8.00	1017.95
8.01	1017.95
8.02	1017.95
8.03	1017.96
8.03	1017.96
8.04	1017.96
8.05	1017.96
8.06	1017.96
8.07	1017.96
8.08	1017.97
8.08	1017.97
8.09	1017.97
8.10	1017.97
8.11	1017.97
8.12	1017.97
8.12	1017.98
8.13	1017.98
8.14	1017.98
8.15	1017.98
8.16	1017.98
8.17	1017.98
8.17	1017.99
8.18	1017.99
8.19	1017.99
8.20	1017.99
8.21	1017.99
8.21	1017.99
8.22	1018.00
8.23	1018.00
8.24	1018.00
8.25	1018.00
8.25	1018.00
8.26	1018.00
8.27	1018.01
8.28	1018.01
8.29	1018.01
8.30	1018.01
8.30	1018.01
8.31	1018.01
8.32	1018.01
8.33	1018.02
8.34	1018.02
8.34	1018.02
8.35	1018.02
8.36	1018.02
8.37	1018.02
8.38	1018.03
8.39	1018.03
8.39	1018.03
8.40	1018.03
8.41	1018.03
8.42	1018.03
8.43	1018.04
8.43	1018.04
8.44	1018.04
8.45	1018.04
8.46	1018.04
8.47	1018.04
8.48	1018.04
8.48	1018.05
8.49	1018.05
8.50	1018.05
8.51	1018.05
8.52	1018.05
8.52	1018.05
8.53	1018.05
8.54	1018.06
8.55	1018.06
8.56	1018.06
8.56	1018.06
8.57	1018.06
8.58	1018.06
8.59	1018.07
8.60	1018.07
8.61	1018.07
8.61	1018.07
8.62	1018.07
8.63	1018.07
8.64	1018.07
8.65	1018.08
8.65	1018.08
8.66	1018.08
8.67	1018.08
8.68	1018.08
8.69	1018.08
8.70	1018.08
8.70	1018.09
8.71	1018.09
8.72	1018.09
8.73	1018.09
8.74	1018.09
8.74	1018.09
8.75	1018.09
8.76	1018.10
8.77	1018.10
8.78	1018.10
8.79	1018.10
8.79	1018.10
8.80	1018.10
8.81	1018.10
8.82	1018.11
8.83	1018.11
8.83	1018.11
8.84	1018.11
8.85	1018.11
8.86	1018.11
8.87	1018.11
8.88	1018.12
8.88	1018.12
8.89	1018.12
8.90	1018.12
8.91	1018.12
8.92	1018.12
8.92	1018.12
8.93	1018.13
8.94	1018.13
8.95	1018.13
8.96	1018.13
8.96	1018.13
8.97	1018.13
8.98	1018.13
8.99	1018.13
9.00	1018.14
9.01	1018.14
9.01	1018.14
9.02	1018.14
9.03	1018.14
9.04	1018.14
9.05	1018.14
9.05	1018.15
9.06	1018.15
9.07	1018.15
9.08	1018.15
9.09	1018.15
9.10	1018.15
9.10	1018.15
9.11	1018.15
9.12	1018.16
9.13	1018.16
9.14	1018.16
9.14	1018.16
9.15	1018.16
9.16	1018.16
9.17	1018.16
9.18	1018.17
9.19	1018.17
9.19	1018.17
9.20	1018.17
9.21	1018.17
9.22	1018.17
9.23	1018.17
9.23	1018.17
9.24	1018.18
9.25	1018.18
9.26	1018.18
9.27	1018.18
9.27	1018.18
9.28	1018.18
9.29	1018.18
9.30	1018.18
9.31	1018.19
9.32	1018.19
9.32	1018.19
9.33	1018.19
9.34	1018.19
9.35	1018.19
9.36	1018.19
9.36	1018.19
9.37	1018.20
9.38	1018.20
9.39	1018.20
9.40	1018.20
9.41	1018.20
9.41	1018.20
9.42	1018.20
9.43	1018.20
9.44	1018.21
9.45	1018.21
9.45	1018.21
9.46	1018.21
9.47	1018.21
9.48	1018.21
9.49	1018.21
9.50	1018.21
9.50	1018.22
9.51	1018.22
9.52	1018.22
9.53	1018.22
9.54	1018.22
9.54	1018.22
9.55	1018.22
9.56	1018.22
9.57	1018.23
9.58	1018.23
9.58	1018.23
9.59	1018.23
9.60	1018.23
9.61	1018.23
9.62	1018.23
9.63	1018.23
9.63	1018.23
9.64	1018.24
9.65	1018.24
9.66	1018.24
9.67	1018.24
9.67	1018.24
9.68	1018.24
9.69	1018.24
9.70	1018.24
9.71	1018.25
9.72	1018.25
9.72	1018.25
9.73	1018.25
9.74	1018.25
9.75	1018.25
9.76	1018.25
9.76	1018.25
9.77	1018.25
9.78	1018.26
9.79	1018.26
9.80	1018.26
9.81	1018.26
9.81	1018.26
9.82	1018.26
9.83	1018.26
9.84	1018.26
9.85	1018.26
9.85	1018.27
9.86	1018.27
9.87	1018.27
9.88	1018.27
9.89	1018.27
9.90	1018.27
9.90	1018.27
9.91	1018.27
9.92	1018.27
9.93	1018.28
9.94	1018.28
9.94	1018.28
9.95	1018.28
9.96	1018.28
9.97	1018.28
9.98	1018.28
9.98	1018.28
9.99	1018.28
10.00	1018.29
10.01	1018.29
10.02	1018.29
10.03	1018.29
10.03	1018.29
10.04	1018.29
10.05	1018.29
10.06	1018.29
10.07	1018.29
10.07	1018.30
10.08	1018.30
10.09	1018.30
10.10	1018.30
10.11	1018.30
10.12	1018.30
10.12	1018.30
10.13	1018.30
10.14	1018.30
10.15	1018.30
10.16	1018.31
10.16	1018.31
10.17	1018.31
10.18	1018.31
10.19	1018.31
10.20	1018.31
10.21	1018.31
10.21	1018.31
10.22	1018.31
10.23	1018.32
10.24	1018.32
10.25	1018.32
10.25	1018.32
10.26	1018.32
10.27	1018.32
10.28	1018.32
10.29	1018.32
10.29	1018.32
10.30	1018.32
10.31	1018.33
10.32	1018.33
10.33	1018.33
10.34	1018.33
10.34	1018.33
10.35	1018.33
10.36	1018.33
10.37	1018.33
10.38	1018.33
10.38	1018.33
10.39	1018.34
10.40	1018.34
10.41	1018.34
10.42	1018.34
10.43	1018.34
10.43	1018.34
10.44	1018.34
10.45	1018.34
10.46	1018.34
10.47	1018.34
10.47	1018.35
10.48	1018.35
10.49	1018.35
10.50	1018.35
10.51	1018.35
10.52	1018.35
10.52	1018.35
10.53	1018.35
10.54	1018.35
10.55	1018.35
10.56	1018.36
10.56	1018.36
10.57	1018.36
10.58	1018.36
10.59	1018.36
10.60	1018.36
10.60	1018.36
10.61	1018.36
10.62	1018.36
10.63	1018.36
10.64	1018.37
10.65	1018.37
10.65	1018.37
10.66	1018.37
10.67	1018.37
10.68	1018.37
10.69	1018.37
10.69	1018.37
10.70	1018.37
10.71	1018.37
10.72	1018.37
10.73	1018.38
10.74	1018.38
10.74	1018.38
10.75	1018.38
10.76	1018.38
10.77	1018.38
10.78	1018.38
10.78	1018.38
10.79	1018.38
10.80	1018.38
10.81	1018.39
10.82	1018.39
10.83	1018.39
10.83	1018.39
10.84	1018.39
10.85	1018.39
10.86	1018.39
10.87	1018.39
10.87	1018.39
10.88	1018.39
10.89	1018.39
10.90	1018.40
10.91	1018.40
10.92	1018.40
10.92	1018.40
10.93	1018.40
10.94	1018.40
10.95	1018.40
10.96	1018.40
10.96	1018.40
10.97	1018.40
10.98	1018.40
10.99	1018.41
11.00	1018.41
11.00	1018.41
11.01	1018.41
11.02	1018.41
11.03	1018.41
11.04	1018.41
11.05	1018.41
11.05	1018.41
11.06	1018.41
11.07	1018.41
11.08	1018.42
11.09	1018.42
11.09	1018.42
11.10	1018.42
11.11	1018.42
11.12	1018.42
11.13	1018.42
11.14	1018.42
11.14	1018.42
11.15	1018.42
11.16	1018.42
11.17	1018.42
11.18	1018.43
11.18	1018.43
11.19	1018.43
11.20	1018.43
11.21	1018.43
11.22	1018.43
11.23	1018.43
11.23	1018.43
11.24	1018.43
11.25	1018.43
11.26	1018.43
11.27	1018.44
11.27	1018.44
11.28	1018.44
11.29	1018.44
11.30	1018.44
11.31	1018.44
11.31	1018.44
11.32	1018.44
11.33	1018.44
11.34	1018.44
11.35	1018.44
11.36	1018.44
11.36	1018.45
11.37	1018.45
11.38	1018.45
11.39	1018.45
11.40	1018.45
11.40	1018.45
11.41	1018.45
11.42	1018.45
11.43	1018.45
11.44	1018.45
11.45	1018.45
11.45	1018.45
11.46	1018.46
11.47	1018.46
11.48	1018.46
11.49	1018.46
11.49	1018.46
11.50	1018.46
11.51	1018.46
11.52	1018.46
11.53	1018.46
11.54	1018.46
11.54	1018.46
11.55	1018.46
11.56	1018.47
11.57	1018.47
11.58	1018.47
11.58	1018.47
11.59	1018.47
11.60	1018.47
11.61	1018.47
11.62	1018.47
11.62	1018.47
11.63	1018.47
11.64	1018.47
11.65	1018.47
11.66	1018.48
11.67	1018.48
11.67	1018.48
11.68	1018.48
11.69	1018.48
11.70	1018.48
11.71	1018.48
11.71	1018.48
11.72	1018.48
11.73	1018.48
11.74	1018.48
11.75	1018.48
11.76	1018.48
11.76	1018.49
11.77	1018.49
11.78	1018.49
11.79	1018.49
11.80	1018.49
11.80	1018.49
11.81	1018.49
11.82	1018.49
11.83	1018.49
11.84	1018.49
11.85	1018.49
11.85	1018.49
11.86	1018.49
11.87	1018.50
11.88	1018.50
11.89	1018.50
11.89	1018.50
11.90	1018.50
11.91	1018.50
11.92	1018.50
11.93	1018.50
11.94	1018.50
11.94	1018.50
11.95	1018.50
11.96	1018.50
11.97	1018.50
11.98	1018.51
11.98	1018.51
11.99	1018.51
12.00	1018.51
12.01	1018.51
12.02	1018.51
12.02	1018.51
12.03	1018.51
12.04	1018.85
12.04	1019.19
12.05	1019.54
12.05	1019.88
12.05	1020.22
12.06	1020.56
12.06	1020.90
12.07	1021.24
12.07	1021.58
12.07	1021.92
12.08	1022.26
12.08	1022.60
12.09	1022.94
12.09	1023.28
12.10	1023.62
12.10	0.00
