0.100000	0.000000
0.118240	0.000640
0.137120	0.000027
0.137120	0.012320
0.137120	0.012320
0.156027	-0.008667
0.168347	0.008320
0.180667	0.110240
0.190907	-0.004160
0.190907	0.002000
0.211547	-0.012560
0.211547	0.002000
0.334107	-0.104080
0.334107	0.002000
0.340187	-0.002080
0.342187	0.004000
0.350267	-0.004080
0.352267	0.000000
0.370747	0.000000
0.372747	0.000000
0.382747	-0.004000
0.386747	0.000000
0.388747	0.000000
0.407227	0.006240
0.409227	0.000000
0.415227	0.000000
0.419227	0.000000
0.421227	0.000000
0.445947	-0.002080
0.447947	0.000000
0.453947	0.000000
0.457947	-0.000000
0.459947	0.000000
0.482587	-0.006240
0.484587	0.000000
0.490587	0.000000
0.494587	0.000000
0.496587	0.002000
0.512987	-0.012400
0.514987	0.212000
0.520987	0.000000
0.524987	0.000000
0.528987	-0.002000
0.532987	-0.190560
0.572427	-0.037780
0.746987	-0.170560
0.746987	0.001000
0.752987	0.000667
0.752987	0.001000
0.756987	0.000000
0.758987	0.002000
0.758987	0.004000
0.770987	-0.008000
0.782987	0.037680
0.786987	-0.002000
0.790987	0.000000
0.794987	0.000000
0.844667	-0.022880
0.846667	0.000000
0.850667	0.000000
0.854667	0.000000
0.881467	-0.016640
0.883467	0.002080
0.887467	0.000000
0.891467	0.000000
0.901627	-0.004000
0.905707	0.000000
0.909707	0.000000
0.913707	-0.000000
0.919867	0.001840
0.923947	-0.001840
0.927947	0.000000
0.931947	0.000000
0.939947	0.000000
0.942187	0.001760
0.946187	0.000000
0.950187	0.000000
0.950187	0.004000
0.958187	-0.004000
0.962187	0.000000
0.966187	0.000000
0.970187	0.000000
0.974187	0.000000
0.974187	0.004000
0.978187	0.000000
0.982187	0.000000
0.986187	-0.000000
0.990187	0.000000
0.994187	0.000000
0.998187	0.000000
1.002187	0.000000
1.006187	0.000000
1.010187	0.000000
1.014187	0.000000
1.018187	0.000000
1.022187	0.000000
1.026187	0.000000
1.030187	0.000000
1.034187	0.000000
1.038187	0.000000
1.042187	0.000000
1.046187	0.000000
1.050187	0.000000
1.054187	0.000000
1.058187	0.000000
1.062187	0.002080
1.066187	0.000000
1.070187	0.000000
1.074187	0.000000
1.078187	0.004160
1.082187	0.002080
1.088267	-0.002080
1.092267	0.004000
1.096267	0.000000
1.100267	-0.012000
1.108427	0.010080
1.114507	0.000000
1.118507	0.002080
1.126507	0.006080
1.130507	-0.014080
1.130507	0.004000
1.140747	0.008160
1.146827	-0.002080
1.152907	0.000000
1.166987	-0.001760
1.166987	0.010240
1.166987	0.006080
1.179307	-0.006240
1.183307	0.012160
1.189387	-0.018240
1.201707	-0.008320
1.211947	0.008160
1.218027	-0.002080
1.224107	0.000000
1.240267	-0.012160
1.240267	0.004000
1.240267	0.018560
1.250507	-0.006240
1.254507	0.000000
1.260587	0.000000
1.264587	-0.000000
1.268587	0.000000
1.287147	0.004160
1.291147	0.000000
1.295147	0.002080
1.301227	-0.002080
1.305227	0.000000
1.309227	0.000000
1.331947	0.008160
1.335947	-0.030880
1.342027	0.035200
1.346027	0.000000
1.350027	0.000000
1.354027	0.000000
1.384907	-0.022720
1.384907	0.004000
1.399307	-0.010400
1.403307	0.024960
1.411307	-0.004000
1.419467	0.018720
1.423467	0.000000
1.427467	0.000000
1.456427	-0.018720
1.460427	0.004160
1.487307	-0.012480
1.491307	0.002080
1.495307	0.006240
1.505547	0.055920
1.513707	-0.002080
1.528107	-0.066000
1.534187	0.000000
1.544427	0.043360
1.610587	-0.020560
1.616667	-0.002080
1.616667	0.008160
1.616667	0.006080
1.624747	-0.002000
1.670347	-0.033280
1.682507	-0.008160
1.688587	0.002080
1.694667	0.000000
1.706987	-0.002080
1.710987	0.000000
1.719147	0.008240
1.725227	-0.012240
1.735467	0.001920
1.739467	0.000000
1.755867	0.000080
1.755867	0.004000
1.761867	-0.002000
1.765867	-0.000000
1.782347	0.002080
1.786347	0.000000
1.790347	0.000000
1.794347	0.000000
1.812907	-0.004160
1.816907	0.000000
1.820907	0.000000
1.824907	0.000000
1.839307	0.087360
1.843307	0.000000
1.847307	0.000000
1.851307	0.000000
1.953067	-0.062400
1.957067	0.000000
1.961067	0.000000
1.965067	0.000000
2.004427	-0.006240
2.008427	0.000000
2.012427	0.000000
2.016427	0.000000
2.049547	0.000000
2.053547	0.000000
2.057547	0.000000
2.061547	0.000000
2.094667	-0.012480
2.098667	0.000000
2.102667	0.000000
2.106667	0.000000
2.127307	0.035360
2.131307	0.002080
2.135307	0.000000
2.139307	0.000000
2.195307	-0.016640
2.201387	-0.002080
2.205387	0.000000
2.209387	0.000000
2.248747	-0.006240
2.252747	0.000000
2.256747	0.000000
2.260747	0.000000
2.293867	0.002080
2.297867	0.000000
2.301867	0.000000
2.305867	0.000000
2.341067	0.002080
2.345067	0.000000
2.349067	0.000000
2.353067	0.000000
2.390347	-0.012480
2.394347	0.000000
2.398347	0.000000
2.402347	0.000000
2.427147	-0.016640
2.431147	0.000000
2.435147	0.000000
2.439147	0.151840
2.447307	-0.004160
2.451307	0.000000
2.455307	0.000000
2.611147	-0.139360
2.615147	0.000000
2.619147	0.000000
2.623147	0.000000
2.643627	-0.008240
2.647627	0.004160
2.651627	0.000000
2.663867	0.000000
2.672027	0.000000
2.676027	0.000000
2.688267	0.002080
2.696427	0.000000
2.700427	0.000000
2.714747	-0.000000
2.722907	-0.002080
2.726907	0.000000
2.741227	0.037520
2.747307	-0.000080
2.751307	0.000000
2.803147	-0.016640
2.809147	-0.002000
2.813147	0.000000
2.848347	-0.018800
2.852347	0.000000
2.856347	0.000000
2.872747	0.004160
2.876747	0.000000
2.880747	0.000000
2.901307	-0.002000
2.905307	0.000000
2.909307	0.010400
2.927867	-0.012560
2.931867	0.000000
2.946267	-0.004160
2.952267	0.008400
2.956267	0.002080
2.966507	-0.002160
2.980907	-0.000000
2.986987	-0.002080
2.995067	0.002080
3.009467	-0.002080
3.013467	0.000000
3.023627	0.000000
3.035947	0.002080
3.039947	0.000000
3.050107	-0.002080
3.064507	0.002080
3.068507	0.002080
3.076587	-0.004080
3.093067	0.004080
3.099147	0.000000
3.103147	0.000000
3.123707	0.012480
3.129787	-0.002080
3.133787	0.000000
3.166827	-0.012480
3.170827	0.000000
3.174827	0.000000
3.195387	0.004160
3.199387	0.000000
3.203387	0.045760
3.228107	-0.012480
3.232107	0.000000
3.281867	-0.014560
3.294107	-0.004080
3.298107	0.008240
3.333307	0.000000
3.341467	-0.004160
3.353707	0.002080
3.388907	-0.016640
3.392907	0.000000
3.407227	-0.006240
3.425787	-0.000000
3.429787	0.000000
3.437867	-0.002080
3.456427	-0.002080
3.460427	0.000000
3.466427	0.012480
3.482907	-0.012480
3.486907	0.000000
3.505387	0.081200
3.509387	0.000000
3.513387	0.000000
3.613067	-0.052080
3.617067	0.000000
3.621067	0.000000
3.668667	-0.024960
3.672667	0.000000
3.676667	0.000000
3.699307	-0.004160
3.703307	0.000000
3.707307	0.000000
3.725787	0.002080
3.729787	0.000000
3.733787	0.000000
3.754347	0.002080
3.758347	0.000000
3.762347	0.000000
3.784987	0.000000
3.788987	0.000000
3.792987	0.000000
3.815627	0.191360
3.819627	0.000000
3.823627	-0.000000
4.023627	0.098000
4.023627	0.004000
4.037627	-0.008000
4.041627	0.000000
4.045627	0.000000
4.063627	0.012960
4.067627	-0.002000
4.098587	-0.010240
4.098587	0.004080
4.100587	0.002080
4.121307	-0.010640
4.125387	0.000000
4.129467	-0.000000
4.139547	0.000000
4.143627	0.000000
4.147707	0.000000
4.157787	0.000000
4.161867	0.000000
4.161867	0.004000
4.165947	-0.000080
4.176027	-0.003920
4.180107	0.000000
4.184107	-0.000000
4.184107	0.004000
4.188107	0.000000
4.194267	-0.002160
4.198347	-0.000080
4.202347	0.000000
4.206347	-0.000000
4.206347	0.004000
4.210347	0.000000
4.214347	0.000000
4.218347	0.000000
4.222347	0.000000
4.226347	0.000000
4.230347	0.000000
4.230347	0.004000
4.234347	0.000000
4.238347	-0.000000
4.242347	0.000000
4.246347	-0.000000
4.250347	0.000000
4.254347	-0.000000
4.258347	0.000000
4.262347	-0.000000
4.266347	0.000000
4.270347	-0.000000
4.274347	0.000000
4.278347	-0.000000
4.282347	0.000000
4.286347	-0.000000
4.290347	0.000000
4.294347	-0.000000
4.298347	0.000000
4.302347	-0.000000
4.306347	0.000000
4.310347	-0.000000
4.314347	0.000000
4.318347	-0.000000
4.322347	0.000080
4.326347	-0.000080
4.330347	0.000000
4.334347	-0.000000
4.338347	0.002160
4.342347	-0.002000
4.346347	-0.000160
4.350427	-0.000080
4.354347	0.006320
4.358347	0.000080
4.362347	-0.002000
4.368507	-0.004160
4.370507	0.004080
4.374347	0.006400
4.378347	-0.002000
4.388587	-0.006160
4.392667	0.000000
4.394667	0.004080
4.396667	0.004160
4.402747	0.002080
4.412987	0.001920
4.414987	-0.008000
4.419067	-0.002080
4.423147	-0.002080
4.429227	0.008160
4.435387	0.000000
4.443547	0.000080
4.453707	0.001013
4.453707	0.000286
4.453707	0.002000
4.455707	0.014240
4.455707	-0.014240
4.455707	0.002000
4.455707	0.030880
4.467947	-0.008160
4.474107	-0.004160
4.482347	-0.006240
4.488427	-0.004080
4.490427	-0.000000
4.506667	-0.014240
4.506667	0.002000
4.506667	0.006160
4.525307	-0.016640
4.529387	0.024800
4.531387	0.000000
4.533387	-0.000000
4.535387	0.008320
4.537387	0.000000
4.541387	-0.002000
4.547547	-0.004160
4.549547	0.000000
4.578427	-0.020640
4.580427	-0.000000
4.582427	0.002080
4.592747	0.022640
4.594747	0.000000
4.598747	-0.034880
4.600747	0.037120
4.608987	-0.006240
4.610987	0.000000
4.615067	-0.002080
4.648027	0.014480
4.650027	0.000000
4.658267	-0.004160
4.660267	0.000000
4.662267	0.000000
4.664267	0.008320
4.711707	-0.043360
4.717787	0.014480
4.719787	0.004160
4.721787	0.006240
4.732107	0.000000
4.736187	-0.002080
4.756747	-0.010240
4.762907	0.039360
4.771147	-0.006240
4.781467	-0.008320
4.783467	0.002080
4.793787	-0.008320
4.839307	-0.020800
4.841307	0.000000
4.843307	-0.000000
4.847387	-0.002080
4.874107	0.002160
4.876107	0.000000
4.878107	0.000000
4.880107	0.000000
4.908987	0.006240
4.910987	-0.000000
4.912987	0.000000
4.914987	0.000000
4.950107	0.004160
4.952107	0.000000
4.954107	0.000000
4.956107	0.000000
4.995387	0.058240
4.997387	0.000000
4.999387	0.000000
5.001387	-0.000000
5.098907	-0.056160
5.100907	-0.000000
5.102907	0.002000
5.104907	0.000000
5.146267	-0.008240
5.148267	0.000000
5.152267	0.000000
5.154267	0.000000
5.187387	-0.004160
5.189387	0.000000
5.193387	0.000000
5.195387	0.000000
5.224347	-0.010400
5.226347	0.000000
5.230347	0.006160
5.232347	-0.008160
5.250907	-0.004240
5.252907	0.002080
5.263067	-0.002000
5.263067	0.014480
5.271227	0.018720
5.275307	0.000000
5.283467	0.000000
5.297947	-0.002160
5.324827	-0.002000
5.328907	-0.002080
5.337067	-0.004160
5.349387	-0.004160
5.374267	0.010400
5.376267	-0.000000
5.380267	0.002000
5.388427	-0.006160
5.423707	0.045760
5.425707	0.002000
5.431707	-0.002000
5.433707	0.000000
5.514747	-0.060320
5.518747	-0.000000
5.522747	0.000000
5.524747	0.000000
5.545467	0.020800
5.549467	0.000000
5.553467	0.000000
5.555467	0.000000
5.596987	0.000000
5.600987	0.000000
5.604987	0.000000
5.606987	0.002080
5.648507	-0.006240
5.652507	0.000000
5.656507	-0.000000
5.660587	-0.002080
5.695867	0.006240
5.699867	0.000000
5.703867	0.000000
5.705867	0.000000
5.747387	0.000000
5.751387	0.000000
5.755387	0.000000
5.757387	0.000000
5.798907	-0.024960
5.802907	0.000000
5.806907	0.000000
5.808907	0.000000
5.825467	0.193440
5.829467	-0.000000
5.833467	0.000000
5.835467	-0.000000
6.035467	0.065333
6.035467	0.004000
6.045467	-0.008000
6.049467	0.000000
6.053467	-0.000000
6.055467	0.043680
6.055467	0.002000
6.069467	-0.010000
6.325147	-0.037440
6.325147	0.004000
6.343387	-0.004000
6.347387	-0.000000
6.361627	0.000000
6.365627	0.000000
6.379867	0.002400
6.383867	-0.002000
6.400507	0.006000
6.402507	0.016640
6.425147	-0.010400
6.443787	0.004160
6.456027	-0.006240
6.478827	0.002080
6.484827	0.000000
6.509707	-0.008320
6.515707	0.012480
6.532267	0.010400
6.550747	-0.012480
6.577707	0.006240
6.583707	-0.000000
6.616907	0.008320
6.622907	0.000000
6.664427	0.010400
6.670427	0.000000
6.722347	-0.027040
6.728347	0.000000
6.753227	-0.012480
6.759227	0.004160
6.771627	0.006240
6.781787	0.095680
6.800427	-0.014560
6.906267	-0.072800
6.910347	-0.002080
6.943387	-0.012480
6.945387	0.002080
6.965947	0.006240
6.970027	0.000000
6.996827	0.010400
7.000907	-0.002080
7.038107	-0.008320
7.040107	0.000000
7.068987	-0.010400
7.070987	0.002080
7.089467	-0.004080
7.093547	0.000080
7.107947	-0.000320
7.112107	0.000000
7.126187	0.000960
7.130347	-0.000000
7.145387	-0.000960
7.149547	0.000000
7.163627	0.000960
7.167787	0.000000
7.182827	-0.000960
7.186987	-0.000000
7.201067	0.000960
7.205227	0.000000
7.220267	-0.000960
7.224427	-0.000000
7.238507	0.000960
7.242667	0.000000
7.257707	-0.000720
7.261867	0.004080
7.276187	-0.000000
7.284427	0.006240
7.298747	0.000000
7.313227	-0.000000
7.327547	0.000000
7.342027	0.022880
7.356347	-0.008320
7.393707	0.010400
7.399707	0.000000
7.447467	-0.014560
7.453467	0.000000
7.486667	-0.014560
7.492667	-0.000000
7.511307	0.070720
7.517307	0.000000
7.606667	-0.056160
7.612667	0.000000
7.645867	-0.008320
7.651867	0.000000
7.676747	0.004160
7.682747	0.000000
7.711787	-0.002080
7.717787	-0.000000
7.744747	-0.010400
7.750747	0.000000
7.767307	0.072800
7.773307	0.000000
7.862667	-0.056160
7.868667	0.000000
7.901867	-0.008320
7.907867	0.000000
7.932747	0.008320
7.938747	0.000000
7.971947	-0.008320
7.977947	0.000000
8.002827	-0.010400
8.008827	-0.000000
8.023307	0.081120
8.029307	0.000000
8.124907	-0.066560
8.130907	-0.000000
8.159947	-0.004160
8.165947	0.000000
8.190827	0.006240
8.196827	0.000000
8.227947	0.000000
8.233947	0.000000
8.265067	0.045760
8.271067	0.000000
8.347947	-0.049920
8.353947	0.000000
8.380907	-0.006240
8.386907	0.000000
8.407627	0.008320
8.413627	0.000000
8.442667	0.004160
8.448667	0.000000
8.481867	-0.010400
8.487867	0.000000
8.510667	-0.010400
8.516667	0.004160
8.529067	0.018720
8.539227	-0.002080
8.570347	0.047840
8.578427	-0.002080
8.657387	-0.035360
8.663387	0.000000
8.706987	-0.016640
8.712987	-0.000000
8.739947	-0.014560
8.745947	0.004160
8.758347	-0.002080
8.768507	0.014560
8.778827	-0.002080
8.803547	0.039520
8.811787	-0.006240
8.876027	-0.018720
8.878027	0.000000
8.923547	-0.010400
8.925547	-0.000000
8.960667	0.006240
8.962667	0.000000
9.004027	-0.014560
9.006027	0.000000
9.032827	0.120640
9.034827	0.000000
9.182267	-0.118560
9.184267	0.000000
9.213147	0.002080
9.215147	0.002080
9.246107	0.002080
9.250187	-0.002080
9.283227	-0.014560
9.285227	0.004160
9.303707	-0.004160
9.309867	-0.002080
9.324187	0.000480
9.328267	0.000080
9.343067	-0.000720
9.347227	0.000000
9.361307	0.000960
9.365467	0.000000
9.380507	-0.000960
9.384667	0.000000
9.398747	0.000960
9.402907	0.000000
9.417947	-0.000960
9.422107	-0.000000
9.436187	0.002400
9.440347	-0.000080
9.456827	0.002000
9.460907	-0.000000
9.479387	0.004160
9.483467	0.004160
9.506107	-0.002080
9.514347	0.006240
9.534907	-0.004160
9.549387	0.006240
9.565787	-0.004160
9.586507	0.008320
9.598747	-0.008240
9.627787	0.014480
9.631787	0.002080
9.675307	-0.012480
9.681387	-0.002080
9.712427	-0.006240
9.716427	0.000000
9.741227	0.193440
9.745227	0.000000
9.945227	0.196000
9.945227	0.004000
9.963467	0.025280
9.967467	0.000000
10.018987	-0.028800
10.022987	-0.000000
10.045707	-0.008480
10.049707	0.000000
10.063947	-0.000000
10.067947	0.000000
10.082187	0.000000
10.086187	-0.000000
10.100427	0.000000
10.104427	0.000000
10.118667	0.000000
10.122667	0.000000
10.136907	-0.000000
10.140907	0.000000
10.155147	0.000000
10.159147	-0.000000
10.173387	0.000000
10.177387	0.000000
10.191627	-0.000000
10.195627	0.000000
10.209867	0.000000
10.213867	-0.000000
10.228107	0.000000
10.232107	0.000000
10.246347	0.000000
10.250347	0.000000
10.264587	-0.000000
10.268587	0.002080
10.282827	-0.002000
10.288907	0.004240
10.301147	0.002160
10.311467	0.002000
10.325867	0.000000
10.338187	0.004160
10.352587	-0.004080
10.369067	0.006160
10.379387	-0.004160
10.402027	0.006240
10.408187	-0.002080
10.437067	0.002080
10.441147	0.014560
10.472107	-0.012480
10.490747	0.002080
10.509227	-0.012480
10.529947	0.000000
10.535947	-0.000000
10.556667	0.002080
10.562667	0.000000
10.585467	0.010400
10.591467	0.000000
10.624667	-0.000000
10.630667	0.002080
10.663867	-0.008320
10.671947	-0.002080
10.696827	-0.010400
10.702827	0.004160
10.717307	0.033280
10.727467	-0.002080
10.775227	-0.012480
10.783307	-0.002080
10.818587	0.002080
10.824587	0.000000
10.861947	0.016640
10.867947	0.000000
10.921947	-0.014560
10.927947	0.000000
10.967387	-0.008320
10.973387	0.000000
11.004507	0.000000
11.010507	0.000000
11.041627	0.037440
11.047627	0.000000
11.116187	-0.039520
11.122187	0.000000
11.151227	-0.006240
11.157227	-0.000000
11.180027	0.002080
11.186027	0.000000
11.210907	-0.008320
11.216907	0.000000
11.233467	0.022880
11.239467	0.000000
11.278907	0.010400
11.284907	0.000000
11.334747	-0.002080
11.340747	0.000000
11.388507	-0.002080
11.394507	0.000000
11.440187	-0.016640
11.446187	0.000000
11.475227	0.087360
11.481227	0.002080
11.597627	-0.085280
11.605707	-0.002080
11.636827	-0.018720
11.642827	0.004160
11.655227	0.006240
11.665387	-0.000000
11.684027	0.010400
11.694187	-0.004160
11.723227	0.000000
11.729227	0.000000
11.758267	-0.016640
11.764267	0.004160
11.776667	-0.004160
11.786827	0.000000
11.795067	-0.000160
11.805227	0.002080
11.813307	-0.001520
11.825547	0.000240
11.832107	-0.000800
11.844587	0.000000
11.850347	0.000960
11.862827	0.000000
11.869547	-0.000960
11.882027	0.000000
11.887787	0.000960
11.900267	-0.000000
11.906987	-0.000960
11.919467	0.000000
11.925227	0.000960
11.937707	0.002000
11.944427	-0.002640
11.958907	0.004000
11.962987	0.000000
11.981467	0.006240
11.985547	0.000000
