0 0.103160
1 0.120067
2 0.123800
3 0.139107
4 0.142707
5 0.152947
6 0.165267
7 0.175507
8 0.177587
9 0.181667
10 0.196147
11 0.198227
12 0.202307
13 0.206387
15 0.218867
16 0.220947
17 0.223027
18 0.225107
20 0.237587
21 0.239667
22 0.241747
25 0.254227
26 0.256307
30 0.268787
14 0.324867
19 0.336947
23 0.347027
24 0.349107
27 0.351187
28 0.353267
29 0.355347
14 0.357427
31 0.383507
32 0.385587
33 0.387667
34 0.389747
35 0.391827
36 0.393907
37 0.415987
38 0.418067
39 0.420147
40 0.422227
41 0.424307
42 0.426387
43 0.428467
44 0.430547
45 0.432627
46 0.454707
47 0.456787
48 0.458867
49 0.460947
50 0.463027
51 0.465107
52 0.467187
54 0.469267
53 0.491347
55 0.493427
56 0.495507
57 0.497587
58 0.499667
59 0.534147
60 0.536227
61 0.538307
62 0.540387
63 0.542467
64 0.544547
65 0.546627
66 0.548707
67 0.550787
68 0.552867
69 0.569347
70 0.581827
71 0.583907
72 0.585987
73 0.588067
74 0.590147
75 0.594307
76 0.596387
77 0.598467
78 0.600547
79 0.610947
80 0.621347
81 0.625507
82 0.627587
83 0.629667
84 0.633827
85 0.635907
86 0.640067
87 0.646307
88 0.650467
89 0.656707
90 0.662947
91 0.667107
92 0.669187
93 0.671267
94 0.677507
95 0.681667
96 0.687907
97 0.689987
98 0.692067
99 0.700387
100 0.706627
101 0.708707
102 0.710787
103 0.712867
104 0.723267
105 0.727427
106 0.729507
107 0.731587
108 0.733667
109 0.796067
110 0.800227
111 0.802307
112 0.804387
113 0.806467
118 0.808547
119 0.810627
120 0.812707
121 0.814787
122 0.816867
123 0.825187
124 0.827267
125 0.829347
126 0.851587
127 0.853667
128 0.859907
129 0.861987
130 0.864067
114 0.866147
131 0.884227
132 0.886307
133 0.892387
115 1.101187
116 1.133507
117 1.139587
118 1.165987
119 1.176067
134 1.180147
135 1.184227
136 1.188387
137 1.210787
138 1.233027
139 1.235107
140 1.237187
141 1.247267
142 1.269667
143 1.271747
144 1.273827
146 1.287907
145 1.301987
147 1.314467
148 1.316547
149 1.318627
151 1.328707
150 1.350787
152 1.365347
153 1.367427
154 1.369507
155 1.371587
156 1.377667
157 1.381827
158 1.422387
159 1.424467
160 1.426547
161 1.430707
162 1.434867
163 1.439027
164 1.441107
165 1.463587
166 1.465667
167 1.467747
168 1.469827
169 1.471907
170 1.473987
171 1.498307
172 1.504467
176 1.518867
177 1.524947
178 1.535187
179 1.537267
181 1.549667
182 1.555827
173 1.593107
174 1.595187
175 1.597267
180 1.603347
183 1.609427
173 1.615507
184 1.657027
185 1.667107
186 1.669187
187 1.675267
188 1.681347
189 1.687427
190 1.689507
191 1.703747
192 1.705827
193 1.711907
194 1.715987
195 1.720067
196 1.722147
197 1.732227
198 1.734307
199 1.736387
200 1.740467
201 1.742547
202 1.758627
203 1.760707
204 1.762787
205 1.764867
206 1.766947
207 1.769027
208 1.785107
209 1.787187
210 1.791267
211 1.793347
212 1.795427
213 1.797507
215 1.799587
214 1.815667
216 1.819747
217 1.821827
218 1.823907
219 1.825987
220 1.854467
221 1.856547
222 1.858627
223 1.860707
224 1.862787
225 1.873187
226 1.875267
227 1.877347
228 1.879427
229 1.881507
230 1.891907
231 1.893987
232 1.898147
233 1.902307
235 1.908547
236 1.910627
237 1.916867
240 1.925187
241 1.929347
234 1.957827
238 1.959907
239 1.961987
242 1.966147
243 1.968227
244 1.970307
245 1.974467
246 1.978627
234 1.980707
247 2.009187
248 2.011267
249 2.013347
250 2.015427
251 2.017507
252 2.019587
253 2.021667
254 2.054307
255 2.056387
256 2.058467
257 2.060547
258 2.062627
259 2.068867
260 2.070947
261 2.099427
262 2.101507
263 2.103587
264 2.105667
265 2.107747
266 2.109827
267 2.111907
268 2.113987
269 2.142467
270 2.144547
271 2.146627
272 2.148707
274 2.157027
275 2.159107
276 2.163267
279 2.173667
273 2.186067
277 2.202147
278 2.204227
280 2.208387
281 2.210467
282 2.212547
283 2.214627
284 2.220867
273 2.222947
285 2.253507
286 2.255587
287 2.257667
288 2.259747
289 2.261827
290 2.263907
291 2.265987
292 2.298627
293 2.300707
294 2.302787
295 2.304867
296 2.306947
297 2.309027
298 2.315267
299 2.345827
300 2.347907
301 2.349987
302 2.352067
303 2.354147
304 2.356227
305 2.358307
306 2.360387
307 2.395107
308 2.397187
309 2.399267
310 2.401347
311 2.403427
312 2.405507
313 2.409667
314 2.411747
315 2.413827
316 2.431907
317 2.433987
318 2.456467
319 2.458547
320 2.460627
321 2.462707
322 2.464787
323 2.477187
324 2.479267
325 2.481347
326 2.483427
327 2.485507
328 2.497987
329 2.500067
330 2.502147
331 2.506307
333 2.516707
334 2.518787
335 2.522947
336 2.525027
338 2.535427
339 2.539587
340 2.541667
343 2.554147
344 2.556227
332 2.615907
337 2.617987
341 2.620067
342 2.622147
332 2.624227
345 2.626307
346 2.644387
347 2.646467
348 2.648547
349 2.654627
350 2.656707
351 2.668787
352 2.670867
353 2.672947
354 2.679027
355 2.681107
356 2.693187
357 2.695267
358 2.697347
359 2.699427
360 2.707507
361 2.709587
362 2.717667
363 2.719747
364 2.721827
365 2.723907
366 2.733987
367 2.752467
368 2.754547
369 2.756627
370 2.758707
371 2.760787
372 2.764947
373 2.767027
374 2.769107
375 2.773267
377 2.783667
378 2.787827
376 2.805987
379 2.808067
380 2.812227
381 2.816387
382 2.818467
383 2.820547
384 2.822627
385 2.824707
386 2.826787
387 2.828867
388 2.830947
389 2.833027
390 2.849107
391 2.851187
392 2.853267
393 2.855347
394 2.857427
395 2.871507
396 2.873587
397 2.875667
398 2.877747
399 2.879827
400 2.881907
402 2.883987
401 2.900067
403 2.902147
404 2.904227
405 2.906307
406 2.908387
407 2.910467
408 2.912547
409 2.924627
410 2.926707
411 2.928787
412 2.930867
413 2.932947
414 2.949027
415 2.951107
416 2.953187
417 2.959267
418 2.961347
419 2.963427
420 2.965507
422 2.967587
421 2.973667
423 2.981747
424 2.985827
425 2.989907
427 2.991987
428 2.994067
426 2.996147
429 3.006227
430 3.008307
431 3.014387
432 3.018467
433 3.020547
434 3.022627
435 3.030707
436 3.034787
437 3.040867
438 3.042947
439 3.045027
440 3.047107
442 3.049187
441 3.059267
443 3.067347
444 3.069427
445 3.071507
446 3.073587
447 3.075667
448 3.077747
449 3.095907
450 3.097987
451 3.100067
452 3.102147
453 3.104227
454 3.106307
455 3.126547
456 3.128627
457 3.132787
458 3.134867
459 3.136947
460 3.139027
461 3.141107
462 3.143187
463 3.145267
464 3.147347
465 3.175907
466 3.177987
467 3.206467
468 3.208547
469 3.210627
470 3.212707
471 3.214787
472 3.222867
473 3.224947
474 3.227027
475 3.229107
476 3.231187
477 3.235347
478 3.237427
479 3.239507
480 3.241587
481 3.243667
482 3.245747
483 3.247827
484 3.249907
485 3.251987
486 3.254067
487 3.256147
488 3.258227
489 3.260307
490 3.262387
492 3.264467
491 3.292947
493 3.295027
494 3.297107
495 3.299187
496 3.301267
497 3.303347
498 3.305427
499 3.307507
500 3.309587
501 3.311667
502 3.313747
503 3.315827
504 3.317907
505 3.348547
506 3.350627
507 3.352707
508 3.354787
509 3.356867
510 3.358947
511 3.361027
512 3.363107
513 3.365187
514 3.367267
515 3.369347
516 3.371427
517 3.512387
518 3.514467
519 3.516547
520 3.518627
521 3.520707
522 3.531107
523 3.533187
524 3.535267
525 3.537347
526 3.539427
527 3.545667
528 3.547747
529 3.549827
530 3.551907
531 3.553987
532 3.560227
533 3.562307
534 3.564387
535 3.566467
536 3.568547
537 3.570627
538 3.572707
539 3.574787
540 3.576867
541 3.578947
542 3.581027
543 3.583107
544 3.585187
545 3.587267
546 3.589347
547 3.591427
548 3.593507
549 3.595587
550 3.597667
552 3.599747
551 3.630387
553 3.632467
554 3.634547
555 3.636627
556 3.638707
557 3.640787
558 3.642867
559 3.644947
560 3.647027
561 3.649107
562 3.651187
563 3.653267
564 3.655347
565 3.683907
566 3.685987
567 3.816387
568 3.818467
569 3.820547
570 3.822627
571 3.824707
572 3.837187
573 3.839267
574 3.841347
575 3.843427
576 3.845507
577 3.857987
578 3.860067
579 3.862147
580 3.864227
581 3.866307
582 3.878787
583 3.880867
584 3.882947
585 3.885027
586 3.887107
587 3.899587
588 3.901667
589 3.903747
590 3.905827
591 3.907907
592 3.920387
593 3.922467
594 3.924547
595 3.926627
596 3.928707
597 3.941187
598 3.943267
599 3.945347
600 3.947427
601 3.949507
602 3.961987
603 3.964067
604 3.966147
605 3.968227
606 3.970307
607 3.982787
608 3.984867
609 3.986947
610 3.989027
611 3.991107
612 4.003587
613 4.005667
614 4.007747
615 4.009827
616 4.011907
617 4.060387
618 4.062467
619 4.064547
620 4.066627
628 4.074947
636 4.081187
637 4.083267
638 4.091347
639 4.097587
640 4.101747
621 4.103827
622 4.379347
623 4.405747
624 4.409827
625 4.446467
626 4.448547
627 4.450627
628 4.458707
629 4.485187
630 4.487267
631 4.491347
632 4.499507
633 4.505747
634 4.507827
635 4.540307
636 4.544387
637 4.552627
638 4.554707
639 4.556787
640 4.558867
641 4.609907
642 4.615987
643 4.618067
644 4.620147
645 4.622227
646 4.624307
647 4.628467
648 4.630547
649 4.659027
650 4.661107
651 4.663187
652 4.665267
653 4.667347
654 4.669427
655 4.671507
656 4.687987
657 4.690067
658 4.692147
659 4.694227
660 4.696307
661 4.698387
666 4.726947
662 4.733107
663 4.737187
664 4.739267
665 4.741347
667 4.743427
668 4.747507
669 4.755747
670 4.761907
671 4.776307
672 4.778387
673 4.780467
674 4.784547
676 4.788707
677 4.792867
678 4.797027
679 4.803267
681 4.809507
682 4.811587
683 4.815747
686 4.817827
675 4.825987
680 4.834067
684 4.842227
685 4.846387
675 4.848467
687 4.854707
688 4.870867
689 4.877107
690 4.879187
691 4.883347
692 4.889587
693 4.891667
694 4.907827
695 4.911987
696 4.916147
697 4.924467
698 4.926547
700 4.928627
701 4.932787
699 4.946867
702 4.953107
703 4.957267
704 4.963507
705 4.969747
706 4.971827
707 4.973907
708 4.978067
709 4.996307
710 5.002467
711 5.006627
712 5.012867
713 5.014947
714 5.019107
715 5.023267
716 5.025347
717 5.031587
718 5.037827
720 5.044067
721 5.048227
722 5.054467
725 5.062787
726 5.066947
719 5.097667
723 5.099747
724 5.101827
727 5.103907
728 5.105987
729 5.108067
719 5.112227
730 5.145027
731 5.147107
732 5.149187
733 5.151267
734 5.153347
735 5.155427
736 5.157507
737 5.186147
738 5.188227
739 5.190307
740 5.192387
741 5.194467
742 5.196547
743 5.223107
744 5.225187
745 5.227267
746 5.229347
747 5.231427
748 5.233507
749 5.235587
750 5.247667
751 5.249747
752 5.253827
753 5.257907
754 5.261987
755 5.268067
756 5.270147
757 5.274227
758 5.290707
762 5.301107
759 5.315587
760 5.319667
761 5.323747
763 5.331907
764 5.333987
765 5.336067
766 5.340147
767 5.344307
768 5.346387
769 5.348467
770 5.373027
771 5.375107
772 5.379187
773 5.381267
774 5.383347
775 5.385427
776 5.387507
777 5.395827
778 5.397907
779 5.399987
782 5.408307
780 5.424467
781 5.426547
783 5.428627
784 5.434867
785 5.436947
786 5.439027
787 5.445267
788 5.451507
789 5.453587
790 5.455667
791 5.457747
792 5.461907
793 5.468147
794 5.470227
795 5.474387
797 5.482707
798 5.484787
799 5.486867
800 5.491027
802 5.495187
803 5.499347
796 5.515507
801 5.521747
804 5.525907
805 5.530067
806 5.532147
807 5.548307
808 5.552467
809 5.556627
796 5.560787
810 5.564947
811 5.569107
812 5.571187
813 5.573267
814 5.579507
816 5.581587
817 5.583667
815 5.599827
818 5.608147
819 5.612307
820 5.616467
821 5.618547
822 5.620627
823 5.622707
824 5.624787
825 5.628947
826 5.631027
827 5.635187
828 5.659667
829 5.661747
830 5.665907
831 5.670067
832 5.672147
833 5.674227
834 5.676307
835 5.678387
836 5.680467
837 5.682547
838 5.711187
839 5.715347
840 5.717427
841 5.719507
842 5.721587
843 5.723667
844 5.725747
845 5.727827
846 5.729907
847 5.731987
848 5.734067
849 5.766867
850 5.768947
851 5.775187
852 5.777267
853 5.779347
854 5.781427
855 5.783507
856 5.826227
857 5.828307
858 5.830387
859 5.832467
860 5.834547
861 5.847027
862 5.849107
863 5.851187
864 5.853267
865 5.855347
866 5.867827
867 5.869907
868 5.871987
869 5.874067
870 5.880307
871 5.888627
872 5.892787
873 5.894867
874 5.896947
875 5.901107
876 5.909427
877 5.913587
878 5.915667
879 5.917747
880 5.926067
881 5.930227
882 5.936467
883 5.940627
884 5.942707
885 5.946867
886 5.951027
887 5.957267
888 5.961427
889 5.963507
890 5.967667
891 5.973907
892 5.980147
893 5.984307
894 5.988467
895 5.990547
896 5.996787
897 6.000947
898 6.005107
899 6.009267
900 6.011347
901 6.017587
902 6.021747
903 6.025907
904 6.030067
905 6.032147
906 6.072547
907 6.074627
908 6.076707
909 6.080867
910 6.082947
914 6.085027
918 6.087107
919 6.089187
920 6.091267
922 6.103747
923 6.105827
921 6.119987
924 6.122067
925 6.124147
926 6.130387
927 6.132467
928 6.134547
911 6.136627
929 6.150947
930 6.155107
912 6.356387
913 6.374867
914 6.385187
915 6.395347
916 6.401587
917 6.407747
918 6.411827
919 6.422147
920 6.436547
931 6.438627
932 6.442707
933 6.446787
934 6.453027
935 6.459267
936 6.461347
937 6.475587
938 6.481827
939 6.485987
940 6.494307
941 6.496387
942 6.506467
943 6.512707
944 6.514787
945 6.516867
946 6.518947
947 6.533427
951 6.549827
948 6.560227
949 6.562307
950 6.564387
952 6.574467
953 6.576547
954 6.578627
955 6.580707
956 6.586947
957 6.613667
958 6.615747
959 6.617827
960 6.619907
961 6.621987
962 6.624067
963 6.626147
964 6.628227
965 6.661187
966 6.663267
967 6.665347
968 6.667427
969 6.669507
970 6.671587
971 6.673667
972 6.675747
973 6.677827
974 6.719107
975 6.721187
976 6.723267
977 6.725347
978 6.727427
979 6.729507
980 6.731587
981 6.733667
982 6.735747
983 6.737827
984 6.749987
985 6.752067
986 6.754147
987 6.756227
988 6.758307
989 6.762387
990 6.766467
991 6.772547
992 6.774627
993 6.776707
994 6.884787
995 6.888867
996 6.892947
997 6.897027
998 6.901107
999 6.903187
1000 6.905267
1001 6.907347
1002 6.909427
1003 6.911507
1004 6.913587
1005 6.915667
1006 6.917747
1007 6.919827
1008 6.921907
1009 6.923987
1010 6.926067
1011 6.936147
1012 6.938227
1013 6.940307
1014 6.942387
1015 6.944467
1016 6.948547
1017 6.950627
1018 6.956707
1019 6.960787
1020 6.962867
1021 6.966947
1022 6.981507
1023 6.987587
1024 6.991667
1025 6.993747
1026 7.001987
1027 7.008227
1029 7.014467
1030 7.016547
1031 7.018627
1034 7.020707
1028 7.022787
1032 7.032867
1033 7.039107
1035 7.041187
1036 7.043267
1037 7.045347
1038 7.047427
1039 7.049507
1040 7.051587
1041 7.053667
1042 7.063747
1043 7.065827
1028 7.067907
1044 7.069987
1045 7.072067
1046 7.076147
1047 7.080227
1048 7.086307
1049 7.088387
1050 7.090467
1051 7.094627
1052 7.098787
1053 7.104867
1054 7.107107
1055 7.112787
1056 7.116947
1057 7.121107
1058 7.125187
1059 7.127907
1060 7.132067
1061 7.136227
1062 7.140387
1063 7.144547
1064 7.150227
1065 7.154387
1066 7.158547
1067 7.162707
1068 7.165347
1069 7.169507
1070 7.173667
1071 7.177827
1072 7.181987
1073 7.187667
1074 7.191827
1075 7.195987
1076 7.200147
1077 7.202787
1078 7.206947
1079 7.211107
1080 7.215267
1081 7.219427
1082 7.225107
1083 7.229267
1084 7.233427
1085 7.237587
1086 7.240227
1087 7.244387
1088 7.248547
1089 7.254707
1090 7.258787
1091 7.262867
1092 7.266947
1093 7.275187
1094 7.277267
1095 7.281347
1096 7.285427
1097 7.295747
1098 7.299907
1099 7.303987
1100 7.308067
1101 7.312147
1103 7.318307
1104 7.322467
1102 7.326627
1105 7.334787
1106 7.336867
1107 7.338947
1108 7.347107
1109 7.349187
1110 7.351267
1111 7.355427
1113 7.365827
1114 7.367907
1115 7.372067
1116 7.374147
1118 7.376227
1112 7.390467
1117 7.392547
1119 7.402947
1120 7.407107
1121 7.411267
1122 7.413347
1123 7.419587
1124 7.421667
1125 7.423747
1126 7.425827
1127 7.427907
1112 7.432067
1128 7.434147
1129 7.456707
1130 7.458787
1131 7.460867
1132 7.465027
1133 7.467107
1134 7.469187
1135 7.471267
1136 7.473347
1137 7.508067
1138 7.510147
1139 7.512227
1140 7.514307
1141 7.516387
1142 7.528867
1143 7.530947
1144 7.533027
1145 7.535107
1146 7.545507
1147 7.547587
1148 7.549667
1149 7.555907
1150 7.562147
1151 7.564227
1152 7.566307
1153 7.572547
1154 7.578787
1155 7.580867
1157 7.585027
1158 7.589187
1159 7.591267
1162 7.593347
1156 7.609667
1160 7.611747
1161 7.613827
1163 7.620067
1164 7.622147
1165 7.624227
1166 7.626307
1167 7.628387
1168 7.630467
1156 7.632547
1169 7.655107
1170 7.657187
1171 7.659267
1172 7.661347
1173 7.663427
1174 7.683907
1175 7.685987
1176 7.690147
1177 7.692227
1178 7.694307
1179 7.696387
1180 7.698467
1181 7.723107
1182 7.725187
1183 7.727267
1184 7.729347
1185 7.731427
1186 7.764067
1187 7.766147
1188 7.768227
1189 7.772387
1190 7.774467
1191 7.784867
1192 7.786947
1193 7.789027
1194 7.791107
1195 7.801507
1196 7.803587
1197 7.805667
1198 7.811907
1199 7.818147
1200 7.820227
1201 7.822307
1202 7.828547
1203 7.834787
1204 7.836867
1206 7.841027
1207 7.845187
1208 7.847267
1211 7.849347
1205 7.865667
1209 7.867747
1210 7.869827
1212 7.876067
1213 7.878147
1214 7.880227
1215 7.882307
1216 7.884387
1217 7.886467
1205 7.888547
1218 7.911107
1219 7.913187
1220 7.915267
1221 7.917347
1222 7.919427
1223 7.939907
1224 7.941987
1225 7.948227
1226 7.950307
1227 7.952387
1228 7.954467
1229 7.956547
1230 7.958627
1231 7.983267
1232 7.985347
1233 7.987427
1234 7.989507
1235 8.020067
1236 8.022147
1237 8.024227
1238 8.026307
1239 8.032547
1240 8.040867
1241 8.042947
1242 8.045027
1243 8.047107
1244 8.057507
1245 8.059587
1246 8.063747
1247 8.067907
1248 8.074147
1249 8.076227
1250 8.078307
1251 8.084547
1252 8.090787
1253 8.092867
1255 8.099107
1256 8.103267
1257 8.105347
1258 8.107427
1260 8.109507
1261 8.111587
1254 8.125827
1259 8.127907
1262 8.136227
1263 8.138307
1264 8.140387
1265 8.142467
1266 8.144547
1254 8.146627
1267 8.169187
1268 8.171267
1269 8.173347
1270 8.175427
1271 8.177507
1272 8.195907
1273 8.197987
1274 8.206307
1275 8.208387
1276 8.210467
1277 8.212547
1279 8.214627
1278 8.228867
1280 8.241347
1281 8.243427
1282 8.245507
1283 8.247587
1284 8.268067
1285 8.270147
1286 8.272227
1287 8.274307
1288 8.282627
1289 8.288867
1290 8.293027
1291 8.295107
1292 8.303427
1294 8.307587
1295 8.311747
1296 8.317987
1299 8.326307
1300 8.330467
1293 8.344707
1297 8.350947
1298 8.353027
1301 8.357187
1302 8.359267
1303 8.361347
1293 8.363427
1304 8.379747
1305 8.381827
1306 8.404387
1307 8.406467
1308 8.408547
1309 8.410627
1310 8.412707
1311 8.414787
1312 8.439427
1313 8.441507
1314 8.443587
1315 8.445667
1316 8.447747
1318 8.453987
1317 8.478627
1319 8.480707
1320 8.482787
1321 8.484867
1322 8.486947
1323 8.489027
1324 8.491107
1325 8.507427
1326 8.509507
1327 8.511587
1328 8.513667
1329 8.515747
1330 8.519827
1331 8.523907
1332 8.540387
1333 8.554947
1334 8.557027
1335 8.561107
1336 8.569187
1337 8.573347
1338 8.575427
1339 8.577507
1340 8.579587
1341 8.587907
1342 8.589987
1343 8.592067
1346 8.604547
1344 8.654147
1345 8.656227
1347 8.658307
1348 8.660387
1349 8.662467
1350 8.664547
1351 8.666627
1352 8.668707
1353 8.670787
1354 8.672867
1355 8.703747
1356 8.705827
1357 8.707907
1358 8.709987
1359 8.712067
1360 8.714147
1361 8.716227
1362 8.718307
1363 8.720387
1364 8.722467
1366 8.724547
1365 8.736707
1367 8.738787
1368 8.740867
1369 8.742947
1371 8.745027
1370 8.749107
1372 8.751187
1373 8.759267
1374 8.761347
1375 8.763427
1376 8.765507
1377 8.769587
1378 8.784067
1379 8.794307
1380 8.796387
1381 8.798467
1382 8.806627
1383 8.812867
1384 8.814947
1385 8.817027
1387 8.829507
1388 8.831587
1389 8.833667
1392 8.841987
1393 8.846147
1386 8.860707
1390 8.870787
1391 8.872867
1394 8.877027
1395 8.879107
1396 8.881187
1397 8.885347
1398 8.887427
1399 8.889507
1400 8.891587
1386 8.893667
1401 8.901987
1402 8.918307
1403 8.920387
1404 8.922467
1405 8.924547
1406 8.930787
1407 8.932867
1408 8.934947
1409 8.955427
1410 8.957507
1411 8.959587
1412 8.963747
1413 8.965827
1414 8.967907
1415 8.969987
1416 8.980387
1417 8.982467
1418 8.998787
1419 9.000867
1420 9.002947
1421 9.005027
1422 9.011267
1423 9.013347
1424 9.015427
1425 9.017507
1426 9.037987
1427 9.040067
1428 9.042147
1429 9.044227
1430 9.046307
1431 9.054627
1432 9.056707
1433 9.058787
1434 9.060867
1435 9.067107
1436 9.075427
1437 9.077507
1438 9.083747
1439 9.085827
1441 9.092067
1442 9.098307
1443 9.102467
1446 9.114947
1447 9.117027
1451 9.129507
1440 9.177027
1444 9.179107
1445 9.181187
1448 9.183267
1449 9.185347
1450 9.187427
1452 9.189507
1453 9.191587
1440 9.193667
1454 9.207907
1455 9.209987
1456 9.212067
1457 9.228707
1458 9.232787
1459 9.236867
1460 9.242947
1461 9.245027
1462 9.251267
1463 9.255427
1465 9.263747
1466 9.265827
1464 9.267907
1467 9.277987
1468 9.280067
1469 9.282147
1470 9.284227
1471 9.286307
1472 9.288387
1473 9.294467
1474 9.296547
1475 9.302627
1476 9.304707
1477 9.306787
1478 9.310867
1479 9.314947
1480 9.319027
1481 9.323107
1482 9.325587
1483 9.329747
1484 9.333907
1485 9.338067
1486 9.342227
1487 9.347907
1488 9.352067
1489 9.356227
1490 9.360387
1491 9.363027
1492 9.367187
1493 9.371347
1494 9.375507
1495 9.379667
1496 9.385347
1497 9.389507
1498 9.393667
1499 9.397827
1500 9.400467
1501 9.404627
1502 9.408787
1503 9.412947
1504 9.417107
1505 9.422787
1506 9.426947
1507 9.431107
1508 9.435267
1509 9.439427
1510 9.443507
1511 9.447587
1512 9.451667
1513 9.459907
1514 9.461987
1515 9.466067
1516 9.470147
1517 9.476307
1518 9.486627
1519 9.488707
1520 9.492787
1522 9.496867
1523 9.498947
1521 9.501027
1524 9.515427
1525 9.517507
1526 9.519587
1527 9.525667
1528 9.527747
1529 9.529827
1530 9.531907
1532 9.533987
1531 9.550467
1533 9.556547
1534 9.558627
1535 9.560707
1536 9.562787
1537 9.564867
1538 9.566947
1539 9.569027
1540 9.589507
1541 9.591587
1542 9.595747
1543 9.597827
1544 9.599907
1545 9.601987
1546 9.604067
1547 9.606147
1548 9.608227
1549 9.610307
1550 9.639107
1551 9.641187
1552 9.643267
1553 9.645347
1554 9.647427
1555 9.649507
1556 9.651587
1557 9.653667
1558 9.655747
1559 9.657827
1560 9.659907
1562 9.661987
1561 9.690787
1563 9.692867
1564 9.694947
1565 9.697027
1566 9.699107
1567 9.744227
1568 9.746307
1569 9.748387
1570 9.750467
1571 9.752547
1572 9.765027
1573 9.767107
1574 9.769187
1575 9.771267
1576 9.773347
1577 9.785827
1578 9.787907
1579 9.789987
1580 9.792067
1581 9.794147
1582 9.806627
1583 9.808707
1584 9.810787
1585 9.812867
1586 9.814947
1587 9.827427
1588 9.829507
1589 9.831587
1590 9.833667
1591 9.835747
1592 9.848227
1593 9.850307
1594 9.852387
1595 9.854467
1596 9.856547
1597 9.869027
1598 9.871107
1599 9.873187
1600 9.875267
1601 9.877347
1602 9.889827
1603 9.891907
1604 9.893987
1605 9.896067
1606 9.898147
1607 9.910627
1608 9.912707
1609 9.914787
1610 9.916867
1611 9.918947
1612 9.931427
1613 9.933507
1614 9.935587
1615 9.937667
1616 9.941827
1617 9.968227
1618 9.970307
1619 9.972387
1620 9.974467
1621 9.978627
1629 9.989027
1633 9.993187
1634 9.995267
1635 9.997347
1636 9.999427
1637 10.001507
1638 10.003587
1639 10.005667
1640 10.026147
1641 10.030307
1622 10.032387
1623 10.250867
1624 10.269347
1625 10.273587
1626 10.287827
1627 10.291987
1628 10.304307
1629 10.308467
1630 10.312547
1631 10.316627
1632 10.328947
1633 10.331027
1634 10.339267
1635 10.347427
1636 10.353667
1642 10.359827
1643 10.361907
1644 10.363987
1647 10.370147
1645 10.374227
1646 10.378307
1648 10.388707
1649 10.394867
1650 10.398947
1652 10.401027
1651 10.405107
1653 10.417507
1654 10.419587
1655 10.427827
1656 10.431907
1657 10.444227
1658 10.446307
1659 10.450467
1660 10.458787
1662 10.462867
1663 10.464947
1664 10.471187
1661 10.477427
1665 10.489667
1666 10.495907
1667 10.499987
1668 10.502067
1669 10.508307
1661 10.512467
1670 10.526707
1671 10.528787
1672 10.537107
1673 10.539187
1674 10.553427
1675 10.555507
1676 10.559667
1677 10.565907
1678 10.582227
1679 10.584307
1680 10.586387
1681 10.590547
1682 10.594707
1683 10.596787
1684 10.621427
1685 10.623507
1686 10.625587
1687 10.627667
1688 10.629747
1689 10.631827
1690 10.656627
1691 10.662707
1692 10.664787
1693 10.666867
1694 10.668947
1695 10.671027
1696 10.673107
1697 10.675187
1698 10.693587
1699 10.695667
1700 10.697747
1701 10.699827
1702 10.701907
1703 10.703987
1704 10.710067
1705 10.712147
1706 10.728627
1707 10.730707
1711 10.741107
1708 10.759827
1709 10.761907
1710 10.767987
1712 10.776147
1713 10.778227
1714 10.780307
1715 10.782387
1716 10.784467
1717 10.786547
1718 10.788627
1719 10.790707
1721 10.796947
1720 10.815347
1722 10.817427
1723 10.819507
1724 10.821587
1725 10.823667
1726 10.827827
1727 10.829907
1728 10.831987
1729 10.834067
1731 10.846547
1730 10.858707
1732 10.860787
1733 10.862867
1734 10.864947
1735 10.867027
1736 10.871187
1737 10.879507
1738 10.881587
1739 10.883667
1741 10.891987
1742 10.894067
1743 10.896147
1746 10.904467
1747 10.906547
1740 10.918707
1744 10.920787
1745 10.924947
1748 10.933267
1749 10.935347
1750 10.937427
1751 10.943667
1752 10.947827
1753 10.951987
1740 10.954067
1754 10.964147
1755 10.972467
1756 10.976627
1757 10.980787
1760 10.984947
1761 10.987027
1758 10.989107
1759 10.991187
1762 11.009587
1763 11.011667
1764 11.013747
1765 11.019987
1766 11.022067
1767 11.024147
1768 11.038387
1769 11.044627
1770 11.048787
1771 11.052947
1772 11.057107
1773 11.059187
1774 11.063347
1775 11.067507
1776 11.069587
1777 11.071667
1778 11.079987
1780 11.086227
1781 11.088307
1782 11.092467
1785 11.098707
1786 11.102867
1779 11.115027
1783 11.117107
1784 11.119187
1787 11.127507
1788 11.129587
1789 11.133747
1790 11.135827
1779 11.137907
1791 11.152147
1792 11.160467
1794 11.164627
1795 11.166707
1793 11.176787
1796 11.178867
1797 11.183027
1799 11.195507
1800 11.197587
1798 11.207667
1801 11.209747
1802 11.213907
1803 11.220147
1804 11.236467
1805 11.240627
1806 11.242707
1807 11.244787
1809 11.253107
1810 11.255187
1808 11.265587
1811 11.277747
1812 11.279827
1813 11.281907
1814 11.290227
1815 11.292307
1816 11.294387
1817 11.296467
1819 11.308947
1818 11.331507
1820 11.333587
1821 11.335667
1822 11.337747
1823 11.339827
1824 11.343987
1825 11.346067
1826 11.348147
1827 11.350227
1828 11.385267
1829 11.387347
1830 11.389427
1831 11.391507
1832 11.393587
1833 11.395667
1834 11.397747
1835 11.399827
1836 11.401907
1837 11.403987
1838 11.436947
1839 11.439027
1840 11.441107
1841 11.443187
1842 11.445267
1843 11.447347
1844 11.449427
1845 11.451507
1846 11.453587
1847 11.455667
1848 11.457747
1849 11.459827
1850 11.461907
1851 11.471987
1852 11.474067
1853 11.476147
1854 11.488627
1855 11.584307
1856 11.590387
1857 11.596467
1858 11.598547
1859 11.600627
1860 11.602707
1861 11.604787
1862 11.606867
1863 11.608947
1864 11.611027
1865 11.613107
1866 11.615187
1867 11.617267
1868 11.619347
1869 11.621427
1870 11.623507
1871 11.633587
1872 11.635667
1873 11.637747
1874 11.639827
1875 11.641907
1876 11.645987
1877 11.650067
1878 11.656147
1879 11.658227
1880 11.670707
1881 11.674787
1882 11.678867
1883 11.684947
1884 11.691187
1885 11.697427
1887 11.703667
1888 11.705747
1889 11.707827
1886 11.709907
1890 11.722067
1891 11.726227
1892 11.730387
1893 11.732467
1894 11.734547
1895 11.736627
1896 11.738707
1897 11.740787
1898 11.742867
1899 11.744947
1900 11.755027
1901 11.757107
1886 11.759187
1902 11.761267
1903 11.763347
1904 11.767427
1905 11.771507
1906 11.777587
1907 11.779667
1908 11.781747
1909 11.785827
1910 11.789907
1911 11.795987
1912 11.798067
1913 11.804067
1914 11.808147
1915 11.812227
1916 11.816307
1917 11.818787
1918 11.822947
1919 11.827107
1920 11.831267
1921 11.835427
1922 11.841107
1923 11.845267
1924 11.849427
1925 11.853587
1926 11.856227
1927 11.860387
1928 11.864547
1929 11.868707
1930 11.872867
1931 11.878547
1932 11.882707
1933 11.886867
1934 11.891027
1935 11.893667
1936 11.897827
1937 11.901987
1938 11.906147
1939 11.910307
1940 11.915987
1941 11.920147
1942 11.924307
1943 11.928467
1944 11.931107
1945 11.935267
1946 11.939427
1947 11.945587
1948 11.949667
1949 11.953747
1950 11.957827
1951 11.966067
1952 11.968147
1953 11.972227
1954 11.976307
1955 11.986627
1956 11.990787
1959 11.994867
1957 11.996947
1958 12.001027
1960 12.011267
1961 12.015427
1962 12.019587
1963 12.021667
1964 12.023747
1965 12.025827
1968 12.032067
1966 12.034147
1967 12.036227
