0 0.107000
1 0.125880
2 0.144787
3 0.157107
4 0.169427
5 0.179667
6 0.200307
7 0.322867
8 0.328947
9 0.330947
10 0.339027
11 0.341027
12 0.359507
13 0.361507
14 0.365507
15 0.371507
16 0.375507
17 0.377507
18 0.395987
19 0.397987
20 0.403987
21 0.407987
22 0.409987
23 0.434707
24 0.436707
25 0.442707
26 0.446707
27 0.448707
28 0.471347
29 0.473347
30 0.479347
31 0.483347
32 0.485347
33 0.501747
34 0.503747
35 0.509747
36 0.513747
37 0.517747
38 0.521747
43 0.561187
39 0.735747
40 0.741747
41 0.745747
42 0.747747
39 0.751747
40 0.755747
44 0.759747
41 0.763747
45 0.767747
46 0.771747
47 0.775747
48 0.779747
49 0.783747
50 0.833427
51 0.835427
52 0.839427
53 0.843427
54 0.870227
55 0.872227
56 0.876227
57 0.880227
58 0.890387
59 0.894467
60 0.898467
61 0.902467
62 0.908627
63 0.912707
64 0.916707
65 0.920707
66 0.928707
67 0.930947
68 0.934947
69 0.938947
70 0.946947
71 0.950947
72 0.954947
73 0.958947
74 0.962947
75 0.966947
76 0.970947
77 0.974947
78 0.978947
79 0.982947
80 0.986947
81 0.990947
82 0.994947
83 0.998947
84 1.002947
85 1.006947
86 1.010947
87 1.014947
88 1.018947
89 1.022947
90 1.026947
91 1.030947
92 1.034947
93 1.038947
94 1.042947
95 1.046947
96 1.050947
97 1.054947
98 1.058947
99 1.062947
100 1.066947
101 1.070947
102 1.077027
103 1.081027
104 1.085027
105 1.089027
106 1.097187
107 1.103267
108 1.107267
111 1.111267
109 1.115267
110 1.119267
112 1.129507
113 1.135587
114 1.141667
116 1.145667
117 1.149667
115 1.155747
118 1.168067
119 1.172067
120 1.178147
121 1.190467
122 1.200707
123 1.206787
124 1.212867
126 1.216867
127 1.220867
125 1.229027
128 1.239267
129 1.243267
130 1.249347
131 1.253347
132 1.257347
133 1.275907
134 1.279907
135 1.283907
136 1.289987
137 1.293987
138 1.297987
139 1.320707
140 1.324707
141 1.330787
142 1.334787
143 1.338787
144 1.342787
146 1.346787
145 1.373667
147 1.388067
148 1.392067
149 1.396067
150 1.400067
151 1.408227
152 1.412227
153 1.416227
154 1.445187
155 1.449187
156 1.476067
157 1.480067
158 1.484067
159 1.494307
160 1.502467
161 1.516867
162 1.522947
163 1.533187
166 1.553827
167 1.559907
164 1.599347
165 1.605427
168 1.613507
169 1.659107
170 1.663107
171 1.671267
172 1.677347
173 1.683427
174 1.695747
175 1.699747
176 1.707907
177 1.713987
178 1.724227
179 1.728227
181 1.738467
180 1.744627
182 1.750627
183 1.754627
184 1.771107
185 1.775107
186 1.779107
187 1.783107
188 1.801667
189 1.805667
190 1.809667
191 1.813667
192 1.828067
193 1.832067
194 1.836067
195 1.840067
196 1.941827
197 1.945827
198 1.949827
199 1.953827
200 1.993187
201 1.997187
202 2.001187
203 2.005187
204 2.038307
205 2.042307
206 2.046307
207 2.050307
208 2.083427
209 2.087427
210 2.091427
211 2.095427
212 2.116067
213 2.120067
214 2.124067
215 2.128067
216 2.184067
217 2.190147
218 2.194147
219 2.198147
220 2.237507
221 2.241507
222 2.245507
223 2.249507
224 2.282627
225 2.286627
226 2.290627
227 2.294627
228 2.329827
229 2.333827
230 2.337827
231 2.341827
232 2.379107
233 2.383107
234 2.387107
235 2.391107
236 2.415907
237 2.419907
238 2.423907
239 2.427907
240 2.436067
241 2.440067
242 2.444067
243 2.599907
244 2.603907
245 2.607907
246 2.611907
247 2.628387
248 2.632387
249 2.636387
250 2.640387
251 2.652627
252 2.660787
253 2.664787
254 2.677027
255 2.685187
256 2.689187
257 2.703507
258 2.711667
259 2.715667
260 2.729987
261 2.736067
262 2.740067
263 2.791907
264 2.797907
265 2.801907
266 2.837107
267 2.841107
268 2.845107
269 2.861507
270 2.865507
271 2.869507
272 2.890067
273 2.894067
274 2.898067
275 2.916627
276 2.920627
277 2.935027
278 2.941027
279 2.945027
280 2.955267
281 2.969667
282 2.975747
283 2.983827
284 2.998227
285 3.002227
286 3.012387
287 3.024707
288 3.028707
289 3.038867
290 3.053267
291 3.057267
292 3.065347
293 3.081827
294 3.087907
295 3.091907
296 3.112467
297 3.118547
298 3.122547
299 3.155587
300 3.159587
301 3.163587
302 3.184147
303 3.188147
304 3.192147
305 3.216867
306 3.220867
307 3.270627
308 3.282867
309 3.286867
310 3.322067
311 3.330227
312 3.342467
313 3.377667
314 3.381667
315 3.395987
316 3.414547
317 3.418547
318 3.426627
319 3.445187
320 3.449187
321 3.455187
322 3.471667
323 3.475667
324 3.494147
325 3.498147
326 3.502147
327 3.601827
328 3.605827
329 3.609827
330 3.657427
331 3.661427
332 3.665427
333 3.688067
334 3.692067
335 3.696067
336 3.714547
337 3.718547
338 3.722547
339 3.743107
340 3.747107
341 3.751107
342 3.773747
343 3.777747
344 3.781747
345 3.804387
346 3.808387
347 3.812387
348 4.026387
349 4.030387
350 4.034387
348 4.038387
349 4.042387
350 4.048387
351 4.052387
352 4.056387
353 4.087347
354 4.089347
355 4.110067
356 4.114147
357 4.118227
358 4.128307
359 4.132387
360 4.136467
361 4.146547
362 4.150627
363 4.154707
364 4.164787
365 4.168867
366 4.172867
367 4.176867
368 4.183027
369 4.187107
370 4.191107
371 4.195107
372 4.199107
373 4.203107
374 4.207107
375 4.211107
376 4.215107
377 4.219107
378 4.223107
379 4.227107
380 4.231107
381 4.235107
382 4.239107
383 4.243107
384 4.247107
385 4.251107
386 4.255107
387 4.259107
388 4.263107
389 4.267107
390 4.271107
391 4.275107
392 4.279107
393 4.283107
394 4.287107
395 4.291107
396 4.295107
397 4.299107
398 4.303107
399 4.307107
400 4.311107
401 4.315107
402 4.319107
403 4.323107
404 4.327107
405 4.331107
406 4.335107
407 4.339187
408 4.343107
409 4.347107
410 4.351107
411 4.357267
412 4.359267
413 4.363107
414 4.367107
415 4.377347
416 4.381427
417 4.383427
418 4.385427
419 4.391507
420 4.401747
421 4.403747
422 4.407827
423 4.411907
424 4.417987
425 4.424147
426 4.432307
428 4.438467
429 4.440467
430 4.442467
427 4.444467
431 4.456707
432 4.462867
433 4.471107
427 4.475187
434 4.477187
435 4.479187
437 4.481187
438 4.483187
436 4.495427
439 4.514067
440 4.518147
441 4.520147
442 4.522147
443 4.524147
444 4.526147
445 4.528147
446 4.530147
447 4.536307
448 4.538307
449 4.567187
450 4.569187
451 4.571187
452 4.581507
453 4.583507
454 4.585507
455 4.587507
456 4.589507
457 4.597747
458 4.599747
459 4.603827
462 4.607907
460 4.636787
461 4.638787
463 4.647027
464 4.649027
465 4.651027
466 4.653027
467 4.700467
468 4.702467
469 4.706547
470 4.708547
471 4.710547
472 4.720867
473 4.724947
474 4.745507
475 4.751667
476 4.759907
477 4.770227
478 4.772227
479 4.782547
480 4.828067
481 4.830067
482 4.832067
483 4.836147
484 4.838147
485 4.862867
486 4.864867
487 4.866867
488 4.868867
489 4.897747
490 4.899747
491 4.901747
492 4.903747
493 4.938867
494 4.940867
495 4.942867
496 4.944867
497 4.984147
498 4.986147
499 4.988147
500 4.990147
501 5.087667
502 5.089667
503 5.091667
504 5.093667
505 5.135027
506 5.137027
507 5.141027
508 5.143027
509 5.176147
510 5.178147
511 5.182147
512 5.184147
513 5.213107
514 5.215107
515 5.219107
516 5.221107
517 5.239667
518 5.241667
520 5.245667
519 5.251827
521 5.259987
522 5.264067
523 5.272227
524 5.286707
525 5.313587
526 5.317667
527 5.325827
528 5.338147
529 5.363027
530 5.365027
531 5.369027
532 5.377187
533 5.412467
534 5.414467
535 5.420467
536 5.422467
537 5.503507
538 5.507507
539 5.511507
540 5.513507
541 5.534227
542 5.538227
543 5.542227
544 5.544227
545 5.585747
546 5.589747
547 5.593747
548 5.595747
549 5.637267
550 5.641267
551 5.645267
552 5.649347
553 5.684627
554 5.688627
555 5.692627
556 5.694627
557 5.736147
558 5.740147
559 5.744147
560 5.746147
561 5.787667
562 5.791667
563 5.795667
564 5.797667
565 5.814227
566 5.818227
567 5.822227
568 5.824227
569 6.034227
570 6.038227
571 6.042227
572 6.044227
569 6.048227
570 6.052227
571 6.054227
572 6.058227
573 6.062227
574 6.107907
575 6.109907
576 6.113907
577 6.332147
578 6.336147
579 6.350387
580 6.354387
581 6.368627
582 6.372627
583 6.389267
584 6.391267
585 6.413907
586 6.432547
587 6.444787
588 6.467587
589 6.473587
590 6.498467
591 6.504467
592 6.521027
593 6.539507
594 6.566467
595 6.572467
596 6.605667
597 6.611667
598 6.653187
599 6.659187
600 6.711107
601 6.717107
602 6.741987
603 6.747987
604 6.760387
605 6.770547
606 6.789187
607 6.895027
608 6.899107
609 6.932147
610 6.934147
611 6.954707
612 6.958787
613 6.985587
614 6.989667
615 7.026867
616 7.028867
617 7.057747
618 7.059747
619 7.078227
620 7.082307
621 7.096707
622 7.100867
623 7.114947
624 7.119107
625 7.134147
626 7.138307
627 7.152387
628 7.156547
629 7.171587
630 7.175747
631 7.189827
632 7.193987
633 7.209027
634 7.213187
635 7.227267
636 7.231427
637 7.246467
638 7.250627
639 7.264947
640 7.273187
641 7.287507
642 7.301987
643 7.316307
644 7.330787
645 7.345107
646 7.382467
647 7.388467
648 7.436227
649 7.442227
650 7.475427
651 7.481427
652 7.500067
653 7.506067
654 7.595427
655 7.601427
656 7.634627
657 7.640627
658 7.665507
659 7.671507
660 7.700547
661 7.706547
662 7.733507
663 7.739507
664 7.756067
665 7.762067
666 7.851427
667 7.857427
668 7.890627
669 7.896627
670 7.921507
671 7.927507
672 7.960707
673 7.966707
674 7.991587
675 7.997587
676 8.012067
677 8.018067
678 8.113667
679 8.119667
680 8.148707
681 8.154707
682 8.179587
683 8.185587
684 8.216707
685 8.222707
686 8.253827
687 8.259827
688 8.336707
689 8.342707
690 8.369667
691 8.375667
692 8.396387
693 8.402387
694 8.431427
695 8.437427
696 8.470627
697 8.476627
698 8.499427
699 8.505427
700 8.517827
701 8.527987
702 8.559107
703 8.567187
704 8.646147
705 8.652147
706 8.695747
707 8.701747
708 8.728707
709 8.734707
710 8.747107
711 8.757267
712 8.767587
713 8.792307
714 8.800547
715 8.864787
716 8.866787
717 8.912307
718 8.914307
719 8.949427
720 8.951427
721 8.992787
722 8.994787
723 9.021587
724 9.023587
725 9.171027
726 9.173027
727 9.201907
728 9.203907
729 9.234867
730 9.238947
731 9.271987
732 9.273987
733 9.292467
734 9.298627
735 9.312947
736 9.317027
737 9.331827
738 9.335987
739 9.350067
740 9.354227
741 9.369267
742 9.373427
743 9.387507
744 9.391667
745 9.406707
746 9.410867
747 9.424947
748 9.429107
749 9.445587
750 9.449667
751 9.468147
752 9.472227
753 9.494867
754 9.503107
755 9.523667
756 9.538147
757 9.554547
758 9.575267
759 9.587507
760 9.616547
761 9.620547
762 9.664067
763 9.670147
764 9.701187
765 9.705187
766 9.729987
767 9.733987
768 9.952227
769 9.956227
768 9.960227
769 9.964227
770 10.007747
771 10.011747
772 10.034467
773 10.038467
774 10.052707
775 10.056707
776 10.070947
777 10.074947
778 10.089187
779 10.093187
780 10.107427
781 10.111427
782 10.125667
783 10.129667
784 10.143907
785 10.147907
786 10.162147
787 10.166147
788 10.180387
789 10.184387
790 10.198627
791 10.202627
792 10.216867
793 10.220867
794 10.235107
795 10.239107
796 10.253347
797 10.257347
798 10.271587
799 10.277667
800 10.289907
801 10.300227
802 10.314627
803 10.326947
804 10.341347
805 10.357827
806 10.368147
807 10.390787
808 10.396947
809 10.425827
810 10.429907
811 10.460867
812 10.479507
813 10.497987
814 10.518707
815 10.524707
816 10.545427
817 10.551427
818 10.574227
819 10.580227
820 10.613427
821 10.619427
822 10.652627
823 10.660707
824 10.685587
825 10.691587
826 10.706067
827 10.716227
828 10.763987
829 10.772067
830 10.807347
831 10.813347
832 10.850707
833 10.856707
834 10.910707
835 10.916707
836 10.956147
837 10.962147
838 10.993267
839 10.999267
840 11.030387
841 11.036387
842 11.104947
843 11.110947
844 11.139987
845 11.145987
846 11.168787
847 11.174787
848 11.199667
849 11.205667
850 11.222227
851 11.228227
852 11.267667
853 11.273667
854 11.323507
855 11.329507
856 11.377267
857 11.383267
858 11.428947
859 11.434947
860 11.463987
861 11.469987
862 11.586387
863 11.594467
864 11.625587
865 11.631587
866 11.643987
867 11.654147
868 11.672787
869 11.682947
870 11.711987
871 11.717987
872 11.747027
873 11.753027
874 11.765427
875 11.775587
876 11.783827
877 11.793987
878 11.802067
879 11.814307
880 11.820867
881 11.833347
882 11.839107
883 11.851587
884 11.858307
885 11.870787
886 11.876547
887 11.889027
888 11.895747
889 11.908227
890 11.913987
891 11.926467
892 11.933187
893 11.947667
894 11.951747
895 11.970227
896 11.974307
897 11.999027
898 12.003107
