0.11	0.00
0.13	16.92
0.13	381.63
0.14	446.94
0.15	608.47
0.16	648.81
0.17	653.91
0.18	675.75
0.18	766.22
0.19	830.74
0.20	791.69
0.20	860.44
0.21	907.99
0.21	951.85
0.22	921.61
0.23	975.06
0.23	1026.69
0.23	1076.59
0.24	1039.09
0.24	1083.56
0.25	1126.70
0.26	1089.20
0.26	1128.22
0.27	1093.86
0.33	856.84
0.34	848.22
0.35	847.29
0.35	873.74
0.36	899.74
0.36	925.32
0.36	950.48
0.36	975.23
0.39	914.62
0.39	937.18
0.39	959.42
0.39	981.33
0.40	1002.93
0.40	1024.23
0.42	978.82
0.42	998.65
0.43	1018.22
0.43	1037.54
0.43	1056.61
0.43	1075.43
0.43	1094.02
0.44	1112.37
0.44	1130.49
0.46	1083.42
0.46	1100.48
0.46	1117.34
0.47	1134.00
0.47	1150.48
0.47	1166.76
0.47	1182.86
0.47	1198.78
0.50	1152.27
0.50	1167.37
0.50	1182.31
0.50	1197.09
0.50	1211.72
0.54	1134.45
0.54	1148.14
0.54	1161.71
0.55	1175.16
0.55	1188.47
0.55	1201.66
0.55	1214.73
0.55	1227.67
0.56	1240.49
0.56	1253.20
0.57	1226.86
0.59	1212.32
0.59	1224.33
0.59	1236.23
0.59	1248.04
0.60	1259.75
0.60	1265.99
0.60	1277.47
0.60	1288.86
0.61	1300.15
0.62	1289.95
0.63	1280.16
0.63	1285.87
0.63	1296.59
0.63	1307.23
0.64	1312.64
0.64	1323.09
0.65	1328.32
0.65	1328.38
0.66	1333.46
0.66	1333.46
0.67	1333.46
0.67	1338.36
0.67	1348.10
0.68	1357.78
0.68	1357.52
0.69	1362.12
0.69	1361.81
0.70	1371.13
0.70	1380.39
0.71	1375.10
0.71	1374.67
0.71	1383.66
0.72	1392.59
0.72	1401.46
0.73	1391.40
0.73	1395.44
0.73	1404.06
0.74	1412.63
0.74	1421.14
0.80	1305.50
0.81	1309.63
0.81	1317.61
0.81	1325.55
0.81	1333.43
0.81	1341.27
0.82	1349.07
0.82	1356.82
0.82	1364.52
0.82	1372.18
0.83	1367.90
0.83	1375.44
0.83	1382.94
0.86	1353.04
0.86	1360.36
0.86	1360.14
0.87	1367.35
0.87	1374.53
0.87	1381.67
0.89	1360.39
0.89	1367.39
0.90	1367.40
1.11	1090.21
1.14	1064.14
1.14	1065.92
1.17	1047.31
1.18	1045.23
1.19	1048.98
1.19	1052.71
1.19	1056.34
1.22	1042.51
1.24	1029.38
1.24	1034.83
1.24	1040.26
1.25	1038.37
1.27	1025.58
1.28	1030.87
1.28	1036.13
1.29	1030.85
1.31	1025.69
1.32	1022.00
1.32	1027.10
1.32	1032.18
1.33	1030.48
1.36	1018.93
1.37	1013.77
1.37	1018.68
1.37	1023.57
1.38	1028.44
1.38	1030.06
1.39	1033.21
1.43	1007.79
1.43	1012.49
1.43	1017.18
1.44	1020.26
1.44	1023.31
1.44	1026.35
1.45	1030.97
1.47	1020.06
1.47	1024.60
1.47	1029.13
1.47	1033.65
1.48	1038.15
1.48	1042.64
1.50	1030.44
1.51	1031.85
1.52	1027.24
1.53	1028.69
1.54	1027.15
1.54	1031.46
1.55	1028.37
1.56	1029.73
1.60	1009.58
1.60	1013.74
1.60	1017.90
1.61	1019.31
1.61	1020.72
1.62	1022.12
1.66	1000.19
1.67	999.06
1.67	1003.04
1.68	1004.46
1.69	1005.86
1.69	1007.25
1.69	1011.16
1.71	1007.37
1.71	1011.25
1.72	1012.60
1.72	1015.19
1.73	1017.77
1.73	1021.60
1.74	1020.39
1.74	1024.18
1.74	1027.97
1.75	1030.48
1.75	1034.25
1.76	1029.23
1.77	1032.96
1.77	1036.67
1.77	1040.38
1.77	1044.07
1.77	1047.76
1.79	1042.69
1.79	1046.34
1.80	1048.74
1.80	1052.37
1.80	1055.98
1.80	1059.59
1.80	1063.20
1.82	1058.08
1.82	1060.41
1.83	1063.96
1.83	1067.50
1.83	1071.04
1.86	1058.39
1.86	1061.87
1.86	1065.35
1.87	1068.82
1.87	1072.28
1.88	1070.68
1.88	1074.12
1.88	1077.54
1.88	1080.96
1.89	1084.37
1.90	1082.72
1.90	1086.11
1.90	1088.22
1.91	1090.33
1.91	1091.17
1.92	1094.51
1.92	1095.33
1.93	1094.90
1.93	1096.96
1.96	1084.61
1.96	1087.87
1.97	1091.13
1.97	1093.16
1.97	1096.39
1.98	1099.62
1.98	1101.62
1.98	1103.61
1.99	1106.82
2.01	1094.66
2.02	1097.82
2.02	1100.98
2.02	1104.13
2.02	1107.27
2.02	1110.41
2.03	1113.54
2.06	1099.19
2.06	1102.28
2.06	1105.36
2.07	1108.43
2.07	1111.49
2.07	1112.20
2.08	1115.25
2.10	1103.52
2.11	1106.53
2.11	1109.53
2.11	1112.53
2.11	1115.53
2.11	1118.51
2.12	1121.49
2.12	1124.47
2.15	1112.86
2.15	1115.79
2.15	1118.73
2.15	1121.65
2.16	1121.16
2.16	1124.07
2.17	1125.84
2.18	1124.20
2.19	1121.51
2.21	1116.88
2.21	1119.74
2.21	1121.47
2.22	1124.31
2.22	1127.15
2.22	1129.97
2.23	1130.57
2.23	1133.38
2.26	1121.16
2.26	1123.94
2.26	1126.71
2.26	1129.48
2.27	1132.24
2.27	1135.00
2.27	1137.75
2.30	1124.64
2.31	1127.36
2.31	1130.07
2.31	1132.78
2.31	1135.49
2.31	1138.18
2.32	1138.73
2.35	1126.94
2.35	1129.60
2.36	1132.25
2.36	1134.90
2.36	1137.55
2.36	1140.19
2.36	1142.82
2.37	1145.45
2.40	1131.74
2.40	1134.34
2.40	1136.94
2.41	1139.52
2.41	1142.11
2.41	1144.69
2.41	1146.23
2.42	1148.80
2.42	1151.36
2.44	1146.00
2.44	1148.55
2.46	1141.12
2.46	1143.64
2.47	1146.16
2.47	1148.67
2.47	1151.18
2.48	1148.67
2.48	1151.17
2.49	1153.66
2.49	1156.14
2.49	1158.62
2.50	1156.06
2.51	1158.53
2.51	1160.99
2.51	1162.44
2.52	1160.88
2.52	1163.32
2.53	1164.76
2.53	1167.19
2.54	1165.62
2.54	1167.05
2.55	1169.46
2.56	1166.90
2.56	1169.30
2.62	1144.86
2.62	1147.22
2.63	1149.58
2.63	1151.93
2.63	1154.28
2.63	1156.62
2.65	1151.67
2.65	1154.00
2.65	1156.32
2.66	1156.83
2.66	1159.14
2.67	1156.93
2.68	1159.23
2.68	1161.53
2.68	1162.01
2.69	1164.30
2.70	1162.09
2.70	1164.36
2.70	1166.63
2.70	1168.90
2.71	1168.47
2.71	1170.73
2.72	1170.29
2.72	1172.54
2.73	1174.78
2.73	1177.03
2.74	1175.68
2.76	1170.62
2.76	1172.84
2.76	1175.06
2.76	1177.27
2.77	1179.47
2.77	1180.76
2.77	1182.95
2.77	1185.15
2.78	1186.42
2.79	1184.92
2.79	1186.18
2.81	1181.30
2.81	1183.46
2.82	1184.71
2.82	1185.96
2.82	1188.12
2.83	1190.27
2.83	1192.42
2.83	1194.56
2.83	1196.70
2.83	1198.84
2.84	1200.97
2.84	1203.10
2.85	1199.09
2.86	1201.21
2.86	1203.33
2.86	1205.44
2.86	1207.55
2.88	1204.41
2.88	1206.51
2.88	1208.60
2.88	1210.70
2.88	1212.78
2.89	1214.87
2.89	1216.95
2.91	1212.93
2.91	1215.00
2.91	1217.07
2.91	1219.13
2.91	1221.19
2.92	1223.25
2.92	1225.30
2.93	1223.01
2.93	1225.05
2.93	1227.09
2.94	1229.13
2.94	1231.17
2.95	1227.14
2.96	1229.16
2.96	1231.18
2.96	1231.47
2.97	1233.49
2.97	1235.50
2.97	1237.50
2.97	1239.51
2.98	1239.78
2.99	1239.19
2.99	1240.32
2.99	1241.45
3.00	1243.44
3.00	1245.42
3.00	1247.40
3.01	1245.93
3.01	1247.90
3.02	1248.16
3.02	1249.26
3.03	1251.22
3.03	1253.18
3.04	1252.56
3.04	1253.66
3.05	1253.89
3.05	1255.84
3.05	1257.77
3.05	1259.71
3.05	1261.64
3.06	1260.16
3.07	1259.53
3.07	1261.45
3.08	1263.37
3.08	1265.28
3.08	1267.19
3.08	1269.10
3.10	1264.19
3.10	1266.09
3.11	1267.98
3.11	1269.88
3.11	1271.77
3.11	1273.65
3.13	1267.88
3.13	1269.76
3.14	1270.76
3.14	1272.63
3.14	1274.50
3.14	1276.37
3.15	1278.23
3.15	1280.09
3.15	1281.95
3.15	1283.81
3.18	1274.59
3.18	1276.43
3.21	1267.40
3.21	1269.23
3.22	1271.06
3.22	1272.88
3.22	1274.71
3.23	1274.07
3.23	1275.89
3.23	1277.70
3.23	1279.51
3.24	1281.32
3.24	1282.27
3.24	1284.07
3.24	1285.87
3.25	1287.67
3.25	1289.47
3.25	1291.26
3.25	1293.05
3.25	1294.84
3.26	1296.62
3.26	1298.41
3.26	1300.19
3.26	1301.97
3.27	1303.74
3.27	1305.52
3.27	1307.29
3.30	1298.23
3.30	1299.99
3.30	1301.75
3.30	1303.50
3.31	1305.26
3.31	1307.01
3.31	1308.75
3.31	1310.50
3.31	1312.24
3.32	1313.99
3.32	1315.72
3.32	1317.46
3.32	1319.20
3.35	1309.31
3.36	1311.03
3.36	1312.75
3.36	1314.47
3.36	1316.19
3.36	1317.90
3.37	1319.61
3.37	1321.32
3.37	1323.03
3.37	1324.73
3.37	1326.44
3.38	1328.14
3.52	1275.69
3.52	1277.35
3.52	1279.01
3.52	1280.67
3.53	1282.32
3.54	1280.86
3.54	1282.51
3.54	1284.15
3.54	1285.80
3.54	1287.44
3.55	1287.52
3.55	1289.16
3.55	1290.79
3.56	1292.43
3.56	1294.06
3.57	1294.13
3.57	1295.76
3.57	1297.38
3.57	1299.00
3.57	1300.62
3.58	1302.24
3.58	1303.86
3.58	1305.47
3.58	1307.08
3.58	1308.69
3.59	1310.30
3.59	1311.91
3.59	1313.51
3.59	1315.12
3.59	1316.72
3.60	1318.32
3.60	1319.91
3.60	1321.51
3.60	1323.10
3.60	1324.69
3.64	1315.55
3.64	1317.13
3.64	1318.71
3.64	1320.29
3.64	1321.87
3.65	1323.44
3.65	1325.01
3.65	1326.58
3.65	1328.15
3.65	1329.72
3.66	1331.28
3.66	1332.84
3.66	1334.40
3.69	1326.09
3.69	1327.64
3.82	1283.28
3.82	1284.80
3.83	1286.32
3.83	1287.84
3.83	1289.35
3.84	1287.27
3.84	1288.78
3.85	1290.29
3.85	1291.79
3.85	1293.30
3.86	1291.22
3.87	1292.72
3.87	1294.21
3.87	1295.71
3.87	1297.20
3.88	1295.12
3.89	1296.61
3.89	1298.10
3.89	1299.58
3.89	1301.06
3.90	1298.98
3.91	1300.46
3.91	1301.93
3.91	1303.41
3.91	1304.88
3.93	1302.80
3.93	1304.27
3.93	1305.73
3.93	1307.20
3.93	1308.66
3.95	1306.57
3.95	1308.03
3.95	1309.49
3.95	1310.94
3.95	1312.40
3.97	1310.31
3.97	1311.76
3.97	1313.20
3.97	1314.65
3.98	1316.09
3.99	1314.01
3.99	1315.44
3.99	1316.88
3.99	1318.32
4.00	1319.75
4.01	1317.66
4.01	1319.09
4.01	1320.52
4.01	1321.94
4.02	1323.37
4.07	1309.27
4.07	1310.68
4.07	1312.09
4.07	1313.50
4.08	1312.84
4.09	1312.88
4.09	1314.28
4.10	1313.70
4.10	1313.73
4.11	1314.45
4.11	1315.84
4.38	1233.05
4.41	1227.42
4.41	1228.18
4.45	1219.74
4.45	1221.07
4.46	1222.40
4.46	1222.05
4.49	1216.56
4.49	1217.88
4.50	1218.65
4.50	1218.28
4.51	1218.44
4.51	1219.75
4.55	1212.70
4.55	1213.46
4.56	1213.08
4.56	1214.38
4.56	1215.69
4.56	1216.98
4.61	1205.05
4.62	1205.27
4.62	1206.56
4.63	1207.85
4.63	1209.13
4.63	1210.41
4.63	1211.14
4.64	1212.42
4.66	1206.67
4.67	1207.94
4.67	1209.22
4.67	1210.49
4.67	1211.76
4.67	1213.03
4.68	1214.30
4.69	1211.75
4.70	1213.01
4.70	1214.27
4.70	1215.54
4.70	1216.80
4.70	1218.06
4.73	1212.33
4.74	1212.52
4.74	1213.25
4.74	1214.50
4.75	1215.74
4.75	1216.99
4.75	1217.71
4.76	1217.35
4.77	1217.52
4.78	1215.55
4.78	1216.79
4.79	1218.03
4.79	1218.74
4.79	1219.44
4.80	1220.13
4.80	1220.82
4.81	1220.97
4.81	1221.12
4.82	1222.34
4.82	1223.03
4.82	1224.25
4.83	1223.90
4.84	1223.57
4.85	1223.22
4.85	1223.90
4.85	1225.12
4.86	1225.26
4.88	1222.85
4.88	1223.00
4.88	1224.20
4.89	1224.88
4.89	1225.02
4.90	1226.23
4.91	1223.83
4.92	1224.50
4.92	1225.17
4.93	1224.79
4.93	1225.98
4.93	1227.18
4.94	1227.84
4.95	1225.99
4.96	1226.13
4.96	1226.79
4.97	1226.93
4.97	1227.07
4.98	1228.25
4.98	1229.43
4.98	1230.09
5.00	1227.21
5.01	1227.36
5.01	1228.02
5.02	1228.15
5.02	1229.32
5.02	1229.98
5.03	1230.63
5.03	1231.80
5.04	1231.93
5.04	1232.05
5.05	1232.18
5.05	1232.83
5.06	1232.95
5.07	1232.56
5.07	1233.21
5.10	1227.29
5.10	1228.44
5.11	1229.60
5.11	1230.75
5.11	1231.90
5.11	1233.05
5.12	1233.69
5.15	1227.31
5.15	1228.46
5.15	1229.60
5.16	1230.74
5.16	1231.88
5.16	1233.02
5.16	1234.16
5.19	1228.84
5.19	1229.97
5.20	1231.11
5.20	1232.24
5.20	1233.37
5.20	1234.50
5.23	1229.72
5.23	1230.84
5.23	1231.97
5.23	1233.09
5.24	1234.21
5.24	1235.33
5.24	1236.45
5.25	1235.17
5.25	1236.28
5.26	1236.92
5.26	1237.56
5.27	1238.19
5.27	1238.34
5.28	1239.45
5.28	1240.08
5.30	1237.75
5.31	1236.87
5.32	1235.04
5.32	1235.66
5.33	1236.29
5.34	1235.95
5.34	1237.05
5.34	1238.15
5.35	1238.77
5.35	1239.38
5.35	1240.47
5.35	1241.57
5.38	1237.36
5.38	1238.45
5.38	1239.07
5.39	1240.16
5.39	1241.24
5.39	1242.33
5.39	1243.41
5.40	1243.03
5.40	1244.11
5.41	1245.20
5.41	1244.81
5.43	1242.60
5.43	1243.67
5.43	1244.75
5.44	1244.85
5.44	1245.93
5.44	1247.00
5.45	1247.10
5.46	1247.20
5.46	1248.27
5.46	1249.34
5.46	1250.41
5.47	1250.99
5.47	1251.09
5.48	1252.15
5.48	1252.73
5.49	1252.34
5.49	1253.40
5.49	1254.46
5.50	1255.04
5.50	1255.61
5.50	1256.18
5.52	1253.97
5.53	1254.06
5.53	1254.64
5.54	1255.21
5.54	1256.26
5.55	1254.06
5.56	1254.63
5.56	1255.20
5.57	1255.76
5.57	1256.33
5.57	1256.90
5.58	1257.94
5.58	1258.98
5.58	1259.07
5.59	1260.11
5.59	1261.15
5.60	1258.95
5.61	1258.56
5.62	1259.12
5.62	1259.68
5.62	1260.71
5.63	1261.75
5.63	1262.78
5.63	1263.81
5.63	1264.36
5.64	1265.39
5.64	1265.94
5.66	1261.86
5.67	1262.89
5.67	1263.44
5.68	1263.99
5.68	1265.01
5.68	1266.03
5.68	1267.05
5.68	1268.07
5.69	1269.09
5.69	1270.11
5.72	1265.11
5.72	1265.65
5.72	1266.66
5.72	1267.68
5.73	1268.69
5.73	1269.70
5.73	1270.71
5.73	1271.72
5.73	1272.72
5.74	1273.73
5.74	1274.74
5.77	1268.83
5.77	1269.83
5.78	1269.90
5.78	1270.90
5.78	1271.90
5.79	1272.90
5.79	1273.90
5.83	1265.84
5.83	1266.84
5.84	1267.83
5.84	1268.82
5.84	1269.81
5.85	1268.50
5.85	1269.49
5.86	1270.48
5.86	1271.46
5.86	1272.45
5.87	1271.14
5.87	1272.12
5.88	1273.11
5.88	1274.09
5.89	1274.15
5.89	1273.76
5.90	1274.28
5.90	1275.26
5.90	1276.24
5.91	1276.76
5.91	1276.36
5.92	1276.88
5.92	1277.85
5.92	1278.83
5.93	1278.43
5.94	1278.94
5.94	1279.00
5.95	1279.51
5.95	1280.48
5.95	1280.99
5.96	1281.51
5.96	1281.56
5.97	1282.07
5.97	1283.04
5.97	1283.54
5.98	1283.60
5.99	1283.65
5.99	1284.16
5.99	1284.66
6.00	1285.62
6.00	1285.67
6.01	1286.18
6.01	1286.68
6.01	1287.18
6.02	1288.14
6.02	1288.18
6.03	1288.68
6.03	1289.18
6.04	1289.68
6.04	1290.63
6.08	1283.29
6.08	1284.24
6.08	1285.18
6.09	1285.68
6.09	1286.63
6.09	1287.57
6.09	1288.51
6.09	1289.45
6.10	1290.39
6.11	1289.10
6.11	1290.04
6.13	1288.38
6.13	1289.32
6.13	1290.26
6.14	1290.30
6.14	1291.24
6.14	1292.17
6.14	1293.10
6.16	1291.42
6.16	1291.90
6.36	1251.66
6.38	1249.30
6.39	1248.58
6.40	1247.88
6.41	1247.97
6.41	1248.07
6.42	1248.58
6.43	1247.86
6.44	1246.33
6.44	1247.24
6.45	1247.75
6.45	1248.25
6.46	1248.34
6.46	1248.42
6.47	1249.32
6.48	1247.84
6.49	1247.92
6.49	1248.41
6.50	1248.09
6.50	1248.98
6.51	1248.31
6.52	1248.40
6.52	1249.29
6.52	1250.18
6.52	1251.07
6.54	1249.55
6.55	1247.66
6.57	1246.94
6.57	1247.83
6.57	1248.71
6.58	1248.05
6.58	1248.94
6.58	1249.82
6.59	1250.70
6.59	1250.78
6.62	1246.93
6.62	1247.81
6.62	1248.69
6.62	1249.57
6.63	1250.44
6.63	1251.32
6.63	1252.20
6.63	1253.07
6.67	1248.04
6.67	1248.92
6.67	1249.79
6.67	1250.66
6.67	1251.53
6.68	1252.40
6.68	1253.27
6.68	1254.14
6.68	1255.01
6.72	1248.44
6.73	1249.30
6.73	1250.16
6.73	1251.03
6.73	1251.89
6.73	1252.75
6.74	1253.61
6.74	1254.48
6.74	1255.34
6.74	1256.20
6.76	1255.15
6.76	1256.01
6.76	1256.87
6.76	1257.72
6.76	1258.58
6.77	1259.06
6.77	1259.54
6.78	1259.64
6.78	1260.49
6.78	1261.34
6.89	1242.47
6.89	1242.95
6.90	1243.43
6.90	1243.91
6.91	1244.39
6.91	1245.23
6.91	1246.07
6.91	1246.91
6.91	1247.75
6.92	1248.59
6.92	1249.43
6.92	1250.27
6.92	1251.11
6.92	1251.95
6.93	1252.79
6.93	1253.63
6.93	1254.46
6.94	1253.83
6.94	1254.67
6.95	1255.50
6.95	1256.34
6.95	1257.17
6.95	1257.64
6.96	1258.47
6.96	1258.57
6.97	1259.03
6.97	1259.86
6.97	1260.32
6.99	1258.87
6.99	1258.96
7.00	1259.43
7.00	1260.25
7.01	1259.95
7.01	1260.02
7.02	1260.09
7.02	1260.91
7.02	1261.73
7.03	1262.56
7.03	1263.38
7.04	1262.74
7.04	1262.81
7.05	1263.63
7.05	1264.45
7.05	1265.27
7.05	1266.08
7.05	1266.90
7.06	1267.72
7.06	1268.54
7.07	1267.90
7.07	1268.71
7.07	1269.53
7.08	1270.34
7.08	1271.16
7.08	1271.61
7.09	1272.06
7.09	1272.14
7.09	1272.95
7.10	1273.76
7.10	1274.19
7.10	1274.63
7.11	1274.71
7.11	1275.49
7.12	1275.64
7.12	1276.07
7.13	1276.50
7.13	1276.94
7.13	1277.63
7.14	1278.06
7.14	1278.49
7.15	1278.91
7.15	1279.34
7.16	1279.49
7.16	1279.91
7.16	1280.34
7.17	1280.76
7.17	1281.46
7.17	1281.88
7.18	1282.31
7.18	1282.73
7.19	1283.15
7.19	1283.30
7.20	1283.72
7.20	1284.14
7.21	1284.56
7.21	1285.25
7.21	1285.67
7.22	1286.09
7.22	1286.50
7.22	1286.92
7.23	1287.06
7.23	1287.48
7.24	1287.89
7.24	1288.31
7.25	1289.00
7.25	1289.41
7.25	1289.83
7.26	1289.88
7.26	1290.30
7.27	1290.73
7.27	1291.16
7.28	1290.83
7.28	1291.62
7.29	1292.04
7.29	1292.47
7.30	1291.77
7.30	1292.18
7.31	1292.60
7.31	1293.03
7.32	1293.45
7.32	1293.50
7.33	1293.90
7.33	1294.31
7.34	1294.00
7.34	1294.78
7.34	1295.56
7.35	1295.25
7.35	1296.02
7.36	1296.80
7.36	1297.20
7.37	1296.49
7.37	1297.26
7.38	1297.66
7.38	1298.44
7.38	1299.21
7.40	1297.81
7.40	1298.58
7.41	1297.87
7.41	1298.27
7.42	1298.67
7.42	1299.44
7.42	1299.47
7.43	1300.24
7.43	1301.00
7.43	1301.77
7.43	1302.54
7.44	1302.93
7.44	1303.70
7.46	1300.83
7.46	1301.59
7.47	1302.36
7.47	1302.75
7.47	1303.51
7.47	1304.27
7.48	1305.03
7.48	1305.79
7.51	1300.80
7.52	1301.55
7.52	1302.31
7.52	1303.07
7.52	1303.83
7.53	1302.75
7.54	1303.51
7.54	1304.26
7.54	1305.02
7.55	1304.31
7.55	1305.07
7.55	1305.82
7.56	1305.84
7.57	1305.86
7.57	1306.62
7.57	1307.37
7.58	1307.39
7.58	1307.41
7.59	1308.16
7.59	1308.54
7.59	1308.93
7.60	1309.67
7.60	1310.42
7.61	1308.68
7.62	1309.43
7.62	1310.17
7.63	1310.19
7.63	1310.93
7.63	1311.68
7.63	1312.42
7.63	1313.16
7.64	1313.91
7.64	1314.65
7.66	1311.82
7.66	1312.56
7.66	1313.30
7.67	1314.04
7.67	1314.78
7.69	1312.33
7.69	1313.06
7.70	1313.44
7.70	1314.18
7.70	1314.91
7.70	1315.65
7.70	1316.38
7.73	1313.22
7.73	1313.95
7.73	1314.68
7.73	1315.42
7.74	1316.15
7.77	1311.63
7.77	1312.36
7.77	1313.09
7.78	1313.46
7.78	1314.19
7.79	1313.49
7.79	1314.22
7.79	1314.94
7.80	1315.67
7.81	1314.97
7.81	1315.70
7.81	1316.42
7.82	1316.44
7.82	1316.45
7.83	1317.17
7.83	1317.90
7.83	1317.91
7.84	1317.92
7.84	1318.64
7.85	1319.01
7.85	1319.38
7.85	1320.10
7.85	1320.81
7.87	1319.11
7.87	1319.83
7.87	1320.55
7.88	1320.56
7.88	1321.27
7.89	1321.99
7.89	1322.70
7.89	1323.42
7.89	1324.14
7.89	1324.85
7.92	1322.09
7.92	1322.80
7.92	1323.51
7.92	1324.23
7.92	1324.94
7.94	1322.54
7.95	1323.25
7.95	1323.26
7.96	1323.97
7.96	1324.67
7.96	1325.38
7.96	1326.09
7.96	1326.80
7.99	1323.71
7.99	1324.41
7.99	1325.12
7.99	1325.82
8.03	1321.76
8.03	1322.46
8.03	1323.16
8.03	1323.87
8.04	1323.87
8.05	1323.53
8.05	1324.24
8.05	1324.94
8.05	1325.64
8.06	1324.95
8.06	1325.65
8.07	1326.00
8.07	1326.35
8.08	1326.36
8.08	1327.06
8.08	1327.75
8.09	1327.76
8.10	1327.76
8.10	1328.46
8.10	1328.46
8.11	1328.81
8.11	1329.50
8.11	1330.20
8.11	1330.89
8.12	1331.58
8.13	1330.26
8.13	1330.95
8.14	1330.61
8.14	1331.30
8.15	1331.99
8.15	1332.68
8.15	1333.37
8.15	1334.06
8.17	1331.36
8.18	1332.05
8.18	1332.73
8.18	1333.42
8.18	1334.11
8.20	1332.10
8.20	1332.79
8.21	1332.45
8.21	1333.13
8.22	1333.82
8.22	1334.50
8.22	1335.18
8.23	1333.87
8.25	1332.84
8.25	1333.53
8.25	1334.21
8.25	1334.89
8.27	1332.56
8.28	1333.24
8.28	1333.92
8.28	1334.59
8.29	1334.25
8.29	1334.25
8.30	1334.59
8.30	1335.27
8.31	1334.93
8.31	1335.27
8.32	1335.60
8.32	1335.60
8.33	1335.26
8.34	1335.60
8.35	1334.30
8.36	1334.30
8.36	1334.97
8.36	1335.31
8.36	1335.98
8.37	1336.65
8.37	1337.32
8.38	1335.69
8.39	1336.36
8.41	1333.73
8.41	1334.39
8.41	1335.06
8.42	1335.73
8.42	1336.40
8.42	1337.06
8.44	1334.11
8.45	1334.77
8.45	1335.44
8.45	1336.10
8.45	1336.77
8.46	1336.76
8.48	1333.83
8.49	1334.49
8.49	1335.15
8.49	1335.81
8.49	1336.47
8.49	1337.13
8.50	1337.79
8.51	1336.18
8.51	1336.84
8.52	1337.50
8.52	1338.16
8.52	1338.82
8.52	1339.16
8.53	1339.50
8.55	1337.87
8.56	1336.55
8.56	1337.20
8.57	1337.54
8.57	1337.25
8.58	1337.57
8.58	1338.23
8.58	1338.88
8.58	1339.53
8.59	1339.20
8.60	1339.85
8.60	1340.50
8.61	1339.51
8.66	1332.72
8.66	1333.37
8.66	1334.01
8.67	1334.66
8.67	1335.31
8.67	1335.96
8.67	1336.60
8.67	1337.25
8.68	1337.90
8.68	1338.54
8.71	1334.71
8.71	1335.35
8.71	1335.99
8.72	1336.64
8.72	1337.28
8.72	1337.92
8.72	1338.57
8.72	1339.21
8.73	1339.85
8.73	1340.49
8.73	1341.13
8.74	1340.21
8.74	1340.85
8.75	1341.49
8.75	1342.13
8.75	1342.77
8.75	1343.10
8.76	1343.74
8.76	1343.44
8.77	1344.08
8.77	1344.72
8.77	1345.36
8.77	1345.68
8.79	1344.40
8.80	1343.77
8.80	1344.41
8.80	1345.04
8.81	1344.74
8.82	1344.73
8.82	1345.36
8.82	1346.00
8.83	1345.02
8.84	1345.66
8.84	1346.29
8.85	1345.96
8.85	1346.27
8.87	1344.98
8.88	1344.39
8.88	1345.02
8.88	1345.33
8.88	1345.95
8.89	1346.58
8.89	1346.89
8.89	1347.52
8.89	1348.15
8.90	1348.78
8.90	1349.40
8.91	1349.07
8.92	1347.52
8.93	1348.15
8.93	1348.77
8.93	1349.40
8.94	1349.38
8.94	1350.01
8.94	1350.63
8.96	1348.45
8.96	1349.07
8.96	1349.69
8.97	1350.00
8.97	1350.62
8.97	1351.24
8.98	1351.86
8.99	1351.22
8.99	1351.84
9.00	1350.29
9.01	1350.91
9.01	1351.53
9.01	1352.15
9.02	1352.14
9.02	1352.75
9.02	1353.37
9.02	1353.99
9.04	1351.82
9.05	1352.43
9.05	1353.05
9.05	1353.67
9.05	1354.28
9.06	1353.95
9.06	1354.57
9.06	1355.18
9.07	1355.79
9.07	1355.78
9.08	1355.45
9.08	1356.06
9.09	1356.05
9.09	1356.66
9.10	1356.64
9.10	1356.63
9.11	1356.92
9.12	1355.97
9.12	1356.58
9.13	1355.62
9.18	1349.44
9.18	1350.05
9.19	1350.66
9.19	1351.26
9.19	1351.87
9.19	1352.48
9.19	1353.08
9.20	1353.69
9.20	1354.29
9.21	1353.09
9.22	1353.69
9.22	1354.30
9.23	1352.74
9.24	1353.05
9.24	1353.35
9.25	1353.36
9.25	1353.97
9.26	1353.95
9.26	1354.24
9.27	1353.92
9.27	1354.52
9.27	1355.12
9.28	1354.54
9.29	1355.14
9.29	1355.74
9.29	1356.34
9.29	1356.94
9.29	1357.54
9.30	1357.54
9.30	1358.14
9.31	1358.15
9.31	1358.75
9.31	1359.34
9.32	1359.64
9.32	1359.94
9.32	1360.25
9.33	1360.55
9.33	1361.08
9.33	1361.37
9.34	1361.66
9.34	1361.95
9.35	1362.23
9.35	1362.30
9.36	1362.58
9.36	1362.87
9.37	1363.15
9.37	1363.66
9.37	1363.95
9.38	1364.24
9.38	1364.52
9.38	1364.81
9.39	1364.87
9.39	1365.15
9.40	1365.44
9.40	1365.72
9.41	1366.23
9.41	1366.51
9.41	1366.79
9.42	1367.08
9.42	1367.36
9.43	1367.42
9.43	1367.70
9.44	1367.98
9.44	1368.26
9.44	1368.55
9.45	1368.84
9.45	1369.13
9.46	1369.42
9.46	1369.11
9.47	1369.69
9.47	1369.98
9.48	1370.27
9.48	1370.26
9.49	1369.64
9.49	1370.22
9.50	1370.51
9.50	1370.80
9.50	1371.39
9.51	1371.97
9.52	1370.75
9.52	1371.33
9.52	1371.91
9.53	1371.91
9.53	1372.49
9.53	1373.07
9.54	1373.65
9.54	1374.23
9.56	1372.71
9.56	1372.71
9.56	1373.29
9.57	1373.87
9.57	1374.44
9.57	1375.02
9.57	1375.60
9.57	1376.17
9.59	1374.08
9.60	1374.66
9.60	1374.93
9.60	1375.51
9.60	1376.08
9.61	1376.65
9.61	1377.23
9.61	1377.80
9.61	1378.38
9.62	1378.95
9.64	1375.66
9.65	1376.23
9.65	1376.80
9.65	1377.37
9.65	1377.95
9.65	1378.52
9.66	1379.09
9.66	1379.66
9.66	1380.23
9.66	1380.80
9.66	1381.37
9.67	1381.94
9.70	1378.66
9.70	1379.22
9.70	1379.79
9.70	1380.36
9.70	1380.93
9.75	1375.33
9.75	1375.90
9.75	1376.46
9.76	1377.03
9.76	1377.59
9.77	1376.67
9.77	1377.24
9.77	1377.80
9.78	1378.37
9.78	1378.93
9.79	1378.01
9.79	1378.58
9.80	1379.14
9.80	1379.70
9.80	1380.26
9.81	1379.35
9.81	1379.91
9.82	1380.47
9.82	1381.03
9.82	1381.59
9.83	1380.67
9.83	1381.23
9.84	1381.79
9.84	1382.35
9.84	1382.91
9.85	1382.00
9.86	1382.55
9.86	1383.11
9.86	1383.67
9.86	1384.23
9.87	1383.31
9.88	1383.87
9.88	1384.43
9.88	1384.98
9.88	1385.54
9.89	1384.62
9.90	1385.18
9.90	1385.73
9.90	1386.29
9.90	1386.84
9.92	1385.93
9.92	1386.48
9.92	1387.03
9.92	1387.59
9.92	1388.14
9.94	1387.23
9.94	1387.78
9.94	1388.33
9.94	1388.88
9.95	1389.14
9.97	1386.27
9.98	1386.82
9.98	1387.37
9.98	1387.92
9.98	1388.18
9.99	1387.56
10.00	1387.82
10.00	1388.37
10.00	1388.91
10.00	1389.46
10.01	1390.01
10.01	1390.56
10.01	1391.11
10.03	1389.08
10.04	1389.33
10.04	1389.88
10.26	1360.78
10.27	1359.13
10.28	1359.38
10.29	1358.29
10.30	1358.56
10.31	1357.73
10.31	1357.99
10.32	1358.26
10.32	1358.54
10.33	1357.71
10.34	1358.25
10.34	1357.97
10.35	1357.70
10.36	1357.69
10.36	1357.68
10.37	1358.22
10.37	1358.75
10.38	1358.75
10.38	1359.02
10.38	1359.29
10.39	1358.72
10.40	1358.72
10.40	1358.99
10.41	1359.52
10.41	1359.79
10.42	1358.96
10.42	1359.49
10.43	1359.21
10.44	1359.48
10.45	1358.67
10.45	1359.20
10.46	1359.46
10.46	1359.17
10.47	1359.44
10.47	1359.97
10.48	1359.95
10.48	1359.93
10.49	1359.13
10.50	1359.12
10.51	1359.38
10.51	1359.91
10.51	1359.90
10.52	1360.15
10.53	1359.09
10.53	1359.62
10.54	1359.33
10.54	1359.86
10.56	1358.80
10.56	1359.33
10.56	1359.58
10.57	1359.57
10.59	1358.24
10.59	1358.77
10.59	1359.29
10.60	1359.55
10.60	1359.80
10.60	1360.32
10.63	1357.93
10.63	1358.45
10.63	1358.97
10.63	1359.49
10.63	1360.02
10.64	1360.54
10.66	1358.13
10.67	1358.13
10.67	1358.65
10.67	1359.17
10.67	1359.69
10.68	1360.21
10.68	1360.73
10.68	1361.25
10.70	1359.67
10.70	1360.19
10.70	1360.71
10.70	1361.23
10.71	1361.75
10.71	1362.26
10.72	1362.27
10.72	1362.78
10.73	1361.45
10.74	1361.97
10.75	1361.42
10.76	1359.81
10.77	1360.32
10.77	1360.33
10.78	1360.07
10.78	1360.58
10.79	1361.10
10.79	1361.61
10.79	1362.13
10.79	1362.64
10.79	1363.15
10.80	1363.66
10.80	1363.65
10.82	1362.08
10.82	1362.59
10.82	1363.11
10.83	1363.62
10.83	1364.13
10.83	1364.38
10.83	1364.89
10.84	1365.40
10.84	1365.91
10.85	1365.10
10.86	1364.33
10.87	1364.84
10.87	1365.34
10.87	1365.85
10.87	1366.36
10.88	1366.61
10.88	1366.32
10.89	1366.83
10.89	1367.34
10.90	1367.06
10.90	1367.56
10.90	1368.07
10.91	1367.79
10.91	1368.30
10.92	1367.53
10.93	1368.03
10.93	1368.28
10.94	1367.99
10.94	1368.50
10.94	1369.00
10.95	1368.98
10.95	1369.22
10.96	1369.47
10.96	1369.97
10.97	1369.46
10.98	1369.18
10.98	1369.42
10.99	1369.66
10.99	1369.91
10.99	1370.41
10.99	1370.91
11.00	1371.41
11.01	1369.86
11.02	1370.36
11.02	1370.86
11.03	1370.84
11.03	1371.34
11.03	1371.84
11.04	1370.82
11.05	1370.80
11.05	1371.04
11.06	1371.28
11.06	1371.51
11.06	1372.01
11.07	1372.25
11.07	1372.49
11.07	1372.99
11.08	1373.49
11.09	1373.20
11.09	1373.18
11.09	1373.68
11.10	1373.91
11.10	1373.89
11.11	1374.13
11.12	1373.37
11.12	1373.86
11.12	1374.36
11.13	1374.08
11.13	1374.57
11.14	1374.81
11.14	1375.30
11.14	1375.80
11.16	1374.78
11.17	1374.49
11.17	1374.73
11.17	1375.22
11.18	1374.72
11.18	1375.22
11.19	1375.45
11.20	1374.65
11.20	1375.15
11.21	1374.65
11.21	1375.14
11.22	1375.37
11.23	1375.35
11.24	1374.08
11.25	1374.31
11.25	1374.80
11.25	1375.29
11.26	1375.01
11.26	1375.50
11.27	1374.97
11.28	1374.22
11.28	1374.70
11.29	1375.19
11.30	1374.91
11.30	1375.40
11.30	1375.89
11.30	1376.38
11.31	1375.59
11.34	1373.56
11.34	1374.05
11.34	1374.54
11.34	1375.02
11.34	1375.51
11.35	1375.74
11.35	1376.22
11.35	1376.71
11.36	1377.20
11.39	1373.66
11.39	1374.14
11.39	1374.62
11.40	1375.11
11.40	1375.59
11.40	1376.07
11.40	1376.56
11.40	1377.04
11.41	1377.52
11.41	1378.01
11.44	1374.73
11.44	1375.21
11.45	1375.70
11.45	1376.18
11.45	1376.66
11.45	1377.14
11.45	1377.62
11.46	1378.10
11.46	1378.58
11.46	1379.06
11.46	1379.54
11.46	1380.02
11.47	1380.50
11.48	1380.01
11.48	1380.49
11.48	1380.97
11.49	1380.18
11.59	1369.41
11.60	1369.41
11.60	1369.41
11.60	1369.88
11.61	1370.36
11.61	1370.83
11.61	1371.31
11.61	1371.79
11.61	1372.26
11.62	1372.74
11.62	1373.21
11.62	1373.68
11.62	1374.16
11.62	1374.63
11.63	1375.11
11.63	1375.58
11.64	1375.10
11.64	1375.57
11.64	1376.05
11.64	1376.52
11.65	1376.99
11.65	1377.23
11.66	1377.46
11.66	1377.46
11.66	1377.93
11.68	1377.16
11.68	1377.39
11.68	1377.63
11.69	1377.62
11.70	1377.60
11.70	1377.57
11.71	1377.55
11.71	1378.02
11.71	1378.49
11.71	1378.96
11.73	1378.23
11.73	1378.46
11.74	1378.68
11.74	1379.15
11.74	1379.62
11.74	1380.08
11.74	1380.55
11.75	1381.02
11.75	1381.49
11.75	1381.96
11.76	1381.47
11.76	1381.94
11.76	1382.41
11.77	1382.88
11.77	1383.34
11.77	1383.57
11.78	1383.80
11.78	1383.79
11.78	1384.26
11.79	1384.72
11.79	1384.95
11.79	1385.18
11.80	1385.17
11.80	1385.64
11.81	1385.64
11.81	1385.87
11.82	1386.09
11.82	1386.32
11.82	1386.74
11.83	1386.96
11.83	1387.17
11.84	1387.39
11.84	1387.61
11.85	1387.65
11.85	1387.86
11.85	1388.08
11.86	1388.30
11.86	1388.69
11.87	1388.91
11.87	1389.12
11.87	1389.34
11.88	1389.56
11.88	1389.59
11.89	1389.81
11.89	1390.02
11.90	1390.24
11.90	1390.63
11.90	1390.85
11.91	1391.06
11.91	1391.28
11.92	1391.49
11.92	1391.53
11.93	1391.74
11.93	1391.95
11.93	1392.17
11.94	1392.56
11.94	1392.77
11.94	1392.99
11.95	1392.97
11.95	1393.19
11.96	1393.41
11.96	1393.63
11.97	1393.37
11.97	1393.82
11.98	1394.04
11.98	1394.27
11.99	1393.76
12.00	1393.97
12.00	1394.19
12.00	1394.65
12.01	1394.87
12.02	1394.37
12.02	1394.58
12.02	1394.79
12.03	1395.24
12.03	1395.70
12.03	1396.15
12.04	1396.12
12.04	1396.57
12.04	1397.03
12.04	0.00
