0 0.103240
1 0.122147
2 0.126307
3 0.142947
4 0.147107
5 0.153347
6 0.159587
7 0.167907
8 0.174147
9 0.180387
10 0.186627
11 0.192867
12 0.201187
13 0.207427
14 0.213667
15 0.219907
16 0.226147
17 0.232387
18 0.238627
19 0.244867
20 0.251107
21 0.257347
22 0.265667
23 0.271907
24 0.278147
25 0.284387
26 0.290627
27 0.296867
28 0.303107
29 0.309347
30 0.315587
31 0.321827
32 0.330147
33 0.336387
34 0.342627
35 0.348867
36 0.355107
37 0.361347
38 0.367587
39 0.373827
40 0.380067
41 0.386307
42 0.394627
43 0.400867
44 0.407107
45 0.413347
46 0.419587
47 0.425827
48 0.432067
49 0.438307
50 0.444547
51 0.450787
52 0.459107
53 0.465347
54 0.471587
55 0.477827
56 0.484067
57 0.490307
58 0.496547
59 0.502787
60 0.509027
61 0.515267
62 0.523587
63 0.529827
64 0.536067
65 0.542307
66 0.548547
67 0.554787
68 0.561027
69 0.567267
70 0.573507
71 0.579747
72 0.588067
73 0.594307
74 0.600547
75 0.606787
76 0.613027
77 0.619267
78 0.625507
79 0.631747
80 0.637987
81 0.644227
82 0.652547
83 0.658787
84 0.665027
85 0.671267
86 0.677507
87 0.683747
88 0.689987
89 0.696227
90 0.702467
91 0.708707
92 0.717027
93 0.723267
94 0.729507
95 0.735747
96 0.741987
97 0.748227
98 0.754467
99 0.760707
100 0.766947
101 0.773187
102 0.779427
103 0.785667
104 0.791907
105 0.798147
106 0.804387
107 0.810627
108 0.816867
109 0.823107
110 0.829347
111 0.835587
112 0.841827
113 0.848067
114 0.854307
115 0.860547
116 0.866787
117 0.873027
118 0.879267
119 0.885507
120 0.891747
121 0.897987
122 0.904227
123 0.910467
124 0.916707
125 0.922947
126 0.929187
127 0.935427
128 0.941667
129 0.947907
130 0.954147
131 0.960387
132 0.966627
133 0.972867
134 0.979107
135 0.985347
136 0.991587
137 0.997827
138 1.006147
139 1.012387
140 1.018627
141 1.024867
142 1.031107
143 1.037347
144 1.043587
145 1.049827
146 1.056067
147 1.062307
148 1.068547
149 1.074787
150 1.081027
151 1.089347
152 1.095587
153 1.101827
154 1.108067
155 1.114307
156 1.120547
157 1.126787
158 1.133027
159 1.139267
160 1.145507
161 1.153827
162 1.160067
163 1.166307
164 1.172547
165 1.178787
166 1.185027
167 1.191267
168 1.197507
169 1.203747
170 1.209987
171 1.218307
172 1.224547
173 1.230787
174 1.237027
175 1.243267
176 1.249507
177 1.255747
178 1.261987
179 1.268227
180 1.274467
181 1.282787
182 1.289027
183 1.295267
184 1.301507
185 1.307747
186 1.313987
187 1.320227
188 1.326467
189 1.332707
190 1.338947
191 1.347267
192 1.353507
193 1.359747
194 1.365987
195 1.372227
196 1.378467
197 1.384707
198 1.390947
199 1.397187
200 1.403427
201 1.411747
202 1.417987
203 1.424227
204 1.430467
205 1.436707
206 1.442947
207 1.449187
208 1.455427
209 1.461667
210 1.467907
211 1.476227
212 1.482467
213 1.488707
214 1.494947
215 1.501187
216 1.507427
217 1.513667
218 1.519907
219 1.526147
220 1.532387
221 1.540707
222 1.546947
223 1.553187
224 1.559427
225 1.565667
226 1.571907
227 1.578147
228 1.584387
229 1.590627
230 1.596867
231 1.605187
232 1.611427
233 1.617667
234 1.623907
235 1.630147
236 1.636387
237 1.642627
238 1.648867
239 1.655107
240 1.661347
241 1.669667
242 1.675907
243 1.682147
244 1.688387
245 1.694627
246 1.700867
247 1.707107
248 1.713347
249 1.719587
250 1.725827
251 1.734147
252 1.740387
253 1.746627
254 1.752867
255 1.759107
256 1.765347
257 1.771587
258 1.777827
259 1.784067
260 1.790307
261 1.796547
262 1.802787
263 1.809027
264 1.817347
265 1.823587
266 1.829827
267 1.836067
268 1.842307
269 1.848547
270 1.854787
271 1.861027
272 1.867267
273 1.873507
274 1.881827
275 1.888067
276 1.894307
277 1.900547
278 1.906787
279 1.913027
280 1.919267
281 1.925507
282 1.931747
283 1.937987
284 1.946307
285 1.952547
286 1.958787
287 1.965027
288 1.971267
289 1.977507
290 1.983747
291 1.989987
292 1.996227
293 2.002467
294 2.010787
295 2.017027
296 2.023267
297 2.029507
298 2.035747
299 2.041987
300 2.048227
301 2.054467
302 2.060707
303 2.066947
304 2.075267
305 2.081507
306 2.087747
307 2.093987
308 2.100227
309 2.106467
310 2.112707
311 2.118947
312 2.125187
313 2.131427
314 2.139747
315 2.145987
316 2.152227
317 2.158467
318 2.164707
319 2.170947
320 2.177187
321 2.183427
322 2.189667
323 2.195907
324 2.204227
325 2.210467
326 2.216707
327 2.222947
328 2.229187
329 2.235427
330 2.241667
331 2.247907
332 2.254147
333 2.260387
334 2.268707
335 2.274947
336 2.281187
337 2.287427
338 2.293667
339 2.299907
340 2.306147
341 2.312387
342 2.318627
343 2.324867
344 2.333187
345 2.339427
346 2.345667
347 2.351907
348 2.358147
349 2.364387
350 2.370627
351 2.376867
352 2.383107
353 2.389347
354 2.397667
355 2.403907
356 2.410147
357 2.416387
358 2.422627
359 2.428867
360 2.435107
361 2.441347
362 2.447587
363 2.453827
364 2.462147
365 2.468387
366 2.474627
367 2.480867
368 2.487107
369 2.493347
370 2.499587
371 2.505827
372 2.512067
373 2.518307
374 2.526627
375 2.532867
376 2.539107
377 2.545347
378 2.551587
379 2.557827
380 2.564067
381 2.570307
382 2.576547
383 2.582787
384 2.591107
385 2.597347
386 2.603587
387 2.609827
388 2.616067
389 2.622307
390 2.628547
391 2.634787
392 2.641027
393 2.647267
394 2.655587
395 2.661827
396 2.668067
397 2.674307
398 2.680547
399 2.686787
400 2.693027
401 2.699267
402 2.705507
403 2.711747
404 2.720067
405 2.726307
406 2.732547
407 2.738787
408 2.745027
409 2.751267
410 2.757507
411 2.763747
412 2.769987
413 2.776227
414 2.784547
415 2.790787
416 2.797027
417 2.803267
418 2.809507
419 2.815747
420 2.821987
421 2.828227
422 2.834467
423 2.840707
424 2.849027
425 2.855267
426 2.861507
427 2.867747
428 2.873987
429 2.880227
430 2.886467
431 2.892707
432 2.898947
433 2.905187
434 2.913507
435 2.919747
436 2.925987
437 2.932227
438 2.938467
439 2.944707
440 2.950947
441 2.957187
442 2.963427
443 2.969667
444 2.977987
445 2.984227
446 2.990467
447 2.996707
448 3.002947
449 3.009187
450 3.015427
451 3.021667
452 3.027907
453 3.034147
454 3.042467
455 3.048707
456 3.054947
457 3.061187
458 3.067427
459 3.073667
460 3.079907
461 3.086147
462 3.092387
463 3.098627
464 3.106947
465 3.113187
466 3.119427
467 3.125667
468 3.131907
469 3.138147
470 3.144387
471 3.150627
472 3.156867
473 3.163107
474 3.171427
475 3.177667
476 3.183907
477 3.190147
478 3.196387
479 3.202627
480 3.208867
481 3.215107
482 3.221347
483 3.227587
484 3.235907
485 3.242147
486 3.248387
487 3.254627
488 3.260867
489 3.267107
490 3.273347
491 3.279587
492 3.285827
493 3.292067
494 3.300387
495 3.306627
496 3.312867
497 3.319107
498 3.325347
499 3.331587
500 3.337827
501 3.344067
502 3.350307
503 3.356547
504 3.364867
505 3.371107
506 3.377347
507 3.383587
508 3.389827
509 3.396067
510 3.402307
511 3.408547
512 3.414787
513 3.421027
514 3.429347
515 3.435587
516 3.441827
517 3.448067
518 3.454307
519 3.460547
520 3.466787
521 3.473027
522 3.479267
523 3.485507
524 3.493827
525 3.500067
526 3.506307
527 3.512547
528 3.518787
529 3.525027
530 3.531267
531 3.537507
532 3.543747
533 3.549987
534 3.558307
535 3.564547
536 3.570787
537 3.577027
538 3.583267
539 3.589507
540 3.595747
541 3.601987
542 3.608227
543 3.614467
544 3.622787
545 3.629027
546 3.635267
547 3.641507
548 3.647747
549 3.653987
550 3.660227
551 3.666467
552 3.672707
553 3.678947
554 3.687267
555 3.693507
556 3.699747
557 3.705987
558 3.712227
559 3.718467
560 3.724707
561 3.730947
562 3.737187
563 3.743427
564 3.751747
565 3.757987
566 3.764227
567 3.770467
568 3.776707
569 3.782947
570 3.789187
571 3.795427
572 3.801667
573 3.807907
574 3.816227
575 3.822467
576 3.828707
577 3.834947
578 3.841187
579 3.847427
580 3.853667
581 3.859907
582 3.866147
583 3.872387
584 3.880707
585 3.886947
586 3.893187
587 3.899427
588 3.905667
589 3.911907
590 3.918147
591 3.924387
592 3.930627
593 3.936867
594 3.945187
595 3.951427
596 3.957667
597 3.963907
598 3.970147
599 3.976387
600 3.982627
601 3.988867
602 3.995107
603 4.001347
604 4.009667
605 4.015907
606 4.022147
607 4.028387
608 4.034627
609 4.040867
610 4.047107
611 4.053347
612 4.059587
613 4.065827
614 4.074147
615 4.080387
616 4.086627
617 4.092867
618 4.099107
619 4.105347
620 4.111587
621 4.117827
622 4.124067
623 4.130307
624 4.138627
625 4.144867
626 4.151107
627 4.157347
628 4.163587
629 4.169827
630 4.176067
631 4.182307
632 4.188547
633 4.194787
634 4.203107
635 4.209347
636 4.215587
637 4.221827
638 4.228067
639 4.234307
640 4.240547
641 4.246787
642 4.253027
643 4.259267
644 4.267587
645 4.273827
646 4.280067
647 4.286307
648 4.292547
649 4.298787
650 4.305027
651 4.311267
652 4.317507
653 4.323747
654 4.332067
655 4.338307
656 4.344547
657 4.350787
658 4.357027
659 4.363267
660 4.369507
661 4.375747
662 4.381987
663 4.388227
664 4.396547
665 4.402787
666 4.409027
667 4.415267
668 4.421507
669 4.427747
670 4.433987
671 4.440227
672 4.446467
673 4.452707
674 4.461027
675 4.467267
676 4.473507
677 4.479747
678 4.485987
679 4.492227
680 4.498467
681 4.504707
682 4.510947
683 4.517187
684 4.525507
685 4.531747
686 4.537987
687 4.544227
688 4.550467
689 4.556707
690 4.562947
691 4.569187
692 4.575427
693 4.581667
694 4.589987
695 4.596227
696 4.602467
697 4.608707
698 4.614947
699 4.621187
700 4.627427
701 4.633667
702 4.639907
703 4.646147
704 4.654467
705 4.660707
706 4.666947
707 4.673187
708 4.679427
709 4.685667
710 4.691907
711 4.698147
712 4.704387
713 4.710627
714 4.718947
715 4.725187
716 4.731427
717 4.737667
718 4.743907
719 4.750147
720 4.756387
721 4.762627
722 4.768867
723 4.775107
724 4.783427
725 4.789667
726 4.795907
727 4.802147
728 4.808387
729 4.814627
730 4.820867
731 4.827107
732 4.833347
733 4.839587
734 4.847907
735 4.854147
736 4.860387
737 4.866627
738 4.872867
739 4.879107
740 4.885347
741 4.891587
742 4.897827
743 4.904067
744 4.912387
745 4.918627
746 4.924867
747 4.931107
748 4.937347
749 4.943587
750 4.949827
751 4.956067
752 4.962307
753 4.968547
754 4.976867
755 4.983107
756 4.989347
757 4.995587
758 5.001827
759 5.008067
760 5.014307
761 5.020547
762 5.026787
763 5.033027
764 5.041347
765 5.047587
766 5.053827
767 5.060067
768 5.066307
769 5.072547
770 5.078787
771 5.085027
772 5.091267
773 5.097507
774 5.105827
775 5.112067
776 5.118307
777 5.124547
778 5.130787
779 5.137027
780 5.143267
781 5.149507
782 5.155747
783 5.161987
784 5.170307
785 5.176547
786 5.182787
787 5.189027
788 5.195267
789 5.201507
790 5.207747
791 5.213987
792 5.220227
793 5.226467
794 5.234787
795 5.241027
796 5.247267
797 5.253507
798 5.259747
799 5.265987
800 5.272227
801 5.278467
802 5.284707
803 5.290947
804 5.299267
805 5.305507
806 5.311747
807 5.317987
808 5.324227
809 5.330467
810 5.336707
811 5.342947
812 5.349187
813 5.355427
814 5.363747
815 5.369987
816 5.376227
817 5.382467
818 5.388707
819 5.394947
820 5.401187
821 5.407427
822 5.413667
823 5.419907
824 5.428227
825 5.434467
826 5.440707
827 5.446947
828 5.453187
829 5.459427
830 5.465667
831 5.471907
832 5.478147
833 5.484387
834 5.492707
835 5.498947
836 5.505187
837 5.511427
838 5.517667
839 5.523907
840 5.530147
841 5.536387
842 5.542627
843 5.548867
844 5.557187
845 5.563427
846 5.569667
847 5.575907
848 5.582147
849 5.588387
850 5.594627
851 5.600867
852 5.607107
853 5.613347
854 5.621667
855 5.627907
856 5.634147
857 5.640387
858 5.646627
859 5.652867
860 5.659107
861 5.665347
862 5.671587
863 5.677827
864 5.686147
865 5.692387
866 5.698627
867 5.704867
868 5.711107
869 5.717347
870 5.723587
871 5.729827
872 5.736067
873 5.742307
874 5.750627
875 5.756867
876 5.763107
877 5.769347
878 5.775587
879 5.781827
880 5.788067
881 5.794307
882 5.800547
883 5.806787
884 5.815107
885 5.821347
886 5.827587
887 5.833827
888 5.840067
889 5.846307
890 5.852547
891 5.858787
892 5.865027
893 5.871267
894 5.879587
895 5.885827
896 5.892067
897 5.898307
898 5.904547
899 5.910787
900 5.917027
901 5.923267
902 5.929507
903 5.935747
904 5.944067
905 5.950307
906 5.956547
907 5.962787
908 5.969027
909 5.975267
910 5.981507
911 5.987747
912 5.993987
913 6.000227
914 6.008547
915 6.014787
916 6.021027
917 6.027267
918 6.033507
919 6.039747
920 6.045987
921 6.052227
922 6.058467
923 6.064707
924 6.073027
925 6.079267
926 6.085507
927 6.091747
928 6.097987
929 6.104227
930 6.110467
931 6.116707
932 6.122947
933 6.129187
934 6.137507
935 6.143747
936 6.149987
937 6.156227
938 6.162467
939 6.168707
940 6.174947
941 6.181187
942 6.187427
943 6.193667
944 6.201987
945 6.208227
946 6.214467
947 6.220707
948 6.226947
949 6.233187
950 6.239427
951 6.245667
952 6.251907
953 6.258147
954 6.266467
955 6.272707
956 6.278947
957 6.285187
958 6.291427
959 6.297667
960 6.303907
961 6.310147
962 6.316387
963 6.322627
964 6.330947
965 6.337187
966 6.343427
967 6.349667
968 6.355907
969 6.362147
970 6.368387
971 6.374627
972 6.380867
973 6.387107
974 6.395427
975 6.401667
976 6.407907
977 6.414147
978 6.420387
979 6.426627
980 6.432867
981 6.439107
982 6.445347
983 6.451587
984 6.459907
985 6.466147
986 6.472387
987 6.478627
988 6.484867
989 6.491107
990 6.497347
991 6.503587
992 6.509827
993 6.516067
994 6.524387
995 6.530627
996 6.536867
997 6.543107
998 6.549347
999 6.555587
1000 6.561827
1001 6.568067
1002 6.574307
1003 6.580547
1004 6.588867
1005 6.595107
1006 6.601347
1007 6.607587
1008 6.613827
1009 6.620067
1010 6.626307
1011 6.632547
1012 6.638787
1013 6.645027
1014 6.653347
1015 6.659587
1016 6.665827
1017 6.672067
1018 6.678307
1019 6.684547
1020 6.690787
1021 6.697027
1022 6.703267
1023 6.709507
1024 6.717827
1025 6.724067
1026 6.730307
1027 6.736547
1028 6.742787
1029 6.749027
1030 6.755267
1031 6.761507
1032 6.767747
1033 6.773987
1034 6.782307
1035 6.788547
1036 6.794787
1037 6.801027
1038 6.807267
1039 6.813507
1040 6.819747
1041 6.825987
1042 6.832227
1043 6.838467
1044 6.846787
1045 6.853027
1046 6.859267
1047 6.865507
1048 6.871747
1049 6.877987
1050 6.884227
1051 6.890467
1052 6.896707
1053 6.902947
1054 6.911267
1055 6.917507
1056 6.923747
1057 6.929987
1058 6.936227
1059 6.942467
1060 6.948707
1061 6.954947
1062 6.961187
1063 6.967427
1064 6.975747
1065 6.981987
1066 6.988227
1067 6.994467
1068 7.000707
1069 7.006947
1070 7.013187
1071 7.019427
1072 7.025667
1073 7.031907
1074 7.040227
1075 7.046467
1076 7.052707
1077 7.058947
1078 7.065187
1079 7.071427
1080 7.077667
1081 7.083907
1082 7.090147
1083 7.096387
1084 7.104707
1085 7.110947
1086 7.117187
1087 7.123427
1088 7.129667
1089 7.135907
1090 7.142147
1091 7.148387
1092 7.154627
1093 7.160867
1094 7.169187
1095 7.175427
1096 7.181667
1097 7.187907
1098 7.194147
1099 7.200387
1100 7.206627
1101 7.212867
1102 7.219107
1103 7.225347
1104 7.233667
1105 7.239907
1106 7.246147
1107 7.252387
1108 7.258627
1109 7.264867
1110 7.271107
1111 7.277347
1112 7.283587
1113 7.289827
1114 7.298147
1115 7.304387
1116 7.310627
1117 7.316867
1118 7.323107
1119 7.329347
1120 7.335587
1121 7.341827
1122 7.348067
1123 7.354307
1124 7.362627
1125 7.368867
1126 7.375107
1127 7.381347
1128 7.387587
1129 7.393827
1130 7.400067
1131 7.406307
1132 7.412547
1133 7.418787
1134 7.427107
1135 7.433347
1136 7.439587
1137 7.445827
1138 7.452067
1139 7.458307
1140 7.464547
1141 7.470787
1142 7.477027
1143 7.483267
1144 7.491587
1145 7.497827
1146 7.504067
1147 7.510307
1148 7.516547
1149 7.522787
1150 7.529027
1151 7.535267
1152 7.541507
1153 7.547747
1154 7.556067
1155 7.562307
1156 7.568547
1157 7.574787
1158 7.581027
1159 7.587267
1160 7.593507
1161 7.599747
1162 7.605987
1163 7.612227
1164 7.620547
1165 7.626787
1166 7.633027
1167 7.639267
1168 7.645507
1169 7.651747
1170 7.657987
1171 7.664227
1172 7.670467
1173 7.676707
1174 7.685027
1175 7.691267
1176 7.697507
1177 7.703747
1178 7.709987
1179 7.716227
1180 7.722467
1181 7.728707
1182 7.734947
1183 7.741187
1184 7.749507
1185 7.755747
1186 7.761987
1187 7.768227
1188 7.774467
1189 7.780707
1190 7.786947
1191 7.793187
1192 7.799427
1193 7.805667
1194 7.813987
1195 7.820227
1196 7.826467
1197 7.832707
1198 7.838947
1199 7.845187
1200 7.851427
1201 7.857667
1202 7.863907
1203 7.870147
1204 7.878467
1205 7.884707
1206 7.890947
1207 7.897187
1208 7.903427
1209 7.909667
1210 7.915907
1211 7.922147
1212 7.928387
1213 7.934627
1214 7.942947
1215 7.949187
1216 7.955427
1217 7.961667
1218 7.967907
1219 7.974147
1220 7.980387
1221 7.986627
1222 7.992867
1223 7.999107
1224 8.007427
1225 8.013667
1226 8.019907
1227 8.026147
1228 8.032387
1229 8.038627
1230 8.044867
1231 8.051107
1232 8.057347
1233 8.063587
1234 8.071907
1235 8.078147
1236 8.084387
1237 8.090627
1238 8.096867
1239 8.103107
1240 8.109347
1241 8.115587
1242 8.121827
1243 8.128067
1244 8.136387
1245 8.142627
1246 8.148867
1247 8.155107
1248 8.161347
1249 8.167587
1250 8.173827
1251 8.180067
1252 8.186307
1253 8.192547
1254 8.200867
1255 8.207107
1256 8.213347
1257 8.219587
1258 8.225827
1259 8.232067
1260 8.238307
1261 8.244547
1262 8.250787
1263 8.257027
1264 8.265347
1265 8.271587
1266 8.277827
1267 8.284067
1268 8.290307
1269 8.296547
1270 8.302787
1271 8.309027
1272 8.315267
1273 8.321507
1274 8.329827
1275 8.336067
1276 8.342307
1277 8.348547
1278 8.354787
1279 8.361027
1280 8.367267
1281 8.373507
1282 8.379747
1283 8.385987
1284 8.394307
1285 8.400547
1286 8.406787
1287 8.413027
1288 8.419267
1289 8.425507
1290 8.431747
1291 8.437987
1292 8.444227
1293 8.450467
1294 8.458787
1295 8.465027
1296 8.471267
1297 8.477507
1298 8.483747
1299 8.489987
1300 8.496227
1301 8.502467
1302 8.508707
1303 8.514947
1304 8.523267
1305 8.529507
1306 8.535747
1307 8.541987
1308 8.548227
1309 8.554467
1310 8.560707
1311 8.566947
1312 8.573187
1313 8.579427
1314 8.587747
1315 8.593987
1316 8.600227
1317 8.606467
1318 8.612707
1319 8.618947
1320 8.625187
1321 8.631427
1322 8.637667
1323 8.643907
1324 8.652227
1325 8.658467
1326 8.664707
1327 8.670947
1328 8.677187
1329 8.683427
1330 8.689667
1331 8.695907
1332 8.702147
1333 8.708387
1334 8.716707
1335 8.722947
1336 8.729187
1337 8.735427
1338 8.741667
1339 8.747907
1340 8.754147
1341 8.760387
1342 8.766627
1343 8.772867
1344 8.781187
1345 8.787427
1346 8.793667
1347 8.799907
1348 8.806147
1349 8.812387
1350 8.818627
1351 8.824867
1352 8.831107
1353 8.837347
1354 8.845667
1355 8.851907
1356 8.858147
1357 8.864387
1358 8.870627
1359 8.876867
1360 8.883107
1361 8.889347
1362 8.895587
1363 8.901827
1364 8.910147
1365 8.916387
1366 8.922627
1367 8.928867
1368 8.935107
1369 8.941347
1370 8.947587
1371 8.953827
1372 8.960067
1373 8.966307
1374 8.974627
1375 8.980867
1376 8.987107
1377 8.993347
1378 8.999587
1379 9.005827
1380 9.012067
1381 9.018307
1382 9.024547
1383 9.030787
1384 9.039107
1385 9.045347
1386 9.051587
1387 9.057827
1388 9.064067
1389 9.070307
1390 9.076547
1391 9.082787
1392 9.089027
1393 9.095267
1394 9.103587
1395 9.109827
1396 9.116067
1397 9.122307
1398 9.128547
1399 9.134787
1400 9.141027
1401 9.147267
1402 9.153507
1403 9.159747
1404 9.168067
1405 9.174307
1406 9.180547
1407 9.186787
1408 9.193027
1409 9.199267
1410 9.205507
1411 9.211747
1412 9.217987
1413 9.224227
1414 9.232547
1415 9.238787
1416 9.245027
1417 9.251267
1418 9.257507
1419 9.263747
1420 9.269987
1421 9.276227
1422 9.282467
1423 9.288707
1424 9.297027
1425 9.303267
1426 9.309507
1427 9.315747
1428 9.321987
1429 9.328227
1430 9.334467
1431 9.340707
1432 9.346947
1433 9.353187
1434 9.361507
1435 9.367747
1436 9.373987
1437 9.380227
1438 9.386467
1439 9.392707
1440 9.398947
1441 9.405187
1442 9.411427
1443 9.417667
1444 9.425987
1445 9.432227
1446 9.438467
1447 9.444707
1448 9.450947
1449 9.457187
1450 9.463427
1451 9.469667
1452 9.475907
1453 9.482147
1454 9.490467
1455 9.496707
1456 9.502947
1457 9.509187
1458 9.515427
1459 9.521667
1460 9.527907
1461 9.534147
1462 9.540387
1463 9.546627
1464 9.554947
1465 9.561187
1466 9.567427
1467 9.573667
1468 9.579907
1469 9.586147
1470 9.592387
1471 9.598627
1472 9.604867
1473 9.611107
1474 9.619427
1475 9.625667
1476 9.631907
1477 9.638147
1478 9.644387
1479 9.650627
1480 9.656867
1481 9.663107
1482 9.669347
1483 9.675587
1484 9.683907
1485 9.690147
1486 9.696387
1487 9.702627
1488 9.708867
1489 9.715107
1490 9.721347
1491 9.727587
1492 9.733827
1493 9.740067
1494 9.748387
1495 9.754627
1496 9.760867
1497 9.767107
1498 9.773347
1499 9.779587
1500 9.785827
1501 9.792067
1502 9.798307
1503 9.804547
1504 9.812867
1505 9.819107
1506 9.825347
1507 9.831587
1508 9.837827
1509 9.844067
1510 9.850307
1511 9.856547
1512 9.862787
1513 9.869027
1514 9.877347
1515 9.883587
1516 9.889827
1517 9.896067
1518 9.902307
1519 9.908547
1520 9.914787
1521 9.921027
1522 9.927267
1523 9.933507
1524 9.941827
1525 9.948067
1526 9.954307
1527 9.960547
1528 9.966787
1529 9.973027
1530 9.979267
1531 9.985507
1532 9.991747
1533 9.997987
1534 10.006307
1535 10.012547
1536 10.018787
1537 10.025027
1538 10.031267
1539 10.037507
1540 10.043747
1541 10.049987
1542 10.056227
1543 10.062467
1544 10.070787
1545 10.077027
1546 10.083267
1547 10.089507
1548 10.095747
1549 10.101987
1550 10.108227
1551 10.114467
1552 10.120707
1553 10.126947
1554 10.135267
1555 10.141507
1556 10.147747
1557 10.153987
1558 10.160227
1559 10.166467
1560 10.172707
1561 10.178947
1562 10.185187
1563 10.191427
1564 10.199747
1565 10.205987
1566 10.212227
1567 10.218467
1568 10.224707
1569 10.230947
1570 10.237187
1571 10.243427
1572 10.249667
1573 10.255907
1574 10.264227
1575 10.270467
1576 10.276707
1577 10.282947
1578 10.289187
1579 10.295427
1580 10.301667
1581 10.307907
1582 10.314147
1583 10.320387
1584 10.328707
1585 10.334947
1586 10.341187
1587 10.347427
1588 10.353667
1589 10.359907
1590 10.366147
1591 10.372387
1592 10.378627
1593 10.384867
1594 10.393187
1595 10.399427
1596 10.405667
1597 10.411907
1598 10.418147
1599 10.424387
1600 10.430627
1601 10.436867
1602 10.443107
1603 10.449347
1604 10.457667
1605 10.463907
1606 10.470147
1607 10.476387
1608 10.482627
1609 10.488867
1610 10.495107
1611 10.501347
1612 10.507587
1613 10.513827
1614 10.522147
1615 10.528387
1616 10.534627
1617 10.540867
1618 10.547107
1619 10.553347
1620 10.559587
1621 10.565827
1622 10.572067
1623 10.578307
1624 10.586627
1625 10.592867
1626 10.599107
1627 10.605347
1628 10.611587
1629 10.617827
1630 10.624067
1631 10.630307
1632 10.636547
1633 10.642787
1634 10.651107
1635 10.657347
1636 10.663587
1637 10.669827
1638 10.676067
1639 10.682307
1640 10.688547
1641 10.694787
1642 10.701027
1643 10.707267
1644 10.715587
1645 10.721827
1646 10.728067
1647 10.734307
1648 10.740547
1649 10.746787
1650 10.753027
1651 10.759267
1652 10.765507
1653 10.771747
1654 10.780067
1655 10.786307
1656 10.792547
1657 10.798787
1658 10.805027
1659 10.811267
1660 10.817507
1661 10.823747
1662 10.829987
1663 10.836227
1664 10.844547
1665 10.850787
1666 10.857027
1667 10.863267
1668 10.869507
1669 10.875747
1670 10.881987
1671 10.888227
1672 10.894467
1673 10.900707
1674 10.909027
1675 10.915267
1676 10.921507
1677 10.927747
1678 10.933987
1679 10.940227
1680 10.946467
1681 10.952707
1682 10.958947
1683 10.965187
1684 10.973507
1685 10.979747
1686 10.985987
1687 10.992227
1688 10.998467
1689 11.004707
1690 11.010947
1691 11.017187
1692 11.023427
1693 11.029667
1694 11.037987
1695 11.044227
1696 11.050467
1697 11.056707
1698 11.062947
1699 11.069187
1700 11.075427
1701 11.081667
1702 11.087907
1703 11.094147
1704 11.102467
1705 11.108707
1706 11.114947
1707 11.121187
1708 11.127427
1709 11.133667
1710 11.139907
1711 11.146147
1712 11.152387
1713 11.158627
1714 11.166947
1715 11.173187
1716 11.179427
1717 11.185667
1718 11.191907
1719 11.198147
1720 11.204387
1721 11.210627
1722 11.216867
1723 11.223107
1724 11.231427
1725 11.237667
1726 11.243907
1727 11.250147
1728 11.256387
1729 11.262627
1730 11.268867
1731 11.275107
1732 11.281347
1733 11.287587
1734 11.295907
1735 11.302147
1736 11.308387
1737 11.314627
1738 11.320867
1739 11.327107
1740 11.333347
1741 11.339587
1742 11.345827
1743 11.352067
1744 11.360387
1745 11.366627
1746 11.372867
1747 11.379107
1748 11.385347
1749 11.391587
1750 11.397827
1751 11.404067
1752 11.410307
1753 11.416547
1754 11.424867
1755 11.431107
1756 11.437347
1757 11.443587
1758 11.449827
1759 11.456067
1760 11.462307
1761 11.468547
1762 11.474787
1763 11.481027
1764 11.489347
1765 11.495587
1766 11.501827
1767 11.508067
1768 11.514307
1769 11.520547
1770 11.526787
1771 11.533027
1772 11.539267
1773 11.545507
1774 11.553827
1775 11.560067
1776 11.566307
1777 11.572547
1778 11.578787
1779 11.585027
1780 11.591267
1781 11.597507
1782 11.603747
1783 11.609987
1784 11.618307
1785 11.624547
1786 11.630787
1787 11.637027
1788 11.643267
1789 11.649507
1790 11.655747
1791 11.661987
1792 11.668227
1793 11.674467
1794 11.682787
1795 11.689027
1796 11.695267
1797 11.701507
1798 11.707747
1799 11.713987
1800 11.720227
1801 11.726467
1802 11.732707
1803 11.738947
1804 11.747267
1805 11.753507
1806 11.759747
1807 11.765987
1808 11.772227
1809 11.778467
1810 11.784707
1811 11.790947
1812 11.797187
1813 11.803427
1814 11.811747
1815 11.817987
1816 11.824227
1817 11.830467
1818 11.836707
1819 11.842947
1820 11.849187
1821 11.855427
1822 11.861667
1823 11.867907
1824 11.876227
1825 11.882467
1826 11.888707
1827 11.894947
1828 11.901187
1829 11.907427
1830 11.913667
1831 11.919907
1832 11.926147
1833 11.932387
1834 11.940707
1835 11.946947
1836 11.953187
1837 11.959427
1838 11.965667
1839 11.971907
1840 11.978147
1841 11.984387
1842 11.990627
1843 11.996867
1844 12.005187
1845 12.011427
1846 12.017667
1847 12.023907
1848 12.030147
1849 12.036387
1850 12.042627
1851 12.048867
1852 12.055107
1853 12.061347
1854 12.069667
1855 12.075907
1856 12.082147
1857 12.088387
1858 12.094627
1859 12.100867
1860 12.107107
1861 12.113347
