0 0.103027
1 0.115907
2 0.117987
3 0.132547
4 0.134627
5 0.136707
6 0.138787
7 0.151267
8 0.157507
9 0.161667
10 0.165827
11 0.172067
12 0.178307
13 0.184547
14 0.190787
15 0.199107
16 0.205347
17 0.211587
18 0.217827
19 0.224067
20 0.230307
21 0.236547
22 0.242787
23 0.249027
24 0.255267
25 0.263587
26 0.269827
27 0.276067
28 0.282307
29 0.288547
30 0.294787
31 0.301027
32 0.307267
33 0.313507
34 0.319747
35 0.328067
36 0.334307
37 0.340547
38 0.346787
39 0.353027
40 0.359267
41 0.365507
42 0.371747
43 0.377987
44 0.384227
45 0.392547
46 0.398787
47 0.405027
48 0.411267
49 0.417507
50 0.423747
51 0.429987
52 0.436227
53 0.442467
54 0.448707
55 0.457027
56 0.463267
57 0.469507
58 0.475747
59 0.481987
60 0.488227
61 0.494467
62 0.500707
63 0.506947
64 0.513187
65 0.521507
66 0.527747
67 0.533987
68 0.540227
69 0.546467
70 0.552707
71 0.558947
72 0.565187
73 0.571427
74 0.577667
75 0.585987
76 0.592227
77 0.598467
78 0.604707
79 0.610947
80 0.617187
81 0.623427
82 0.629667
83 0.635907
84 0.642147
85 0.650467
86 0.656707
87 0.662947
88 0.669187
89 0.675427
90 0.681667
91 0.687907
92 0.694147
93 0.700387
94 0.706627
95 0.714947
96 0.721187
97 0.727427
98 0.733667
99 0.739907
100 0.746147
101 0.752387
102 0.758627
103 0.764867
104 0.771107
105 0.777347
106 0.783587
107 0.789827
108 0.796067
109 0.802307
110 0.808547
111 0.814787
112 0.821027
113 0.827267
114 0.833507
115 0.839747
116 0.845987
117 0.852227
118 0.858467
119 0.864707
120 0.870947
121 0.877187
122 0.883427
123 0.889667
124 0.895907
125 0.902147
126 0.908387
127 0.914627
128 0.920867
129 0.927107
130 0.933347
131 0.939587
132 0.945827
133 0.952067
134 0.958307
135 0.964547
136 0.970787
137 0.977027
138 0.983267
139 0.989507
140 0.995747
141 1.004067
142 1.010307
143 1.016547
144 1.022787
145 1.029027
146 1.035267
147 1.041507
148 1.047747
149 1.053987
150 1.060227
151 1.066467
152 1.072707
153 1.078947
154 1.087267
155 1.093507
156 1.099747
157 1.105987
158 1.112227
159 1.118467
160 1.124707
161 1.130947
162 1.137187
163 1.143427
164 1.151747
165 1.157987
166 1.164227
167 1.170467
168 1.176707
169 1.182947
170 1.189187
171 1.195427
172 1.201667
173 1.207907
174 1.216227
175 1.222467
176 1.228707
177 1.234947
178 1.241187
179 1.247427
180 1.253667
181 1.259907
182 1.266147
183 1.272387
184 1.280707
185 1.286947
186 1.293187
187 1.299427
188 1.305667
189 1.311907
190 1.318147
191 1.324387
192 1.330627
193 1.336867
194 1.345187
195 1.351427
196 1.357667
197 1.363907
198 1.370147
199 1.376387
200 1.382627
201 1.388867
202 1.395107
203 1.401347
204 1.409667
205 1.415907
206 1.422147
207 1.428387
208 1.434627
209 1.440867
210 1.447107
211 1.453347
212 1.459587
213 1.465827
214 1.474147
215 1.480387
216 1.486627
217 1.492867
218 1.499107
219 1.505347
220 1.511587
221 1.517827
222 1.524067
223 1.530307
224 1.538627
225 1.544867
226 1.551107
227 1.557347
228 1.563587
229 1.569827
230 1.576067
231 1.582307
232 1.588547
233 1.594787
234 1.603107
235 1.609347
236 1.615587
237 1.621827
238 1.628067
239 1.634307
240 1.640547
241 1.646787
242 1.653027
243 1.659267
244 1.667587
245 1.673827
246 1.680067
247 1.686307
248 1.692547
249 1.698787
250 1.705027
251 1.711267
252 1.717507
253 1.723747
254 1.732067
255 1.738307
256 1.744547
257 1.750787
258 1.757027
259 1.763267
260 1.769507
261 1.775747
262 1.781987
263 1.788227
264 1.794467
265 1.800707
266 1.806947
267 1.815267
268 1.821507
269 1.827747
270 1.833987
271 1.840227
272 1.846467
273 1.852707
274 1.858947
275 1.865187
276 1.871427
277 1.879747
278 1.885987
279 1.892227
280 1.898467
281 1.904707
282 1.910947
283 1.917187
284 1.923427
285 1.929667
286 1.935907
287 1.944227
288 1.950467
289 1.956707
290 1.962947
291 1.969187
292 1.975427
293 1.981667
294 1.987907
295 1.994147
296 2.000387
297 2.008707
298 2.014947
299 2.021187
300 2.027427
301 2.033667
302 2.039907
303 2.046147
304 2.052387
305 2.058627
306 2.064867
307 2.073187
308 2.079427
309 2.085667
310 2.091907
311 2.098147
312 2.104387
313 2.110627
314 2.116867
315 2.123107
316 2.129347
317 2.137667
318 2.143907
319 2.150147
320 2.156387
321 2.162627
322 2.168867
323 2.175107
324 2.181347
325 2.187587
326 2.193827
327 2.202147
328 2.208387
329 2.214627
330 2.220867
331 2.227107
332 2.233347
333 2.239587
334 2.245827
335 2.252067
336 2.258307
337 2.266627
338 2.272867
339 2.279107
340 2.285347
341 2.291587
342 2.297827
343 2.304067
344 2.310307
345 2.316547
346 2.322787
347 2.331107
348 2.337347
349 2.343587
350 2.349827
351 2.356067
352 2.362307
353 2.368547
354 2.374787
355 2.381027
356 2.387267
357 2.395587
358 2.401827
359 2.408067
360 2.414307
361 2.420547
362 2.426787
363 2.433027
364 2.439267
365 2.445507
366 2.451747
367 2.460067
368 2.466307
369 2.472547
370 2.478787
371 2.485027
372 2.491267
373 2.497507
374 2.503747
375 2.509987
376 2.516227
377 2.524547
378 2.530787
379 2.537027
380 2.543267
381 2.549507
382 2.555747
383 2.561987
384 2.568227
385 2.574467
386 2.580707
387 2.589027
388 2.595267
389 2.601507
390 2.607747
391 2.613987
392 2.620227
393 2.626467
394 2.632707
395 2.638947
396 2.645187
397 2.653507
398 2.659747
399 2.665987
400 2.672227
401 2.678467
402 2.684707
403 2.690947
404 2.697187
405 2.703427
406 2.709667
407 2.717987
408 2.724227
409 2.730467
410 2.736707
411 2.742947
412 2.749187
413 2.755427
414 2.761667
415 2.767907
416 2.774147
417 2.782467
418 2.788707
419 2.794947
420 2.801187
421 2.807427
422 2.813667
423 2.819907
424 2.826147
425 2.832387
426 2.838627
427 2.846947
428 2.853187
429 2.859427
430 2.865667
431 2.871907
432 2.878147
433 2.884387
434 2.890627
435 2.896867
436 2.903107
437 2.911427
438 2.917667
439 2.923907
440 2.930147
441 2.936387
442 2.942627
443 2.948867
444 2.955107
445 2.961347
446 2.967587
447 2.975907
448 2.982147
449 2.988387
450 2.994627
451 3.000867
452 3.007107
453 3.013347
454 3.019587
455 3.025827
456 3.032067
457 3.040387
458 3.046627
459 3.052867
460 3.059107
461 3.065347
462 3.071587
463 3.077827
464 3.084067
465 3.090307
466 3.096547
467 3.104867
468 3.111107
469 3.117347
470 3.123587
471 3.129827
472 3.136067
473 3.142307
474 3.148547
475 3.154787
476 3.161027
477 3.169347
478 3.175587
479 3.181827
480 3.188067
481 3.194307
482 3.200547
483 3.206787
484 3.213027
485 3.219267
486 3.225507
487 3.233827
488 3.240067
489 3.246307
490 3.252547
491 3.258787
492 3.265027
493 3.271267
494 3.277507
495 3.283747
496 3.289987
497 3.298307
498 3.304547
499 3.310787
500 3.317027
501 3.323267
502 3.329507
503 3.335747
504 3.341987
505 3.348227
506 3.354467
507 3.362787
508 3.369027
509 3.375267
510 3.381507
511 3.387747
512 3.393987
513 3.400227
514 3.406467
515 3.412707
516 3.418947
517 3.427267
518 3.433507
519 3.439747
520 3.445987
521 3.452227
522 3.458467
523 3.464707
524 3.470947
525 3.477187
526 3.483427
527 3.491747
528 3.497987
529 3.504227
530 3.510467
531 3.516707
532 3.522947
533 3.529187
534 3.535427
535 3.541667
536 3.547907
537 3.556227
538 3.562467
539 3.568707
540 3.574947
541 3.581187
542 3.587427
543 3.593667
544 3.599907
545 3.606147
546 3.612387
547 3.620707
548 3.626947
549 3.633187
550 3.639427
551 3.645667
552 3.651907
553 3.658147
554 3.664387
555 3.670627
556 3.676867
557 3.685187
558 3.691427
559 3.697667
560 3.703907
561 3.710147
562 3.716387
563 3.722627
564 3.728867
565 3.735107
566 3.741347
567 3.749667
568 3.755907
569 3.762147
570 3.768387
571 3.774627
572 3.780867
573 3.787107
574 3.793347
575 3.799587
576 3.805827
577 3.814147
578 3.820387
579 3.826627
580 3.832867
581 3.839107
582 3.845347
583 3.851587
584 3.857827
585 3.864067
586 3.870307
587 3.878627
588 3.884867
589 3.891107
590 3.897347
591 3.903587
592 3.909827
593 3.916067
594 3.922307
595 3.928547
596 3.934787
597 3.943107
598 3.949347
599 3.955587
600 3.961827
601 3.968067
602 3.974307
603 3.980547
604 3.986787
605 3.993027
606 3.999267
607 4.007587
608 4.013827
609 4.020067
610 4.026307
611 4.032547
612 4.038787
613 4.045027
614 4.051267
615 4.057507
616 4.063747
617 4.072067
618 4.078307
619 4.084547
620 4.090787
621 4.097027
622 4.103267
623 4.109507
624 4.115747
625 4.121987
626 4.128227
627 4.136547
628 4.142787
629 4.149027
630 4.155267
631 4.161507
632 4.167747
633 4.173987
634 4.180227
635 4.186467
636 4.192707
637 4.201027
638 4.207267
639 4.213507
640 4.219747
641 4.225987
642 4.232227
643 4.238467
644 4.244707
645 4.250947
646 4.257187
647 4.265507
648 4.271747
649 4.277987
650 4.284227
651 4.290467
652 4.296707
653 4.302947
654 4.309187
655 4.315427
656 4.321667
657 4.329987
658 4.336227
659 4.342467
660 4.348707
661 4.354947
662 4.361187
663 4.367427
664 4.373667
665 4.379907
666 4.386147
667 4.394467
668 4.400707
669 4.406947
670 4.413187
671 4.419427
672 4.425667
673 4.431907
674 4.438147
675 4.444387
676 4.450627
677 4.458947
678 4.465187
679 4.471427
680 4.477667
681 4.483907
682 4.490147
683 4.496387
684 4.502627
685 4.508867
686 4.515107
687 4.523427
688 4.529667
689 4.535907
690 4.542147
691 4.548387
692 4.554627
693 4.560867
694 4.567107
695 4.573347
696 4.579587
697 4.587907
698 4.594147
699 4.600387
700 4.606627
701 4.612867
702 4.619107
703 4.625347
704 4.631587
705 4.637827
706 4.644067
707 4.652387
708 4.658627
709 4.664867
710 4.671107
711 4.677347
712 4.683587
713 4.689827
714 4.696067
715 4.702307
716 4.708547
717 4.716867
718 4.723107
719 4.729347
720 4.735587
721 4.741827
722 4.748067
723 4.754307
724 4.760547
725 4.766787
726 4.773027
727 4.781347
728 4.787587
729 4.793827
730 4.800067
731 4.806307
732 4.812547
733 4.818787
734 4.825027
735 4.831267
736 4.837507
737 4.845827
738 4.852067
739 4.858307
740 4.864547
741 4.870787
742 4.877027
743 4.883267
744 4.889507
745 4.895747
746 4.901987
747 4.910307
748 4.916547
749 4.922787
750 4.929027
751 4.935267
752 4.941507
753 4.947747
754 4.953987
755 4.960227
756 4.966467
757 4.974787
758 4.981027
759 4.987267
760 4.993507
761 4.999747
762 5.005987
763 5.012227
764 5.018467
765 5.024707
766 5.030947
767 5.039267
768 5.045507
769 5.051747
770 5.057987
771 5.064227
772 5.070467
773 5.076707
774 5.082947
775 5.089187
776 5.095427
777 5.103747
778 5.109987
779 5.116227
780 5.122467
781 5.128707
782 5.134947
783 5.141187
784 5.147427
785 5.153667
786 5.159907
787 5.168227
788 5.174467
789 5.180707
790 5.186947
791 5.193187
792 5.199427
793 5.205667
794 5.211907
795 5.218147
796 5.224387
797 5.232707
798 5.238947
799 5.245187
800 5.251427
801 5.257667
802 5.263907
803 5.270147
804 5.276387
805 5.282627
806 5.288867
807 5.297187
808 5.303427
809 5.309667
810 5.315907
811 5.322147
812 5.328387
813 5.334627
814 5.340867
815 5.347107
816 5.353347
817 5.361667
818 5.367907
819 5.374147
820 5.380387
821 5.386627
822 5.392867
823 5.399107
824 5.405347
825 5.411587
826 5.417827
827 5.426147
828 5.432387
829 5.438627
830 5.444867
831 5.451107
832 5.457347
833 5.463587
834 5.469827
835 5.476067
836 5.482307
837 5.490627
838 5.496867
839 5.503107
840 5.509347
841 5.515587
842 5.521827
843 5.528067
844 5.534307
845 5.540547
846 5.546787
847 5.555107
848 5.561347
849 5.567587
850 5.573827
851 5.580067
852 5.586307
853 5.592547
854 5.598787
855 5.605027
856 5.611267
857 5.619587
858 5.625827
859 5.632067
860 5.638307
861 5.644547
862 5.650787
863 5.657027
864 5.663267
865 5.669507
866 5.675747
867 5.684067
868 5.690307
869 5.696547
870 5.702787
871 5.709027
872 5.715267
873 5.721507
874 5.727747
875 5.733987
876 5.740227
877 5.748547
878 5.754787
879 5.761027
880 5.767267
881 5.773507
882 5.779747
883 5.785987
884 5.792227
885 5.798467
886 5.804707
887 5.813027
888 5.819267
889 5.825507
890 5.831747
891 5.837987
892 5.844227
893 5.850467
894 5.856707
895 5.862947
896 5.869187
897 5.877507
898 5.883747
899 5.889987
900 5.896227
901 5.902467
902 5.908707
903 5.914947
904 5.921187
905 5.927427
906 5.933667
907 5.941987
908 5.948227
909 5.954467
910 5.960707
911 5.966947
912 5.973187
913 5.979427
914 5.985667
915 5.991907
916 5.998147
917 6.006467
918 6.012707
919 6.018947
920 6.025187
921 6.031427
922 6.037667
923 6.043907
924 6.050147
925 6.056387
926 6.062627
927 6.070947
928 6.077187
929 6.083427
930 6.089667
931 6.095907
932 6.102147
933 6.108387
934 6.114627
935 6.120867
936 6.127107
937 6.135427
938 6.141667
939 6.147907
940 6.154147
941 6.160387
942 6.166627
943 6.172867
944 6.179107
945 6.185347
946 6.191587
947 6.199907
948 6.206147
949 6.212387
950 6.218627
951 6.224867
952 6.231107
953 6.237347
954 6.243587
955 6.249827
956 6.256067
957 6.264387
958 6.270627
959 6.276867
960 6.283107
961 6.289347
962 6.295587
963 6.301827
964 6.308067
965 6.314307
966 6.320547
967 6.328867
968 6.335107
969 6.341347
970 6.347587
971 6.353827
972 6.360067
973 6.366307
974 6.372547
975 6.378787
976 6.385027
977 6.393347
978 6.399587
979 6.405827
980 6.412067
981 6.418307
982 6.424547
983 6.430787
984 6.437027
985 6.443267
986 6.449507
987 6.457827
988 6.464067
989 6.470307
990 6.476547
991 6.482787
992 6.489027
993 6.495267
994 6.501507
995 6.507747
996 6.513987
997 6.522307
998 6.528547
999 6.534787
1000 6.541027
1001 6.547267
1002 6.553507
1003 6.559747
1004 6.565987
1005 6.572227
1006 6.578467
1007 6.586787
1008 6.593027
1009 6.599267
1010 6.605507
1011 6.611747
1012 6.617987
1013 6.624227
1014 6.630467
1015 6.636707
1016 6.642947
1017 6.651267
1018 6.657507
1019 6.663747
1020 6.669987
1021 6.676227
1022 6.682467
1023 6.688707
1024 6.694947
1025 6.701187
1026 6.707427
1027 6.715747
1028 6.721987
1029 6.728227
1030 6.734467
1031 6.740707
1032 6.746947
1033 6.753187
1034 6.759427
1035 6.765667
1036 6.771907
1037 6.780227
1038 6.786467
1039 6.792707
1040 6.798947
1041 6.805187
1042 6.811427
1043 6.817667
1044 6.823907
1045 6.830147
1046 6.836387
1047 6.844707
1048 6.850947
1049 6.857187
1050 6.863427
1051 6.869667
1052 6.875907
1053 6.882147
1054 6.888387
1055 6.894627
1056 6.900867
1057 6.909187
1058 6.915427
1059 6.921667
1060 6.927907
1061 6.934147
1062 6.940387
1063 6.946627
1064 6.952867
1065 6.959107
1066 6.965347
1067 6.973667
1068 6.979907
1069 6.986147
1070 6.992387
1071 6.998627
1072 7.004867
1073 7.011107
1074 7.017347
1075 7.023587
1076 7.029827
1077 7.038147
1078 7.044387
1079 7.050627
1080 7.056867
1081 7.063107
1082 7.069347
1083 7.075587
1084 7.081827
1085 7.088067
1086 7.094307
1087 7.102627
1088 7.108867
1089 7.115107
1090 7.121347
1091 7.127587
1092 7.133827
1093 7.140067
1094 7.146307
1095 7.152547
1096 7.158787
1097 7.167107
1098 7.173347
1099 7.179587
1100 7.185827
1101 7.192067
1102 7.198307
1103 7.204547
1104 7.210787
1105 7.217027
1106 7.223267
1107 7.231587
1108 7.237827
1109 7.244067
1110 7.250307
1111 7.256547
1112 7.262787
1113 7.269027
1114 7.275267
1115 7.281507
1116 7.287747
1117 7.296067
1118 7.302307
1119 7.308547
1120 7.314787
1121 7.321027
1122 7.327267
1123 7.333507
1124 7.339747
1125 7.345987
1126 7.352227
1127 7.360547
1128 7.366787
1129 7.373027
1130 7.379267
1131 7.385507
1132 7.391747
1133 7.397987
1134 7.404227
1135 7.410467
1136 7.416707
1137 7.425027
1138 7.431267
1139 7.437507
1140 7.443747
1141 7.449987
1142 7.456227
1143 7.462467
1144 7.468707
1145 7.474947
1146 7.481187
1147 7.489507
1148 7.495747
1149 7.501987
1150 7.508227
1151 7.514467
1152 7.520707
1153 7.526947
1154 7.533187
1155 7.539427
1156 7.545667
1157 7.553987
1158 7.560227
1159 7.566467
1160 7.572707
1161 7.578947
1162 7.585187
1163 7.591427
1164 7.597667
1165 7.603907
1166 7.610147
1167 7.618467
1168 7.624707
1169 7.630947
1170 7.637187
1171 7.643427
1172 7.649667
1173 7.655907
1174 7.662147
1175 7.668387
1176 7.674627
1177 7.682947
1178 7.689187
1179 7.695427
1180 7.701667
1181 7.707907
1182 7.714147
1183 7.720387
1184 7.726627
1185 7.732867
1186 7.739107
1187 7.747427
1188 7.753667
1189 7.759907
1190 7.766147
1191 7.772387
1192 7.778627
1193 7.784867
1194 7.791107
1195 7.797347
1196 7.803587
1197 7.811907
1198 7.818147
1199 7.824387
1200 7.830627
1201 7.836867
1202 7.843107
1203 7.849347
1204 7.855587
1205 7.861827
1206 7.868067
1207 7.876387
1208 7.882627
1209 7.888867
1210 7.895107
1211 7.901347
1212 7.907587
1213 7.913827
1214 7.920067
1215 7.926307
1216 7.932547
1217 7.940867
1218 7.947107
1219 7.953347
1220 7.959587
1221 7.965827
1222 7.972067
1223 7.978307
1224 7.984547
1225 7.990787
1226 7.997027
1227 8.005347
1228 8.011587
1229 8.017827
1230 8.024067
1231 8.030307
1232 8.036547
1233 8.042787
1234 8.049027
1235 8.055267
1236 8.061507
1237 8.069827
1238 8.076067
1239 8.082307
1240 8.088547
1241 8.094787
1242 8.101027
1243 8.107267
1244 8.113507
1245 8.119747
1246 8.125987
1247 8.134307
1248 8.140547
1249 8.146787
1250 8.153027
1251 8.159267
1252 8.165507
1253 8.171747
1254 8.177987
1255 8.184227
1256 8.190467
1257 8.198787
1258 8.205027
1259 8.211267
1260 8.217507
1261 8.223747
1262 8.229987
1263 8.236227
1264 8.242467
1265 8.248707
1266 8.254947
1267 8.263267
1268 8.269507
1269 8.275747
1270 8.281987
1271 8.288227
1272 8.294467
1273 8.300707
1274 8.306947
1275 8.313187
1276 8.319427
1277 8.327747
1278 8.333987
1279 8.340227
1280 8.346467
1281 8.352707
1282 8.358947
1283 8.365187
1284 8.371427
1285 8.377667
1286 8.383907
1287 8.392227
1288 8.398467
1289 8.404707
1290 8.410947
1291 8.417187
1292 8.423427
1293 8.429667
1294 8.435907
1295 8.442147
1296 8.448387
1297 8.456707
1298 8.462947
1299 8.469187
1300 8.475427
1301 8.481667
1302 8.487907
1303 8.494147
1304 8.500387
1305 8.506627
1306 8.512867
1307 8.521187
1308 8.527427
1309 8.533667
1310 8.539907
1311 8.546147
1312 8.552387
1313 8.558627
1314 8.564867
1315 8.571107
1316 8.577347
1317 8.585667
1318 8.591907
1319 8.598147
1320 8.604387
1321 8.610627
1322 8.616867
1323 8.623107
1324 8.629347
1325 8.635587
1326 8.641827
1327 8.650147
1328 8.656387
1329 8.662627
1330 8.668867
1331 8.675107
1332 8.681347
1333 8.687587
1334 8.693827
1335 8.700067
1336 8.706307
1337 8.714627
1338 8.720867
1339 8.727107
1340 8.733347
1341 8.739587
1342 8.745827
1343 8.752067
1344 8.758307
1345 8.764547
1346 8.770787
1347 8.779107
1348 8.785347
1349 8.791587
1350 8.797827
1351 8.804067
1352 8.810307
1353 8.816547
1354 8.822787
1355 8.829027
1356 8.835267
1357 8.843587
1358 8.849827
1359 8.856067
1360 8.862307
1361 8.868547
1362 8.874787
1363 8.881027
1364 8.887267
1365 8.893507
1366 8.899747
1367 8.908067
1368 8.914307
1369 8.920547
1370 8.926787
1371 8.933027
1372 8.939267
1373 8.945507
1374 8.951747
1375 8.957987
1376 8.964227
1377 8.972547
1378 8.978787
1379 8.985027
1380 8.991267
1381 8.997507
1382 9.003747
1383 9.009987
1384 9.016227
1385 9.022467
1386 9.028707
1387 9.037027
1388 9.043267
1389 9.049507
1390 9.055747
1391 9.061987
1392 9.068227
1393 9.074467
1394 9.080707
1395 9.086947
1396 9.093187
1397 9.101507
1398 9.107747
1399 9.113987
1400 9.120227
1401 9.126467
1402 9.132707
1403 9.138947
1404 9.145187
1405 9.151427
1406 9.157667
1407 9.165987
1408 9.172227
1409 9.178467
1410 9.184707
1411 9.190947
1412 9.197187
1413 9.203427
1414 9.209667
1415 9.215907
1416 9.222147
1417 9.230467
1418 9.236707
1419 9.242947
1420 9.249187
1421 9.255427
1422 9.261667
1423 9.267907
1424 9.274147
1425 9.280387
1426 9.286627
1427 9.294947
1428 9.301187
1429 9.307427
1430 9.313667
1431 9.319907
1432 9.326147
1433 9.332387
1434 9.338627
1435 9.344867
1436 9.351107
1437 9.359427
1438 9.365667
1439 9.371907
1440 9.378147
1441 9.384387
1442 9.390627
1443 9.396867
1444 9.403107
1445 9.409347
1446 9.415587
1447 9.423907
1448 9.430147
1449 9.436387
1450 9.442627
1451 9.448867
1452 9.455107
1453 9.461347
1454 9.467587
1455 9.473827
1456 9.480067
1457 9.488387
1458 9.494627
1459 9.500867
1460 9.507107
1461 9.513347
1462 9.519587
1463 9.525827
1464 9.532067
1465 9.538307
1466 9.544547
1467 9.552867
1468 9.559107
1469 9.565347
1470 9.571587
1471 9.577827
1472 9.584067
1473 9.590307
1474 9.596547
1475 9.602787
1476 9.609027
1477 9.617347
1478 9.623587
1479 9.629827
1480 9.636067
1481 9.642307
1482 9.648547
1483 9.654787
1484 9.661027
1485 9.667267
1486 9.673507
1487 9.681827
1488 9.688067
1489 9.694307
1490 9.700547
1491 9.706787
1492 9.713027
1493 9.719267
1494 9.725507
1495 9.731747
1496 9.737987
1497 9.746307
1498 9.752547
1499 9.758787
1500 9.765027
1501 9.771267
1502 9.777507
1503 9.783747
1504 9.789987
1505 9.796227
1506 9.802467
1507 9.810787
1508 9.817027
1509 9.823267
1510 9.829507
1511 9.835747
1512 9.841987
1513 9.848227
1514 9.854467
1515 9.860707
1516 9.866947
1517 9.875267
1518 9.881507
1519 9.887747
1520 9.893987
1521 9.900227
1522 9.906467
1523 9.912707
1524 9.918947
1525 9.925187
1526 9.931427
1527 9.939747
1528 9.945987
1529 9.952227
1530 9.958467
1531 9.964707
1532 9.970947
1533 9.977187
1534 9.983427
1535 9.989667
1536 9.995907
1537 10.004227
1538 10.010467
1539 10.016707
1540 10.022947
1541 10.029187
1542 10.035427
1543 10.041667
1544 10.047907
1545 10.054147
1546 10.060387
1547 10.068707
1548 10.074947
1549 10.081187
1550 10.087427
1551 10.093667
1552 10.099907
1553 10.106147
1554 10.112387
1555 10.118627
1556 10.124867
1557 10.133187
1558 10.139427
1559 10.145667
1560 10.151907
1561 10.158147
1562 10.164387
1563 10.170627
1564 10.176867
1565 10.183107
1566 10.189347
1567 10.197667
1568 10.203907
1569 10.210147
1570 10.216387
1571 10.222627
1572 10.228867
1573 10.235107
1574 10.241347
1575 10.247587
1576 10.253827
1577 10.262147
1578 10.268387
1579 10.274627
1580 10.280867
1581 10.287107
1582 10.293347
1583 10.299587
1584 10.305827
1585 10.312067
1586 10.318307
1587 10.326627
1588 10.332867
1589 10.339107
1590 10.345347
1591 10.351587
1592 10.357827
1593 10.364067
1594 10.370307
1595 10.376547
1596 10.382787
1597 10.391107
1598 10.397347
1599 10.403587
1600 10.409827
1601 10.416067
1602 10.422307
1603 10.428547
1604 10.434787
1605 10.441027
1606 10.447267
1607 10.455587
1608 10.461827
1609 10.468067
1610 10.474307
1611 10.480547
1612 10.486787
1613 10.493027
1614 10.499267
1615 10.505507
1616 10.511747
1617 10.520067
1618 10.526307
1619 10.532547
1620 10.538787
1621 10.545027
1622 10.551267
1623 10.557507
1624 10.563747
1625 10.569987
1626 10.576227
1627 10.584547
1628 10.590787
1629 10.597027
1630 10.603267
1631 10.609507
1632 10.615747
1633 10.621987
1634 10.628227
1635 10.634467
1636 10.640707
1637 10.649027
1638 10.655267
1639 10.661507
1640 10.667747
1641 10.673987
1642 10.680227
1643 10.686467
1644 10.692707
1645 10.698947
1646 10.705187
1647 10.713507
1648 10.719747
1649 10.725987
1650 10.732227
1651 10.738467
1652 10.744707
1653 10.750947
1654 10.757187
1655 10.763427
1656 10.769667
1657 10.777987
1658 10.784227
1659 10.790467
1660 10.796707
1661 10.802947
1662 10.809187
1663 10.815427
1664 10.821667
1665 10.827907
1666 10.834147
1667 10.842467
1668 10.848707
1669 10.854947
1670 10.861187
1671 10.867427
1672 10.873667
1673 10.879907
1674 10.886147
1675 10.892387
1676 10.898627
1677 10.906947
1678 10.913187
1679 10.919427
1680 10.925667
1681 10.931907
1682 10.938147
1683 10.944387
1684 10.950627
1685 10.956867
1686 10.963107
1687 10.971427
1688 10.977667
1689 10.983907
1690 10.990147
1691 10.996387
1692 11.002627
1693 11.008867
1694 11.015107
1695 11.021347
1696 11.027587
1697 11.035907
1698 11.042147
1699 11.048387
1700 11.054627
1701 11.060867
1702 11.067107
1703 11.073347
1704 11.079587
1705 11.085827
1706 11.092067
1707 11.100387
1708 11.106627
1709 11.112867
1710 11.119107
1711 11.125347
1712 11.131587
1713 11.137827
1714 11.144067
1715 11.150307
1716 11.156547
1717 11.164867
1718 11.171107
1719 11.177347
1720 11.183587
1721 11.189827
1722 11.196067
1723 11.202307
1724 11.208547
1725 11.214787
1726 11.221027
1727 11.229347
1728 11.235587
1729 11.241827
1730 11.248067
1731 11.254307
1732 11.260547
1733 11.266787
1734 11.273027
1735 11.279267
1736 11.285507
1737 11.293827
1738 11.300067
1739 11.306307
1740 11.312547
1741 11.318787
1742 11.325027
1743 11.331267
1744 11.337507
1745 11.343747
1746 11.349987
1747 11.358307
1748 11.364547
1749 11.370787
1750 11.377027
1751 11.383267
1752 11.389507
1753 11.395747
1754 11.401987
1755 11.408227
1756 11.414467
1757 11.422787
1758 11.429027
1759 11.435267
1760 11.441507
1761 11.447747
1762 11.453987
1763 11.460227
1764 11.466467
1765 11.472707
1766 11.478947
1767 11.487267
1768 11.493507
1769 11.499747
1770 11.505987
1771 11.512227
1772 11.518467
1773 11.524707
1774 11.530947
1775 11.537187
1776 11.543427
1777 11.551747
1778 11.557987
1779 11.564227
1780 11.570467
1781 11.576707
1782 11.582947
1783 11.589187
1784 11.595427
1785 11.601667
1786 11.607907
1787 11.616227
1788 11.622467
1789 11.628707
1790 11.634947
1791 11.641187
1792 11.647427
1793 11.653667
1794 11.659907
1795 11.666147
1796 11.672387
1797 11.680707
1798 11.686947
1799 11.693187
1800 11.699427
1801 11.705667
1802 11.711907
1803 11.718147
1804 11.724387
1805 11.730627
1806 11.736867
1807 11.745187
1808 11.751427
1809 11.757667
1810 11.763907
1811 11.770147
1812 11.776387
1813 11.782627
1814 11.788867
1815 11.795107
1816 11.801347
1817 11.809667
1818 11.815907
1819 11.822147
1820 11.828387
1821 11.834627
1822 11.840867
1823 11.847107
1824 11.853347
1825 11.859587
1826 11.865827
1827 11.874147
1828 11.880387
1829 11.886627
1830 11.892867
1831 11.899107
1832 11.905347
1833 11.911587
1834 11.917827
1835 11.924067
1836 11.930307
1837 11.938627
1838 11.944867
1839 11.951107
1840 11.957347
1841 11.963587
1842 11.969827
1843 11.976067
1844 11.982307
1845 11.988547
1846 11.994787
1847 12.003107
1848 12.009347
1849 12.015587
1850 12.021827
1851 12.028067
1852 12.034307
1853 12.040547
1854 12.046787
1855 12.053027
1856 12.059267
1857 12.067587
1858 12.073827
1859 12.080067
1860 12.086307
1861 12.092547
1862 12.098787
1863 12.105027
1864 12.111267
1865 12.117507
