0 0.103320
1 0.128387
2 0.130467
3 0.197027
4 0.261507
5 0.325987
7 0.390467
9 0.454947
11 0.519427
13 0.583907
14 0.648387
6 0.712867
8 0.999907
10 1.085187
11 1.147587
12 1.214147
13 1.276547
14 1.341027
15 1.405507
17 1.469987
18 1.534467
19 1.598947
20 1.663427
16 1.727907
21 1.813187
22 1.875587
23 1.942147
24 2.004547
25 2.069027
26 2.133507
27 2.197987
28 2.262467
30 2.326947
31 2.391427
32 2.455907
33 2.520387
34 2.584867
29 2.649347
35 2.713827
36 2.778307
37 2.842787
38 2.907267
39 2.971747
40 3.036227
41 3.100707
43 3.165187
44 3.229667
45 3.294147
46 3.358627
47 3.423107
42 3.487587
48 3.552067
49 3.616547
50 3.681027
51 3.745507
52 3.809987
53 3.874467
54 3.938947
56 4.003427
57 4.067907
58 4.132387
59 4.196867
60 4.261347
55 4.325827
61 4.390307
62 4.454787
63 4.519267
64 4.583747
65 4.648227
66 4.712707
67 4.777187
69 4.841667
70 4.906147
71 4.970627
72 5.035107
73 5.099587
68 5.164067
74 5.228547
75 5.293027
76 5.357507
77 5.421987
78 5.486467
79 5.550947
80 5.615427
82 5.679907
83 5.744387
84 5.808867
85 5.873347
86 5.937827
81 6.002307
87 6.066787
88 6.131267
89 6.195747
90 6.260227
91 6.324707
92 6.389187
93 6.453667
95 6.518147
96 6.582627
97 6.647107
98 6.711587
99 6.776067
94 6.840547
100 6.905027
101 6.969507
102 7.033987
103 7.098467
104 7.162947
105 7.227427
106 7.291907
108 7.356387
109 7.420867
110 7.485347
111 7.549827
112 7.614307
107 7.678787
113 7.743267
114 7.807747
115 7.872227
116 7.936707
117 8.001187
118 8.065667
119 8.130147
121 8.194627
122 8.259107
123 8.323587
124 8.388067
125 8.452547
120 8.517027
126 8.581507
127 8.645987
128 8.710467
129 8.774947
130 8.839427
131 8.903907
132 8.968387
134 9.032867
135 9.097347
136 9.161827
137 9.226307
138 9.290787
133 9.355267
139 9.419747
140 9.484227
141 9.548707
142 9.613187
143 9.677667
144 9.742147
145 9.806627
147 9.871107
148 9.935587
149 10.000067
150 10.064547
151 10.129027
146 10.193507
152 10.257987
153 10.322467
154 10.386947
155 10.451427
156 10.515907
157 10.580387
158 10.644867
160 10.709347
161 10.773827
162 10.838307
163 10.902787
164 10.967267
159 11.031747
165 11.096227
166 11.160707
167 11.225187
168 11.289667
169 11.354147
170 11.418627
171 11.483107
173 11.547587
174 11.612067
175 11.676547
176 11.741027
177 11.805507
172 11.869987
178 11.934467
179 11.998947
180 12.063427
181 12.119587
