0.11	0.00
0.13	13.07
0.14	263.41
0.15	359.93
0.16	473.76
0.17	526.98
0.18	598.86
0.19	579.87
0.20	616.68
0.21	660.87
0.21	699.93
0.23	696.46
0.23	716.16
0.24	744.79
0.25	770.89
0.27	723.13
0.28	736.69
0.28	748.99
0.29	760.19
0.30	770.43
0.31	779.83
0.32	796.33
0.32	804.12
0.33	803.93
0.34	810.83
0.35	817.26
0.41	692.37
0.41	710.20
0.42	727.55
0.42	744.45
0.43	751.06
0.43	762.14
0.44	768.02
0.45	768.98
0.46	774.40
0.47	779.56
0.52	698.49
0.74	470.26
0.76	469.58
0.77	477.72
0.78	479.74
0.79	486.05
0.80	493.70
0.80	501.20
0.81	505.59
0.82	512.82
0.83	518.43
0.84	523.91
0.85	527.78
0.86	530.08
0.87	535.21
0.88	540.23
0.88	548.06
0.89	552.87
0.90	559.04
0.90	565.11
0.91	571.09
0.94	558.29
0.95	565.44
0.95	569.70
0.96	573.89
0.97	579.38
0.98	583.40
0.98	588.74
1.02	576.35
1.02	581.51
1.03	585.27
1.04	588.97
1.05	593.92
1.05	597.48
1.06	602.30
1.10	589.18
1.10	595.09
1.11	599.70
1.11	603.00
1.12	605.01
1.13	609.45
1.14	612.60
1.15	616.92
1.18	604.36
1.19	608.57
1.19	613.91
1.20	619.21
1.21	620.92
1.22	622.59
1.22	625.40
1.23	628.17
1.24	632.05
1.27	620.04
1.28	622.73
1.29	627.58
1.29	632.40
1.30	637.19
1.31	638.60
1.32	639.99
1.32	642.45
1.33	643.78
1.34	647.27
1.38	635.80
1.38	638.17
1.39	642.59
1.40	645.93
1.40	650.29
1.40	654.62
1.41	656.82
1.42	656.91
1.43	659.06
1.44	659.14
1.45	662.26
1.49	651.32
1.49	653.41
1.50	657.44
1.51	660.45
1.51	664.42
1.51	668.37
1.52	670.32
1.53	674.22
1.54	675.13
1.54	677.01
1.56	676.92
1.57	678.77
1.60	667.34
1.61	669.18
1.62	672.85
1.62	675.57
1.63	679.20
1.63	682.80
1.64	684.53
1.64	688.09
1.65	691.63
1.66	693.29
1.66	694.93
1.68	694.70
1.68	696.31
1.72	685.32
1.73	686.94
1.73	690.29
1.74	692.75
1.74	696.07
1.75	699.37
1.76	700.89
1.76	704.15
1.77	707.40
1.77	710.64
1.77	713.85
1.78	715.27
1.79	714.92
1.80	716.31
1.82	712.48
1.83	716.46
1.83	720.43
1.83	724.39
1.83	728.33
1.83	732.27
1.84	734.44
1.84	737.47
1.85	741.37
1.85	744.37
1.85	747.36
1.86	750.33
1.86	753.29
1.87	754.45
1.88	756.49
1.90	752.36
1.90	754.37
1.91	757.25
1.91	760.98
1.92	763.83
1.92	766.67
1.92	770.38
1.93	773.19
1.93	775.99
1.93	778.78
1.94	781.55
1.94	784.31
1.95	787.06
1.95	789.80
1.95	792.52
1.96	795.23
1.97	793.49
1.98	796.17
1.98	798.84
1.99	801.50
1.99	805.03
1.99	808.56
1.99	811.19
2.00	813.80
2.00	816.41
2.01	819.00
2.01	821.58
2.01	824.15
2.02	826.70
2.02	829.25
2.03	831.79
2.03	834.31
2.04	836.82
2.04	838.42
2.05	840.92
2.05	843.40
2.05	845.87
2.06	848.33
2.06	850.77
2.07	853.21
2.07	855.64
2.08	858.06
2.08	860.47
2.08	862.87
2.09	865.25
2.09	867.63
2.10	870.00
2.10	872.36
2.10	874.70
2.11	877.04
2.11	879.37
2.12	881.69
2.12	883.09
2.13	884.48
2.13	886.77
2.14	889.05
2.14	891.32
2.15	893.58
2.15	895.83
2.15	898.07
2.16	900.31
2.16	902.53
2.17	904.75
2.17	906.96
2.18	909.15
2.18	911.34
2.18	913.52
2.19	915.70
2.19	916.94
2.20	918.19
2.21	919.42
2.21	920.65
2.22	922.77
2.22	924.89
2.22	927.00
2.23	929.11
2.23	931.20
2.24	933.29
2.24	935.37
2.25	937.44
2.25	939.50
2.25	941.55
2.26	943.60
2.26	945.64
2.27	947.67
2.27	948.78
2.28	949.88
2.29	950.98
2.29	951.17
2.30	952.26
2.31	953.34
2.31	955.31
2.31	957.28
2.32	959.24
2.32	961.20
2.33	963.14
2.33	965.08
2.34	967.01
2.34	968.94
2.34	970.85
2.35	972.76
2.35	974.67
2.36	976.56
2.36	978.45
2.37	979.43
2.37	980.41
2.38	981.38
2.39	982.34
2.39	982.40
2.40	983.36
2.41	984.31
2.41	985.25
2.42	987.08
2.42	988.90
2.42	990.72
2.43	992.52
2.43	994.33
2.44	996.12
2.44	997.91
2.45	999.69
2.45	1001.47
2.45	1003.24
2.46	1005.00
2.46	1006.76
2.47	1007.62
2.47	1008.48
2.48	1009.33
2.49	1009.30
2.50	1009.27
2.50	1010.11
2.51	1010.95
2.52	1011.79
2.52	1012.62
2.53	1014.31
2.53	1016.01
2.53	1017.69
2.54	1019.37
2.54	1021.04
2.55	1022.71
2.55	1024.38
2.56	1026.03
2.56	1027.68
2.56	1029.33
2.57	1030.97
2.57	1031.74
2.58	1032.50
2.59	1033.25
2.60	1033.14
2.61	1032.17
2.61	1032.92
2.62	1033.67
2.62	1034.41
2.63	1035.15
2.63	1036.74
2.64	1038.32
2.64	1039.90
2.65	1041.47
2.65	1043.04
2.66	1044.60
2.66	1046.15
2.66	1047.71
2.67	1049.25
2.67	1050.79
2.68	1052.33
2.68	1053.01
2.69	1053.69
2.70	1054.36
2.70	1054.19
2.72	1052.33
2.72	1052.17
2.73	1052.84
2.74	1053.50
2.74	1054.16
2.75	1055.65
2.75	1057.14
2.76	1058.62
2.76	1060.10
2.76	1061.57
2.77	1063.04
2.77	1064.50
2.78	1065.96
2.78	1067.41
2.78	1068.86
2.79	1070.30
2.79	1070.91
2.80	1071.52
2.81	1072.12
2.82	1071.90
2.83	1070.04
2.84	1068.20
2.85	1068.81
2.85	1069.41
2.86	1070.01
2.86	1071.41
2.87	1072.81
2.87	1074.20
2.88	1075.59
2.88	1076.98
2.88	1078.36
2.89	1079.74
2.89	1081.12
2.90	1082.49
2.90	1083.85
2.91	1085.21
2.91	1085.76
2.92	1086.31
2.92	1086.86
2.93	1086.61
2.94	1084.76
2.96	1082.14
2.97	1082.69
2.97	1083.23
2.98	1083.78
2.98	1085.10
2.99	1086.42
2.99	1087.74
2.99	1089.06
3.00	1090.37
3.00	1091.67
3.01	1092.98
3.01	1094.27
3.02	1095.57
3.02	1096.86
3.02	1098.15
3.03	1098.65
3.04	1099.15
3.04	1099.65
3.05	1099.37
3.06	1097.54
3.08	1094.96
3.08	1095.46
3.09	1095.96
3.10	1096.45
3.10	1097.71
3.10	1098.96
3.11	1100.21
3.11	1101.46
3.12	1102.70
3.12	1103.94
3.13	1105.17
3.13	1106.40
3.13	1107.63
3.14	1108.85
3.14	1110.07
3.15	1110.53
3.15	1110.99
3.16	1111.44
3.17	1111.14
3.18	1110.09
3.19	1109.79
3.19	1110.24
3.20	1110.69
3.21	1111.14
3.21	1112.33
3.22	1113.52
3.22	1114.70
3.22	1115.89
3.23	1117.06
3.23	1118.24
3.24	1119.41
3.24	1120.58
3.24	1121.75
3.25	1122.91
3.25	1124.07
3.26	1124.48
3.26	1124.90
3.27	1125.31
3.28	1126.45
3.28	1127.60
3.29	1128.00
3.29	1128.41
3.30	1129.54
3.30	1129.94
3.31	1131.07
3.31	1132.20
3.31	1133.33
3.32	1134.45
3.32	1135.57
3.33	1136.68
3.33	1137.80
3.34	1138.91
3.34	1140.02
3.34	1141.12
3.35	1142.22
3.35	1142.59
3.36	1142.96
3.37	1143.32
3.37	1143.68
3.38	1144.77
3.38	1145.13
3.39	1145.49
3.39	1146.57
3.40	1147.65
3.40	1148.72
3.41	1149.80
3.41	1150.87
3.41	1151.94
3.42	1153.00
3.42	1154.06
3.43	1155.12
3.43	1156.18
3.44	1157.23
3.44	1158.29
3.44	1159.34
3.45	1159.66
3.46	1159.98
3.46	1160.31
3.47	1160.63
3.48	1160.95
3.48	1160.55
3.49	1160.87
3.49	1161.90
3.50	1162.93
3.50	1163.95
3.51	1164.98
3.51	1166.00
3.51	1167.01
3.52	1168.03
3.52	1169.04
3.53	1170.05
3.53	1171.06
3.54	1172.07
3.54	1173.07
3.54	1174.07
3.55	1174.36
3.56	1174.65
3.56	1174.93
3.57	1175.22
3.57	1175.50
3.58	1175.08
3.59	1174.67
3.60	1174.95
3.60	1175.93
3.61	1176.91
3.61	1177.89
3.61	1178.86
3.62	1179.84
3.62	1180.81
3.63	1181.77
3.63	1182.74
3.64	1183.70
3.64	1184.67
3.64	1185.62
3.65	1186.58
3.65	1186.84
3.66	1187.10
3.67	1187.35
3.67	1187.61
3.68	1187.86
3.69	1187.43
3.70	1186.99
3.70	1186.56
3.71	1187.50
3.71	1188.44
3.72	1189.37
3.72	1190.30
3.72	1191.24
3.73	1192.16
3.73	1193.09
3.74	1194.02
3.74	1194.94
3.75	1195.86
3.75	1196.78
3.75	1197.69
3.76	1197.92
3.77	1198.16
3.77	1198.39
3.78	1198.61
3.78	1198.84
3.79	1198.39
3.80	1197.27
3.81	1196.83
3.82	1197.06
3.82	1197.96
3.83	1198.86
3.83	1199.75
3.83	1200.64
3.84	1201.53
3.84	1202.42
3.85	1203.31
3.85	1204.20
3.86	1205.08
3.86	1205.96
3.86	1206.84
3.87	1207.05
3.88	1207.26
3.88	1207.47
3.89	1207.67
3.90	1207.88
3.90	1207.42
3.91	1206.31
3.92	1205.21
3.93	1205.41
3.94	1205.62
3.94	1206.48
3.95	1207.34
3.95	1208.20
3.95	1209.06
3.96	1209.91
3.96	1210.77
3.97	1211.62
3.97	1212.47
3.97	1213.31
3.98	1214.16
3.98	1214.35
3.99	1214.54
4.00	1214.73
4.00	1214.92
4.01	1215.11
4.02	1214.65
4.03	1213.55
4.04	1211.82
4.05	1212.01
4.05	1212.20
4.06	1212.39
4.06	1213.22
4.07	1214.05
4.07	1214.87
4.08	1215.69
4.08	1216.52
4.08	1217.34
4.09	1218.15
4.09	1218.97
4.10	1219.78
4.10	1219.96
4.11	1220.14
4.12	1220.31
4.12	1220.49
4.13	1220.66
4.14	1220.21
4.15	1219.13
4.17	1215.55
4.17	1215.73
4.18	1215.92
4.18	1216.72
4.19	1217.51
4.19	1218.31
4.19	1219.11
4.20	1219.90
4.20	1220.69
4.21	1221.48
4.21	1222.27
4.22	1223.06
4.23	1221.37
4.23	1221.54
4.24	1221.71
4.25	1221.88
4.26	1221.44
4.27	1220.38
4.29	1214.49
4.38	1192.19
4.38	1192.97
4.39	1193.76
4.45	1177.39
4.46	1178.18
4.56	1151.46
4.64	1133.76
4.65	1134.03
4.73	1115.93
4.73	1116.72
4.74	1117.02
4.75	1117.31
4.83	1099.87
4.83	1100.66
4.84	1101.45
4.84	1102.24
4.85	1102.55
4.93	1084.78
4.94	1085.57
4.94	1086.36
4.94	1087.14
4.95	1087.93
4.95	1088.71
5.04	1070.67
5.05	1071.45
5.05	1072.23
5.05	1073.01
5.06	1073.79
5.06	1074.57
5.07	1075.34
5.16	1057.94
5.16	1058.28
5.17	1059.06
5.17	1059.83
5.17	1060.60
5.18	1061.37
5.18	1062.14
5.19	1062.91
5.27	1046.55
5.28	1046.05
5.29	1046.82
5.29	1047.59
5.30	1048.35
5.30	1049.11
5.31	1049.87
5.31	1050.63
5.38	1038.12
5.39	1038.06
5.39	1038.82
5.40	1039.57
5.45	1031.41
5.45	1031.77
5.46	1032.92
5.46	1033.67
5.51	1026.06
5.51	1026.41
5.52	1027.16
5.52	1027.91
5.53	1028.65
5.57	1022.34
5.58	1022.31
5.58	1022.66
5.59	1023.40
5.59	1024.14
5.59	1024.88
5.64	1018.68
5.64	1018.65
5.65	1018.62
5.66	1019.36
5.66	1020.09
5.67	1020.82
5.67	1021.18
5.71	1015.08
5.72	1015.06
5.73	1014.66
5.74	1015.39
5.74	1016.12
5.74	1016.84
5.75	1017.57
5.75	1017.92
5.80	1011.20
5.81	1010.81
5.82	1010.43
5.83	1011.15
5.83	1011.87
5.83	1012.59
5.84	1013.30
5.84	1013.65
5.85	1014.36
5.90	1007.42
5.91	1006.69
5.92	1006.32
5.92	1007.03
5.93	1007.74
5.93	1008.45
5.94	1009.15
5.94	1009.50
5.95	1010.21
5.95	1010.91
6.00	1004.11
6.01	1003.05
6.02	1002.69
6.03	1003.39
6.03	1004.09
6.04	1004.79
6.04	1005.49
6.05	1005.83
6.05	1006.53
6.05	1007.22
6.06	1007.92
6.11	1001.27
6.12	1000.23
6.13	999.88
6.14	1000.57
6.14	1001.26
6.14	1001.95
6.15	1002.64
6.15	1002.98
6.16	1003.66
6.16	1004.35
6.17	1005.03
6.17	1005.71
6.22	998.86
6.24	997.85
6.25	997.51
6.25	998.19
6.25	998.87
6.26	999.54
6.26	1000.22
6.27	1000.56
6.27	1001.23
6.28	1001.91
6.28	1002.58
6.29	1003.25
6.34	995.88
6.34	996.55
6.35	996.22
6.36	995.90
6.37	996.56
6.37	997.23
6.38	997.89
6.38	998.56
6.39	998.89
6.39	999.55
6.40	1000.22
6.40	1000.88
6.40	1001.54
6.46	994.32
6.46	994.98
6.47	995.63
6.47	996.29
6.48	996.30
6.48	997.28
6.48	998.26
6.48	999.23
6.49	1000.21
6.49	1000.86
6.49	1001.84
6.50	1002.49
6.50	1003.47
6.50	1004.11
6.54	999.56
6.55	999.89
6.55	1000.86
6.55	1001.82
6.55	1002.79
6.56	1003.11
6.56	1003.75
6.57	1004.40
6.57	1004.71
6.58	1005.35
6.58	1005.99
6.59	1006.63
6.59	1007.27
6.59	1008.23
6.60	1009.19
6.60	1009.17
6.61	1009.81
6.61	1010.76
6.61	1011.72
6.62	1012.35
6.62	1012.98
6.62	1013.94
6.63	1014.56
6.63	1015.19
6.63	1015.82
6.64	1016.45
6.64	1017.07
6.65	1017.70
6.65	1018.32
6.66	1018.62
6.66	1018.92
6.67	1019.22
6.67	1019.84
6.68	1020.46
6.68	1021.41
6.68	1022.02
6.69	1022.64
6.69	1023.26
6.70	1023.88
6.70	1024.49
6.71	1025.11
6.71	1025.72
6.71	1026.34
6.72	1026.95
6.72	1027.24
6.73	1027.85
6.73	1028.46
6.74	1028.42
6.74	1029.03
6.75	1029.32
6.76	1029.92
6.76	1030.53
6.76	1031.14
6.77	1031.74
6.77	1032.35
6.78	1032.95
6.78	1033.55
6.78	1034.15
6.79	1034.76
6.79	1035.36
6.80	1035.96
6.80	1036.56
6.81	1036.83
6.81	1037.11
6.82	1037.38
6.83	1037.66
6.83	1037.93
6.84	1038.53
6.84	1039.12
6.84	1039.71
6.85	1040.31
6.85	1040.90
6.86	1041.49
6.86	1042.08
6.87	1042.67
6.87	1043.26
6.87	1043.85
6.88	1044.43
6.88	1045.02
6.89	1045.61
6.89	1045.87
6.90	1046.46
6.90	1046.72
6.91	1046.66
6.92	1046.92
6.92	1047.19
6.93	1047.77
6.93	1048.35
6.94	1048.93
6.94	1049.51
6.94	1050.08
6.95	1050.66
6.95	1051.24
6.96	1051.82
6.96	1052.39
6.97	1052.97
6.97	1053.54
6.97	1054.11
6.98	1054.69
6.98	1054.94
6.99	1055.51
6.99	1055.76
7.00	1056.33
7.01	1056.26
7.02	1056.20
7.02	1056.45
7.03	1056.70
7.03	1057.26
7.04	1057.83
7.04	1058.39
7.04	1058.96
7.05	1059.52
7.05	1060.08
7.06	1060.65
7.06	1061.21
7.07	1061.77
7.07	1062.33
7.07	1062.89
7.08	1063.45
7.08	1063.69
7.09	1064.25
7.10	1064.17
7.10	1064.73
7.11	1064.65
7.12	1064.58
7.13	1064.50
7.13	1064.74
7.14	1065.29
7.14	1065.84
7.14	1066.40
7.15	1066.95
7.15	1067.50
7.16	1067.73
7.16	1068.28
7.17	1068.83
7.17	1069.38
7.18	1069.93
7.18	1070.48
7.18	1071.02
7.19	1071.25
7.19	1071.80
7.20	1071.71
7.21	1072.26
7.22	1071.86
7.23	1071.78
7.23	1071.69
7.24	1071.61
7.25	1072.15
7.25	1072.69
7.25	1073.23
7.26	1073.77
7.26	1074.31
7.27	1074.22
7.28	1074.76
7.28	1075.29
7.28	1075.83
7.29	1076.37
7.29	1076.90
7.30	1077.43
7.30	1077.66
7.31	1078.19
7.31	1078.10
7.32	1078.63
7.33	1077.92
7.34	1077.83
7.35	1077.74
7.36	1077.65
7.36	1078.18
7.36	1078.71
7.37	1079.24
7.37	1079.76
7.38	1079.98
7.39	1079.89
7.39	1080.42
7.40	1080.63
7.40	1081.16
7.41	1081.68
7.41	1082.20
7.41	1082.72
7.42	1082.94
7.42	1083.46
7.43	1083.37
7.44	1083.89
7.45	1083.18
7.46	1083.08
7.47	1082.99
7.47	1082.89
7.48	1083.41
7.48	1083.93
7.49	1084.45
7.49	1084.96
7.51	1083.95
7.51	1084.47
7.52	1084.07
7.52	1084.58
7.53	1085.09
7.53	1085.61
7.54	1085.81
7.54	1086.32
7.55	1086.23
7.56	1086.74
7.57	1086.04
7.58	1085.94
7.59	1085.84
7.59	1086.35
7.59	1087.16
7.59	1087.97
7.60	1088.78
7.60	1089.59
7.61	1088.28
7.87	1053.49
7.93	1046.15
7.94	1046.38
8.01	1038.35
8.01	1038.58
8.02	1038.81
8.03	1039.04
8.09	1031.16
8.10	1031.39
8.11	1031.90
8.11	1032.13
8.12	1032.10
8.19	1023.83
8.20	1024.07
8.20	1024.57
8.21	1024.81
8.21	1025.31
8.22	1025.55
8.30	1016.93
8.30	1017.17
8.31	1017.67
8.31	1017.91
8.32	1018.41
8.32	1018.64
8.33	1019.14
8.41	1010.44
8.41	1010.68
8.42	1011.18
8.42	1011.42
8.43	1011.91
8.43	1012.15
8.44	1012.65
8.44	1012.89
8.52	1004.36
8.53	1004.61
8.53	1005.10
8.54	1005.34
8.54	1005.83
8.55	1006.07
8.55	1006.56
8.56	1006.80
8.56	1007.29
8.64	999.18
8.65	999.43
8.65	999.92
8.66	1000.16
8.66	1000.65
8.67	1000.89
8.67	1001.37
8.68	1001.61
8.68	1002.10
8.76	994.15
8.77	994.39
8.77	994.88
8.78	995.12
8.78	995.60
8.79	995.84
8.79	996.32
8.80	996.57
8.80	997.05
8.87	990.19
8.88	990.43
8.88	990.91
8.90	989.75
8.90	990.22
8.97	983.96
8.97	984.20
8.98	984.68
9.00	983.54
9.00	984.02
9.01	984.26
9.07	978.79
9.07	979.04
9.08	979.51
9.10	978.40
9.10	978.87
9.11	979.12
9.16	973.74
9.17	973.99
9.17	974.46
9.18	974.93
9.20	974.06
9.20	974.53
9.21	974.78
9.27	969.26
9.27	969.51
9.28	969.98
9.28	970.45
9.29	970.69
9.30	970.28
9.30	970.75
9.31	970.99
9.37	965.57
9.38	965.81
9.38	966.28
9.38	966.74
9.39	966.99
9.39	967.45
9.41	967.26
9.41	967.73
9.42	967.97
9.48	962.41
9.48	962.66
9.49	963.12
9.49	963.58
9.50	963.83
9.50	964.28
9.51	964.53
9.52	964.77
9.52	965.23
9.53	965.48
9.59	959.79
9.60	960.03
9.60	960.49
9.60	960.94
9.61	961.19
9.62	961.64
9.62	961.89
9.63	962.13
9.63	962.58
9.64	963.04
9.64	963.49
9.71	957.68
9.71	957.92
9.72	958.37
9.72	958.82
9.73	959.06
9.73	959.51
9.74	959.76
9.74	960.00
9.75	960.45
9.75	960.90
9.76	961.34
9.76	961.58
9.83	956.27
9.83	956.51
9.84	956.95
9.84	957.40
9.85	957.64
9.85	958.09
9.86	958.33
9.86	958.57
9.87	959.01
9.87	959.45
9.88	959.90
9.88	959.93
9.94	954.89
9.95	955.13
9.95	955.57
9.96	956.01
9.96	956.25
9.97	956.69
9.98	956.93
9.98	957.17
9.99	957.61
9.99	958.05
9.99	958.48
10.00	958.52
10.06	953.95
10.06	954.18
10.09	952.83
10.09	953.27
10.10	953.70
10.10	953.74
10.18	947.09
10.19	947.32
10.36	932.38
10.46	924.38
10.46	924.62
10.56	916.95
10.57	917.20
10.57	917.63
10.67	910.11
10.67	910.36
10.68	910.78
10.68	911.03
10.77	904.00
10.78	904.25
10.78	904.68
10.79	904.93
10.80	905.18
10.89	898.44
10.89	898.69
10.90	899.11
10.90	899.36
10.91	899.62
11.00	892.82
11.01	893.07
11.01	893.50
11.02	893.92
11.02	894.34
11.03	894.59
11.12	887.74
11.13	888.00
11.13	888.41
11.13	888.83
11.14	889.25
11.15	889.34
11.24	882.77
11.24	883.02
11.25	883.44
11.25	883.86
11.26	884.27
11.26	884.36
11.35	878.23
11.36	878.48
11.37	878.09
11.45	872.86
11.54	866.92
11.65	859.51
11.73	853.62
11.74	853.88
11.83	848.22
11.83	848.48
11.92	842.76
11.93	843.02
11.93	843.43
12.02	837.80
12.03	838.06
12.03	838.46
12.04	838.72
12.04	0.00
