0 0.103240
1 0.122147
2 0.128387
3 0.142947
4 0.149187
5 0.157507
6 0.165827
7 0.174147
8 0.182467
9 0.190787
10 0.199107
11 0.207427
12 0.215747
13 0.224067
14 0.232387
15 0.240707
16 0.249027
17 0.257347
18 0.265667
19 0.273987
20 0.282307
21 0.290627
22 0.298947
23 0.307267
24 0.315587
25 0.323907
26 0.332227
27 0.340547
28 0.348867
29 0.357187
30 0.365507
31 0.373827
32 0.382147
33 0.390467
34 0.398787
35 0.407107
36 0.415427
37 0.423747
38 0.432067
39 0.440387
40 0.448707
41 0.457027
42 0.465347
43 0.473667
44 0.481987
45 0.490307
46 0.498627
47 0.506947
48 0.515267
49 0.523587
50 0.531907
51 0.540227
52 0.548547
53 0.556867
54 0.565187
55 0.573507
56 0.581827
57 0.590147
58 0.598467
59 0.606787
60 0.615107
61 0.623427
62 0.631747
63 0.640067
64 0.648387
65 0.656707
66 0.665027
67 0.673347
68 0.681667
69 0.689987
70 0.698307
71 0.706627
72 0.714947
73 0.723267
74 0.731587
75 0.739907
76 0.748227
77 0.756547
78 0.764867
79 0.773187
80 0.781507
81 0.789827
82 0.798147
83 0.806467
84 0.814787
85 0.823107
86 0.831427
87 0.839747
88 0.848067
89 0.856387
90 0.864707
91 0.873027
92 0.881347
93 0.889667
94 0.897987
95 0.906307
96 0.914627
97 0.922947
98 0.931267
99 0.939587
100 0.947907
101 0.956227
102 0.964547
103 0.972867
104 0.981187
105 0.989507
106 0.997827
107 1.006147
108 1.014467
109 1.022787
110 1.031107
111 1.039427
112 1.047747
113 1.056067
114 1.064387
115 1.072707
116 1.081027
117 1.089347
118 1.097667
119 1.105987
120 1.114307
121 1.122627
122 1.130947
123 1.139267
124 1.147587
125 1.155907
126 1.164227
127 1.172547
128 1.180867
129 1.189187
130 1.197507
131 1.205827
132 1.214147
133 1.222467
134 1.230787
135 1.239107
136 1.247427
137 1.255747
138 1.264067
139 1.272387
140 1.280707
141 1.289027
142 1.297347
143 1.305667
144 1.313987
145 1.322307
146 1.330627
147 1.338947
148 1.347267
149 1.355587
150 1.363907
151 1.372227
152 1.380547
153 1.388867
154 1.397187
155 1.405507
156 1.413827
157 1.422147
158 1.430467
159 1.438787
160 1.447107
161 1.455427
162 1.463747
163 1.472067
164 1.480387
165 1.488707
166 1.497027
167 1.505347
168 1.513667
169 1.521987
170 1.530307
171 1.538627
172 1.546947
173 1.555267
174 1.563587
175 1.571907
176 1.580227
177 1.588547
178 1.596867
179 1.605187
180 1.613507
181 1.621827
182 1.630147
183 1.638467
184 1.646787
185 1.655107
186 1.663427
187 1.671747
188 1.680067
189 1.688387
190 1.696707
191 1.705027
192 1.713347
193 1.721667
194 1.729987
195 1.738307
196 1.746627
197 1.754947
198 1.763267
199 1.771587
200 1.779907
201 1.788227
202 1.796547
203 1.804867
204 1.813187
205 1.821507
206 1.829827
207 1.838147
208 1.846467
209 1.854787
210 1.863107
211 1.871427
212 1.879747
213 1.888067
214 1.896387
215 1.904707
216 1.913027
217 1.921347
218 1.929667
219 1.937987
220 1.946307
221 1.954627
222 1.962947
223 1.971267
224 1.979587
225 1.987907
226 1.996227
227 2.004547
228 2.012867
229 2.021187
230 2.029507
231 2.037827
232 2.046147
233 2.054467
234 2.062787
235 2.071107
236 2.079427
237 2.087747
238 2.096067
239 2.104387
240 2.112707
241 2.121027
242 2.129347
243 2.137667
244 2.145987
245 2.154307
246 2.162627
247 2.170947
248 2.179267
249 2.187587
250 2.195907
251 2.204227
252 2.212547
253 2.220867
254 2.229187
255 2.237507
256 2.245827
257 2.254147
258 2.262467
259 2.270787
260 2.279107
261 2.287427
262 2.295747
263 2.304067
264 2.312387
265 2.320707
266 2.329027
267 2.337347
268 2.345667
269 2.353987
270 2.362307
271 2.370627
272 2.378947
273 2.387267
274 2.395587
275 2.403907
276 2.412227
277 2.420547
278 2.428867
279 2.437187
280 2.445507
281 2.453827
282 2.462147
283 2.470467
284 2.478787
285 2.487107
286 2.495427
287 2.503747
288 2.512067
289 2.520387
290 2.528707
291 2.537027
292 2.545347
293 2.553667
294 2.561987
295 2.570307
296 2.578627
297 2.586947
298 2.595267
299 2.603587
300 2.611907
301 2.620227
302 2.628547
303 2.636867
304 2.645187
305 2.653507
306 2.661827
307 2.670147
308 2.678467
309 2.686787
310 2.695107
311 2.703427
312 2.711747
313 2.720067
314 2.728387
315 2.736707
316 2.745027
317 2.753347
318 2.761667
319 2.769987
320 2.778307
321 2.786627
322 2.794947
323 2.803267
324 2.811587
325 2.819907
326 2.828227
327 2.836547
328 2.844867
329 2.853187
330 2.861507
331 2.869827
332 2.878147
333 2.886467
334 2.894787
335 2.903107
336 2.911427
337 2.919747
338 2.928067
339 2.936387
340 2.944707
341 2.953027
342 2.961347
343 2.969667
344 2.977987
345 2.986307
346 2.994627
347 3.002947
348 3.011267
349 3.019587
350 3.027907
351 3.036227
352 3.044547
353 3.052867
354 3.061187
355 3.069507
356 3.077827
357 3.086147
358 3.094467
359 3.102787
360 3.111107
361 3.119427
362 3.127747
363 3.136067
364 3.144387
365 3.152707
366 3.161027
367 3.169347
368 3.177667
369 3.185987
370 3.194307
371 3.202627
372 3.210947
373 3.219267
374 3.227587
375 3.235907
376 3.244227
377 3.252547
378 3.260867
379 3.269187
380 3.277507
381 3.285827
382 3.294147
383 3.302467
384 3.310787
385 3.319107
386 3.327427
387 3.335747
388 3.344067
389 3.352387
390 3.360707
391 3.369027
392 3.377347
393 3.385667
394 3.393987
395 3.402307
396 3.410627
397 3.418947
398 3.427267
399 3.435587
400 3.443907
401 3.452227
402 3.460547
403 3.468867
404 3.477187
405 3.485507
406 3.493827
407 3.502147
408 3.510467
409 3.518787
410 3.527107
411 3.535427
412 3.543747
413 3.552067
414 3.560387
415 3.568707
416 3.577027
417 3.585347
418 3.593667
419 3.601987
420 3.610307
421 3.618627
422 3.626947
423 3.635267
424 3.643587
425 3.651907
426 3.660227
427 3.668547
428 3.676867
429 3.685187
430 3.693507
431 3.701827
432 3.710147
433 3.718467
434 3.726787
435 3.735107
436 3.743427
437 3.751747
438 3.760067
439 3.768387
440 3.776707
441 3.785027
442 3.793347
443 3.801667
444 3.809987
445 3.818307
446 3.826627
447 3.834947
448 3.843267
449 3.851587
450 3.859907
451 3.868227
452 3.876547
453 3.884867
454 3.893187
455 3.901507
456 3.909827
457 3.918147
458 3.926467
459 3.934787
460 3.943107
461 3.951427
462 3.959747
463 3.968067
464 3.976387
465 3.984707
466 3.993027
467 4.001347
468 4.009667
469 4.017987
470 4.026307
471 4.034627
472 4.042947
473 4.051267
474 4.059587
475 4.067907
476 4.076227
477 4.084547
478 4.092867
479 4.101187
480 4.109507
481 4.117827
482 4.126147
483 4.134467
484 4.142787
485 4.151107
486 4.159427
487 4.167747
488 4.176067
489 4.184387
490 4.192707
491 4.201027
492 4.209347
493 4.217667
494 4.225987
495 4.234307
496 4.242627
497 4.250947
498 4.259267
499 4.267587
500 4.275907
501 4.284227
502 4.292547
503 4.300867
504 4.309187
505 4.317507
506 4.325827
507 4.334147
508 4.342467
509 4.350787
510 4.359107
511 4.367427
512 4.375747
513 4.384067
514 4.392387
515 4.400707
516 4.409027
517 4.417347
518 4.425667
519 4.433987
520 4.442307
521 4.450627
522 4.458947
523 4.467267
524 4.475587
525 4.483907
526 4.492227
527 4.500547
528 4.508867
529 4.517187
530 4.525507
531 4.533827
532 4.542147
533 4.550467
534 4.558787
535 4.567107
536 4.575427
537 4.583747
538 4.592067
539 4.600387
540 4.608707
541 4.617027
542 4.625347
543 4.633667
544 4.641987
545 4.650307
546 4.658627
547 4.666947
548 4.675267
549 4.683587
550 4.691907
551 4.700227
552 4.708547
553 4.716867
554 4.725187
555 4.733507
556 4.741827
557 4.750147
558 4.758467
559 4.766787
560 4.775107
561 4.783427
562 4.791747
563 4.800067
564 4.808387
565 4.816707
566 4.825027
567 4.833347
568 4.841667
569 4.849987
570 4.858307
571 4.866627
572 4.874947
573 4.883267
574 4.891587
575 4.899907
576 4.908227
577 4.916547
578 4.924867
579 4.933187
580 4.941507
581 4.949827
582 4.958147
583 4.966467
584 4.974787
585 4.983107
586 4.991427
587 4.999747
588 5.008067
589 5.016387
590 5.024707
591 5.033027
592 5.041347
593 5.049667
594 5.057987
595 5.066307
596 5.074627
597 5.082947
598 5.091267
599 5.099587
600 5.107907
601 5.116227
602 5.124547
603 5.132867
604 5.141187
605 5.149507
606 5.157827
607 5.166147
608 5.174467
609 5.182787
610 5.191107
611 5.199427
612 5.207747
613 5.216067
614 5.224387
615 5.232707
616 5.241027
617 5.249347
618 5.257667
619 5.265987
620 5.274307
621 5.282627
622 5.290947
623 5.299267
624 5.307587
625 5.315907
626 5.324227
627 5.332547
628 5.340867
629 5.349187
630 5.357507
631 5.365827
632 5.374147
633 5.382467
634 5.390787
635 5.399107
636 5.407427
637 5.415747
638 5.424067
639 5.432387
640 5.440707
641 5.449027
642 5.457347
643 5.465667
644 5.473987
645 5.482307
646 5.490627
647 5.498947
648 5.507267
649 5.515587
650 5.523907
651 5.532227
652 5.540547
653 5.548867
654 5.557187
655 5.565507
656 5.573827
657 5.582147
658 5.590467
659 5.598787
660 5.607107
661 5.615427
662 5.623747
663 5.632067
664 5.640387
665 5.648707
666 5.657027
667 5.665347
668 5.673667
669 5.681987
670 5.690307
671 5.698627
672 5.706947
673 5.715267
674 5.723587
675 5.731907
676 5.740227
677 5.748547
678 5.756867
679 5.765187
680 5.773507
681 5.781827
682 5.790147
683 5.798467
684 5.806787
685 5.815107
686 5.823427
687 5.831747
688 5.840067
689 5.848387
690 5.856707
691 5.865027
692 5.873347
693 5.881667
694 5.889987
695 5.898307
696 5.906627
697 5.914947
698 5.923267
699 5.931587
700 5.939907
701 5.948227
702 5.956547
703 5.964867
704 5.973187
705 5.981507
706 5.989827
707 5.998147
708 6.006467
709 6.014787
710 6.023107
711 6.031427
712 6.039747
713 6.048067
714 6.056387
715 6.064707
716 6.073027
717 6.081347
718 6.089667
719 6.097987
720 6.106307
721 6.114627
722 6.122947
723 6.131267
724 6.139587
725 6.147907
726 6.156227
727 6.164547
728 6.172867
729 6.181187
730 6.189507
731 6.197827
732 6.206147
733 6.214467
734 6.222787
735 6.231107
736 6.239427
737 6.247747
738 6.256067
739 6.264387
740 6.272707
741 6.281027
742 6.289347
743 6.297667
744 6.305987
745 6.314307
746 6.322627
747 6.330947
748 6.339267
749 6.347587
750 6.355907
751 6.364227
752 6.372547
753 6.380867
754 6.389187
755 6.397507
756 6.405827
757 6.414147
758 6.422467
759 6.430787
760 6.439107
761 6.447427
762 6.455747
763 6.464067
764 6.472387
765 6.480707
766 6.489027
767 6.497347
768 6.505667
769 6.513987
770 6.522307
771 6.530627
772 6.538947
773 6.547267
774 6.555587
775 6.563907
776 6.572227
777 6.580547
778 6.588867
779 6.597187
780 6.605507
781 6.613827
782 6.622147
783 6.630467
784 6.638787
785 6.647107
786 6.655427
787 6.663747
788 6.672067
789 6.680387
790 6.688707
791 6.697027
792 6.705347
793 6.713667
794 6.721987
795 6.730307
796 6.738627
797 6.746947
798 6.755267
799 6.763587
800 6.771907
801 6.780227
802 6.788547
803 6.796867
804 6.805187
805 6.813507
806 6.821827
807 6.830147
808 6.838467
809 6.846787
810 6.855107
811 6.863427
812 6.871747
813 6.880067
814 6.888387
815 6.896707
816 6.905027
817 6.913347
818 6.921667
819 6.929987
820 6.938307
821 6.946627
822 6.954947
823 6.963267
824 6.971587
825 6.979907
826 6.988227
827 6.996547
828 7.004867
829 7.013187
830 7.021507
831 7.029827
832 7.038147
833 7.046467
834 7.054787
835 7.063107
836 7.071427
837 7.079747
838 7.088067
839 7.096387
840 7.104707
841 7.113027
842 7.121347
843 7.129667
844 7.137987
845 7.146307
846 7.154627
847 7.162947
848 7.171267
849 7.179587
850 7.187907
851 7.196227
852 7.204547
853 7.212867
854 7.221187
855 7.229507
856 7.237827
857 7.246147
858 7.254467
859 7.262787
860 7.271107
861 7.279427
862 7.287747
863 7.296067
864 7.304387
865 7.312707
866 7.321027
867 7.329347
868 7.337667
869 7.345987
870 7.354307
871 7.362627
872 7.370947
873 7.379267
874 7.387587
875 7.395907
876 7.404227
877 7.412547
878 7.420867
879 7.429187
880 7.437507
881 7.445827
882 7.454147
883 7.462467
884 7.470787
885 7.479107
886 7.487427
887 7.495747
888 7.504067
889 7.512387
890 7.520707
891 7.529027
892 7.537347
893 7.545667
894 7.553987
895 7.562307
896 7.570627
897 7.578947
898 7.587267
899 7.595587
900 7.603907
901 7.612227
902 7.620547
903 7.628867
904 7.637187
905 7.645507
906 7.653827
907 7.662147
908 7.670467
909 7.678787
910 7.687107
911 7.695427
912 7.703747
913 7.712067
914 7.720387
915 7.728707
916 7.737027
917 7.745347
918 7.753667
919 7.761987
920 7.770307
921 7.778627
922 7.786947
923 7.795267
924 7.803587
925 7.811907
926 7.820227
927 7.828547
928 7.836867
929 7.845187
930 7.853507
931 7.861827
932 7.870147
933 7.878467
934 7.886787
935 7.895107
936 7.903427
937 7.911747
938 7.920067
939 7.928387
940 7.936707
941 7.945027
942 7.953347
943 7.961667
944 7.969987
945 7.978307
946 7.986627
947 7.994947
948 8.003267
949 8.011587
950 8.019907
951 8.028227
952 8.036547
953 8.044867
954 8.053187
955 8.061507
956 8.069827
957 8.078147
958 8.086467
959 8.094787
960 8.103107
961 8.111427
962 8.119747
963 8.128067
964 8.136387
965 8.144707
966 8.153027
967 8.161347
968 8.169667
969 8.177987
970 8.186307
971 8.194627
972 8.202947
973 8.211267
974 8.219587
975 8.227907
976 8.236227
977 8.244547
978 8.252867
979 8.261187
980 8.269507
981 8.277827
982 8.286147
983 8.294467
984 8.302787
985 8.311107
986 8.319427
987 8.327747
988 8.336067
989 8.344387
990 8.352707
991 8.361027
992 8.369347
993 8.377667
994 8.385987
995 8.394307
996 8.402627
997 8.410947
998 8.419267
999 8.427587
1000 8.435907
1001 8.444227
1002 8.452547
1003 8.460867
1004 8.469187
1005 8.477507
1006 8.485827
1007 8.494147
1008 8.502467
1009 8.510787
1010 8.519107
1011 8.527427
1012 8.535747
1013 8.544067
1014 8.552387
1015 8.560707
1016 8.569027
1017 8.577347
1018 8.585667
1019 8.593987
1020 8.602307
1021 8.610627
1022 8.618947
1023 8.627267
1024 8.635587
1025 8.643907
1026 8.652227
1027 8.660547
1028 8.668867
1029 8.677187
1030 8.685507
1031 8.693827
1032 8.702147
1033 8.710467
1034 8.718787
1035 8.727107
1036 8.735427
1037 8.743747
1038 8.752067
1039 8.760387
1040 8.768707
1041 8.777027
1042 8.785347
1043 8.793667
1044 8.801987
1045 8.810307
1046 8.818627
1047 8.826947
1048 8.835267
1049 8.843587
1050 8.851907
1051 8.860227
1052 8.868547
1053 8.876867
1054 8.885187
1055 8.893507
1056 8.901827
1057 8.910147
1058 8.918467
1059 8.926787
1060 8.935107
1061 8.943427
1062 8.951747
1063 8.960067
1064 8.968387
1065 8.976707
1066 8.985027
1067 8.993347
1068 9.001667
1069 9.009987
1070 9.018307
1071 9.026627
1072 9.034947
1073 9.043267
1074 9.051587
1075 9.059907
1076 9.068227
1077 9.076547
1078 9.084867
1079 9.093187
1080 9.101507
1081 9.109827
1082 9.118147
1083 9.126467
1084 9.134787
1085 9.143107
1086 9.151427
1087 9.159747
1088 9.168067
1089 9.176387
1090 9.184707
1091 9.193027
1092 9.201347
1093 9.209667
1094 9.217987
1095 9.226307
1096 9.234627
1097 9.242947
1098 9.251267
1099 9.259587
1100 9.267907
1101 9.276227
1102 9.284547
1103 9.292867
1104 9.301187
1105 9.309507
1106 9.317827
1107 9.326147
1108 9.334467
1109 9.342787
1110 9.351107
1111 9.359427
1112 9.367747
1113 9.376067
1114 9.384387
1115 9.392707
1116 9.401027
1117 9.409347
1118 9.417667
1119 9.425987
1120 9.434307
1121 9.442627
1122 9.450947
1123 9.459267
1124 9.467587
1125 9.475907
1126 9.484227
1127 9.492547
1128 9.500867
1129 9.509187
1130 9.517507
1131 9.525827
1132 9.534147
1133 9.542467
1134 9.550787
1135 9.559107
1136 9.567427
1137 9.575747
1138 9.584067
1139 9.592387
1140 9.600707
1141 9.609027
1142 9.617347
1143 9.625667
1144 9.633987
1145 9.642307
1146 9.650627
1147 9.658947
1148 9.667267
1149 9.675587
1150 9.683907
1151 9.692227
1152 9.700547
1153 9.708867
1154 9.717187
1155 9.725507
1156 9.733827
1157 9.742147
1158 9.750467
1159 9.758787
1160 9.767107
1161 9.775427
1162 9.783747
1163 9.792067
1164 9.800387
1165 9.808707
1166 9.817027
1167 9.825347
1168 9.833667
1169 9.841987
1170 9.850307
1171 9.858627
1172 9.866947
1173 9.875267
1174 9.883587
1175 9.891907
1176 9.900227
1177 9.908547
1178 9.916867
1179 9.925187
1180 9.933507
1181 9.941827
1182 9.950147
1183 9.958467
1184 9.966787
1185 9.975107
1186 9.983427
1187 9.991747
1188 10.000067
1189 10.008387
1190 10.016707
1191 10.025027
1192 10.033347
1193 10.041667
1194 10.049987
1195 10.058307
1196 10.066627
1197 10.074947
1198 10.083267
1199 10.091587
1200 10.099907
1201 10.108227
1202 10.116547
1203 10.124867
1204 10.133187
1205 10.141507
1206 10.149827
1207 10.158147
1208 10.166467
1209 10.174787
1210 10.183107
1211 10.191427
1212 10.199747
1213 10.208067
1214 10.216387
1215 10.224707
1216 10.233027
1217 10.241347
1218 10.249667
1219 10.257987
1220 10.266307
1221 10.274627
1222 10.282947
1223 10.291267
1224 10.299587
1225 10.307907
1226 10.316227
1227 10.324547
1228 10.332867
1229 10.341187
1230 10.349507
1231 10.357827
1232 10.366147
1233 10.374467
1234 10.382787
1235 10.391107
1236 10.399427
1237 10.407747
1238 10.416067
1239 10.424387
1240 10.432707
1241 10.441027
1242 10.449347
1243 10.457667
1244 10.465987
1245 10.474307
1246 10.482627
1247 10.490947
1248 10.499267
1249 10.507587
1250 10.515907
1251 10.524227
1252 10.532547
1253 10.540867
1254 10.549187
1255 10.557507
1256 10.565827
1257 10.574147
1258 10.582467
1259 10.590787
1260 10.599107
1261 10.607427
1262 10.615747
1263 10.624067
1264 10.632387
1265 10.640707
1266 10.649027
1267 10.657347
1268 10.665667
1269 10.673987
1270 10.682307
1271 10.690627
1272 10.698947
1273 10.707267
1274 10.715587
1275 10.723907
1276 10.732227
1277 10.740547
1278 10.748867
1279 10.757187
1280 10.765507
1281 10.773827
1282 10.782147
1283 10.790467
1284 10.798787
1285 10.807107
1286 10.815427
1287 10.823747
1288 10.832067
1289 10.840387
1290 10.848707
1291 10.857027
1292 10.865347
1293 10.873667
1294 10.881987
1295 10.890307
1296 10.898627
1297 10.906947
1298 10.915267
1299 10.923587
1300 10.931907
1301 10.940227
1302 10.948547
1303 10.956867
1304 10.965187
1305 10.973507
1306 10.981827
1307 10.990147
1308 10.998467
1309 11.006787
1310 11.015107
1311 11.023427
1312 11.031747
1313 11.040067
1314 11.048387
1315 11.056707
1316 11.065027
1317 11.073347
1318 11.081667
1319 11.089987
1320 11.098307
1321 11.106627
1322 11.114947
1323 11.123267
1324 11.131587
1325 11.139907
1326 11.148227
1327 11.156547
1328 11.164867
1329 11.173187
1330 11.181507
1331 11.189827
1332 11.198147
1333 11.206467
1334 11.214787
1335 11.223107
1336 11.231427
1337 11.239747
1338 11.248067
1339 11.256387
1340 11.264707
1341 11.273027
1342 11.281347
1343 11.289667
1344 11.297987
1345 11.306307
1346 11.314627
1347 11.322947
1348 11.331267
1349 11.339587
1350 11.347907
1351 11.356227
1352 11.364547
1353 11.372867
1354 11.381187
1355 11.389507
1356 11.397827
1357 11.406147
1358 11.414467
1359 11.422787
1360 11.431107
1361 11.439427
1362 11.447747
1363 11.456067
1364 11.464387
1365 11.472707
1366 11.481027
1367 11.489347
1368 11.497667
1369 11.505987
1370 11.514307
1371 11.522627
1372 11.530947
1373 11.539267
1374 11.547587
1375 11.555907
1376 11.564227
1377 11.572547
1378 11.580867
1379 11.589187
1380 11.597507
1381 11.605827
1382 11.614147
1383 11.622467
1384 11.630787
1385 11.639107
1386 11.647427
1387 11.655747
1388 11.664067
1389 11.672387
1390 11.680707
1391 11.689027
1392 11.697347
1393 11.705667
1394 11.713987
1395 11.722307
1396 11.730627
1397 11.738947
1398 11.747267
1399 11.755587
1400 11.763907
1401 11.772227
1402 11.780547
1403 11.788867
1404 11.797187
1405 11.805507
1406 11.813827
1407 11.822147
1408 11.830467
1409 11.838787
1410 11.847107
1411 11.855427
1412 11.863747
1413 11.872067
1414 11.880387
1415 11.888707
1416 11.897027
1417 11.905347
1418 11.913667
1419 11.921987
1420 11.930307
1421 11.938627
1422 11.946947
1423 11.955267
1424 11.963587
1425 11.971907
1426 11.980227
1427 11.988547
1428 11.996867
1429 12.005187
1430 12.013507
1431 12.021827
1432 12.030147
1433 12.038467
1434 12.046787
1435 12.055107
1436 12.063427
1437 12.071747
1438 12.080067
1439 12.088387
1440 12.096707
1441 12.105027
1442 12.113347
1443 12.121667
1444 12.129987
1445 12.138307
1446 12.146627
1447 12.154947
