0 0.103160
1 0.120067
2 0.126307
3 0.140867
4 0.145027
5 0.151267
6 0.165827
7 0.182467
8 0.186627
9 0.192867
10 0.203267
11 0.213667
12 0.228227
13 0.232387
14 0.244867
15 0.263587
16 0.269827
17 0.273987
18 0.280227
19 0.294787
20 0.305187
21 0.315587
22 0.319747
23 0.330147
24 0.334307
25 0.348867
26 0.355107
27 0.361347
28 0.369667
29 0.373827
30 0.400867
31 0.417507
32 0.423747
33 0.429987
34 0.436227
35 0.442467
36 0.452867
37 0.461187
38 0.469507
39 0.473667
40 0.486147
41 0.494467
42 0.498627
43 0.504867
44 0.509027
45 0.519427
46 0.523587
47 0.527747
48 0.531907
49 0.536067
53 0.544387
54 0.546467
55 0.550627
56 0.556867
57 0.563107
58 0.569347
59 0.573507
60 0.600547
61 0.608867
62 0.613027
63 0.619267
64 0.623427
65 0.633827
50 0.637987
51 0.650467
52 0.656707
66 0.671267
67 0.675427
68 0.679587
69 0.685827
50 0.687907
70 0.694147
71 0.696227
72 0.700387
73 0.706627
74 0.712867
75 0.719107
76 0.727427
77 0.733667
78 0.739907
79 0.746147
80 0.752387
81 0.758627
82 0.764867
83 0.771107
84 0.777347
85 0.783587
86 0.791907
87 0.798147
88 0.804387
90 0.814787
91 0.821027
92 0.827267
93 0.833507
94 0.839747
99 0.864707
100 0.870947
101 0.881347
102 0.887587
89 0.891747
103 0.929187
95 1.120227
96 1.138707
97 1.144387
98 1.159267
99 1.165507
100 1.169667
104 1.180067
105 1.186307
106 1.188387
107 1.194627
108 1.202947
109 1.221667
110 1.225827
111 1.232067
112 1.236227
115 1.250787
113 1.257027
114 1.261187
116 1.267427
117 1.275747
118 1.296547
119 1.302787
120 1.306947
121 1.311107
122 1.319427
123 1.323587
124 1.342307
125 1.348547
126 1.354787
127 1.358947
128 1.371427
129 1.375587
130 1.377667
131 1.394307
132 1.400547
133 1.408867
134 1.415107
135 1.431747
136 1.433827
137 1.437987
138 1.442147
139 1.454627
140 1.462947
141 1.471267
142 1.479587
143 1.498307
144 1.502467
145 1.504547
146 1.508707
147 1.517027
148 1.523267
149 1.539907
150 1.550307
151 1.560707
152 1.575267
153 1.579427
154 1.581507
155 1.585667
156 1.591907
162 1.610627
157 1.612707
158 1.616867
159 1.623107
160 1.631427
161 1.639747
163 1.660547
164 1.662627
165 1.664707
166 1.666787
167 1.683427
168 1.685507
169 1.689667
170 1.693827
171 1.702147
172 1.710467
173 1.718787
174 1.733347
175 1.737507
176 1.745827
177 1.756227
178 1.764547
179 1.766627
180 1.770787
181 1.774947
182 1.781187
183 1.783267
184 1.787427
185 1.793667
186 1.808227
187 1.814467
188 1.822787
189 1.837347
190 1.843587
191 1.845667
192 1.849827
193 1.853987
194 1.862307
195 1.864387
196 1.868547
197 1.872707
198 1.876867
199 1.891427
200 1.897667
201 1.905987
212 1.908067
202 1.926787
203 1.930947
204 1.933027
205 1.937187
206 1.941347
207 1.949667
208 1.953827
209 1.957987
210 1.962147
211 1.966307
213 1.980867
214 1.982947
215 1.985027
216 1.987107
217 2.001667
218 2.003747
219 2.005827
220 2.007907
221 2.009987
222 2.012067
223 2.014147
224 2.016227
232 2.078627
233 2.080707
234 2.082787
235 2.084867
236 2.086947
225 2.305347
226 2.323827
227 2.327987
228 2.342307
229 2.346467
230 2.350627
231 2.361267
232 2.365427
233 2.369587
234 2.373747
237 2.379747
238 2.383907
239 2.388067
240 2.392227
241 2.396387
242 2.400547
243 2.407027
244 2.411187
245 2.415347
246 2.419507
247 2.423667
248 2.427827
249 2.431987
250 2.436147
251 2.440307
252 2.444467
253 2.448627
254 2.452787
255 2.456947
256 2.461107
257 2.465267
258 2.469427
259 2.473587
260 2.479827
261 2.483987
262 2.488147
263 2.492307
264 2.496467
265 2.504787
266 2.511027
267 2.515187
268 2.519347
269 2.527667
270 2.531827
271 2.538067
272 2.544307
273 2.550547
274 2.556787
275 2.565107
276 2.571347
277 2.575507
280 2.579667
281 2.585907
282 2.592147
283 2.598387
278 2.606707
279 2.612947
284 2.627507
285 2.633747
286 2.637907
287 2.642067
288 2.646227
289 2.650387
278 2.654547
290 2.685747
291 2.689907
292 2.694067
293 2.698227
294 2.702387
295 2.706547
296 2.710707
297 2.741907
298 2.748147
299 2.752307
300 2.756467
301 2.760627
302 2.764787
303 2.771027
304 2.800147
305 2.806387
306 2.812627
307 2.818867
308 2.829267
309 2.835507
310 2.839667
311 2.843827
312 2.868787
313 2.875027
314 2.891667
315 2.897907
316 2.899987
317 2.904147
318 2.908307
319 2.912467
320 2.916627
321 2.927027
322 2.949907
323 2.958227
324 2.962387
325 2.970707
326 2.974867
327 2.979027
328 2.983187
329 2.995667
330 2.997747
331 2.999827
332 3.010227
333 3.016467
334 3.020627
335 3.024787
336 3.026867
337 3.060147
338 3.064307
339 3.070547
340 3.072627
341 3.076787
342 3.080947
343 3.085107
344 3.089267
345 3.093427
346 3.097587
347 3.103827
348 3.141267
349 3.147507
350 3.153747
351 3.157907
352 3.162067
353 3.166227
354 3.170387
355 3.174547
356 3.178707
357 3.182867
358 3.189107
359 3.197427
360 3.230707
361 3.239027
362 3.245267
363 3.249427
364 3.253587
365 3.257747
366 3.268147
367 3.272307
368 3.276467
369 3.278547
370 3.282707
371 3.286867
372 3.291027
373 3.324307
374 3.332627
375 3.338867
379 3.353427
380 3.355507
381 3.357587
382 3.359667
383 3.361747
384 3.363827
385 3.365907
386 3.367987
376 3.370067
377 3.372147
378 3.374227
388 3.430387
390 3.434547
391 3.436627
376 3.438707
392 3.440787
394 3.490707
387 3.596547
389 3.617347
390 3.623587
393 3.642307
394 3.648547
395 3.654787
396 3.661027
397 3.673507
398 3.681827
399 3.694307
400 3.706787
401 3.713027
402 3.719267
403 3.733827
404 3.746307
405 3.756707
406 3.762947
407 3.769187
408 3.783747
409 3.810787
410 3.817027
411 3.821187
412 3.823267
413 3.825347
414 3.844067
415 3.862787
416 3.871107
417 3.877347
418 3.885667
419 3.891907
420 3.896067
421 3.906467
422 3.921027
423 3.929347
424 3.937667
425 3.950147
426 3.958467
427 3.962627
428 3.966787
429 3.970947
430 3.987587
431 3.995907
432 4.006307
433 4.027107
434 4.035427
435 4.039587
436 4.043747
437 4.047907
438 4.054147
439 4.066627
440 4.077027
441 4.087427
442 4.104067
443 4.110307
444 4.114467
445 4.118627
446 4.122787
447 4.126947
448 4.131107
449 4.137347
450 4.139427
451 4.141507
452 4.156067
453 4.158147
454 4.160227
455 4.162307
456 4.164387
457 4.166467
458 4.168547
459 4.170627
460 4.174787
461 4.181027
462 4.189347
463 4.193507
464 4.262147
465 4.264227
466 4.266307
467 4.268387
468 4.270467
469 4.272547
470 4.278787
471 4.282947
472 4.287107
473 4.293347
474 4.299587
475 4.301667
476 4.353667
477 4.357827
478 4.361987
479 4.370307
480 4.378627
481 4.382787
482 4.386947
483 4.391107
484 4.397347
485 4.399427
486 4.401507
487 4.405667
488 4.411907
489 4.457667
490 4.463907
491 4.472227
492 4.478467
493 4.490947
494 4.495107
495 4.499267
496 4.503427
497 4.507587
498 4.509667
499 4.513827
500 4.517987
501 4.522147
502 4.528387
503 4.590787
504 4.592867
505 4.599107
506 4.603267
507 4.615747
508 4.619907
509 4.624067
510 4.628227
511 4.630307
512 4.632387
513 4.634467
514 4.636547
515 4.640707
516 4.646947
517 4.651107
518 4.676067
519 4.682307
520 4.686467
521 4.688547
522 4.690627
523 4.715587
524 4.719747
525 4.721827
526 4.723907
527 4.725987
528 4.730147
529 4.736387
530 4.740547
531 4.744707
532 4.746787
533 4.748867
534 4.753027
535 4.759267
536 4.763427
537 4.767587
538 4.773827
539 4.796707
550 4.811267
551 4.817507
552 4.823747
553 4.827907
554 4.834147
556 4.852867
557 4.859107
558 4.865347
540 4.871587
541 5.090067
542 5.108547
543 5.114547
544 5.127027
545 5.133267
546 5.137427
547 5.145747
548 5.151987
549 5.158227
550 5.166547
551 5.172787
552 5.179027
553 5.183187
555 5.191507
556 5.206067
557 5.208147
558 5.214387
559 5.218547
560 5.222707
561 5.231027
562 5.237267
563 5.241427
564 5.251827
565 5.253907
566 5.274707
567 5.280947
568 5.283027
569 5.291347
570 5.297587
571 5.301747
572 5.326707
575 5.328787
576 5.330867
577 5.335027
578 5.339187
573 5.355827
574 5.359987
579 5.384947
580 5.387027
581 5.391187
573 5.395347
582 5.405747
583 5.436947
584 5.439027
585 5.443187
586 5.451507
587 5.461907
588 5.491027
589 5.495187
590 5.501427
591 5.507667
592 5.522227
593 5.526387
594 5.553427
595 5.557587
596 5.565907
597 5.572147
598 5.590867
599 5.592947
600 5.599187
601 5.624147
602 5.630387
603 5.640787
604 5.644947
605 5.665747
606 5.669907
607 5.674067
608 5.730227
609 5.732307
610 5.734387
611 5.738547
612 5.742707
613 5.746867
614 5.748947
615 5.751027
616 5.792627
617 5.794707
618 5.798867
619 5.803027
620 5.807187
621 5.811347
622 5.813427
623 5.823827
624 5.830067
625 5.855027
626 5.859187
627 5.863347
628 5.867507
629 5.871667
630 5.877907
631 5.884147
632 5.890387
633 5.896627
634 5.902867
635 5.927827
636 5.931987
637 5.936147
638 5.940307
639 5.944467
640 5.950707
641 5.956947
642 5.961107
643 5.969427
644 5.975667
645 5.981907
646 6.008947
647 6.015187
648 6.019347
649 6.023507
650 6.029747
651 6.033907
652 6.040147
653 6.044307
654 6.050547
655 6.058867
656 6.067187
657 6.073427
658 6.100467
659 6.106707
660 6.112947
661 6.117107
662 6.121267
663 6.158707
664 6.162867
665 6.167027
666 6.171187
667 6.173267
668 6.179507
669 6.187827
670 6.191987
671 6.198227
672 6.202387
673 6.210707
674 6.214867
675 6.219027
676 6.239827
677 6.243987
678 6.248147
679 6.252307
680 6.254387
681 6.258547
682 6.262707
683 6.266867
684 6.273107
685 6.281427
686 6.285587
687 6.293907
688 6.298067
689 6.304307
690 6.318867
693 6.323027
694 6.325107
695 6.329267
696 6.333427
697 6.337587
705 6.360467
706 6.366707
707 6.368787
691 6.372947
692 6.591427
698 6.612227
699 6.616387
700 6.641347
701 6.645507
702 6.653827
703 6.676707
704 6.685027
705 6.695427
706 6.701667
707 6.722467
708 6.730787
709 6.739107
710 6.745347
711 6.753667
712 6.759907
713 6.768227
714 6.820227
715 6.824387
716 6.828547
717 6.834787
718 6.841027
722 6.880547
723 6.884707
719 6.886787
720 6.888867
721 6.890947
724 6.899267
725 6.938787
726 6.942947
727 6.949187
728 6.953347
729 6.957507
730 6.965827
731 6.972067
732 7.007427
733 7.011587
734 7.015747
735 7.021987
736 7.030307
737 7.036547
738 7.042787
739 7.046947
740 7.084387
741 7.088547
742 7.092707
743 7.098947
744 7.121827
745 7.128067
746 7.134307
747 7.138467
748 7.142627
749 7.171747
750 7.173827
751 7.175907
752 7.180067
753 7.217507
754 7.223747
755 7.232067
756 7.234147
757 7.236227
758 7.240387
759 7.252867
760 7.254947
761 7.259107
762 7.261187
763 7.298627
764 7.302787
765 7.306947
766 7.309027
767 7.313187
768 7.317347
769 7.323587
770 7.327747
771 7.331907
772 7.344387
773 7.346467
774 7.373507
775 7.379747
776 7.383907
777 7.385987
778 7.390147
779 7.394307
780 7.402627
781 7.406787
782 7.410947
783 7.417187
784 7.427587
785 7.431747
786 7.448387
787 7.452547
788 7.458787
789 7.460867
790 7.465027
791 7.467107
792 7.469187
793 7.471267
794 7.479587
795 7.485827
796 7.489987
797 7.498307
798 7.502467
799 7.519107
800 7.523267
801 7.529507
802 7.531587
803 7.535747
804 7.537827
805 7.546147
806 7.548227
807 7.552387
808 7.554467
809 7.556547
810 7.560707
811 7.564867
812 7.571107
813 7.585667
814 7.589827
815 7.593987
816 7.596067
817 7.602307
818 7.604387
822 7.606467
823 7.608547
819 7.610627
820 7.612707
821 7.616867
829 7.639747
830 7.641827
831 7.643907
832 7.645987
833 7.648067
837 7.662627
839 7.664707
840 7.666787
824 7.677187
825 7.903427
826 7.936707
827 7.942947
828 7.976227
829 7.982467
830 7.988707
834 8.024067
835 8.030307
836 8.036547
837 8.040707
838 8.049027
839 8.090627
840 8.098947
841 8.103107
842 8.111427
843 8.115587
844 8.121827
845 8.165507
846 8.173827
847 8.186307
848 8.190467
849 8.196707
850 8.225827
851 8.227907
852 8.234147
853 8.236227
854 8.242467
855 8.248707
856 8.273667
857 8.279907
858 8.284067
859 8.290307
860 8.296547
861 8.300707
862 8.306947
863 8.311107
864 8.313187
865 8.315267
866 8.317347
867 8.392227
868 8.398467
869 8.402627
870 8.406787
871 8.408867
872 8.410947
873 8.415107
874 8.419267
875 8.489987
876 8.500387
877 8.506627
878 8.510787
879 8.512867
880 8.517027
881 8.521187
882 8.525347
883 8.529507
884 8.610627
885 8.618947
886 8.625187
887 8.629347
888 8.631427
889 8.633507
890 8.635587
891 8.637667
892 8.639747
893 8.645987
894 8.693827
895 8.704227
896 8.708387
897 8.712547
898 8.716707
899 8.718787
900 8.722947
901 8.725027
902 8.731267
903 8.733347
904 8.789507
905 8.791587
906 8.793667
907 8.795747
908 8.797827
909 8.799907
910 8.801987
911 8.804067
912 8.806147
913 8.808227
914 8.810307
915 8.812387
916 8.856067
917 8.858147
918 8.860227
919 8.862307
920 8.864387
921 8.866467
922 8.870627
923 8.874787
924 8.881027
925 8.885187
926 8.891427
927 8.895587
928 8.897667
929 8.908067
930 8.910147
931 8.912227
932 8.916387
933 8.920547
934 8.924707
935 8.930947
936 8.937187
937 8.941347
938 8.947587
939 8.949667
940 8.953827
941 8.955907
942 8.957987
943 8.962147
944 8.966307
945 8.970467
946 8.976707
947 8.980867
948 8.987107
949 8.993347
950 8.995427
951 8.997507
952 9.001667
953 9.003747
954 9.007907
955 9.012067
956 9.016227
957 9.020387
958 9.024547
966 9.030787
959 9.034947
960 9.039107
961 9.045347
962 9.049507
963 9.055747
964 9.057827
965 9.061987
967 9.064067
968 9.066147
969 9.068227
970 9.070307
971 9.072387
975 9.086947
978 9.089027
979 9.091107
980 9.093187
981 9.097347
982 9.099427
983 9.105667
984 9.107747
985 9.113987
986 9.116067
987 9.122307
988 9.124387
989 9.132707
972 9.134787
990 9.141027
991 9.147267
973 9.379747
974 9.433827
975 9.437987
976 9.494147
977 9.500387
978 9.506627
979 9.512867
980 9.562787
992 9.569027
993 9.575267
994 9.579427
995 9.583587
996 9.589827
997 9.596067
998 9.662627
999 9.666787
1000 9.673027
1001 9.677187
1002 9.681347
1003 9.745827
1004 9.749987
1005 9.754147
1006 9.756227
1007 9.760387
1008 9.762467
1009 9.814467
1010 9.816547
1011 9.818627
1012 9.820707
1013 9.824867
1014 9.831107
1015 9.839427
1016 9.874787
1017 9.876867
1018 9.881027
1019 9.887267
1020 9.891427
1021 9.899747
1022 9.903907
1023 9.905987
1024 9.933027
1025 9.937187
1026 9.943427
1027 9.947587
1028 9.951747
1029 9.962147
1030 9.964227
1031 9.966307
1032 9.968387
1033 9.985027
1034 9.991267
1035 10.001667
1036 10.005827
1037 10.009987
1038 10.020387
1039 10.022467
1040 10.024547
1041 10.026627
1042 10.028707
1043 10.032867
1044 10.037027
1045 10.049507
1046 10.055747
1047 10.061987
1048 10.070307
1049 10.072387
1050 10.078627
1051 10.082787
1052 10.086947
1053 10.093187
1054 10.099427
1055 10.101507
1056 10.107747
1057 10.111907
1058 10.116067
1059 10.122307
1060 10.130627
1061 10.134787
1062 10.138947
1063 10.143107
1064 10.147267
1065 10.149347
1066 10.153507
1067 10.157667
1068 10.161827
1069 10.165987
1070 10.170147
1071 10.178467
1072 10.197187
1073 10.201347
1074 10.205507
1075 10.207587
1076 10.209667
1077 10.211747
1078 10.213827
1079 10.215907
1080 10.217987
1081 10.220067
1082 10.222147
1083 10.232547
1084 10.238787
1085 10.245027
1086 10.249187
1087 10.251267
1088 10.259587
1089 10.261667
1090 10.263747
1091 10.265827
1092 10.272067
1093 10.276227
1094 10.284547
1095 10.288707
1096 10.301187
1097 10.303267
1098 10.305347
1099 10.307427
1100 10.309507
1101 10.311587
1102 10.317827
1103 10.321987
1104 10.326147
1105 10.334467
1106 10.349027
1107 10.353187
1108 10.355267
1109 10.357347
1110 10.359427
1111 10.361507
1112 10.363587
1115 10.367747
1116 10.371907
1117 10.392707
1118 10.394787
1119 10.396867
1124 10.398947
1125 10.403107
1126 10.407267
1127 10.415587
1128 10.417667
1113 10.428067
1114 10.654547
1120 10.689907
1121 10.696147
1122 10.735667
1123 10.741907
1124 10.748147
1125 10.754387
1126 10.798067
1129 10.806387
1130 10.812627
1131 10.816787
1132 10.823027
1133 10.829267
1134 10.837587
1135 10.889587
1136 10.895827
1137 10.899987
1138 10.904147
1139 10.914547
1140 10.991507
1141 10.993587
1142 10.995667
1143 10.999827
1144 11.001907
1145 11.006067
1146 11.053907
1147 11.058067
1148 11.060147
1149 11.064307
1150 11.070547
1151 11.076787
1152 11.080947
1153 11.122547
1154 11.124627
1155 11.128787
1156 11.135027
1157 11.137107
1158 11.139187
1159 11.141267
1160 11.151667
1161 11.195347
1162 11.201587
1163 11.207827
1164 11.209907
1165 11.211987
1166 11.218227
1167 11.222387
1168 11.226547
1169 11.232787
1170 11.272307
1171 11.282707
1172 11.286867
1173 11.291027
1174 11.295187
1175 11.299347
1176 11.303507
1177 11.309747
1178 11.313907
1179 11.318067
1180 11.343027
1181 11.353427
1182 11.357587
1183 11.361747
1184 11.365907
1185 11.367987
1186 11.370067
1187 11.372147
1188 11.374227
1189 11.376307
1190 11.378387
1191 11.390867
1192 11.403347
1193 11.407507
1194 11.411667
1195 11.413747
1196 11.415827
1197 11.417907
1198 11.422067
1199 11.428307
1200 11.434547
1201 11.436627
1202 11.438707
1203 11.440787
1204 11.442867
1205 11.444947
1206 11.447027
1207 11.449107
1208 11.451187
1209 11.453267
1210 11.511507
1211 11.515667
1212 11.517747
1213 11.519827
1214 11.521907
1215 11.523987
1216 11.526067
1217 11.528147
1218 11.532307
1219 11.536467
1220 11.542707
1221 11.546867
1222 11.551027
1223 11.596787
1224 11.598867
1225 11.600947
1226 11.603027
1227 11.605107
1228 11.609267
1229 11.613427
1230 11.619667
1231 11.623827
1232 11.625907
1233 11.630067
1234 11.634227
1235 11.638387
1236 11.644627
1237 11.675827
1238 11.677907
1239 11.679987
1240 11.684147
1241 11.688307
1242 11.694547
1243 11.696627
1244 11.700787
1245 11.704947
1246 11.725747
1247 11.729907
1248 11.734067
1249 11.742387
1250 11.744467
1251 11.746547
1252 11.750707
1253 11.754867
1254 11.759027
1255 11.761107
1256 11.765267
1257 11.767347
1258 11.769427
1259 11.771507
1260 11.783987
1261 11.786067
1262 11.788147
1263 11.790227
1264 11.798547
1265 11.804787
1266 11.806867
1267 11.808947
1268 11.811027
1269 11.821427
1270 11.823507
1271 11.825587
1272 11.829747
1273 11.835987
1274 11.838067
1275 11.840147
1276 11.842227
1277 11.844307
1278 11.846387
1279 11.852627
1280 11.863027
1281 11.865107
1282 11.867187
1283 11.869267
1284 11.871347
1285 11.877587
1288 11.881747
1289 11.883827
1290 11.898387
1291 11.902547
1292 11.904627
1296 11.908787
1297 11.910867
1298 11.925427
1299 11.927507
1300 11.929587
1302 11.931667
1303 11.933747
1304 11.935827
1305 11.948307
1286 11.950387
1287 12.168867
1293 12.187347
1294 12.191507
1295 12.205827
1296 12.209987
1297 12.214147
1298 12.218307
1301 12.224307
1302 12.228467
1303 12.232627
1304 12.236787
