0.100000 0.014000
0.108000 0.016000
0.116000 0.018000
0.124000 0.020000
0.132000 0.020000
0.140000 0.018000
0.148000 0.024000
0.156000 0.022000
0.164000 0.020000
0.172000 0.018000
0.180000 0.026000
0.188000 0.024000
0.196000 0.022000
0.204000 0.020000
0.212000 0.018000
0.220000 0.024000
0.228000 0.022000
0.236000 0.020000
0.244000 0.018000
0.252000 0.018000
0.260000 0.018000
0.268000 0.018000
0.276000 0.020000
0.284000 0.022000
0.292000 0.024000
0.300000 0.024000
0.308000 0.022000
0.316000 0.030000
0.324000 0.028000
0.332000 0.026000
0.340000 0.024000
0.348000 0.022000
0.356000 0.028000
0.364000 0.026000
0.372000 0.024000
0.380000 0.022000
0.388000 0.020000
0.396000 0.026000
0.404000 0.024000
0.412000 0.022000
0.420000 0.020000
0.428000 0.018000
0.436000 0.088000
0.444000 0.090000
0.452000 0.092000
0.460000 0.096000
0.468000 0.098000
0.476000 0.100000
0.484000 0.102000
0.492000 0.104000
0.500000 0.102000
0.508000 0.100000
0.516000 0.098000
0.524000 0.096000
0.532000 0.094000
0.540000 0.092000
0.548000 0.090000
0.556000 0.088000
0.564000 0.086000
0.572000 0.084000
0.580000 0.082000
0.588000 0.080000
0.596000 0.080000
0.604000 0.078000
0.612000 0.076000
0.620000 0.074000
0.628000 0.074000
0.636000 0.072000
0.644000 0.070000
0.652000 0.068000
0.660000 0.066000
0.668000 0.064000
0.676000 0.062000
0.684000 0.062000
0.692000 0.060000
0.700000 0.058000
0.708000 0.056000
0.716000 0.054000
0.724000 0.052000
0.732000 0.050000
0.740000 0.048000
0.748000 0.046000
0.756000 1.368000
0.764000 0.134000
0.772000 0.132000
0.780000 0.132000
0.788000 0.132000
0.796000 0.130000
0.804000 0.128000
0.812000 0.126000
0.820000 0.124000
0.828000 0.122000
0.836000 0.120000
0.844000 0.118000
0.852000 0.116000
0.860000 0.114000
0.868000 0.112000
0.876000 0.110000
0.884000 0.108000
0.892000 0.106000
0.900000 0.104000
0.908000 0.102000
0.916000 0.100000
0.924000 0.098000
0.932000 0.096000
0.940000 0.094000
0.948000 0.092000
0.956000 0.090000
0.964000 0.088000
0.972000 0.086000
0.980000 0.084000
0.988000 0.082000
0.996000 0.080000
1.004000 0.078000
1.012000 0.076000
1.020000 0.074000
1.028000 0.072000
1.036000 0.070000
1.044000 0.068000
1.052000 0.066000
1.060000 0.064000
1.068000 0.062000
1.076000 0.060000
1.084000 0.058000
1.092000 0.056000
1.100000 0.054000
1.108000 0.052000
1.116000 0.050000
1.124000 0.048000
1.132000 0.046000
1.140000 0.044000
1.148000 0.982000
1.156000 0.130000
1.164000 0.130000
1.172000 0.128000
1.180000 0.128000
1.188000 0.126000
1.196000 0.124000
1.204000 0.122000
1.212000 0.120000
1.220000 0.118000
1.228000 0.116000
1.236000 0.114000
1.244000 0.112000
1.252000 0.110000
1.260000 0.108000
1.268000 0.106000
1.276000 0.104000
1.284000 0.102000
1.292000 0.100000
1.300000 0.098000
1.308000 0.096000
1.316000 0.094000
1.324000 0.092000
1.332000 0.090000
1.340000 0.088000
1.348000 0.086000
1.356000 0.084000
1.364000 0.082000
1.372000 0.080000
1.380000 0.078000
1.388000 0.076000
1.396000 0.074000
1.404000 0.072000
1.412000 0.070000
1.420000 0.068000
1.428000 0.066000
1.436000 0.064000
1.444000 0.062000
1.452000 0.060000
1.460000 0.058000
1.468000 0.056000
1.476000 0.054000
1.484000 0.052000
1.492000 0.050000
1.500000 0.048000
1.508000 0.046000
1.516000 0.044000
1.524000 0.042000
1.532000 0.604000
1.540000 0.128000
1.548000 0.128000
1.556000 0.126000
1.564000 0.126000
1.572000 0.124000
1.580000 0.122000
1.588000 0.120000
1.596000 0.118000
1.604000 0.116000
1.612000 0.114000
1.620000 0.112000
1.628000 0.110000
1.636000 0.108000
1.644000 0.106000
1.652000 0.104000
1.660000 0.102000
1.668000 0.100000
1.676000 0.098000
1.684000 0.096000
1.692000 0.094000
1.700000 0.092000
1.708000 0.090000
1.716000 0.088000
1.724000 0.086000
1.732000 0.084000
1.740000 0.082000
1.748000 0.080000
1.756000 0.078000
1.764000 0.076000
1.772000 0.074000
1.780000 0.072000
1.788000 0.070000
1.796000 0.068000
1.804000 0.066000
1.812000 0.064000
1.820000 0.062000
1.828000 0.060000
1.836000 0.058000
1.844000 0.056000
1.852000 0.054000
1.860000 0.052000
1.868000 0.050000
1.876000 0.048000
1.884000 0.046000
1.892000 0.044000
1.900000 0.042000
1.908000 0.234000
1.916000 0.046000
1.924000 0.048000
1.932000 0.050000
1.940000 0.020000
1.948000 0.026000
1.956000 0.030000
1.964000 0.028000
1.972000 0.026000
1.980000 0.028000
1.988000 0.032000
1.996000 0.032000
