0 0.107000
1 0.117000
2 0.127000
3 0.137000
4 0.145000
5 0.157000
6 0.167000
7 0.173000
8 0.179000
9 0.195000
10 0.201000
11 0.207000
12 0.213000
13 0.229000
14 0.235000
15 0.241000
16 0.247000
17 0.253000
18 0.261000
19 0.269000
20 0.277000
21 0.285000
22 0.293000
23 0.309000
24 0.315000
25 0.321000
26 0.327000
27 0.333000
28 0.349000
29 0.355000
30 0.361000
31 0.367000
32 0.373000
33 0.389000
34 0.395000
35 0.401000
36 0.407000
37 0.413000
38 0.429000
39 0.435000
40 0.441000
41 0.447000
42 0.453000
43 0.537000
44 0.547000
45 0.557000
46 0.567000
47 0.577000
48 0.587000
49 0.595000
50 0.601000
51 0.607000
52 0.613000
53 0.619000
54 0.625000
55 0.631000
56 0.637000
57 0.643000
58 0.649000
59 0.655000
60 0.661000
61 0.667000
62 0.673000
63 0.679000
64 0.685000
65 0.691000
66 0.697000
67 0.703000
68 0.709000
69 0.715000
70 0.721000
71 0.727000
72 0.733000
73 0.739000
74 0.745000
75 0.751000
76 0.757000
77 0.763000
78 0.863000
79 0.871000
80 0.877000
81 0.885000
82 0.893000
83 0.899000
84 0.905000
85 0.911000
86 0.917000
87 0.923000
88 0.929000
89 0.935000
90 0.941000
91 0.947000
92 0.953000
93 0.959000
94 0.965000
95 0.971000
96 0.977000
97 0.983000
98 0.989000
99 0.995000
100 1.001000
101 1.007000
102 1.013000
103 1.019000
104 1.025000
105 1.031000
106 1.037000
107 1.043000
108 1.049000
109 1.055000
110 1.061000
111 1.067000
112 1.073000
113 1.079000
114 1.085000
115 1.091000
116 1.097000
117 1.103000
118 1.109000
119 1.115000
120 1.213000
121 1.221000
122 1.227000
123 1.235000
124 1.241000
125 1.249000
126 1.257000
127 1.263000
128 1.269000
129 1.275000
130 1.281000
131 1.287000
132 1.293000
133 1.299000
134 1.305000
135 1.311000
136 1.317000
137 1.323000
138 1.329000
139 1.335000
140 1.341000
141 1.347000
142 1.353000
143 1.359000
144 1.365000
145 1.371000
146 1.377000
147 1.383000
148 1.389000
149 1.395000
150 1.401000
151 1.407000
152 1.413000
153 1.419000
154 1.425000
155 1.431000
156 1.437000
157 1.443000
158 1.449000
159 1.455000
160 1.461000
161 1.467000
162 1.473000
163 1.479000
164 1.485000
165 1.491000
166 1.589000
167 1.595000
168 1.603000
169 1.609000
170 1.617000
171 1.623000
172 1.631000
173 1.639000
174 1.645000
175 1.651000
176 1.657000
177 1.663000
178 1.669000
179 1.675000
180 1.681000
181 1.687000
182 1.693000
183 1.699000
184 1.705000
185 1.711000
186 1.717000
187 1.723000
188 1.729000
189 1.735000
190 1.741000
191 1.747000
192 1.753000
193 1.759000
194 1.765000
195 1.771000
196 1.777000
197 1.783000
198 1.789000
199 1.795000
200 1.801000
201 1.807000
202 1.813000
203 1.819000
204 1.825000
205 1.831000
206 1.837000
207 1.843000
208 1.849000
209 1.855000
210 1.861000
211 1.867000
212 1.873000
213 1.879000
214 1.895000
215 1.901000
216 1.907000
217 1.913000
218 1.919000
219 1.935000
220 1.941000
221 1.947000
222 1.953000
223 1.959000
224 1.975000
225 1.981000
226 1.987000
227 1.993000
228 1.999000
229 2.015000
230 2.021000
231 2.027000
232 2.033000
233 2.039000
234 2.055000
235 2.061000
236 2.067000
237 2.073000
