0 0.113000
1 0.115000
2 0.123000
3 0.125000
4 0.133000
5 0.135000
6 0.143000
7 0.145000
8 0.153000
9 0.155000
10 0.163000
11 0.165000
12 0.173000
13 0.175000
14 0.183000
15 0.185000
16 0.193000
17 0.195000
18 0.203000
19 0.205000
20 0.213000
21 0.215000
22 0.223000
23 0.225000
24 0.233000
25 0.235000
26 0.243000
27 0.245000
28 0.253000
29 0.255000
30 0.263000
31 0.265000
32 0.273000
33 0.275000
34 0.283000
35 0.285000
36 0.293000
37 0.295000
38 0.303000
39 0.305000
40 0.313000
41 0.315000
42 0.323000
43 0.325000
44 0.333000
45 0.335000
46 0.343000
47 0.345000
48 0.353000
49 0.355000
50 0.363000
51 0.365000
52 0.373000
53 0.375000
54 0.383000
55 0.385000
56 0.393000
57 0.395000
58 0.403000
59 0.405000
60 0.413000
61 0.415000
66 0.423000
71 0.425000
76 0.433000
81 0.435000
86 0.443000
91 0.445000
96 0.453000
101 0.455000
106 0.463000
111 0.465000
116 0.473000
121 0.475000
126 0.483000
131 0.485000
136 0.493000
141 0.495000
146 0.503000
151 0.505000
156 0.513000
161 0.515000
166 0.523000
171 0.525000
176 0.533000
181 0.535000
186 0.543000
191 0.545000
196 0.553000
201 0.555000
206 0.563000
211 0.565000
221 0.573000
231 0.581000
240 0.589000
250 0.597000
260 0.605000
270 0.613000
280 0.621000
290 0.629000
300 0.637000
310 0.645000
320 0.653000
330 0.661000
340 0.669000
350 0.677000
360 0.685000
370 0.693000
380 0.701000
390 0.709000
400 0.717000
410 0.725000
420 0.733000
430 0.741000
440 0.749000
450 0.757000
460 0.765000
470 0.773000
480 0.781000
490 0.789000
500 0.797000
510 0.805000
520 0.813000
530 0.821000
540 0.829000
550 0.837000
560 0.845000
570 0.853000
580 0.861000
590 0.869000
600 0.877000
610 0.885000
620 0.893000
630 0.901000
640 0.909000
650 0.917000
660 0.925000
670 0.933000
680 0.941000
690 0.949000
700 0.957000
710 0.965000
720 0.973000
730 0.981000
740 0.989000
750 0.997000
760 1.005000
770 1.013000
780 1.021000
790 1.029000
800 1.037000
810 1.045000
820 1.053000
830 1.061000
840 1.069000
850 1.077000
860 1.085000
870 1.093000
880 1.101000
890 1.109000
900 1.117000
910 1.125000
920 1.133000
930 1.141000
940 1.149000
950 1.157000
960 1.165000
970 1.173000
980 1.181000
990 1.189000
1000 1.197000
1010 1.205000
1020 1.213000
1030 1.221000
1040 1.229000
1050 1.237000
1060 1.245000
1070 1.253000
1080 1.261000
1090 1.269000
1100 1.277000
1110 1.285000
1120 1.293000
1130 1.301000
1140 1.309000
1150 1.317000
1160 1.325000
1170 1.333000
1180 1.341000
1190 1.349000
1200 1.357000
1210 1.365000
1220 1.373000
1230 1.381000
1240 1.389000
1250 1.397000
1260 1.405000
1270 1.413000
1280 1.421000
1290 1.429000
1300 1.437000
1310 1.445000
1320 1.453000
1330 1.461000
1340 1.469000
1351 1.477000
1361 1.485000
1371 1.493000
1381 1.501000
1391 1.509000
1401 1.517000
1411 1.525000
1421 1.533000
1431 1.541000
1441 1.549000
1451 1.557000
1461 1.565000
1471 1.573000
1481 1.581000
1491 1.589000
1501 1.597000
1511 1.605000
1521 1.613000
1531 1.621000
1541 1.629000
1551 1.637000
1561 1.645000
1571 1.653000
1581 1.661000
1591 1.669000
1601 1.677000
1611 1.685000
1621 1.693000
1631 1.701000
1641 1.709000
1651 1.717000
1661 1.725000
1671 1.733000
1681 1.741000
1691 1.749000
1701 1.757000
1711 1.765000
1721 1.773000
1731 1.781000
1741 1.789000
1751 1.797000
1761 1.805000
1771 1.813000
1781 1.821000
1791 1.829000
1801 1.837000
1811 1.845000
1821 1.853000
1831 1.861000
1841 1.869000
1851 1.877000
1861 1.885000
1871 1.893000
1881 1.901000
1891 1.909000
1901 1.917000
1911 1.925000
1921 1.933000
1931 1.941000
1941 1.949000
1951 1.957000
1961 1.965000
1971 1.973000
1981 1.981000
1991 1.989000
2001 1.997000
2011 2.005000
2021 2.013000
2031 2.021000
2041 2.029000
2051 2.037000
2061 2.045000
2071 2.053000
2081 2.061000
2091 2.069000
2101 2.077000
2111 2.085000
2121 2.093000
2131 2.101000
2136 2.109000
2141 2.111000
2151 2.119000
2161 2.127000
2171 2.135000
2181 2.143000
2191 2.151000
2201 2.159000
2211 2.167000
2221 2.175000
2231 2.183000
2241 2.191000
2251 2.199000
2261 2.207000
2271 2.215000
2281 2.223000
2291 2.231000
2301 2.239000
2311 2.247000
2321 2.255000
2331 2.263000
2341 2.271000
2351 2.279000
2361 2.287000
2371 2.295000
2381 2.303000
2391 2.311000
2401 2.319000
2411 2.327000
2421 2.335000
2431 2.343000
2441 2.351000
2451 2.359000
2461 2.367000
2471 2.375000
2481 2.383000
2491 2.391000
2501 2.399000
2511 2.407000
2521 2.415000
2531 2.423000
2541 2.431000
2551 2.439000
2561 2.447000
2571 2.455000
2581 2.463000
2591 2.471000
2601 2.479000
2611 2.487000
2621 2.495000
2631 2.503000
2641 2.511000
2651 2.519000
2661 2.527000
2671 2.535000
2681 2.543000
2691 2.551000
2701 2.559000
2711 2.567000
2721 2.575000
2731 2.583000
2741 2.591000
2751 2.599000
2761 2.607000
2771 2.615000
2781 2.623000
2791 2.631000
2801 2.639000
2811 2.647000
2821 2.655000
2831 2.663000
2841 2.671000
2851 2.679000
2861 2.687000
2871 2.695000
2881 2.703000
2891 2.711000
2901 2.719000
2911 2.727000
2921 2.735000
2931 2.743000
2941 2.751000
2951 2.759000
2961 2.767000
2971 2.775000
2981 2.783000
2991 2.791000
3001 2.799000
3011 2.807000
3021 2.815000
3031 2.823000
3041 2.831000
3051 2.839000
3061 2.847000
3071 2.855000
3081 2.863000
3091 2.871000
3101 2.879000
3111 2.887000
3121 2.895000
3131 2.903000
3141 2.911000
3151 2.919000
3161 2.927000
3171 2.935000
3181 2.943000
3191 2.951000
3201 2.959000
3211 2.967000
3221 2.975000
3231 2.983000
3241 2.991000
3251 2.999000
3261 3.007000
3271 3.015000
3281 3.023000
3291 3.031000
3301 3.039000
3311 3.047000
3321 3.055000
3331 3.063000
3341 3.071000
3351 3.079000
3361 3.087000
3371 3.095000
3381 3.103000
3391 3.111000
3401 3.119000
3411 3.127000
3421 3.135000
3431 3.143000
3441 3.151000
3451 3.159000
3461 3.167000
3471 3.175000
3481 3.183000
3491 3.191000
3501 3.199000
3511 3.207000
3521 3.215000
3531 3.223000
3541 3.231000
3551 3.239000
3561 3.247000
3571 3.255000
3581 3.263000
3591 3.271000
3601 3.279000
3611 3.287000
3621 3.295000
3631 3.303000
3641 3.311000
3651 3.319000
3661 3.327000
3671 3.335000
3681 3.343000
3691 3.351000
3701 3.359000
3711 3.367000
3721 3.375000
3731 3.383000
3741 3.391000
3751 3.399000
3761 3.407000
3771 3.415000
3781 3.423000
3791 3.431000
3801 3.439000
3811 3.447000
3821 3.455000
3831 3.463000
3841 3.471000
3851 3.479000
3861 3.487000
3871 3.495000
3881 3.503000
3891 3.511000
3901 3.519000
3911 3.527000
3921 3.535000
3931 3.543000
3941 3.551000
3951 3.559000
3961 3.567000
3971 3.575000
3981 3.583000
3991 3.591000
4001 3.599000
4011 3.607000
4021 3.615000
4031 3.623000
4041 3.631000
4051 3.639000
4061 3.647000
4071 3.655000
4081 3.663000
4091 3.671000
4101 3.679000
4111 3.687000
4121 3.695000
4131 3.703000
4141 3.711000
4151 3.719000
4161 3.727000
4171 3.735000
4181 3.743000
4191 3.751000
4201 3.759000
4211 3.767000
4221 3.775000
4231 3.783000
4241 3.791000
4251 3.799000
4261 3.807000
4271 3.815000
4281 3.823000
4291 3.831000
4301 3.839000
4311 3.847000
4321 3.855000
4331 3.863000
4341 3.871000
4351 3.879000
4361 3.887000
4371 3.895000
4381 3.903000
4391 3.911000
4401 3.919000
4411 3.927000
4421 3.935000
4431 3.943000
4441 3.951000
4451 3.959000
4461 3.967000
4471 3.975000
4481 3.983000
4491 3.991000
4501 3.999000
4511 4.007000
4521 4.015000
4531 4.023000
4541 4.031000
4551 4.039000
4561 4.047000
4571 4.055000
4581 4.063000
4591 4.071000
4601 4.079000
4611 4.087000
4621 4.095000
4631 4.103000
4636 4.105000
4641 4.111000
4646 4.113000
4651 4.119000
4656 4.121000
4661 4.127000
4666 4.129000
4671 4.135000
4676 4.137000
4681 4.143000
4686 4.145000
4691 4.151000
4696 4.153000
4701 4.159000
4706 4.161000
4711 4.167000
4716 4.169000
4721 4.175000
4726 4.177000
4731 4.183000
4736 4.185000
4741 4.191000
4746 4.193000
4751 4.199000
4756 4.201000
4761 4.207000
4766 4.209000
4771 4.215000
4776 4.217000
4781 4.223000
4786 4.225000
4791 4.231000
4796 4.233000
4801 4.239000
4806 4.241000
4811 4.247000
4816 4.249000
4821 4.255000
4826 4.257000
4831 4.263000
4836 4.265000
4841 4.271000
4846 4.273000
4851 4.279000
4856 4.281000
4861 4.287000
4866 4.289000
4871 4.295000
4876 4.297000
4881 4.303000
4886 4.305000
4891 4.311000
4896 4.313000
4901 4.319000
4906 4.321000
4911 4.327000
4916 4.329000
4921 4.335000
4926 4.337000
4931 4.343000
4936 4.345000
4941 4.351000
4946 4.353000
4951 4.359000
4956 4.361000
4961 4.367000
4966 4.369000
4971 4.375000
4976 4.377000
4981 4.383000
4986 4.385000
4991 4.391000
4996 4.393000
5001 4.399000
5006 4.401000
5011 4.407000
5016 4.409000
5021 4.415000
5026 4.417000
5031 4.423000
5036 4.425000
5041 4.431000
5046 4.433000
5051 4.439000
5056 4.441000
5061 4.447000
5066 4.449000
5071 4.455000
5076 4.457000
5081 4.463000
5086 4.465000
5091 4.471000
5096 4.473000
5101 4.479000
5106 4.481000
5111 4.487000
5116 4.489000
5121 4.495000
5126 4.497000
5131 4.503000
5136 4.505000
5141 4.511000
5146 4.513000
5151 4.519000
5156 4.521000
5161 4.527000
5166 4.529000
5171 4.535000
5176 4.537000
5181 4.543000
5186 4.545000
5191 4.551000
5196 4.553000
5201 4.559000
5206 4.561000
5211 4.567000
5216 4.569000
5221 4.575000
5226 4.577000
5231 4.583000
5236 4.585000
5241 4.591000
5246 4.593000
5251 4.599000
5256 4.601000
5261 4.607000
5266 4.609000
5271 4.615000
5276 4.617000
5281 4.623000
5286 4.625000
5291 4.631000
5296 4.633000
5301 4.639000
5306 4.641000
5311 4.647000
5316 4.649000
5321 4.655000
5326 4.657000
5331 4.663000
5336 4.665000
5341 4.671000
5346 4.673000
5351 4.679000
5356 4.681000
5361 4.687000
5366 4.689000
5371 4.695000
5376 4.697000
5381 4.703000
5386 4.705000
5391 4.711000
5396 4.713000
5401 4.719000
5406 4.721000
5411 4.727000
5416 4.729000
5421 4.735000
5426 4.737000
5431 4.743000
5436 4.745000
5441 4.751000
5446 4.753000
5451 4.759000
5456 4.761000
5461 4.767000
5466 4.769000
5471 4.775000
5476 4.777000
5481 4.783000
5486 4.785000
5491 4.791000
5496 4.793000
5501 4.799000
5506 4.801000
5511 4.807000
5516 4.809000
5521 4.815000
5526 4.817000
5531 4.823000
5536 4.825000
5541 4.831000
5546 4.833000
5551 4.839000
5556 4.841000
5561 4.847000
5566 4.849000
5571 4.855000
5576 4.857000
5581 4.863000
5586 4.865000
5591 4.871000
5596 4.873000
5601 4.879000
5606 4.881000
5611 4.887000
5616 4.889000
5621 4.895000
5626 4.897000
5631 4.903000
5636 4.905000
5641 4.911000
5646 4.913000
5651 4.919000
5656 4.921000
5661 4.927000
5666 4.929000
5671 4.935000
5676 4.937000
5681 4.943000
5686 4.945000
5691 4.951000
5696 4.953000
5701 4.959000
5706 4.961000
5711 4.967000
5716 4.969000
5721 4.975000
5726 4.977000
5731 4.983000
5736 4.985000
5741 4.991000
5746 4.993000
5751 4.999000
5756 5.001000
5761 5.007000
5766 5.009000
5771 5.015000
5776 5.017000
5781 5.023000
5786 5.025000
5791 5.031000
5796 5.033000
5801 5.039000
5806 5.041000
5811 5.047000
5816 5.049000
5821 5.055000
5826 5.057000
5831 5.063000
5836 5.065000
5841 5.071000
5846 5.073000
5851 5.079000
5856 5.081000
5861 5.087000
5866 5.089000
5871 5.095000
5876 5.097000
5881 5.103000
5886 5.105000
5891 5.111000
5896 5.113000
5901 5.119000
5906 5.121000
5911 5.127000
5916 5.129000
5921 5.135000
5926 5.137000
5931 5.143000
5936 5.145000
5941 5.151000
5946 5.153000
5951 5.159000
5956 5.161000
5961 5.167000
5966 5.169000
5971 5.175000
5976 5.177000
5981 5.183000
5986 5.185000
5991 5.191000
5996 5.193000
6001 5.199000
6006 5.201000
6011 5.207000
6016 5.209000
6021 5.215000
6026 5.217000
6031 5.223000
6036 5.225000
6041 5.231000
6046 5.233000
6051 5.239000
6056 5.241000
6061 5.247000
6066 5.249000
6071 5.255000
6076 5.257000
6081 5.263000
6086 5.265000
6091 5.271000
6096 5.273000
6101 5.279000
6106 5.281000
6111 5.287000
6116 5.289000
6121 5.295000
6126 5.297000
6131 5.303000
6136 5.305000
6141 5.311000
6146 5.313000
6151 5.319000
6156 5.321000
6161 5.327000
6166 5.329000
6171 5.335000
6176 5.337000
6181 5.343000
6186 5.345000
6191 5.351000
6196 5.353000
6201 5.359000
6206 5.361000
6211 5.367000
6216 5.369000
6221 5.375000
6226 5.377000
6231 5.383000
6236 5.385000
6241 5.391000
6246 5.393000
6251 5.399000
6256 5.401000
6261 5.407000
6266 5.409000
6271 5.415000
6276 5.417000
6281 5.423000
6286 5.425000
6291 5.431000
6296 5.433000
6301 5.439000
6306 5.441000
6311 5.447000
6316 5.449000
6321 5.455000
6326 5.457000
6331 5.463000
6336 5.465000
6341 5.471000
6346 5.473000
6351 5.479000
6356 5.481000
6361 5.487000
6366 5.489000
6371 5.495000
6376 5.497000
6381 5.503000
6386 5.505000
6391 5.511000
6396 5.513000
6401 5.519000
6406 5.521000
6411 5.527000
6416 5.529000
6421 5.535000
6426 5.537000
6431 5.543000
6436 5.545000
6441 5.551000
6446 5.553000
6451 5.559000
6456 5.561000
6461 5.567000
6466 5.569000
6471 5.575000
6476 5.577000
6481 5.583000
6486 5.585000
6491 5.591000
6496 5.593000
6501 5.599000
6506 5.601000
6511 5.607000
6516 5.609000
6521 5.615000
6526 5.617000
6531 5.623000
6536 5.625000
6541 5.631000
6546 5.633000
6551 5.639000
6556 5.641000
6561 5.647000
6566 5.649000
6571 5.655000
6576 5.657000
6581 5.663000
6586 5.665000
6591 5.671000
6596 5.673000
6601 5.679000
6606 5.681000
6611 5.687000
6616 5.689000
6621 5.695000
6626 5.697000
6631 5.703000
6636 5.705000
6641 5.711000
6646 5.713000
6651 5.719000
6656 5.721000
6661 5.727000
6666 5.729000
6671 5.735000
6676 5.737000
6681 5.743000
6686 5.745000
6691 5.751000
6696 5.753000
6701 5.759000
6706 5.761000
6711 5.767000
6716 5.769000
6721 5.775000
6726 5.777000
6731 5.783000
6736 5.785000
6741 5.791000
6746 5.793000
6751 5.799000
6756 5.801000
6761 5.807000
6766 5.809000
6771 5.815000
6776 5.817000
6781 5.823000
6786 5.825000
6791 5.831000
6796 5.833000
6801 5.839000
6806 5.841000
6811 5.847000
6816 5.849000
6821 5.855000
6826 5.857000
6831 5.863000
6836 5.865000
6841 5.871000
6846 5.873000
6851 5.879000
6856 5.881000
6861 5.887000
6866 5.889000
6871 5.895000
6876 5.897000
6881 5.903000
6886 5.905000
6891 5.911000
6896 5.913000
6901 5.919000
6906 5.921000
6911 5.927000
6916 5.929000
6921 5.935000
6926 5.937000
6931 5.943000
6936 5.945000
6941 5.951000
6946 5.953000
6951 5.959000
6956 5.961000
6961 5.967000
6966 5.969000
6971 5.975000
6976 5.977000
6981 5.983000
6986 5.985000
6991 5.991000
6996 5.993000
7001 5.999000
7006 6.001000
7011 6.007000
7016 6.009000
7021 6.015000
7026 6.017000
7031 6.023000
7036 6.025000
7041 6.031000
7046 6.033000
7051 6.039000
7056 6.041000
7061 6.047000
7066 6.049000
7071 6.055000
7076 6.057000
7081 6.063000
7086 6.065000
7091 6.071000
7096 6.073000
7101 6.079000
7106 6.081000
7111 6.087000
7116 6.089000
7121 6.095000
7126 6.097000
7131 6.103000
7136 6.105000
7141 6.111000
7146 6.113000
7151 6.119000
7156 6.121000
7161 6.127000
7166 6.129000
7171 6.135000
7176 6.137000
7181 6.143000
7186 6.145000
7191 6.151000
7196 6.153000
7201 6.159000
7206 6.161000
7211 6.167000
7216 6.169000
7221 6.175000
7226 6.177000
7231 6.183000
7236 6.185000
7241 6.191000
7246 6.193000
7251 6.199000
7256 6.201000
7261 6.207000
7266 6.209000
7271 6.215000
7276 6.217000
7281 6.223000
7286 6.225000
7291 6.231000
7296 6.233000
7301 6.239000
7306 6.241000
7311 6.247000
7316 6.249000
7321 6.255000
7326 6.257000
7331 6.263000
7336 6.265000
7341 6.271000
7346 6.273000
7351 6.279000
7356 6.281000
7361 6.287000
7366 6.289000
7371 6.295000
7376 6.297000
7381 6.303000
7386 6.305000
7391 6.311000
7396 6.313000
7401 6.319000
7406 6.321000
7411 6.327000
7416 6.329000
7421 6.335000
7426 6.337000
7431 6.343000
7436 6.345000
7441 6.351000
7446 6.353000
7451 6.359000
7456 6.361000
7461 6.367000
7466 6.369000
7471 6.375000
7476 6.377000
7481 6.383000
7486 6.385000
7491 6.391000
7496 6.393000
7501 6.399000
7506 6.401000
7511 6.407000
7516 6.409000
7521 6.415000
7526 6.417000
7531 6.423000
7536 6.425000
7541 6.431000
7546 6.433000
7551 6.439000
7556 6.441000
7561 6.447000
7566 6.449000
7571 6.455000
7576 6.457000
7581 6.463000
7586 6.465000
7591 6.471000
7596 6.473000
7601 6.479000
7606 6.481000
7611 6.487000
7616 6.489000
7621 6.495000
7626 6.497000
7631 6.503000
7636 6.505000
7641 6.511000
7646 6.513000
7651 6.519000
7656 6.521000
7661 6.527000
7666 6.529000
7671 6.535000
7676 6.537000
7681 6.543000
7686 6.545000
7691 6.551000
7696 6.553000
7701 6.559000
7706 6.561000
7711 6.567000
7716 6.569000
7721 6.575000
7726 6.577000
7731 6.583000
7736 6.585000
7741 6.591000
7746 6.593000
7751 6.599000
7756 6.601000
7761 6.607000
7766 6.609000
7771 6.615000
7776 6.617000
7781 6.623000
7786 6.625000
7791 6.631000
7796 6.633000
7801 6.639000
7806 6.641000
7811 6.647000
7816 6.649000
7821 6.655000
7826 6.657000
7831 6.663000
7836 6.665000
7841 6.671000
7846 6.673000
7851 6.679000
7856 6.681000
7861 6.687000
7866 6.689000
7871 6.695000
7876 6.697000
7881 6.703000
7886 6.705000
7891 6.711000
7896 6.713000
7901 6.719000
7906 6.721000
7911 6.727000
7916 6.729000
7921 6.735000
7926 6.737000
7931 6.743000
7936 6.745000
7941 6.751000
7946 6.753000
7951 6.759000
7956 6.761000
7961 6.767000
7966 6.769000
7971 6.775000
7976 6.777000
7981 6.783000
7986 6.785000
7991 6.791000
7996 6.793000
8001 6.799000
8006 6.801000
8011 6.807000
8016 6.809000
8021 6.815000
8026 6.817000
8031 6.823000
8036 6.825000
8041 6.831000
8046 6.833000
8051 6.839000
8056 6.841000
8061 6.847000
8066 6.849000
8071 6.855000
8076 6.857000
8081 6.863000
8086 6.865000
8091 6.871000
8096 6.873000
8101 6.879000
8106 6.881000
8111 6.887000
8116 6.889000
8121 6.895000
8126 6.897000
8131 6.903000
8136 6.905000
8141 6.911000
8146 6.913000
8151 6.919000
8156 6.921000
8161 6.927000
8166 6.929000
8171 6.935000
8176 6.937000
8181 6.943000
8186 6.945000
8191 6.951000
8196 6.953000
8201 6.959000
8206 6.961000
8211 6.967000
8216 6.969000
8221 6.975000
8226 6.977000
8231 6.983000
8236 6.985000
8241 6.991000
8246 6.993000
8251 6.999000
8256 7.001000
8261 7.007000
8266 7.009000
8271 7.015000
8276 7.017000
8281 7.023000
8286 7.025000
8291 7.031000
8296 7.033000
8301 7.039000
8306 7.041000
8311 7.047000
8316 7.049000
8321 7.055000
8326 7.057000
8331 7.063000
8336 7.065000
8341 7.071000
8346 7.073000
8351 7.079000
8356 7.081000
8361 7.087000
8366 7.089000
8371 7.095000
8376 7.097000
8381 7.103000
8386 7.105000
8391 7.111000
8396 7.113000
8401 7.119000
8406 7.121000
8411 7.127000
8416 7.129000
8421 7.135000
8426 7.137000
8431 7.143000
8436 7.145000
8441 7.151000
8446 7.153000
8451 7.159000
8456 7.161000
8461 7.167000
8466 7.169000
8471 7.175000
8476 7.177000
8481 7.183000
8486 7.185000
8491 7.191000
8496 7.193000
8501 7.199000
8506 7.201000
8511 7.207000
8516 7.209000
8521 7.215000
8526 7.217000
8531 7.223000
8536 7.225000
8541 7.231000
8546 7.233000
8551 7.239000
8556 7.241000
8561 7.247000
8566 7.249000
8571 7.255000
8576 7.257000
8581 7.263000
8586 7.265000
8591 7.271000
8596 7.273000
8601 7.279000
8606 7.281000
8611 7.287000
8616 7.289000
8621 7.295000
8626 7.297000
8631 7.303000
8636 7.305000
8641 7.311000
8646 7.313000
8651 7.319000
8656 7.321000
8661 7.327000
8666 7.329000
8671 7.335000
8676 7.337000
8681 7.343000
8686 7.345000
8691 7.351000
8696 7.353000
8701 7.359000
8706 7.361000
8711 7.367000
8716 7.369000
8721 7.375000
8726 7.377000
8731 7.383000
8736 7.385000
8741 7.391000
8746 7.393000
8751 7.399000
8756 7.401000
8761 7.407000
8766 7.409000
8771 7.415000
8776 7.417000
8781 7.423000
8786 7.425000
8791 7.431000
8796 7.433000
8801 7.439000
8806 7.441000
8811 7.447000
8816 7.449000
8821 7.455000
8826 7.457000
8831 7.463000
8836 7.465000
8841 7.471000
8846 7.473000
8851 7.479000
8856 7.481000
8861 7.487000
8866 7.489000
8871 7.495000
8876 7.497000
8881 7.503000
8886 7.505000
8891 7.511000
8896 7.513000
8901 7.519000
8906 7.521000
8911 7.527000
8916 7.529000
8921 7.535000
8926 7.537000
8931 7.543000
8936 7.545000
8941 7.551000
8946 7.553000
8951 7.559000
8956 7.561000
8961 7.567000
8966 7.569000
8971 7.575000
8976 7.577000
8981 7.583000
8986 7.585000
8991 7.591000
8996 7.593000
9001 7.599000
9006 7.601000
9011 7.607000
9016 7.609000
9021 7.615000
9026 7.617000
9031 7.623000
9036 7.625000
9041 7.631000
9046 7.633000
9051 7.639000
9056 7.641000
9061 7.647000
9066 7.649000
9071 7.655000
9076 7.657000
9081 7.663000
9086 7.665000
9091 7.671000
9096 7.673000
9101 7.679000
9106 7.681000
9111 7.687000
9116 7.689000
9121 7.695000
9126 7.697000
9131 7.703000
9136 7.705000
9141 7.711000
9146 7.713000
9151 7.719000
9156 7.721000
9161 7.727000
9166 7.729000
9171 7.735000
9176 7.737000
9181 7.743000
9186 7.745000
9191 7.751000
9196 7.753000
9201 7.759000
9206 7.761000
9211 7.767000
9216 7.769000
9221 7.775000
9226 7.777000
9231 7.783000
9236 7.785000
9241 7.791000
9246 7.793000
9251 7.799000
9256 7.801000
9261 7.807000
9266 7.809000
9271 7.815000
9276 7.817000
9281 7.823000
9286 7.825000
9291 7.831000
9296 7.833000
9301 7.839000
9306 7.841000
9311 7.847000
9316 7.849000
9321 7.855000
9326 7.857000
9331 7.863000
9336 7.865000
9341 7.871000
9346 7.873000
9351 7.879000
9356 7.881000
9361 7.887000
9366 7.889000
9371 7.895000
9376 7.897000
9381 7.903000
9386 7.905000
9391 7.911000
9396 7.913000
9401 7.919000
9406 7.921000
9411 7.927000
9416 7.929000
9421 7.935000
9426 7.937000
9431 7.943000
9436 7.945000
9441 7.951000
9446 7.953000
9451 7.959000
9456 7.961000
9461 7.967000
9466 7.969000
9471 7.975000
9476 7.977000
9481 7.983000
9486 7.985000
9491 7.991000
9496 7.993000
9501 7.999000
9506 8.001000
9511 8.007000
9516 8.009000
9521 8.015000
9526 8.017000
9531 8.023000
9536 8.025000
9541 8.031000
9546 8.033000
9551 8.039000
9556 8.041000
9561 8.047000
9566 8.049000
9571 8.055000
9576 8.057000
9581 8.063000
9586 8.065000
9591 8.071000
9596 8.073000
9601 8.079000
9606 8.081000
9611 8.087000
9616 8.089000
9621 8.095000
9626 8.097000
9631 8.103000
9636 8.105000
9641 8.111000
9646 8.113000
9651 8.119000
9656 8.121000
9661 8.127000
9666 8.129000
9671 8.135000
9676 8.137000
9681 8.143000
9686 8.145000
9691 8.151000
9696 8.153000
9701 8.159000
9706 8.161000
9711 8.167000
9716 8.169000
9721 8.175000
9726 8.177000
9731 8.183000
9736 8.185000
9741 8.191000
9746 8.193000
9751 8.199000
9756 8.201000
9761 8.207000
9766 8.209000
9771 8.215000
9776 8.217000
9781 8.223000
9786 8.225000
9791 8.231000
9796 8.233000
9801 8.239000
9806 8.241000
9811 8.247000
9816 8.249000
9821 8.255000
9826 8.257000
9831 8.263000
9836 8.265000
9841 8.271000
9846 8.273000
9851 8.279000
9856 8.281000
9861 8.287000
9866 8.289000
9871 8.295000
9876 8.297000
9881 8.303000
9886 8.305000
9891 8.311000
9896 8.313000
9901 8.319000
9906 8.321000
9911 8.327000
9916 8.329000
9921 8.335000
9926 8.337000
9931 8.343000
9936 8.345000
9941 8.351000
9946 8.353000
9951 8.359000
9956 8.361000
9961 8.367000
9966 8.369000
9971 8.375000
9976 8.377000
9981 8.383000
9986 8.385000
9991 8.391000
9996 8.393000
10001 8.399000
10006 8.401000
10011 8.407000
10016 8.409000
10021 8.415000
10026 8.417000
10031 8.423000
10036 8.425000
10041 8.431000
10046 8.433000
10051 8.439000
10056 8.441000
10061 8.447000
10066 8.449000
10071 8.455000
10076 8.457000
10081 8.463000
10086 8.465000
10091 8.471000
10096 8.473000
10101 8.479000
10106 8.481000
10111 8.487000
10116 8.489000
10121 8.495000
10126 8.497000
10131 8.503000
10136 8.505000
10141 8.511000
10146 8.513000
10151 8.519000
10156 8.521000
10161 8.527000
10166 8.529000
10171 8.535000
10176 8.537000
10181 8.543000
10186 8.545000
10191 8.551000
10196 8.553000
10201 8.559000
10206 8.561000
10211 8.567000
10216 8.569000
10221 8.575000
10226 8.577000
10231 8.583000
10236 8.585000
10241 8.591000
10246 8.593000
10251 8.599000
10256 8.601000
10261 8.607000
10266 8.609000
10271 8.615000
10276 8.617000
10281 8.623000
10286 8.625000
10291 8.631000
10296 8.633000
10301 8.639000
10306 8.641000
10311 8.647000
10316 8.649000
10321 8.655000
10326 8.657000
10331 8.663000
10336 8.665000
10341 8.671000
10346 8.673000
10351 8.679000
10356 8.681000
10361 8.687000
10366 8.689000
10371 8.695000
10376 8.697000
10381 8.703000
10386 8.705000
10391 8.711000
10396 8.713000
10401 8.719000
10406 8.721000
10411 8.727000
10416 8.729000
10421 8.735000
10426 8.737000
10431 8.743000
10436 8.745000
10441 8.751000
10446 8.753000
10451 8.759000
10456 8.761000
10461 8.767000
10466 8.769000
10471 8.775000
10476 8.777000
10481 8.783000
10486 8.785000
10491 8.791000
10496 8.793000
10501 8.799000
10506 8.801000
10511 8.807000
10516 8.809000
10521 8.815000
10526 8.817000
10531 8.823000
10536 8.825000
10541 8.831000
10546 8.833000
10551 8.839000
10556 8.841000
10561 8.847000
10566 8.849000
10571 8.855000
10576 8.857000
10581 8.863000
10586 8.865000
10591 8.871000
10596 8.873000
10601 8.879000
10606 8.881000
10611 8.887000
10616 8.889000
10621 8.895000
10626 8.897000
10631 8.903000
10636 8.905000
10641 8.911000
10646 8.913000
10651 8.919000
10656 8.921000
10661 8.927000
10666 8.929000
10671 8.935000
10676 8.937000
10681 8.943000
10686 8.945000
10691 8.951000
10696 8.953000
10701 8.959000
10706 8.961000
10711 8.967000
10716 8.969000
10721 8.975000
10726 8.977000
10731 8.983000
10736 8.985000
10741 8.991000
10746 8.993000
10751 8.999000
10756 9.001000
10761 9.007000
10766 9.009000
10771 9.015000
10776 9.017000
10781 9.023000
10786 9.025000
10791 9.031000
10796 9.033000
10801 9.039000
10806 9.041000
10811 9.047000
10816 9.049000
10821 9.055000
10826 9.057000
10831 9.063000
10836 9.065000
10841 9.071000
10846 9.073000
10851 9.079000
10856 9.081000
10861 9.087000
10866 9.089000
10871 9.095000
10876 9.097000
10881 9.103000
10886 9.105000
10891 9.111000
10896 9.113000
10901 9.119000
10906 9.121000
10911 9.127000
10916 9.129000
10921 9.135000
10926 9.137000
10931 9.143000
10936 9.145000
10941 9.151000
10946 9.153000
10951 9.159000
10956 9.161000
10961 9.167000
10966 9.169000
10971 9.175000
10976 9.177000
10981 9.183000
10986 9.185000
10991 9.191000
10996 9.193000
11001 9.199000
11006 9.201000
11011 9.207000
11016 9.209000
11021 9.215000
11026 9.217000
11031 9.223000
11036 9.225000
11041 9.231000
11046 9.233000
11051 9.239000
11056 9.241000
11061 9.247000
11066 9.249000
11071 9.255000
11076 9.257000
11081 9.263000
11086 9.265000
11091 9.271000
11096 9.273000
11101 9.279000
11106 9.281000
11111 9.287000
11116 9.289000
11121 9.295000
11126 9.297000
11131 9.303000
11136 9.305000
11141 9.311000
11146 9.313000
11151 9.319000
11156 9.321000
11161 9.327000
11166 9.329000
11171 9.335000
11176 9.337000
11181 9.343000
11186 9.345000
11191 9.351000
11196 9.353000
11201 9.359000
11206 9.361000
11211 9.367000
11216 9.369000
11221 9.375000
11226 9.377000
11231 9.383000
11236 9.385000
11241 9.391000
11246 9.393000
11251 9.399000
11256 9.401000
11261 9.407000
11266 9.409000
11271 9.415000
11276 9.417000
11281 9.423000
11286 9.425000
11291 9.431000
11296 9.433000
11301 9.439000
11306 9.441000
11311 9.447000
11316 9.449000
11321 9.455000
11326 9.457000
11331 9.463000
11336 9.465000
11341 9.471000
11346 9.473000
11351 9.479000
11356 9.481000
11361 9.487000
11366 9.489000
11371 9.495000
11376 9.497000
11381 9.503000
11386 9.505000
11391 9.511000
11396 9.513000
11401 9.519000
11406 9.521000
11411 9.527000
11416 9.529000
11421 9.535000
11426 9.537000
11431 9.543000
11436 9.545000
11441 9.551000
11446 9.553000
11451 9.559000
11456 9.561000
11461 9.567000
11466 9.569000
11471 9.575000
11476 9.577000
11481 9.583000
11486 9.585000
11491 9.591000
11496 9.593000
11501 9.597000
11506 9.599000
11511 9.605000
11516 9.607000
11521 9.613000
11526 9.615000
11531 9.621000
11536 9.623000
11541 9.629000
11546 9.631000
11551 9.637000
11556 9.639000
11561 9.645000
11566 9.647000
11571 9.653000
11576 9.655000
11581 9.661000
11586 9.663000
11591 9.669000
11596 9.671000
11601 9.677000
11606 9.679000
11611 9.685000
11616 9.687000
11621 9.693000
11626 9.695000
11631 9.701000
11636 9.703000
11641 9.709000
11646 9.711000
11651 9.717000
11656 9.719000
11661 9.725000
11666 9.727000
11671 9.733000
11676 9.735000
11681 9.741000
11686 9.743000
11691 9.749000
11696 9.751000
11701 9.757000
11706 9.759000
11711 9.765000
11716 9.767000
11721 9.773000
11726 9.775000
11731 9.781000
11736 9.783000
11741 9.789000
11746 9.791000
11751 9.797000
11756 9.799000
11761 9.805000
11766 9.807000
11771 9.813000
11776 9.815000
11781 9.821000
11786 9.823000
11791 9.829000
11796 9.831000
11801 9.837000
11806 9.839000
11811 9.845000
11816 9.847000
11821 9.853000
11826 9.855000
11831 9.861000
11836 9.863000
11841 9.869000
11846 9.871000
11851 9.877000
11856 9.879000
11861 9.885000
11866 9.887000
11871 9.893000
11876 9.895000
11881 9.901000
11886 9.903000
11891 9.909000
11896 9.911000
11901 9.917000
11906 9.919000
11911 9.925000
11916 9.927000
11921 9.933000
11926 9.935000
11931 9.941000
11936 9.943000
11941 9.949000
11946 9.951000
11951 9.957000
11956 9.959000
11961 9.965000
11966 9.967000
11971 9.973000
11976 9.975000
11981 9.981000
11986 9.983000
11991 9.989000
11996 9.991000
12001 9.997000
12006 9.999000
12011 10.005000
12016 10.007000
12021 10.013000
12026 10.015000
12031 10.021000
12036 10.023000
12041 10.029000
12046 10.031000
12051 10.037000
12056 10.039000
12061 10.045000
12066 10.047000
12071 10.053000
12076 10.055000
12081 10.061000
12086 10.063000
12091 10.069000
12096 10.071000
12101 10.077000
12106 10.079000
12111 10.085000
12116 10.087000
12121 10.093000
12126 10.095000
12131 10.101000
12136 10.103000
12141 10.109000
12146 10.111000
12151 10.117000
12156 10.119000
12161 10.125000
12166 10.127000
12171 10.133000
12176 10.135000
12181 10.141000
12186 10.143000
12191 10.149000
12196 10.151000
12201 10.157000
12206 10.159000
12211 10.165000
12216 10.167000
12221 10.173000
12226 10.175000
12231 10.181000
12236 10.183000
12241 10.189000
12246 10.191000
12251 10.197000
12256 10.199000
12261 10.205000
12266 10.207000
12271 10.213000
12276 10.215000
12281 10.221000
12286 10.223000
12291 10.229000
12296 10.231000
12301 10.237000
12306 10.239000
12311 10.245000
12316 10.247000
12321 10.253000
12326 10.255000
12331 10.261000
12336 10.263000
12341 10.269000
12346 10.271000
12351 10.277000
12356 10.279000
12361 10.285000
12366 10.287000
12371 10.293000
12376 10.295000
12381 10.301000
12386 10.303000
12391 10.309000
12396 10.311000
12401 10.317000
12406 10.319000
12411 10.325000
12416 10.327000
12421 10.333000
12426 10.335000
12431 10.341000
12436 10.343000
12441 10.349000
12446 10.351000
12451 10.357000
12456 10.359000
12461 10.365000
12466 10.367000
12471 10.373000
12476 10.375000
12481 10.381000
12486 10.383000
12491 10.389000
12496 10.391000
12501 10.397000
12506 10.399000
12511 10.405000
12516 10.407000
12521 10.413000
12526 10.415000
12531 10.421000
12536 10.423000
12541 10.429000
12546 10.431000
12551 10.437000
12556 10.439000
12561 10.445000
12566 10.447000
12571 10.453000
12576 10.455000
12581 10.461000
12586 10.463000
12591 10.469000
12596 10.471000
12601 10.477000
12606 10.479000
12611 10.485000
12616 10.487000
12621 10.493000
12626 10.495000
12631 10.501000
12636 10.503000
12641 10.509000
12646 10.511000
12651 10.517000
12656 10.519000
12661 10.525000
12666 10.527000
12671 10.533000
12676 10.535000
12681 10.541000
12686 10.543000
12691 10.549000
12696 10.551000
12701 10.557000
12706 10.559000
12711 10.565000
12716 10.567000
12721 10.573000
12726 10.575000
12731 10.581000
12736 10.583000
12741 10.589000
12746 10.591000
12751 10.597000
12756 10.599000
12761 10.605000
12766 10.607000
12771 10.613000
12776 10.615000
12781 10.621000
12786 10.623000
12791 10.629000
12796 10.631000
12801 10.637000
12806 10.639000
12811 10.645000
12816 10.647000
12821 10.653000
12826 10.655000
12831 10.661000
12836 10.663000
12841 10.669000
12846 10.671000
12851 10.677000
12856 10.679000
12861 10.685000
12866 10.687000
12871 10.693000
12876 10.695000
12881 10.701000
12886 10.703000
12891 10.709000
12896 10.711000
12901 10.717000
12906 10.719000
12911 10.725000
12916 10.727000
12921 10.733000
12926 10.735000
12931 10.741000
12936 10.743000
12941 10.749000
12946 10.751000
12951 10.757000
12956 10.759000
12961 10.765000
12966 10.767000
12971 10.773000
12976 10.775000
12981 10.781000
12986 10.783000
12991 10.789000
12996 10.791000
13001 10.797000
13006 10.799000
13011 10.805000
13016 10.807000
13021 10.813000
13026 10.815000
13031 10.821000
13036 10.823000
13041 10.829000
13046 10.831000
13051 10.837000
13056 10.839000
13061 10.845000
13066 10.847000
13071 10.853000
13076 10.855000
13081 10.861000
13086 10.863000
13091 10.869000
13096 10.871000
13101 10.877000
13106 10.879000
13111 10.885000
13116 10.887000
13121 10.893000
13126 10.895000
13131 10.901000
13136 10.903000
13141 10.909000
13146 10.911000
13151 10.917000
13156 10.919000
13161 10.925000
13166 10.927000
13171 10.933000
13176 10.935000
13181 10.941000
13186 10.943000
13191 10.949000
13196 10.951000
13201 10.957000
13206 10.959000
13211 10.965000
13216 10.967000
13221 10.973000
13226 10.975000
13231 10.981000
13236 10.983000
13241 10.989000
13246 10.991000
13251 10.997000
13256 10.999000
13261 11.005000
13266 11.007000
13271 11.013000
13276 11.015000
13281 11.021000
13286 11.023000
13291 11.029000
13296 11.031000
13301 11.037000
13306 11.039000
13311 11.045000
13316 11.047000
13321 11.053000
13326 11.055000
13331 11.061000
13336 11.063000
13341 11.069000
13346 11.071000
13351 11.077000
13356 11.079000
13361 11.085000
13366 11.087000
13371 11.093000
13376 11.095000
13381 11.101000
13386 11.103000
13391 11.109000
13396 11.111000
13401 11.117000
13406 11.119000
13411 11.125000
13416 11.127000
13421 11.133000
13426 11.135000
13431 11.141000
13436 11.143000
13441 11.149000
13446 11.151000
13451 11.157000
13456 11.159000
13461 11.165000
13466 11.167000
13471 11.173000
13476 11.175000
13481 11.181000
13486 11.183000
13491 11.189000
13496 11.191000
13501 11.197000
13506 11.199000
13511 11.205000
13516 11.207000
13521 11.213000
13526 11.215000
13531 11.221000
13536 11.223000
13541 11.229000
13546 11.231000
13551 11.237000
13556 11.239000
13561 11.245000
13566 11.247000
13571 11.253000
13576 11.255000
13581 11.261000
13586 11.263000
13591 11.269000
13596 11.271000
13601 11.277000
13606 11.279000
13611 11.285000
13616 11.287000
13621 11.293000
13626 11.295000
13631 11.301000
13636 11.303000
13641 11.309000
13646 11.311000
13651 11.317000
13656 11.319000
13661 11.325000
13666 11.327000
13671 11.333000
13676 11.335000
13681 11.341000
13686 11.343000
13691 11.349000
13696 11.351000
13701 11.357000
13706 11.359000
13711 11.365000
13716 11.367000
13721 11.373000
13726 11.375000
13731 11.381000
13736 11.383000
13741 11.389000
13746 11.391000
13751 11.397000
13756 11.399000
13761 11.405000
13766 11.407000
13771 11.413000
13776 11.415000
13781 11.421000
13786 11.423000
13791 11.429000
13796 11.431000
13801 11.437000
13806 11.439000
13811 11.445000
13816 11.447000
13821 11.453000
13826 11.455000
13831 11.461000
13836 11.463000
13841 11.469000
13846 11.471000
13851 11.477000
13856 11.479000
13861 11.485000
13866 11.487000
13871 11.493000
13876 11.495000
13881 11.501000
13886 11.503000
13891 11.509000
13896 11.511000
13901 11.517000
13906 11.519000
13911 11.525000
13916 11.527000
13921 11.533000
13926 11.535000
13931 11.541000
13936 11.543000
13941 11.549000
13946 11.551000
13951 11.557000
13956 11.559000
13961 11.565000
13966 11.567000
13971 11.573000
13976 11.575000
13981 11.581000
13986 11.583000
13991 11.589000
13996 11.591000
14001 11.597000
14006 11.599000
14011 11.605000
14016 11.607000
14021 11.613000
14026 11.615000
14031 11.621000
14036 11.623000
14041 11.629000
14046 11.631000
14051 11.637000
14056 11.639000
14061 11.645000
14066 11.647000
14071 11.653000
14076 11.655000
14081 11.661000
14086 11.663000
14091 11.669000
14096 11.671000
14101 11.677000
14106 11.679000
14111 11.685000
14116 11.687000
14121 11.693000
14126 11.695000
14131 11.701000
14136 11.703000
14141 11.709000
14146 11.711000
14151 11.717000
14156 11.719000
14161 11.725000
14166 11.727000
14171 11.733000
14176 11.735000
14181 11.741000
14186 11.743000
14191 11.749000
14196 11.751000
14201 11.757000
14206 11.759000
14211 11.765000
14216 11.767000
14221 11.773000
14226 11.775000
14231 11.781000
14236 11.783000
14241 11.789000
14246 11.791000
14251 11.797000
14256 11.799000
14261 11.805000
14266 11.807000
14271 11.813000
14276 11.815000
14281 11.821000
14286 11.823000
14291 11.829000
14296 11.831000
14301 11.837000
14306 11.839000
14311 11.845000
14316 11.847000
14321 11.853000
14326 11.855000
14331 11.861000
14336 11.863000
14341 11.869000
14346 11.871000
14351 11.877000
14356 11.879000
14361 11.885000
14366 11.887000
14371 11.893000
14376 11.895000
14381 11.901000
14386 11.903000
14391 11.909000
14396 11.911000
14401 11.917000
14406 11.919000
14411 11.925000
14416 11.927000
14421 11.933000
14426 11.935000
14431 11.941000
14436 11.943000
14441 11.949000
14446 11.951000
14451 11.957000
14456 11.959000
14461 11.965000
14466 11.967000
14471 11.973000
14476 11.975000
14481 11.981000
14486 11.983000
14491 11.989000
14496 11.991000
14501 11.997000
14506 11.999000
14511 12.005000
14516 12.007000
14521 12.013000
14526 12.015000
14531 12.021000
14536 12.023000
14541 12.029000
14546 12.031000
14551 12.037000
14556 12.039000
14561 12.045000
14566 12.047000
14571 12.053000
14576 12.055000
14581 12.061000
14586 12.063000
14591 12.069000
14596 12.071000
14601 12.077000
14606 12.079000
14611 12.085000
14616 12.087000
14621 12.093000
14626 12.095000
14631 12.101000
14636 12.103000
14641 12.105000
14646 12.107000
14651 12.109000
14656 12.111000
14661 12.113000
14666 12.115000
14671 12.117000
14676 12.119000
14681 12.121000
14686 12.123000
14691 12.125000
14696 12.127000
14701 12.129000
14706 12.131000
14711 12.133000
14716 12.135000
14721 12.137000
14726 12.139000
14731 12.141000
14736 12.143000
14741 12.145000
14746 12.147000
14751 12.149000
14756 12.151000
14761 12.153000
14766 12.155000
14771 12.157000
14776 12.159000
14781 12.161000
14786 12.163000
14791 12.165000
14796 12.167000
14801 12.169000
14806 12.171000
14811 12.173000
14816 12.175000
14821 12.177000
14826 12.179000
14831 12.181000
14836 12.183000
14841 12.185000
14846 12.187000
14851 12.189000
14856 12.191000
14861 12.193000
14866 12.195000
14871 12.199000
