0.000000	0.006192
1.000000	0.010912
2.000000	0.019232
3.000000	0.012608
4.000000	0.014688
5.000000	0.018848
6.000000	0.025088
7.000000	0.025088
8.000000	0.031328
9.000000	0.037568
10.000000	0.045888
11.000000	0.043808
12.000000	0.050048
13.000000	0.050048
15.000000	0.050048
17.000000	0.050048
19.000000	0.050048
21.000000	0.050048
23.000000	0.050048
25.000000	0.050048
29.000000	0.045888
30.000000	0.045888
14.000000	0.043808
16.000000	0.008912
18.000000	0.008912
19.000000	0.010992
20.000000	0.014688
21.000000	0.018848
22.000000	0.025088
23.000000	0.029248
24.000000	0.025088
25.000000	0.027168
26.000000	0.027168
27.000000	0.029248
28.000000	0.025088
29.000000	0.027168
30.000000	0.029248
31.000000	0.029248
32.000000	0.027168
33.000000	0.033408
34.000000	0.041728
35.000000	0.039648
36.000000	0.039648
37.000000	0.035488
38.000000	0.035488
39.000000	0.035488
40.000000	0.035488
41.000000	0.035488
42.000000	0.035488
43.000000	0.037568
44.000000	0.043808
45.000000	0.043808
46.000000	0.043808
47.000000	0.043808
48.000000	0.043808
49.000000	0.043808
50.000000	0.043808
51.000000	0.050048
52.000000	0.050048
54.000000	0.043808
55.000000	0.043808
56.000000	0.043808
57.000000	0.043808
58.000000	0.043808
60.000000	0.043808
61.000000	0.043808
62.000000	0.039648
53.000000	0.037568
63.000000	0.023008
64.000000	0.023008
59.000000	0.020608
65.000000	0.020928
66.000000	0.027168
67.000000	0.020928
68.000000	0.023008
69.000000	0.018848
70.000000	0.027168
71.000000	0.027168
72.000000	0.023008
73.000000	0.023008
74.000000	0.031328
75.000000	0.031328
76.000000	0.027168
77.000000	0.027168
78.000000	0.027168
79.000000	0.027168
80.000000	0.035488
81.000000	0.035488
82.000000	0.035488
83.000000	0.035488
84.000000	0.035488
85.000000	0.035488
86.000000	0.043808
87.000000	0.043808
88.000000	0.043808
89.000000	0.041728
90.000000	0.041728
91.000000	0.039648
92.000000	0.037568
93.000000	0.045888
94.000000	0.043808
95.000000	0.041728
96.000000	0.041728
97.000000	0.041728
98.000000	0.041728
99.000000	0.041728
100.000000	0.039648
101.000000	0.039648
103.000000	0.039648
104.000000	0.039648
105.000000	0.037568
106.000000	0.037568
107.000000	0.037568
108.000000	0.037568
109.000000	0.037568
110.000000	0.037568
111.000000	0.037568
102.000000	0.037568
112.000000	0.020928
113.000000	0.020928
114.000000	0.020928
115.000000	0.020928
116.000000	0.018848
117.000000	0.018848
118.000000	0.025088
119.000000	0.025088
120.000000	0.025088
121.000000	0.025088
122.000000	0.025088
123.000000	0.025088
124.000000	0.031328
125.000000	0.033408
126.000000	0.033408
127.000000	0.033408
128.000000	0.033408
129.000000	0.035488
130.000000	0.037568
131.000000	0.035488
132.000000	0.039648
133.000000	0.041728
134.000000	0.043808
135.000000	0.043808
136.000000	0.043808
137.000000	0.043808
138.000000	0.045888
141.000000	0.039648
142.000000	0.039648
143.000000	0.041728
144.000000	0.041728
145.000000	0.041728
146.000000	0.041728
147.000000	0.043808
148.000000	0.043808
139.000000	0.043808
149.000000	0.023008
150.000000	0.023008
140.000000	0.020608
151.000000	0.020928
152.000000	0.029248
153.000000	0.018848
154.000000	0.023008
155.000000	0.020928
156.000000	0.029248
157.000000	0.025088
158.000000	0.020928
159.000000	0.020928
160.000000	0.027168
161.000000	0.027168
162.000000	0.025088
163.000000	0.023008
164.000000	0.023008
165.000000	0.018848
166.000000	0.025088
167.000000	0.020928
168.000000	0.018848
169.000000	0.018848
170.000000	0.020928
171.000000	0.018848
172.000000	0.023008
173.000000	0.023008
174.000000	0.023008
175.000000	0.020928
176.000000	0.018848
177.000000	0.018848
178.000000	0.018848
179.000000	0.020928
180.000000	0.020928
181.000000	0.018848
182.000000	0.018848
183.000000	0.018848
184.000000	0.018848
185.000000	0.016768
186.000000	0.018848
187.000000	0.018848
188.000000	0.023008
189.000000	0.025088
190.000000	0.025088
191.000000	0.025088
192.000000	0.025088
193.000000	0.027168
194.000000	0.027168
195.000000	0.027168
196.000000	0.027168
198.000000	0.027168
199.000000	0.027168
200.000000	0.027168
201.000000	0.027168
202.000000	0.027168
203.000000	0.027168
204.000000	0.027168
205.000000	0.027168
206.000000	0.027168
207.000000	0.027168
197.000000	0.027168
208.000000	0.014688
209.000000	0.014688
210.000000	0.014688
211.000000	0.014688
212.000000	0.018848
213.000000	0.018848
214.000000	0.020928
215.000000	0.020928
216.000000	0.020928
217.000000	0.023008
218.000000	0.029248
219.000000	0.027168
220.000000	0.027168
221.000000	0.029248
222.000000	0.031328
223.000000	0.033408
224.000000	0.035488
225.000000	0.035488
226.000000	0.041728
227.000000	0.043808
228.000000	0.045888
230.000000	0.039648
231.000000	0.039648
232.000000	0.039648
233.000000	0.039648
235.000000	0.037568
236.000000	0.035488
237.000000	0.033408
238.000000	0.031328
229.000000	0.031328
239.000000	0.016768
240.000000	0.016768
234.000000	0.016448
241.000000	0.014688
242.000000	0.020928
243.000000	0.014688
244.000000	0.016768
245.000000	0.016768
246.000000	0.023008
247.000000	0.020928
248.000000	0.016768
249.000000	0.016768
250.000000	0.023008
251.000000	0.023008
252.000000	0.018848
253.000000	0.018848
254.000000	0.018848
255.000000	0.018848
256.000000	0.025088
257.000000	0.025088
258.000000	0.025088
259.000000	0.025088
260.000000	0.025088
261.000000	0.023008
262.000000	0.029248
263.000000	0.029248
264.000000	0.027168
265.000000	0.025088
266.000000	0.023008
267.000000	0.023008
268.000000	0.020928
269.000000	0.025088
270.000000	0.023008
271.000000	0.023008
272.000000	0.023008
273.000000	0.025088
274.000000	0.025088
275.000000	0.025088
276.000000	0.025088
277.000000	0.023008
278.000000	0.029248
279.000000	0.031328
280.000000	0.031328
281.000000	0.029248
282.000000	0.029248
283.000000	0.031328
284.000000	0.033408
286.000000	0.029248
287.000000	0.033408
288.000000	0.031328
289.000000	0.033408
291.000000	0.031328
292.000000	0.031328
293.000000	0.029248
294.000000	0.031328
295.000000	0.033408
285.000000	0.035488
296.000000	0.016768
297.000000	0.016768
290.000000	0.014368
298.000000	0.016768
299.000000	0.023008
300.000000	0.014688
301.000000	0.018848
302.000000	0.014688
303.000000	0.020928
304.000000	0.016768
305.000000	0.016768
306.000000	0.016768
307.000000	0.023008
308.000000	0.023008
309.000000	0.018848
310.000000	0.018848
311.000000	0.018848
312.000000	0.018848
313.000000	0.025088
314.000000	0.025088
315.000000	0.023008
316.000000	0.023008
317.000000	0.023008
318.000000	0.023008
319.000000	0.027168
320.000000	0.025088
321.000000	0.025088
322.000000	0.023008
323.000000	0.020928
324.000000	0.018848
325.000000	0.018848
326.000000	0.023008
327.000000	0.020928
328.000000	0.020928
329.000000	0.018848
330.000000	0.018848
331.000000	0.016768
332.000000	0.014688
333.000000	0.012608
334.000000	0.012608
335.000000	0.016768
336.000000	0.016768
337.000000	0.018848
338.000000	0.016768
339.000000	0.016768
340.000000	0.016768
341.000000	0.018848
342.000000	0.018848
343.000000	0.018848
344.000000	0.023008
345.000000	0.023008
346.000000	0.023008
347.000000	0.023008
348.000000	0.025088
349.000000	0.025088
350.000000	0.025088
352.000000	0.023008
353.000000	0.023008
354.000000	0.023008
355.000000	0.027168
356.000000	0.027168
357.000000	0.029248
358.000000	0.029248
360.000000	0.027168
361.000000	0.027168
362.000000	0.027168
351.000000	0.027168
363.000000	0.012608
364.000000	0.014688
365.000000	0.014688
359.000000	0.016448
366.000000	0.016768
367.000000	0.023008
368.000000	0.016768
369.000000	0.018848
370.000000	0.016768
371.000000	0.023008
372.000000	0.020928
373.000000	0.016768
374.000000	0.018848
375.000000	0.025088
376.000000	0.023008
377.000000	0.016768
378.000000	0.018848
379.000000	0.016768
380.000000	0.016768
381.000000	0.020928
382.000000	0.020928
383.000000	0.016768
384.000000	0.016768
385.000000	0.014688
386.000000	0.012608
387.000000	0.016768
388.000000	0.014688
389.000000	0.016768
390.000000	0.014688
391.000000	0.014688
392.000000	0.014688
393.000000	0.012608
394.000000	0.014688
395.000000	0.016768
396.000000	0.014688
397.000000	0.014688
398.000000	0.014688
399.000000	0.014688
400.000000	0.014688
401.000000	0.014688
402.000000	0.012608
403.000000	0.016768
404.000000	0.014688
405.000000	0.016768
406.000000	0.016768
407.000000	0.016768
408.000000	0.016768
409.000000	0.018848
410.000000	0.018848
411.000000	0.018848
412.000000	0.023008
413.000000	0.023008
414.000000	0.023008
415.000000	0.023008
416.000000	0.025088
417.000000	0.025088
418.000000	0.025088
420.000000	0.023008
421.000000	0.023008
422.000000	0.023008
423.000000	0.027168
424.000000	0.027168
425.000000	0.029248
426.000000	0.029248
428.000000	0.027168
429.000000	0.027168
430.000000	0.027168
419.000000	0.027168
431.000000	0.012608
432.000000	0.014688
433.000000	0.014688
427.000000	0.016448
434.000000	0.016768
435.000000	0.023008
436.000000	0.016768
437.000000	0.018848
438.000000	0.016768
439.000000	0.023008
440.000000	0.020928
441.000000	0.016768
442.000000	0.018848
443.000000	0.025088
444.000000	0.023008
445.000000	0.016768
446.000000	0.018848
447.000000	0.016768
448.000000	0.016768
449.000000	0.018848
450.000000	0.018848
451.000000	0.012608
452.000000	0.012608
453.000000	0.012608
454.000000	0.012608
455.000000	0.018848
456.000000	0.016768
457.000000	0.018848
458.000000	0.018848
459.000000	0.018848
460.000000	0.020928
461.000000	0.020928
462.000000	0.025088
463.000000	0.027168
464.000000	0.027168
465.000000	0.029248
466.000000	0.031328
467.000000	0.031328
468.000000	0.029248
469.000000	0.031328
470.000000	0.033408
472.000000	0.033408
473.000000	0.031328
474.000000	0.031328
475.000000	0.033408
476.000000	0.035488
477.000000	0.035488
478.000000	0.035488
479.000000	0.035488
480.000000	0.039648
471.000000	0.037568
481.000000	0.020928
482.000000	0.020928
483.000000	0.018848
484.000000	0.020928
485.000000	0.018848
486.000000	0.020928
487.000000	0.027168
488.000000	0.027168
489.000000	0.027168
490.000000	0.027168
491.000000	0.027168
492.000000	0.027168
493.000000	0.035488
494.000000	0.037568
495.000000	0.037568
496.000000	0.037568
497.000000	0.037568
498.000000	0.039648
499.000000	0.039648
500.000000	0.039648
501.000000	0.047968
502.000000	0.050048
504.000000	0.043808
505.000000	0.043808
506.000000	0.043808
507.000000	0.043808
508.000000	0.041728
510.000000	0.039648
511.000000	0.039648
512.000000	0.041728
503.000000	0.039648
513.000000	0.018848
514.000000	0.016768
509.000000	0.012288
515.000000	0.012608
516.000000	0.016768
517.000000	0.014688
518.000000	0.014688
519.000000	0.016768
520.000000	0.023008
521.000000	0.025088
522.000000	0.016768
523.000000	0.016768
524.000000	0.023008
525.000000	0.023008
526.000000	0.018848
527.000000	0.018848
528.000000	0.018848
529.000000	0.018848
530.000000	0.025088
531.000000	0.025088
532.000000	0.025088
533.000000	0.025088
534.000000	0.025088
535.000000	0.025088
536.000000	0.031328
537.000000	0.031328
538.000000	0.033408
539.000000	0.033408
540.000000	0.033408
541.000000	0.033408
542.000000	0.035488
543.000000	0.043808
544.000000	0.043808
545.000000	0.041728
546.000000	0.043808
547.000000	0.045888
549.000000	0.037568
550.000000	0.037568
551.000000	0.037568
552.000000	0.045888
554.000000	0.037568
555.000000	0.037568
556.000000	0.039648
557.000000	0.039648
548.000000	0.039648
558.000000	0.018848
559.000000	0.016768
553.000000	0.018528
560.000000	0.018848
561.000000	0.025088
562.000000	0.020928
563.000000	0.023008
564.000000	0.020928
565.000000	0.027168
566.000000	0.029248
567.000000	0.020928
568.000000	0.023008
569.000000	0.031328
570.000000	0.029248
571.000000	0.027168
572.000000	0.027168
573.000000	0.027168
574.000000	0.027168
575.000000	0.035488
576.000000	0.033408
577.000000	0.033408
578.000000	0.033408
579.000000	0.031328
580.000000	0.029248
581.000000	0.035488
582.000000	0.035488
583.000000	0.033408
584.000000	0.031328
585.000000	0.031328
586.000000	0.031328
587.000000	0.031328
588.000000	0.037568
589.000000	0.037568
590.000000	0.037568
591.000000	0.037568
592.000000	0.037568
593.000000	0.037568
594.000000	0.037568
595.000000	0.037568
596.000000	0.037568
598.000000	0.037568
599.000000	0.037568
600.000000	0.037568
601.000000	0.037568
602.000000	0.037568
603.000000	0.037568
604.000000	0.037568
605.000000	0.037568
606.000000	0.037568
597.000000	0.037568
607.000000	0.018848
608.000000	0.018848
609.000000	0.018848
610.000000	0.018848
611.000000	0.020928
612.000000	0.020928
613.000000	0.027168
614.000000	0.027168
615.000000	0.029248
616.000000	0.029248
617.000000	0.029248
618.000000	0.031328
619.000000	0.037568
620.000000	0.039648
621.000000	0.037568
622.000000	0.037568
623.000000	0.039648
624.000000	0.039648
625.000000	0.041728
626.000000	0.041728
627.000000	0.050048
629.000000	0.043808
630.000000	0.043808
631.000000	0.043808
632.000000	0.043808
633.000000	0.043808
634.000000	0.041728
636.000000	0.039648
637.000000	0.037568
628.000000	0.035488
638.000000	0.016768
639.000000	0.016768
640.000000	0.016768
635.000000	0.014368
641.000000	0.014688
642.000000	0.018848
643.000000	0.016768
644.000000	0.016768
645.000000	0.016768
646.000000	0.023008
647.000000	0.025088
648.000000	0.016768
649.000000	0.016768
650.000000	0.023008
651.000000	0.020928
652.000000	0.014688
653.000000	0.014688
654.000000	0.012608
655.000000	0.014688
656.000000	0.018848
657.000000	0.018848
658.000000	0.016768
659.000000	0.016768
660.000000	0.014688
661.000000	0.014688
662.000000	0.018848
663.000000	0.018848
664.000000	0.018848
665.000000	0.020928
666.000000	0.020928
667.000000	0.020928
668.000000	0.020928
669.000000	0.025088
670.000000	0.027168
671.000000	0.029248
672.000000	0.027168
673.000000	0.027168
674.000000	0.029248
675.000000	0.029248
676.000000	0.031328
677.000000	0.029248
678.000000	0.033408
679.000000	0.033408
680.000000	0.035488
682.000000	0.031328
683.000000	0.031328
684.000000	0.031328
685.000000	0.031328
686.000000	0.031328
688.000000	0.031328
689.000000	0.031328
690.000000	0.029248
691.000000	0.029248
681.000000	0.025088
692.000000	0.012608
693.000000	0.012608
687.000000	0.012288
694.000000	0.012608
695.000000	0.016768
696.000000	0.014688
697.000000	0.014688
698.000000	0.016768
699.000000	0.020928
700.000000	0.023008
701.000000	0.014688
702.000000	0.016768
703.000000	0.020928
704.000000	0.020928
705.000000	0.016768
706.000000	0.014688
707.000000	0.014688
708.000000	0.014688
709.000000	0.018848
710.000000	0.016768
711.000000	0.016768
712.000000	0.016768
713.000000	0.014688
714.000000	0.014688
715.000000	0.018848
716.000000	0.018848
717.000000	0.020928
718.000000	0.020928
719.000000	0.020928
720.000000	0.020928
721.000000	0.020928
722.000000	0.027168
723.000000	0.029248
724.000000	0.027168
725.000000	0.027168
726.000000	0.027168
727.000000	0.029248
728.000000	0.031328
729.000000	0.029248
730.000000	0.027168
731.000000	0.033408
732.000000	0.035488
734.000000	0.033408
735.000000	0.031328
736.000000	0.031328
737.000000	0.031328
738.000000	0.033408
739.000000	0.033408
741.000000	0.031328
742.000000	0.031328
743.000000	0.033408
733.000000	0.031328
744.000000	0.012608
745.000000	0.012608
740.000000	0.014368
746.000000	0.014688
747.000000	0.018848
748.000000	0.016768
749.000000	0.016768
750.000000	0.016768
751.000000	0.020928
752.000000	0.023008
753.000000	0.014688
754.000000	0.016768
755.000000	0.020928
756.000000	0.020928
757.000000	0.016768
758.000000	0.014688
759.000000	0.014688
760.000000	0.014688
761.000000	0.018848
762.000000	0.016768
763.000000	0.016768
764.000000	0.016768
765.000000	0.014688
766.000000	0.014688
767.000000	0.018848
768.000000	0.018848
769.000000	0.018848
770.000000	0.020928
771.000000	0.020928
772.000000	0.020928
773.000000	0.020928
774.000000	0.025088
775.000000	0.027168
776.000000	0.029248
777.000000	0.027168
778.000000	0.027168
779.000000	0.029248
780.000000	0.029248
781.000000	0.031328
782.000000	0.029248
783.000000	0.033408
784.000000	0.033408
785.000000	0.035488
787.000000	0.031328
788.000000	0.031328
789.000000	0.031328
790.000000	0.033408
791.000000	0.035488
793.000000	0.033408
794.000000	0.033408
795.000000	0.031328
796.000000	0.031328
786.000000	0.029248
797.000000	0.010528
798.000000	0.012608
792.000000	0.012288
799.000000	0.014688
800.000000	0.018848
801.000000	0.014688
802.000000	0.014688
803.000000	0.016768
804.000000	0.020928
805.000000	0.023008
806.000000	0.014688
807.000000	0.016768
808.000000	0.023008
809.000000	0.023008
810.000000	0.016768
811.000000	0.016768
812.000000	0.016768
813.000000	0.016768
814.000000	0.020928
815.000000	0.023008
816.000000	0.023008
817.000000	0.020928
818.000000	0.020928
819.000000	0.023008
820.000000	0.027168
821.000000	0.027168
822.000000	0.027168
823.000000	0.027168
824.000000	0.025088
825.000000	0.023008
826.000000	0.023008
827.000000	0.029248
828.000000	0.029248
829.000000	0.027168
830.000000	0.027168
831.000000	0.029248
832.000000	0.029248
833.000000	0.031328
834.000000	0.029248
835.000000	0.027168
836.000000	0.033408
837.000000	0.035488
839.000000	0.031328
840.000000	0.031328
841.000000	0.031328
842.000000	0.033408
843.000000	0.035488
844.000000	0.035488
846.000000	0.035488
847.000000	0.035488
848.000000	0.035488
838.000000	0.035488
849.000000	0.012608
850.000000	0.014688
845.000000	0.018528
851.000000	0.018848
852.000000	0.025088
853.000000	0.020928
854.000000	0.020928
855.000000	0.018848
856.000000	0.025088
857.000000	0.025088
858.000000	0.016768
859.000000	0.016768
860.000000	0.023008
861.000000	0.023008
862.000000	0.018848
863.000000	0.018848
864.000000	0.018848
865.000000	0.018848
866.000000	0.025088
867.000000	0.025088
868.000000	0.025088
869.000000	0.025088
870.000000	0.025088
871.000000	0.025088
872.000000	0.031328
873.000000	0.031328
874.000000	0.031328
875.000000	0.031328
876.000000	0.031328
877.000000	0.031328
878.000000	0.031328
879.000000	0.037568
880.000000	0.037568
881.000000	0.037568
882.000000	0.037568
883.000000	0.037568
884.000000	0.037568
885.000000	0.037568
886.000000	0.037568
887.000000	0.037568
889.000000	0.039648
890.000000	0.039648
891.000000	0.039648
892.000000	0.039648
893.000000	0.039648
894.000000	0.041728
895.000000	0.041728
896.000000	0.041728
897.000000	0.043808
888.000000	0.043808
898.000000	0.025088
899.000000	0.027168
900.000000	0.027168
901.000000	0.027168
902.000000	0.027168
903.000000	0.023008
904.000000	0.031328
905.000000	0.031328
906.000000	0.031328
907.000000	0.029248
908.000000	0.029248
909.000000	0.027168
910.000000	0.033408
911.000000	0.031328
912.000000	0.031328
913.000000	0.031328
914.000000	0.031328
915.000000	0.031328
916.000000	0.031328
917.000000	0.031328
918.000000	0.037568
919.000000	0.037568
920.000000	0.037568
921.000000	0.037568
922.000000	0.037568
923.000000	0.037568
924.000000	0.037568
925.000000	0.037568
927.000000	0.037568
928.000000	0.037568
929.000000	0.037568
930.000000	0.037568
931.000000	0.035488
932.000000	0.035488
933.000000	0.035488
934.000000	0.035488
935.000000	0.035488
926.000000	0.035488
936.000000	0.020928
937.000000	0.023008
938.000000	0.023008
939.000000	0.023008
940.000000	0.020928
941.000000	0.020928
942.000000	0.029248
943.000000	0.029248
944.000000	0.029248
945.000000	0.031328
946.000000	0.031328
947.000000	0.029248
948.000000	0.031328
949.000000	0.039648
950.000000	0.041728
951.000000	0.039648
952.000000	0.039648
953.000000	0.041728
954.000000	0.041728
955.000000	0.041728
956.000000	0.047968
957.000000	0.050048
958.000000	0.050048
959.000000	0.050048
960.000000	0.050048
961.000000	0.050048
962.000000	0.050048
965.000000	0.039648
966.000000	0.041728
967.000000	0.039648
968.000000	0.039648
969.000000	0.037568
970.000000	0.035488
971.000000	0.035488
972.000000	0.033408
963.000000	0.031328
973.000000	0.016768
974.000000	0.016768
964.000000	0.020608
975.000000	0.020928
976.000000	0.025088
977.000000	0.016768
978.000000	0.018848
979.000000	0.016768
980.000000	0.020928
981.000000	0.023008
982.000000	0.016768
983.000000	0.018848
984.000000	0.025088
985.000000	0.023008
986.000000	0.018848
987.000000	0.018848
988.000000	0.018848
989.000000	0.018848
990.000000	0.025088
991.000000	0.025088
992.000000	0.025088
993.000000	0.025088
994.000000	0.025088
995.000000	0.025088
996.000000	0.031328
997.000000	0.031328
998.000000	0.031328
999.000000	0.031328
1000.000000	0.031328
1001.000000	0.031328
1002.000000	0.031328
1003.000000	0.037568
1004.000000	0.039648
1005.000000	0.039648
1006.000000	0.037568
1007.000000	0.037568
1008.000000	0.039648
1009.000000	0.041728
1010.000000	0.041728
1011.000000	0.039648
1013.000000	0.041728
1014.000000	0.045888
1016.000000	0.037568
1017.000000	0.037568
1018.000000	0.039648
1019.000000	0.041728
1020.000000	0.039648
1021.000000	0.039648
1012.000000	0.041728
1022.000000	0.020928
1023.000000	0.018848
1015.000000	0.016448
1024.000000	0.016768
1025.000000	0.023008
1026.000000	0.018848
1027.000000	0.018848
1028.000000	0.020928
1029.000000	0.027168
1030.000000	0.029248
1031.000000	0.020928
1032.000000	0.023008
1033.000000	0.029248
1034.000000	0.029248
1035.000000	0.027168
1036.000000	0.027168
1037.000000	0.029248
1038.000000	0.029248
1039.000000	0.033408
1040.000000	0.033408
1041.000000	0.033408
1042.000000	0.035488
1043.000000	0.035488
1044.000000	0.037568
1045.000000	0.043808
1046.000000	0.043808
1047.000000	0.041728
1048.000000	0.039648
1049.000000	0.037568
1050.000000	0.035488
1051.000000	0.033408
1052.000000	0.039648
1053.000000	0.035488
1054.000000	0.035488
1055.000000	0.033408
1056.000000	0.035488
1057.000000	0.035488
1058.000000	0.037568
1059.000000	0.037568
1060.000000	0.035488
1062.000000	0.035488
1063.000000	0.035488
1064.000000	0.035488
1065.000000	0.035488
1066.000000	0.035488
1067.000000	0.035488
1068.000000	0.037568
1069.000000	0.037568
1070.000000	0.037568
1061.000000	0.037568
1071.000000	0.020928
1072.000000	0.020928
1073.000000	0.020928
1074.000000	0.018848
1075.000000	0.018848
1076.000000	0.018848
1077.000000	0.023008
1078.000000	0.023008
1079.000000	0.023008
1080.000000	0.027168
1081.000000	0.027168
1082.000000	0.027168
1083.000000	0.033408
1084.000000	0.035488
1085.000000	0.037568
1086.000000	0.033408
1087.000000	0.037568
1088.000000	0.037568
1089.000000	0.039648
1090.000000	0.037568
1091.000000	0.045888
1092.000000	0.045888
1093.000000	0.047968
1094.000000	0.047968
1095.000000	0.050048
1096.000000	0.050048
1098.000000	0.045888
1100.000000	0.045888
1101.000000	0.045888
1102.000000	0.043808
1103.000000	0.041728
1104.000000	0.039648
1105.000000	0.037568
1106.000000	0.035488
1097.000000	0.033408
1107.000000	0.016768
1108.000000	0.018848
1099.000000	0.008912
1109.000000	0.008912
1110.000000	0.010992
1111.000000	0.008912
1112.000000	0.008912
1113.000000	0.012608
1114.000000	0.014688
1115.000000	0.016768
1116.000000	0.012608
1117.000000	0.014688
1118.000000	0.018848
1119.000000	0.020928
1120.000000	0.018848
1121.000000	0.018848
1122.000000	0.018848
1123.000000	0.018848
1124.000000	0.025088
1125.000000	0.020928
1126.000000	0.023008
1127.000000	0.025088
1128.000000	0.025088
1129.000000	0.025088
1130.000000	0.031328
1131.000000	0.031328
1132.000000	0.031328
1133.000000	0.031328
1134.000000	0.031328
1135.000000	0.031328
1136.000000	0.031328
1137.000000	0.037568
1138.000000	0.037568
1139.000000	0.037568
1140.000000	0.037568
1141.000000	0.037568
1142.000000	0.039648
1143.000000	0.037568
1144.000000	0.037568
1145.000000	0.037568
1147.000000	0.039648
1148.000000	0.041728
1149.000000	0.041728
1150.000000	0.041728
1151.000000	0.045888
1152.000000	0.047968
1154.000000	0.041728
1155.000000	0.039648
1146.000000	0.041728
1156.000000	0.023008
1157.000000	0.025088
1158.000000	0.018848
1153.000000	0.016448
1159.000000	0.016768
1160.000000	0.023008
1161.000000	0.018848
1162.000000	0.018848
1163.000000	0.018848
1164.000000	0.023008
1165.000000	0.023008
1166.000000	0.018848
1167.000000	0.018848
1168.000000	0.025088
1169.000000	0.027168
1170.000000	0.020928
1171.000000	0.023008
1172.000000	0.020928
1173.000000	0.018848
1174.000000	0.025088
1175.000000	0.023008
1176.000000	0.023008
1177.000000	0.023008
1178.000000	0.020928
1179.000000	0.018848
1180.000000	0.023008
1181.000000	0.020928
1182.000000	0.018848
1183.000000	0.018848
1184.000000	0.018848
1185.000000	0.018848
1186.000000	0.018848
1187.000000	0.023008
1188.000000	0.023008
1189.000000	0.023008
1190.000000	0.023008
1191.000000	0.023008
1192.000000	0.023008
1193.000000	0.023008
1194.000000	0.023008
1195.000000	0.025088
1196.000000	0.029248
1197.000000	0.029248
1198.000000	0.029248
1199.000000	0.029248
1200.000000	0.031328
1201.000000	0.033408
1202.000000	0.033408
1203.000000	0.031328
1204.000000	0.033408
1206.000000	0.035488
1208.000000	0.033408
1209.000000	0.031328
1210.000000	0.029248
1211.000000	0.029248
1212.000000	0.031328
1213.000000	0.031328
1214.000000	0.031328
1215.000000	0.029248
1205.000000	0.031328
1216.000000	0.012608
1217.000000	0.014688
1207.000000	0.008912
