0.100000	0.006240
0.112480	0.014747
0.112480	0.018907
0.133467	0.012480
0.133467	0.018720
0.137627	0.033280
0.137627	0.039520
0.152187	0.029120
0.152187	0.031200
0.158427	0.029120
0.158427	0.039520
0.177147	0.031200
0.177147	0.054080
0.183387	0.049920
0.183387	0.054080
0.187547	0.029120
0.187547	0.039520
0.189627	0.049920
0.189627	0.054080
0.193787	0.054080
0.193787	0.060320
0.204187	0.056160
0.204187	0.060320
0.214587	0.058240
0.214587	0.064480
0.222907	0.064480
0.233307	0.058240
0.239547	0.056160
0.239547	0.060320
0.243707	0.060320
0.243707	0.068640
0.243707	0.070720
0.243707	0.072800
0.245787	0.072800
0.245787	0.074880
0.249947	0.087360
0.249947	0.089440
0.254107	0.087360
0.254107	0.089440
0.260347	0.085280
0.260347	0.097760
0.266587	0.093600
0.270747	0.091520
0.279067	0.085280
0.285307	0.081120
0.293627	0.085280
0.297787	0.083200
0.301947	0.081120
0.306107	0.079040
0.310267	0.076960
0.318587	0.074880
0.320667	0.074880
0.322747	0.074880
0.324827	0.074880
0.326907	0.074880
0.343547	0.064480
0.345627	0.064480
0.347707	0.064480
0.349787	0.064480
0.351867	0.064480
0.364347	0.054080
0.366427	0.054080
0.368507	0.054080
0.370587	0.054080
0.372667	0.054080
0.385147	0.045760
0.387227	0.045760
0.389307	0.045760
0.391387	0.045760
0.393467	0.081120
0.399707	0.172640
0.401787	0.172640
0.403867	0.172640
0.405947	0.172640
0.408027	0.172640
0.414267	0.191360
0.416347	0.191360
0.418427	0.191360
0.422587	0.189280
0.424667	0.189280
0.426747	0.208000
0.428827	0.208000
0.437147	0.201760
0.439227	0.201760
0.443387	0.199680
0.480827	0.185120
0.578587	0.089440
0.580667	0.089440
0.582747	0.089440
0.584827	0.089440
0.586907	0.106080
0.611867	0.083200
0.613947	0.083200
0.616027	0.083200
0.640987	0.064480
0.931707	0.015040
0.952987	0.016640
0.952987	0.020800
0.975867	0.018720
0.975867	0.022880
0.975867	0.027040
0.980027	0.027040
1.000827	0.014560
1.000827	0.018720
1.000827	0.022880
1.000827	0.027040
1.004987	0.027040
1.009147	0.027040
1.025787	0.014560
1.029947	0.014560
1.034107	0.014560
1.038267	0.014560
1.042427	0.016640
1.046587	0.016640
1.046587	0.020800
1.050747	0.020800
1.054907	0.020800
1.059067	0.024960
1.065307	0.022880
1.069467	0.022880
1.073627	0.022880
1.073627	0.027040
1.077787	0.033280
1.081947	0.035360
1.090267	0.031200
1.094427	0.091520
1.098587	0.029120
1.102747	0.029120
1.106907	0.029120
1.117307	0.074880
1.117307	0.079040
1.123547	0.031200
1.127707	0.031200
1.133947	0.029120
1.138107	0.029120
1.142267	0.056160
1.173467	0.035360
1.202587	0.020800
1.202587	0.027040
1.202587	0.031200
1.204667	0.045760
1.215067	0.022880
1.229627	0.029120
1.235867	0.031200
1.240027	0.029120
1.244187	0.027040
1.256667	0.018720
1.264987	0.039520
1.273307	0.037440
1.273307	0.039520
1.275387	0.039520
1.277467	0.043680
1.281627	0.041600
1.310747	0.037440
1.316987	0.035360
1.319067	0.035360
1.319067	0.043680
1.321147	0.045760
1.327387	0.041600
1.329467	0.041600
1.354427	0.029120
1.358587	0.016640
1.360667	0.027040
1.368987	0.024960
1.368987	0.027040
1.373147	0.035360
1.375227	0.029120
1.377307	0.029120
1.381467	0.031200
1.389787	0.027040
1.393947	0.024960
1.400187	0.035360
1.402267	0.041600
1.410587	0.106080
1.412667	0.106080
1.414747	0.106080
1.418907	0.043680
1.418907	0.045760
1.423067	0.043680
1.425147	0.099840
1.441787	0.089440
1.450107	0.035360
1.468827	0.068640
1.470907	0.068640
1.472987	0.068640
1.531227	0.045760
1.537467	0.045760
1.537467	0.047840
1.543707	0.043680
1.545787	0.043680
1.545787	0.045760
1.547867	0.054080
1.589467	0.041600
1.591547	0.041600
1.593627	0.041600
1.595707	0.041600
1.597787	0.052000
1.608187	0.043680
1.608187	0.045760
1.637307	0.022880
1.639387	0.022880
1.641467	0.027040
1.643547	0.029120
1.656027	0.031200
1.658107	0.031200
1.660187	0.031200
1.660187	0.035360
1.666427	0.031200
1.668507	0.031200
1.674747	0.027040
1.678907	0.041600
1.693467	0.029120
1.695547	0.029120
1.697627	0.029120
1.701787	0.027040
1.701787	0.029120
1.703867	0.029120
1.705947	0.029120
1.708027	0.029120
1.726747	0.012480
1.728827	0.158080
1.730907	0.158080
1.732987	0.158080
1.735067	0.158080
1.737147	0.045760
1.739227	0.156000
1.739227	0.160160
1.741307	0.160160
1.743387	0.160160
1.745467	0.060320
1.789147	0.116480
1.812027	0.095680
1.897307	0.037440
1.899387	0.037440
1.899387	0.039520
1.901467	0.039520
1.905627	0.037440
1.907707	0.037440
1.907707	0.039520
1.909787	0.039520
1.909787	0.041600
1.911867	0.041600
1.913947	0.054080
1.940987	0.029120
1.943067	0.029120
1.945147	0.029120
1.947227	0.029120
1.949307	0.029120
1.951387	0.045760
1.953467	0.033280
1.955547	0.043680
1.957627	0.043680
1.957627	0.045760
1.959707	0.045760
1.974267	0.035360
1.976347	0.035360
1.978427	0.052000
1.980507	0.052000
1.982587	0.052000
1.984667	0.052000
1.992987	0.045760
2.003387	0.037440
2.005467	0.037440
2.007547	0.043680
2.009627	0.039520
2.011707	0.041600
2.011707	0.043680
2.015867	0.041600
2.017947	0.041600
2.036667	0.185120
2.038747	0.185120
2.040827	0.185120
2.042907	0.185120
2.044987	0.058240
2.047067	0.183040
2.049147	0.185120
2.055387	0.180960
2.057467	0.180960
2.059547	0.064480
2.061627	0.064480
2.063707	0.176800
2.065787	0.178880
2.065787	0.180960
2.109467	0.039520
2.130267	0.120640
2.132347	0.120640
2.244667	0.016640
2.244667	0.018720
2.244667	0.022880
2.246747	0.027040
2.250907	0.024960
2.252987	0.033280
2.252987	0.035360
2.257147	0.033280
2.259227	0.033280
2.269627	0.037440
2.273787	0.035360
2.280027	0.031200
2.280027	0.035360
2.282107	0.035360
2.292507	0.039520
2.294587	0.039520
2.296667	0.039520
2.298747	0.039520
2.313307	0.027040
2.315387	0.027040
2.317467	0.039520
2.321627	0.037440
2.323707	0.037440
2.323707	0.039520
2.338267	0.027040
2.340347	0.027040
2.342427	0.029120
2.344507	0.024960
2.346587	0.027040
2.348667	0.108160
2.363227	0.095680
2.365307	0.095680
2.367387	0.095680
2.369467	0.041600
2.369467	0.095680
2.371547	0.097760
2.373627	0.101920
2.375707	0.104000
2.377787	0.104000
2.379867	0.104000
2.417307	0.072800
2.465147	0.029120
2.467227	0.029120
2.469307	0.029120
2.469307	0.033280
2.471387	0.037440
2.475547	0.035360
2.481787	0.043680
2.485947	0.027040
2.485947	0.033280
2.488027	0.041600
2.490107	0.043680
2.496347	0.043680
2.500507	0.041600
2.502587	0.041600
2.504667	0.041600
2.508827	0.039520
2.515067	0.041600
2.517147	0.033280
2.519227	0.045760
2.525467	0.043680
2.531707	0.039520
2.535867	0.037440
2.540027	0.035360
2.540027	0.037440
2.546267	0.041600
2.548347	0.043680
2.550427	0.045760
2.552507	0.045760
2.554587	0.045760
2.556667	0.045760
2.562907	0.049920
2.571227	0.045760
2.575387	0.047840
2.577467	0.047840
2.579547	0.047840
2.581627	0.049920
2.583707	0.056160
2.594107	0.052000
2.594107	0.054080
2.598267	0.056160
2.602427	0.054080
2.604507	0.085280
2.606587	0.056160
2.608667	0.058240
2.619067	0.054080
2.623227	0.072800
2.629467	0.072800
2.631547	0.043680
2.633627	0.070720
2.637787	0.070720
2.646107	0.066560
2.652347	0.064480
2.654427	0.064480
2.660667	0.060320
2.660667	0.062400
2.662747	0.062400
2.668987	0.058240
2.673147	0.062400
2.679387	0.058240
2.718907	0.022880
2.723067	0.020800
2.725147	0.027040
2.727227	0.018720
2.729307	0.031200
2.731387	0.031200
2.733467	0.031200
2.733467	0.033280
2.741787	0.027040
2.743867	0.027040
2.750107	0.035360
2.752187	0.035360
2.758427	0.031200
2.766747	0.024960
2.768827	0.024960
2.770907	0.035360
2.772987	0.037440
2.775067	0.039520
2.777147	0.039520
2.777147	0.041600
2.791707	0.029120
2.793787	0.039520
2.795867	0.041600
2.797947	0.045760
2.800027	0.045760
2.812507	0.035360
2.816667	0.035360
2.820827	0.035360
2.822907	0.045760
2.824987	0.047840
2.824987	0.052000
2.827067	0.054080
2.839547	0.043680
2.843707	0.045760
2.849947	0.043680
2.852027	0.045760
2.854107	0.049920
2.858267	0.049920
2.862427	0.052000
2.874907	0.043680
2.879067	0.043680
2.883227	0.043680
2.887387	0.041600
2.887387	0.047840
2.889467	0.049920
2.895707	0.049920
2.899867	0.049920
2.904027	0.047840
2.910267	0.049920
2.914427	0.049920
2.920667	0.047840
2.924827	0.045760
2.928987	0.043680
2.933147	0.047840
2.935227	0.049920
2.941467	0.049920
2.941467	0.052000
2.945627	0.049920
2.951867	0.052000
2.956027	0.054080
2.958107	0.054080
2.966427	0.047840
2.970587	0.045760
2.974747	0.052000
2.976827	0.054080
2.978907	0.056160
2.987227	0.049920
2.991387	0.047840
2.997627	0.049920
2.999707	0.054080
3.001787	0.054080
3.001787	0.056160
3.010107	0.049920
3.016347	0.054080
3.018427	0.058240
3.020507	0.058240
3.022587	0.058240
3.032987	0.049920
3.037147	0.058240
3.041307	0.060320
3.043387	0.060320
3.045467	0.060320
3.053787	0.054080
3.066267	0.049920
3.076667	0.041600
3.082907	0.037440
3.084987	0.039520
3.087067	0.043680
3.089147	0.045760
3.101627	0.037440
3.107867	0.033280
3.109947	0.033280
3.112027	0.037440
3.114107	0.039520
3.122427	0.033280
3.124507	0.033280
3.126587	0.033280
3.159867	0.018720
3.161947	0.018720
3.164027	0.018720
3.366107	0.016320
3.388667	0.018720
3.388667	0.022880
3.413627	0.014560
3.413627	0.018720
3.417787	0.018720
3.417787	0.033280
3.417787	0.029120
3.434427	0.020800
3.438587	0.020800
3.457307	0.020800
3.461467	0.020800
3.461467	0.024960
3.465627	0.035360
3.484347	0.037440
3.488507	0.037440
3.492667	0.035360
3.492667	0.037440
3.507227	0.033280
3.528027	0.031200
3.532187	0.029120
3.534267	0.029120
3.536347	0.029120
3.546747	0.029120
3.546747	0.031200
3.565467	0.014560
3.567547	0.029120
3.569627	0.060320
3.571707	0.062400
3.582107	0.054080
3.584187	0.027040
3.584187	0.056160
3.586267	0.060320
3.602907	0.047840
3.617467	0.037440
3.640347	0.031200
3.642427	0.031200
3.642427	0.074880
3.646587	0.072800
3.652827	0.068640
3.652827	0.039520
3.656987	0.068640
3.661147	0.068640
3.677787	0.054080
3.679867	0.054080
3.698587	0.043680
3.725627	0.047840
3.727707	0.047840
3.727707	0.049920
3.731867	0.047840
3.736027	0.052000
3.736027	0.054080
3.738107	0.054080
3.740187	0.054080
3.748507	0.047840
3.779707	0.022880
3.781787	0.022880
3.783867	0.052000
3.785947	0.052000
3.794267	0.045760
3.796347	0.045760
3.796347	0.052000
3.798427	0.052000
3.800507	0.054080
3.802587	0.056160
3.808827	0.052000
3.810907	0.052000
3.842107	0.029120
3.844187	0.029120
3.846267	0.043680
3.848347	0.029120
3.854587	0.027040
3.856667	0.029120
3.856667	0.035360
3.860827	0.037440
3.864987	0.047840
3.867067	0.052000
3.869147	0.054080
3.877467	0.049920
3.879547	0.139360
3.883707	0.058240
3.887867	0.060320
3.892027	0.060320
3.925307	0.099840
3.929467	0.097760
3.933627	0.037440
3.948187	0.083200
3.954427	0.081120
4.025147	0.037440
4.025147	0.039520
4.031387	0.043680
4.033467	0.043680
4.033467	0.045760
4.037627	0.043680
4.041787	0.041600
4.068827	0.018720
4.070907	0.022880
4.081307	0.035360
4.083387	0.035360
4.083387	0.037440
4.085467	0.041600
4.087547	0.043680
4.089627	0.045760
4.093787	0.043680
4.100027	0.039520
4.122907	0.022880
4.124987	0.027040
4.127067	0.035360
4.127067	0.037440
4.133307	0.033280
4.137467	0.022880
4.141627	0.031200
4.143707	0.033280
4.145787	0.033280
4.152027	0.049920
4.158267	0.033280
4.166587	0.027040
4.170747	0.033280
4.170747	0.035360
4.172827	0.035360
4.172827	0.039520
4.179067	0.037440
4.183227	0.035360
4.185307	0.035360
4.197787	0.024960
4.199867	0.045760
4.208187	0.039520
4.210267	0.185120
4.212347	0.185120
4.214427	0.185120
4.218587	0.052000
4.222747	0.049920
4.224827	0.049920
4.224827	0.178880
4.226907	0.178880
4.228987	0.068640
4.251867	0.047840
4.253947	0.047840
4.276827	0.131040
4.278907	0.131040
4.280987	0.043680
4.412027	0.018720
4.412027	0.020800
4.412027	0.035360
4.412027	0.037440
4.414107	0.037440
4.416187	0.037440
4.436987	0.018720
4.439067	0.033280
4.439067	0.035360
4.453627	0.022880
4.455707	0.022880
4.457787	0.022880
4.459867	0.039520
4.461947	0.039520
4.478587	0.024960
4.480667	0.024960
4.480667	0.027040
4.482747	0.027040
4.484827	0.031200
4.486907	0.024960
4.505627	0.012480
4.507707	0.164320
4.509787	0.164320
4.511867	0.164320
4.513947	0.164320
4.513947	0.047840
4.516027	0.164320
4.518107	0.166400
4.522267	0.164320
4.524347	0.164320
4.568027	0.124800
4.680347	0.024960
4.682427	0.024960
4.684507	0.024960
4.684507	0.027040
4.686587	0.027040
4.690747	0.024960
4.692827	0.037440
4.692827	0.039520
4.694907	0.039520
4.699067	0.037440
4.711547	0.027040
4.713627	0.037440
4.715707	0.037440
4.717787	0.037440
4.719867	0.037440
4.721947	0.037440
4.736507	0.039520
4.738587	0.039520
4.738587	0.041600
4.740667	0.041600
4.742747	0.041600
4.744827	0.041600
4.757307	0.047840
4.759387	0.047840
4.761467	0.047840
4.763547	0.047840
4.765627	0.047840
4.782267	0.033280
4.784347	0.033280
4.786427	0.033280
4.788507	0.033280
4.788507	0.035360
4.790587	0.035360
4.792667	0.160160
4.811387	0.143520
4.813467	0.143520
4.815547	0.143520
4.817627	0.052000
4.819707	0.141440
4.821787	0.143520
4.823867	0.143520
4.825947	0.143520
4.828027	0.062400
4.830107	0.062400
4.830107	0.141440
4.832187	0.143520
4.875867	0.101920
4.896667	0.085280
4.898747	0.085280
4.975707	0.035360
4.975707	0.037440
4.975707	0.039520
4.977787	0.041600
4.981947	0.039520
4.984027	0.039520
4.984027	0.041600
4.988187	0.039520
4.990267	0.049920
5.019387	0.039520
5.021467	0.039520
5.025627	0.037440
5.027707	0.037440
5.029787	0.041600
5.031867	0.045760
5.031867	0.047840
5.033947	0.047840
5.046427	0.037440
5.065147	0.027040
5.067227	0.027040
5.069307	0.031200
5.071387	0.045760
5.077627	0.041600
5.083867	0.022880
5.085947	0.024960
5.088027	0.037440
5.088027	0.039520
5.090107	0.039520
5.098427	0.037440
5.100507	0.039520
5.106747	0.035360
5.112987	0.031200
5.117147	0.029120
5.125467	0.043680
5.125467	0.045760
5.131707	0.041600
5.133787	0.260000
5.135867	0.260000
5.142107	0.054080
5.142107	0.056160
5.146267	0.054080
5.148347	0.054080
5.150427	0.247520
5.152507	0.070720
5.175387	0.052000
5.177467	0.052000
5.179547	0.052000
5.202427	0.197600
5.204507	0.052000
5.206587	0.054080
5.262747	0.139360
5.404187	0.079040
5.404187	0.081120
5.404187	0.083200
5.406267	0.083200
5.406267	0.085280
5.408347	0.085280
5.489467	0.012480
5.491547	0.022880
5.493627	0.022880
5.493627	0.024960
5.495707	0.024960
5.497787	0.024960
5.499867	0.035360
5.508187	0.029120
5.520667	0.018720
5.522747	0.018720
5.524827	0.018720
5.524827	0.031200
5.526907	0.031200
5.528987	0.031200
5.541467	0.020800
5.543547	0.020800
5.545627	0.031200
5.547707	0.031200
5.549787	0.031200
5.562267	0.020800
5.564347	0.020800
5.564347	0.033280
5.566427	0.033280
5.568507	0.033280
5.570587	0.033280
5.583067	0.022880
5.585147	0.033280
5.587227	0.033280
5.589307	0.033280
5.591387	0.033280
5.603867	0.022880
5.603867	0.035360
5.605947	0.035360
5.608027	0.035360
5.610107	0.035360
5.612187	0.035360
5.624667	0.035360
5.626747	0.035360
5.628827	0.035360
5.630907	0.035360
5.632987	0.035360
5.645467	0.035360
5.647547	0.035360
5.647547	0.037440
5.649627	0.037440
5.651707	0.039520
5.653787	0.039520
5.666267	0.031200
5.668347	0.041600
5.670427	0.043680
5.672507	0.045760
5.674587	0.045760
5.687067	0.037440
5.689147	0.039520
5.691227	0.039520
5.691227	0.045760
5.693307	0.054080
5.697467	0.045760
5.699547	0.054080
5.703707	0.052000
5.716187	0.047840
5.720347	0.049920
5.724507	0.041600
5.726587	0.041600
5.730747	0.045760
5.734907	0.043680
5.736987	0.047840
5.743227	0.047840
5.749467	0.045760
5.753627	0.047840
5.753627	0.054080
5.759867	0.052000
5.761947	0.041600
5.770267	0.049920
5.772347	0.049920
5.774427	0.049920
5.776507	0.052000
5.782747	0.047840
5.784827	0.047840
5.791067	0.043680
5.797307	0.058240
5.801467	0.056160
5.807707	0.054080
5.809787	0.054080
5.818107	0.047840
5.818107	0.049920
5.826427	0.043680
5.826427	0.045760
5.828507	0.045760
5.830587	0.045760
5.834747	0.076960
5.836827	0.076960
5.838907	0.108160
5.840987	0.108160
5.861787	0.089440
5.863867	0.089440
5.868027	0.087360
5.870107	0.101920
5.872187	0.101920
5.874267	0.101920
5.876347	0.101920
5.878427	0.101920
5.880507	0.114400
5.880507	0.116480
5.882587	0.116480
5.917947	0.083200
5.920027	0.083200
5.953307	0.060320
5.955387	0.060320
5.957467	0.060320
5.959547	0.060320
5.961627	0.060320
5.978267	0.049920
5.980347	0.049920
5.982427	0.049920
5.984507	0.049920
5.986587	0.049920
6.001147	0.039520
6.003227	0.039520
6.003227	0.041600
6.005307	0.041600
6.007387	0.041600
6.009467	0.041600
6.019867	0.033280
6.021947	0.033280
6.024027	0.033280
6.026107	0.033280
6.028187	0.035360
6.034427	0.031200
6.036507	0.064480
6.038587	0.064480
6.040667	0.064480
6.042747	0.064480
6.046907	0.062400
6.048987	0.062400
6.051067	0.062400
6.053147	0.062400
6.053147	0.064480
6.055227	0.064480
6.057307	0.064480
6.059387	0.064480
6.061467	0.064480
6.063547	0.185120
6.065627	0.185120
6.069787	0.183040
6.071867	0.183040
6.107227	0.149760
6.109307	0.164320
6.111387	0.164320
6.113467	0.164320
6.115547	0.164320
6.117627	0.164320
6.119707	0.176800
6.121787	0.176800
6.123867	0.176800
6.123867	0.178880
6.125947	0.178880
6.128027	0.191360
6.130107	0.191360
6.132187	0.191360
6.254907	0.070720
6.256987	0.070720
6.259067	0.079040
6.261147	0.079040
6.263227	0.079040
6.279867	0.064480
6.281947	0.064480
6.284027	0.070720
6.286107	0.070720
6.288187	0.070720
6.302747	0.058240
6.304827	0.058240
6.306907	0.058240
6.308987	0.058240
6.308987	0.060320
6.311067	0.060320
6.325627	0.047840
6.327707	0.049920
6.329787	0.049920
6.331867	0.049920
6.333947	0.049920
6.344347	0.041600
6.346427	0.041600
6.348507	0.041600
6.350587	0.041600
6.352667	0.041600
6.360987	0.035360
6.363067	0.037440
6.365147	0.037440
6.367227	0.037440
6.369307	0.037440
6.371387	0.066560
6.373467	0.170560
6.375547	0.170560
6.377627	0.170560
6.377627	0.172640
6.379707	0.172640
6.383867	0.185120
6.388027	0.183040
6.390107	0.183040
6.392187	0.183040
6.394267	0.183040
6.396347	0.189280
6.398427	0.189280
6.400507	0.189280
6.402587	0.189280
6.406747	0.187200
6.408827	0.191360
6.410907	0.191360
6.412987	0.191360
6.444187	0.162240
6.550267	0.058240
6.552347	0.058240
6.554427	0.058240
6.556507	0.058240
6.558587	0.058240
6.575227	0.043680
6.581467	0.041600
6.629307	0.031200
6.629307	0.033280
6.629307	0.035360
6.629307	0.037440
6.629307	0.039520
6.629307	0.041600
6.629307	0.043680
6.629307	0.095680
6.629307	0.097760
6.629307	0.099840
6.666747	0.064480
6.668827	0.064480
6.670907	0.064480
6.672987	0.064480
6.675067	0.064480
6.677147	0.064480
6.679227	0.064480
6.731227	0.054080
6.733307	0.054080
6.735387	0.058240
6.735387	0.060320
6.737467	0.060320
6.739547	0.060320
6.741627	0.060320
6.743707	0.101920
6.745787	0.101920
6.747867	0.101920
6.749947	0.101920
6.791547	0.062400
6.793627	0.074880
6.799867	0.070720
6.801947	0.070720
6.801947	0.072800
6.804027	0.072800
6.806107	0.089440
6.808187	0.089440
6.851867	0.049920
6.853947	0.052000
6.856027	0.054080
6.858107	0.060320
6.860187	0.060320
6.874747	0.052000
6.876827	0.054080
6.878907	0.054080
6.880987	0.058240
6.883067	0.058240
6.883067	0.062400
6.901787	0.049920
6.903867	0.052000
6.908027	0.054080
6.912187	0.054080
6.916347	0.054080
6.924667	0.049920
6.926747	0.052000
6.932987	0.049920
6.937147	0.049920
6.939227	0.052000
6.945467	0.049920
6.947547	0.052000
6.951707	0.054080
6.951707	0.058240
6.957947	0.056160
6.962107	0.056160
6.968347	0.054080
6.972507	0.054080
6.976667	0.054080
6.980827	0.054080
6.984987	0.054080
6.989147	0.054080
6.993307	0.056160
6.997467	0.056160
7.001627	0.056160
7.005787	0.056160
7.012027	0.054080
7.016187	0.068640
7.020347	0.068640
7.020347	0.072800
7.024507	0.072800
7.032827	0.068640
7.068187	0.041600
7.072347	0.039520
7.091067	0.031200
7.095227	0.064480
7.099387	0.064480
7.099387	0.029120
7.103547	0.029120
7.107707	0.029120
7.116027	0.052000
7.118107	0.054080
7.378427	0.024640
7.409307	0.018720
7.409307	0.022880
7.434267	0.041600
7.434267	0.043680
7.438427	0.043680
7.438427	0.045760
7.482107	0.049920
7.484187	0.052000
7.488347	0.052000
7.490427	0.054080
7.490427	0.058240
7.490427	0.062400
7.490427	0.064480
7.538267	0.018720
7.542427	0.018720
7.554907	0.020800
7.559067	0.029120
7.561147	0.020800
7.563227	0.022880
7.567387	0.022880
7.567387	0.024960
7.581947	0.018720
7.588187	0.016640
7.592347	0.016640
7.594427	0.018720
7.596507	0.020800
7.598587	0.022880
7.606907	0.029120
7.611067	0.058240
7.615227	0.058240
7.615227	0.062400
7.619387	0.031200
7.623547	0.060320
7.627707	0.060320
7.642267	0.052000
7.656827	0.039520
7.679707	0.027040
7.683867	0.027040
7.683867	0.074880
7.683867	0.079040
7.690107	0.074880
7.694267	0.035360
7.700507	0.066560
7.702587	0.066560
7.712987	0.062400
7.717147	0.060320
7.735867	0.049920
7.769147	0.041600
7.771227	0.041600
7.771227	0.043680
7.771227	0.045760
7.773307	0.049920
7.775387	0.052000
7.781627	0.049920
7.783707	0.049920
7.792027	0.043680
7.816987	0.024960
7.819067	0.024960
7.821147	0.024960
7.823227	0.052000
7.823227	0.056160
7.829467	0.022880
7.833627	0.049920
7.837787	0.049920
7.839867	0.052000
7.841947	0.052000
7.848187	0.052000
7.850267	0.052000
7.852347	0.052000
7.858587	0.047840
7.885627	0.024960
7.885627	0.029120
7.885627	0.031200
7.889787	0.029120
7.893947	0.027040
7.898107	0.033280
7.900187	0.052000
7.906427	0.047840
7.908507	0.047840
7.910587	0.047840
7.912667	0.047840
7.916827	0.060320
7.920987	0.058240
7.923067	0.058240
7.925147	0.058240
7.925147	0.060320
7.927227	0.072800
7.937627	0.064480
7.958427	0.045760
7.960507	0.045760
7.962587	0.045760
7.964667	0.056160
7.966747	0.058240
7.983387	0.043680
7.985467	0.043680
7.987547	0.043680
7.989627	0.052000
7.991707	0.054080
7.991707	0.056160
8.006267	0.043680
8.008347	0.043680
8.010427	0.052000
8.012507	0.056160
8.014587	0.056160
8.027067	0.045760
8.031227	0.043680
8.033307	0.052000
8.035387	0.054080
8.037467	0.054080
8.047867	0.045760
8.052027	0.043680
8.054107	0.052000
8.056187	0.056160
8.056187	0.058240
8.058267	0.058240
8.068667	0.049920
8.074907	0.052000
8.076987	0.056160
8.079067	0.056160
8.081147	0.056160
8.091547	0.047840
8.095707	0.056160
8.097787	0.058240
8.099867	0.058240
8.101947	0.058240
8.112347	0.049920
8.118587	0.074880
8.120667	0.076960
8.120667	0.079040
8.122747	0.079040
8.124827	0.079040
8.143547	0.066560
8.164347	0.047840
8.166427	0.047840
8.168507	0.047840
8.199707	0.064480
8.203867	0.024960
8.205947	0.024960
8.208027	0.029120
8.208027	0.064480
8.210107	0.066560
8.216347	0.024960
8.218427	0.068640
8.220507	0.070720
8.282907	0.022880
8.293307	0.014560
8.497467	0.014240
8.517947	0.020800
8.517947	0.024960
8.544987	0.016640
8.544987	0.022880
8.544987	0.027040
8.549147	0.029120
8.567867	0.027040
8.574107	0.022880
8.578267	0.024960
8.578267	0.031200
8.578267	0.039520
8.578267	0.049920
8.584507	0.047840
8.601147	0.037440
8.624027	0.060320
8.624027	0.062400
8.634427	0.029120
8.638587	0.049920
8.644827	0.047840
8.669787	0.027040
8.692667	0.024960
8.692667	0.029120
8.692667	0.033280
8.694747	0.035360
8.698907	0.037440
8.703067	0.035360
8.723867	0.016640
8.728027	0.016640
8.732187	0.016640
8.736347	0.016640
8.736347	0.022880
8.742587	0.018720
8.744667	0.031200
8.746747	0.033280
8.750907	0.101920
8.755067	0.104000
8.759227	0.037440
8.765467	0.035360
8.765467	0.095680
8.767547	0.095680
8.782107	0.085280
8.786267	0.027040
8.802907	0.070720
8.807067	0.068640
8.819547	0.058240
8.869467	0.068640
8.873627	0.014560
8.873627	0.068640
8.879867	0.064480
8.881947	0.068640
8.884027	0.070720
8.894427	0.064480
8.948507	0.029120
8.948507	0.031200
8.950587	0.031200
8.956827	0.027040
8.960987	0.029120
8.965147	0.027040
8.983867	0.031200
8.985947	0.031200
8.988027	0.031200
8.988027	0.033280
8.990107	0.033280
8.996347	0.029120
8.998427	0.029120
9.021307	0.029120
9.023387	0.029120
9.025467	0.029120
9.027547	0.029120
9.027547	0.031200
9.029627	0.033280
9.031707	0.029120
9.033787	0.031200
9.056667	0.230880
9.058747	0.230880
9.060827	0.230880
9.062907	0.230880
9.064987	0.045760
9.067067	0.228800
9.069147	0.228800
9.069147	0.230880
9.071227	0.230880
9.116987	0.187200
9.271227	0.035040
9.293787	0.014560
9.293787	0.016640
9.295867	0.056160
9.295867	0.058240
9.297947	0.058240
9.297947	0.060320
9.300027	0.041600
9.300027	0.062400
9.302107	0.068640
9.304187	0.074880
9.306267	0.074880
9.308347	0.079040
9.308347	0.081120
9.310427	0.083200
9.312507	0.083200
9.314587	0.083200
9.393627	0.020800
9.395707	0.020800
9.395707	0.022880
9.399867	0.020800
9.401947	0.020800
9.404027	0.031200
9.420667	0.016640
9.422747	0.016640
9.424827	0.016640
9.426907	0.027040
9.426907	0.029120
9.428987	0.029120
9.441467	0.018720
9.443547	0.018720
9.445627	0.029120
9.447707	0.029120
9.460187	0.018720
9.462267	0.018720
9.462267	0.020800
9.464347	0.031200
9.466427	0.031200
9.468507	0.031200
9.480987	0.020800
9.483067	0.020800
9.485147	0.031200
9.487227	0.031200
9.489307	0.031200
9.501787	0.020800
9.501787	0.022880
9.503867	0.033280
9.505947	0.033280
9.508027	0.033280
9.510107	0.033280
9.522587	0.022880
9.524667	0.033280
9.526747	0.033280
9.528827	0.033280
9.530907	0.033280
9.530907	0.035360
9.543387	0.035360
9.545467	0.035360
9.547547	0.035360
9.549627	0.035360
9.551707	0.035360
9.564187	0.035360
9.566267	0.035360
9.568347	0.035360
9.570427	0.035360
9.572507	0.035360
9.572507	0.047840
9.584987	0.037440
9.587067	0.039520
9.589147	0.039520
9.591227	0.039520
9.593307	0.039520
9.605787	0.039520
9.607867	0.041600
9.609947	0.043680
9.612027	0.043680
9.614107	0.043680
9.626587	0.033280
9.628667	0.035360
9.628667	0.041600
9.632827	0.043680
9.634907	0.043680
9.636987	0.043680
9.639067	0.047840
9.651547	0.039520
9.655707	0.043680
9.659867	0.041600
9.661947	0.041600
9.664027	0.043680
9.666107	0.047840
9.670267	0.056160
9.676507	0.056160
9.676507	0.058240
9.682747	0.054080
9.684827	0.056160
9.686907	0.064480
9.693147	0.049920
9.697307	0.047840
9.705627	0.062400
9.707707	0.064480
9.709787	0.064480
9.713947	0.064480
9.720187	0.060320
9.732667	0.049920
9.738907	0.045760
9.740987	0.045760
9.743067	0.079040
9.743067	0.081120
9.747227	0.079040
9.749307	0.079040
9.751387	0.079040
9.757627	0.087360
9.774267	0.072800
9.778427	0.070720
9.780507	0.070720
9.784667	0.068640
9.786747	0.076960
9.788827	0.076960
9.790907	0.076960
9.792987	0.076960
9.828347	0.043680
9.830427	0.049920
9.832507	0.049920
9.834587	0.049920
9.834587	0.052000
9.836667	0.052000
9.851227	0.039520
9.853307	0.039520
9.855387	0.039520
9.857467	0.039520
9.859547	0.039520
9.869947	0.033280
9.872027	0.033280
9.874107	0.033280
9.876187	0.033280
9.878267	0.068640
9.886587	0.024960
9.888667	0.024960
9.890747	0.058240
9.892827	0.058240
9.894907	0.058240
9.894907	0.060320
9.896987	0.060320
9.899067	0.060320
9.901147	0.060320
9.903227	0.060320
9.905307	0.060320
9.909467	0.058240
9.911547	0.058240
9.913627	0.058240
9.915707	0.058240
9.917787	0.058240
9.919867	0.058240
9.953147	0.054080
9.955227	0.054080
9.957307	0.054080
9.959387	0.183040
9.961467	0.183040
9.963547	0.183040
9.965627	0.183040
9.965627	0.185120
9.967707	0.199680
9.969787	0.199680
9.971867	0.199680
9.973947	0.199680
9.976027	0.199680
9.978107	0.212160
9.980187	0.212160
9.982267	0.212160
9.984347	0.212160
10.013467	0.185120
10.015547	0.201760
10.017627	0.201760
10.148667	0.072800
10.150747	0.072800
10.152827	0.072800
10.154907	0.081120
10.156987	0.081120
10.173627	0.066560
10.173627	0.068640
10.175707	0.068640
10.177787	0.074880
10.179867	0.074880
10.181947	0.074880
10.196507	0.062400
10.198587	0.062400
10.200667	0.062400
10.202747	0.062400
10.204827	0.062400
10.223547	0.045760
10.225627	0.045760
10.227707	0.047840
10.229787	0.047840
10.231867	0.047840
10.242267	0.039520
10.244347	0.039520
10.246427	0.039520
10.248507	0.039520
10.248507	0.041600
10.250587	0.041600
10.258907	0.035360
10.260987	0.037440
10.263067	0.037440
10.265147	0.037440
10.267227	0.070720
10.269307	0.070720
10.271387	0.178880
10.273467	0.178880
10.275547	0.178880
10.277627	0.178880
10.281787	0.176800
10.283867	0.189280
10.285947	0.189280
10.288027	0.189280
10.290107	0.189280
10.292187	0.189280
10.294267	0.199680
10.296347	0.199680
10.298427	0.199680
10.298427	0.201760
10.300507	0.201760
10.304667	0.212160
10.306747	0.212160
10.308827	0.212160
10.344187	0.178880
10.346267	0.178880
10.456507	0.079040
10.458587	0.079040
10.460667	0.079040
10.462747	0.079040
10.464827	0.079040
10.479387	0.072800
10.481467	0.072800
10.483547	0.072800
10.485627	0.072800
10.487707	0.072800
10.500187	0.062400
10.502267	0.062400
10.504347	0.062400
10.506427	0.062400
10.508507	0.062400
10.523067	0.052000
10.525147	0.052000
10.527227	0.052000
10.529307	0.052000
10.531387	0.052000
10.541787	0.043680
10.543867	0.043680
10.545947	0.043680
10.548027	0.043680
10.550107	0.043680
10.558427	0.039520
10.560507	0.039520
10.562587	0.039520
10.564667	0.039520
10.566747	0.039520
10.568827	0.187200
10.570907	0.187200
10.572987	0.187200
10.575067	0.187200
10.577147	0.187200
10.581307	0.199680
10.587547	0.195520
10.591707	0.193440
10.593787	0.193440
10.595867	0.193440
10.597947	0.205920
10.600027	0.205920
10.604187	0.203840
10.606267	0.203840
10.608347	0.203840
10.610427	0.220480
10.612507	0.220480
10.762267	0.072800
10.764347	0.072800
10.766427	0.072800
10.768507	0.085280
10.770587	0.085280
10.787227	0.070720
10.793467	0.066560
11.136267	0.060720
11.203227	0.031200
11.203227	0.033280
11.240667	0.022880
11.240667	0.024960
11.240667	0.027040
11.242747	0.027040
11.269787	0.035360
11.271867	0.035360
11.271867	0.037440
11.273947	0.037440
11.276027	0.037440
11.311387	0.029120
11.313467	0.029120
11.315547	0.029120
11.317627	0.029120
11.317627	0.031200
11.319707	0.031200
11.346747	0.012480
11.348827	0.122720
11.350907	0.124800
11.352987	0.124800
11.355067	0.124800
11.355067	0.043680
11.357147	0.124800
11.365467	0.120640
11.404987	0.083200
11.481947	0.035360
11.484027	0.035360
11.486107	0.035360
11.486107	0.037440
11.488187	0.037440
11.492347	0.035360
11.492347	0.039520
11.494427	0.039520
11.523547	0.037440
11.525627	0.037440
11.527707	0.037440
11.529787	0.037440
11.531867	0.037440
11.533947	0.037440
11.538107	0.035360
11.538107	0.037440
11.540187	0.047840
11.567227	0.027040
11.569307	0.027040
11.571387	0.027040
11.573467	0.027040
11.575547	0.029120
11.577627	0.031200
11.579707	0.035360
11.581787	0.035360
11.594267	0.024960
11.594267	0.031200
11.600507	0.029120
11.602587	0.033280
11.604667	0.033280
11.606747	0.033280
11.610907	0.035360
11.615067	0.035360
11.621307	0.035360
11.623387	0.035360
11.625467	0.035360
11.631707	0.035360
11.631707	0.039520
11.635867	0.039520
11.642107	0.035360
11.644187	0.035360
11.646267	0.052000
11.652507	0.124800
11.656667	0.124800
11.662907	0.120640
11.664987	0.120640
11.667067	0.052000
11.673307	0.116480
11.677467	0.114400
11.681627	0.114400
11.681627	0.116480
11.683707	0.052000
11.685787	0.116480
11.704507	0.101920
11.725307	0.085280
11.741947	0.070720
11.789787	0.024960
11.791867	0.024960
11.791867	0.027040
11.796027	0.027040
11.798107	0.049920
11.802267	0.024960
11.804347	0.049920
11.804347	0.054080
11.808507	0.054080
11.808507	0.058240
11.812667	0.056160
11.816827	0.054080
11.818907	0.054080
11.820987	0.054080
11.823067	0.054080
11.825147	0.054080
11.829307	0.052000
11.833467	0.049920
11.854267	0.031200
11.860507	0.058240
11.864667	0.029120
11.868827	0.052000
11.872987	0.049920
11.875067	0.049920
11.875067	0.052000
11.877147	0.054080
11.879227	0.054080
11.881307	0.054080
11.883387	0.054080
11.885467	0.054080
11.887547	0.064480
11.889627	0.064480
11.891707	0.064480
11.900027	0.058240
11.924987	0.052000
11.927067	0.058240
11.929147	0.058240
11.931227	0.058240
11.933307	0.064480
11.937467	0.062400
11.939547	0.070720
11.939547	0.072800
11.941627	0.072800
11.943707	0.072800
11.945787	0.072800
11.958267	0.068640
11.960347	0.068640
11.962427	0.068640
11.964507	0.068640
11.983227	0.052000
11.991547	0.052000
11.993627	0.052000
11.995707	0.052000
