0.100000	0.000000
0.112560	0.010427
0.112560	0.004160
0.135547	-0.006347
0.135547	0.004160
0.139707	0.004160
0.139707	0.016640
0.156347	-0.010400
0.156347	0.004160
0.160507	0.006240
0.160507	0.002080
0.168827	-0.006240
0.168827	0.002080
0.185467	0.012480
0.185467	-0.020800
0.191707	-0.002080
0.191707	0.010400
0.195867	0.008320
0.195867	0.004160
0.206267	-0.004160
0.206267	0.004160
0.208347	0.004160
0.208347	0.004160
0.210427	0.006240
0.210427	0.010400
0.212507	0.002080
0.212507	0.004160
0.220827	-0.004160
0.224987	0.000000
0.235387	0.000139
0.272827	-0.001560
0.281147	-0.004160
0.281147	0.002080
0.291547	-0.006240
0.295707	0.010400
0.299867	-0.002080
0.304027	-0.002080
0.308187	-0.002080
0.316507	-0.006240
0.333147	-0.004160
0.335227	0.000000
0.335227	0.002080
0.339387	-0.002080
0.353947	0.064480
0.356027	-0.066560
0.358107	-0.000000
0.360187	0.062400
0.362267	-0.000000
0.374747	-0.010400
0.376827	-0.058240
0.378907	0.056160
0.380987	0.000000
0.380987	0.002080
0.395547	-0.012480
0.397627	-0.000000
0.410107	0.000945
0.468347	-0.002947
0.470427	0.000000
0.470427	0.002080
0.472507	0.000000
0.474587	0.000000
0.476667	-0.000000
0.478747	0.022880
0.503707	-0.022880
0.505787	0.000000
0.505787	0.002080
0.507867	0.000000
0.509947	0.000000
0.512027	0.016640
0.536987	-0.002080
0.539067	0.000000
0.541147	-0.000000
0.543227	0.000000
0.545307	0.002080
0.545307	0.022880
0.547387	0.002080
0.566107	-0.014560
0.588987	-0.014560
0.591067	0.139360
0.593147	-0.126880
0.595227	0.004160
0.599387	0.000000
0.622267	-0.020800
0.622267	0.114400
0.626427	-0.093600
0.630587	-0.002080
0.638907	-0.006240
0.655547	0.070720
0.661787	-0.004160
0.665947	0.007072
0.782427	-0.000378
0.782427	0.002080
0.782427	0.002080
0.784507	0.000000
0.786587	0.000000
0.832347	-0.027040
0.834427	-0.000000
0.836507	0.002080
0.836507	0.002080
0.838587	0.000000
0.840667	0.000000
0.859387	-0.006240
0.861467	0.000000
0.865627	-0.002080
0.867707	0.000000
0.869787	0.010400
0.869787	0.002080
0.871867	0.000000
0.884347	-0.010400
0.886427	0.000000
0.888507	0.010400
0.890587	0.000000
0.903067	-0.010400
0.905147	-0.000000
0.905147	0.002080
0.907227	0.010400
0.909307	0.000000
0.911387	0.000000
0.923867	-0.010400
0.925947	0.002080
0.928027	-0.000000
0.930107	0.010400
0.932187	0.000000
0.944667	-0.010400
0.944667	0.004160
0.946747	0.002080
0.948827	0.000000
0.950907	0.000000
0.955067	0.008320
0.957147	0.002080
0.969627	-0.008320
0.971707	0.002080
0.973787	0.002080
0.977947	-0.002080
0.977947	0.002080
0.982107	0.000000
0.984187	0.002080
0.986267	0.002080
0.998747	-0.008320
1.002907	0.000000
1.007067	0.000000
1.011227	-0.000000
1.015387	0.000000
1.017467	0.002080
1.019547	0.002080
1.023707	0.002080
1.023707	0.004160
1.027867	-0.000000
1.032027	0.000000
1.036187	0.000000
1.040347	0.004160
1.044507	0.000000
1.048667	0.000000
1.052827	0.000000
1.056987	0.000000
1.061147	0.006240
1.067387	-0.000000
1.071547	0.000000
1.071547	0.064480
1.075707	-0.062400
1.079867	0.000000
1.084027	-0.000000
1.092347	0.002080
1.096507	0.037440
1.100667	-0.043680
1.104827	-0.002080
1.108987	0.000000
1.119387	-0.006240
1.125627	-0.002080
1.129787	0.002080
1.136027	-0.004160
1.140187	-0.002080
1.144347	0.000160
1.171387	0.000149
1.177627	-0.002080
1.179707	0.000000
1.181787	0.000000
1.196347	-0.012480
1.196347	0.018720
1.212987	-0.012480
1.217147	-0.002080
1.217147	0.002080
1.219227	0.000000
1.221307	0.024960
1.223387	-0.027040
1.242107	0.014560
1.246267	-0.002080
1.248347	0.000000
1.250427	0.000000
1.252507	0.002080
1.252507	0.002080
1.254587	0.000000
1.279547	-0.022880
1.287867	0.020800
1.289947	0.002080
1.292027	-0.000000
1.294107	0.000000
1.298267	-0.002080
1.300347	0.000000
1.302427	0.000000
1.302427	0.002080
1.304507	-0.000000
1.333627	0.004160
1.337787	-0.002080
1.339867	0.037440
1.341947	0.000000
1.344027	-0.000000
1.346107	0.000000
1.348187	0.000000
1.350267	0.016640
1.350267	0.002080
1.352347	0.000000
1.385627	-0.031200
1.387707	0.000000
1.427227	-0.027040
1.429307	-0.000000
1.431387	0.000000
1.433467	-0.000000
1.435547	0.002080
1.454267	-0.008320
1.456347	-0.000000
1.458427	0.000000
1.458427	0.002080
1.460507	-0.000000
1.462587	0.000000
1.475067	-0.010400
1.477147	-0.000000
1.479227	0.000000
1.481307	0.041600
1.485467	-0.043680
1.495867	0.031200
1.497947	0.000000
1.500027	0.000000
1.502107	0.000000
1.502107	0.002080
1.504187	0.000000
1.506267	0.000000
1.508347	-0.000000
1.510427	0.000000
1.512507	-0.000000
1.516667	-0.002080
1.556187	-0.037440
1.558267	0.027040
1.560347	0.000000
1.562427	0.000000
1.564507	-0.000000
1.566587	0.000000
1.568667	0.000000
1.570747	0.000000
1.570747	0.002080
1.572827	0.000000
1.574907	-0.000000
1.576987	0.000000
1.579067	0.000000
1.581147	0.112320
1.610267	-0.027040
1.612347	0.000000
1.614427	-0.000000
1.616507	0.000000
1.618587	0.012480
1.620667	0.000000
1.622747	0.000000
1.624827	0.000000
1.624827	0.002080
1.626907	0.010400
1.628987	0.000000
1.631067	0.000000
1.633147	0.000000
1.747547	-0.112320
1.749627	0.014560
1.751707	0.000000
1.753787	-0.000000
1.755867	0.000000
1.770427	-0.012480
1.772507	0.008320
1.774587	0.000000
1.776667	0.000000
1.778747	0.000000
1.791227	-0.010400
1.791227	0.008320
1.793307	-0.000000
1.795387	0.000000
1.797467	0.000000
1.799547	-0.000000
1.816187	-0.014560
1.818267	0.000000
1.820347	0.000000
1.822427	0.000000
1.824507	0.000000
1.834907	-0.006240
1.836987	0.000000
1.839067	0.000000
1.841147	0.000000
1.843227	0.000000
1.851547	-0.006240
1.851547	0.002080
1.853627	0.000000
1.855707	0.035360
1.857787	-0.000000
1.859867	0.000000
1.861947	-0.000000
1.864027	0.000000
1.866107	0.000000
1.868187	-0.000000
1.870267	0.126880
1.874427	-0.002080
1.876507	0.000000
1.878587	0.000000
1.880667	-0.000000
1.882747	0.012480
1.884827	0.000000
1.886907	0.000000
1.888987	-0.000000
1.888987	0.002080
1.926427	-0.024960
1.928507	0.000000
1.930587	-0.000000
1.932667	0.000000
1.934747	0.000000
1.936827	0.014560
1.938907	0.000000
2.067867	-0.126880
2.069947	0.000000
2.072027	0.000000
2.074107	0.010400
2.076187	0.000000
2.090747	-0.012480
2.092827	-0.000000
2.094907	0.000000
2.096987	0.006240
2.099067	0.000000
2.099067	0.002080
2.111547	-0.010400
2.113627	-0.000000
2.115707	0.000000
2.117787	0.000000
2.119867	-0.000000
2.136507	-0.014560
2.138587	0.000000
2.140667	0.002080
2.142747	0.000000
2.144827	0.000000
2.157307	-0.010400
2.159387	0.000000
2.161467	0.000000
2.163547	0.000000
2.165627	0.000000
2.173947	-0.006240
2.176027	0.000000
2.178107	0.002080
2.180187	-0.000000
2.180187	0.002080
2.182267	0.000000
2.184347	0.037440
2.186427	0.114400
2.188507	0.000000
2.190587	0.000000
2.192667	-0.000000
2.196827	-0.002080
2.198907	0.012480
2.200987	0.000000
2.207227	-0.001387
2.209307	0.000000
2.211387	-0.000000
2.213467	0.004160
2.215547	0.000000
2.219707	-0.002080
2.221787	0.000000
2.223867	0.000000
2.223867	0.006240
2.225947	0.000000
2.265467	-0.037440
2.381947	-0.114400
2.384027	0.000000
2.386107	0.000000
2.388187	0.000000
2.390267	0.000000
2.404827	-0.012480
2.406907	0.000000
2.413147	0.000109
2.816827	0.004000
2.864507	0.009423
2.864507	0.002080
3.091227	-0.145600
3.091227	0.002080
3.093307	0.000000
3.093307	0.002080
3.174427	-0.060320
3.174427	0.002080
3.176507	0.000000
3.178587	0.000000
3.180667	-0.000000
3.201467	-0.008320
3.203547	0.000000
3.205627	0.010400
3.205627	0.002080
3.207707	-0.000000
3.209787	0.000000
3.222267	-0.010400
3.224347	0.010400
3.236827	-0.010400
3.238907	-0.000000
3.238907	0.002080
3.240987	0.010400
3.243067	0.000000
3.245147	0.000000
3.257627	-0.010400
3.259707	0.000000
3.261787	0.010400
3.263867	0.000000
3.276347	-0.010400
3.276347	0.002080
3.278427	0.000000
3.280507	0.010400
3.282587	0.000000
3.284667	0.000000
3.297147	-0.010400
3.299227	-0.000000
3.301307	0.010400
3.303387	0.000000
3.303387	0.002080
3.305467	0.000000
3.317947	-0.010400
3.320027	0.010400
3.322107	0.000000
3.324187	0.000000
3.326267	-0.000000
3.338747	-0.010400
3.340827	0.010400
3.342907	0.000000
3.344987	0.000000
3.344987	0.002080
3.347067	0.002080
3.359547	-0.010400
3.361627	0.010400
3.363707	0.002080
3.365787	0.000000
3.367867	0.002080
3.380347	-0.008320
3.382427	0.000000
3.384507	0.000000
3.386587	0.004160
3.386587	0.002080
3.390747	0.000000
3.392827	0.002080
3.405307	-0.004160
3.409467	0.006240
3.411547	-0.006240
3.415707	0.004160
3.419867	-0.000000
3.421947	0.012480
3.424027	-0.008320
3.430267	-0.004160
3.432347	0.006240
3.436507	0.000000
3.436507	0.004160
3.440667	0.010400
3.448987	-0.004160
3.455227	-0.004160
3.459387	0.006240
3.463547	0.000000
3.467707	-0.016640
3.476027	-0.006240
3.478107	0.002080
3.482267	0.016640
3.486427	0.000000
3.490587	-0.000000
3.494747	-0.002080
3.509307	-0.010400
3.513467	-0.002080
3.515547	-0.000000
3.515547	0.024960
3.517627	0.000000
3.519707	0.000000
3.523867	0.000149
3.555067	-0.001664
3.559227	0.002080
3.561307	0.000000
3.563387	-0.000000
3.588347	0.008320
3.590427	0.002080
3.590427	-0.029120
3.592507	0.000000
3.594587	0.039520
3.607067	-0.010400
3.609147	0.002080
3.611227	0.010400
3.619547	-0.006240
3.621627	0.000000
3.648667	-0.024960
3.648667	0.006240
3.663227	-0.008320
3.665307	0.000000
3.665307	0.004160
3.669467	-0.000000
3.681947	-0.010400
3.684027	0.000000
3.686107	0.000000
3.688187	0.000000
3.694427	0.024960
3.700667	-0.004160
3.702747	0.004160
3.706907	-0.002080
3.706907	0.002080
3.711067	-0.002080
3.713147	-0.000000
3.715227	0.000000
3.717307	0.000000
3.719387	0.000000
3.750587	-0.029120
3.752667	0.037440
3.758907	-0.043680
3.760987	0.039520
3.763067	0.000000
3.763067	0.002080
3.765147	0.000000
3.767227	-0.000000
3.769307	0.000000
3.771387	0.000000
3.773467	-0.000000
3.775547	0.000000
3.777627	0.070720
3.815067	-0.035360
3.819227	-0.002080
3.821307	0.000000
3.823387	0.000000
3.825467	0.018720
3.827547	0.000000
3.827547	0.002080
3.829627	0.000000
3.831707	-0.000000
3.833787	0.012480
3.835867	0.000000
3.908667	-0.070720
3.910747	-0.000000
3.912827	0.000000
3.914907	0.010400
3.916987	0.000000
3.937787	-0.018720
3.939867	0.000000
3.941947	0.000000
3.941947	0.004160
3.944027	0.000000
3.946107	0.000000
3.960667	-0.012480
3.962747	0.000000
3.964827	0.002080
3.966907	-0.000000
3.968987	0.000000
3.981467	-0.010400
3.983547	0.029120
3.985627	-0.031200
3.987707	0.000000
3.989787	0.027040
3.993947	-0.002080
3.996027	-0.000000
3.996027	0.002080
3.998107	0.000000
4.000187	-0.000000
4.002267	0.000000
4.006427	-0.002080
4.008507	0.000000
4.010587	0.000000
4.012667	0.000000
4.014747	0.035360
4.016827	0.000000
4.043867	-0.024960
4.045947	-0.000000
4.048027	0.000000
4.050107	0.000000
4.052187	-0.000000
4.054267	0.112320
4.056347	0.000000
4.056347	0.002080
4.058427	0.000000
4.060507	-0.000000
4.062587	0.016640
4.064667	0.000000
4.066747	-0.000000
4.104187	-0.035360
4.106267	0.000000
4.108347	0.014560
4.110427	0.000000
4.112507	-0.000000
4.114587	0.000000
4.116667	0.000000
4.231067	-0.093600
4.233147	0.000000
4.235227	0.000000
4.237307	-0.000000
4.237307	0.002080
4.239387	0.012480
4.258107	-0.016640
4.260187	0.000000
4.262267	0.000000
4.264347	0.000000
4.266427	0.006240
4.283067	-0.014560
4.285147	0.000000
4.287227	0.000000
4.289307	-0.000000
4.291387	0.000000
4.312187	-0.018720
4.314267	-0.000000
4.316347	0.000000
4.318427	0.000000
4.320507	0.002080
4.320507	0.002080
4.335067	-0.012480
4.337147	0.000000
4.339227	0.000000
4.341307	0.000000
4.343387	0.000000
4.351707	-0.006240
4.353787	0.000000
4.355867	0.000000
4.357947	0.002080
4.360027	0.000000
4.362107	0.029120
4.364187	-0.000000
4.366267	0.000000
4.368347	0.089440
4.370427	0.000000
4.374587	-0.002080
4.376667	0.000000
4.378747	0.000000
4.378747	0.014560
4.380827	0.000000
4.382907	0.000000
4.384987	0.000000
4.387067	0.000000
4.389147	0.010400
4.391227	0.000000
4.393307	-0.000000
4.397467	-0.002080
4.399547	-0.000000
4.430747	-0.018720
4.432827	0.000000
4.434907	0.000000
4.526427	-0.089440
4.528507	0.000000
4.530587	0.008320
4.532667	0.000000
4.534747	0.000000
4.549307	-0.012480
4.549307	0.002080
4.551387	0.006240
4.553467	-0.000000
4.555547	0.000000
4.557627	0.000000
4.570107	-0.010400
4.572187	0.000000
4.574267	0.000000
4.576347	-0.000000
4.578427	0.000000
4.590907	-0.010400
4.592987	0.002080
4.595067	0.000000
4.597147	0.000000
4.599227	0.000000
4.609627	-0.008320
4.611707	0.000000
4.613787	0.000000
4.615867	0.000000
4.617947	0.000000
4.626267	-0.006240
4.626267	0.004160
4.628347	0.000000
4.630427	-0.000000
4.632507	0.029120
4.634587	0.000000
4.636667	0.122720
4.638747	0.000000
4.640827	0.000000
4.642907	-0.000000
4.644987	0.000000
4.649147	0.010400
4.651227	0.000000
4.653307	0.000000
4.655387	0.000000
4.657467	0.000000
4.659547	0.010400
4.661627	0.000000
4.663707	0.000000
4.667867	-0.001040
4.672027	-0.002080
4.674107	0.014560
4.676187	0.000000
4.707387	-0.029120
4.709467	0.000000
4.834267	-0.122720
4.836347	0.008320
4.838427	0.000000
4.840507	0.000000
4.842587	0.000000
4.857147	-0.012480
4.859227	0.006240
4.861307	0.000000
4.863387	0.000000
4.865467	0.000000
4.877947	-0.010400
4.880027	0.000000
4.882107	-0.000000
4.902907	0.000985
4.952827	-0.000312
4.952827	0.002080
4.952827	0.002080
4.952827	0.002080
4.952827	0.002080
4.952827	0.002080
4.952827	0.002080
4.952827	0.002080
4.952827	0.002080
4.952827	0.002080
4.996507	-0.008320
4.998587	0.000000
5.000667	-0.000000
5.002747	0.000000
5.004827	0.000000
5.006907	0.000000
5.008987	0.000000
5.011067	0.089440
5.013147	-0.000000
5.015227	0.000000
5.015227	0.002080
5.050587	-0.033280
5.052667	0.018720
5.054747	0.000000
5.056827	-0.000000
5.058907	0.000000
5.060987	0.000000
5.063067	0.018720
5.154587	-0.089440
5.156667	0.000000
5.158747	0.000000
5.160827	0.004160
5.160827	0.018720
5.162907	0.000000
5.183707	-0.018720
5.185787	0.000000
5.187867	0.000000
5.189947	0.014560
5.192027	0.000000
5.212827	-0.018720
5.214907	0.000000
5.216987	0.004160
5.219067	0.008320
5.225307	-0.004160
5.244027	-0.016640
5.246107	0.000000
5.246107	0.004160
5.248187	0.008320
5.250267	-0.000000
5.252347	0.002080
5.268987	-0.014560
5.271067	0.000000
5.273147	0.010400
5.275227	0.000000
5.281467	-0.002080
5.291867	-0.008320
5.293947	-0.000000
5.296027	0.008320
5.298107	-0.000000
5.302267	0.002080
5.302267	0.002080
5.312667	-0.006240
5.314747	0.006240
5.318907	-0.002080
5.320987	0.004160
5.323067	0.000000
5.335547	-0.008320
5.337627	0.014560
5.341787	-0.002080
5.343867	0.002080
5.345947	0.002080
5.358427	-0.002080
5.381307	-0.002773
5.387547	-0.002080
5.389627	0.004160
5.393787	-0.002080
5.410427	-0.014560
5.412507	0.002080
5.416667	0.000000
5.420827	0.002080
5.429147	-0.004160
5.435387	-0.002080
5.439547	-0.000260
5.472827	-0.000612
5.681147	0.000715
5.701627	0.006560
5.701627	0.004160
5.728667	-0.004160
5.728667	0.002080
5.732827	0.004160
5.755707	-0.008320
5.757787	0.000416
5.757787	0.006240
5.757787	0.006240
5.766107	-0.004160
5.780667	-0.002080
5.793147	-0.004160
5.799387	0.012480
5.803547	-0.014560
5.816027	0.004160
5.816027	0.008320
5.824347	-0.006240
5.832667	0.016640
5.843067	-0.029120
5.849307	0.020800
5.857627	0.000000
5.859707	0.000000
5.865947	-0.004160
5.884667	-0.014560
5.884667	0.006240
5.892987	0.004160
5.901307	-0.004160
5.903387	-0.000000
5.905467	0.004160
5.909627	0.000000
5.915867	-0.004160
5.915867	0.002080
5.928347	-0.010400
5.932507	0.016640
5.934587	0.101920
5.940827	-0.004160
5.944987	-0.002080
5.947067	-0.087360
5.949147	-0.000000
5.949147	0.002080
5.951227	0.083200
5.972027	-0.016640
5.994907	-0.016640
5.996987	0.000000
5.999067	0.000000
6.084347	-0.004992
6.084347	0.002080
6.088507	-0.002080
6.094747	-0.004160
6.096827	-0.000000
6.098907	0.000000
6.136347	-0.022880
6.138427	-0.000000
6.138427	0.002080
6.140507	0.004160
6.142587	0.004160
6.144667	0.004160
6.159227	-0.012480
6.161307	0.004160
6.163387	0.004160
6.163387	0.004160
6.169627	0.002080
6.175867	-0.004160
6.182107	-0.004160
6.184187	0.004160
6.190427	0.000000
6.196667	0.004160
6.200827	-0.002080
6.209147	-0.006240
6.209147	0.004160
6.211227	0.000000
6.213307	0.000000
6.219547	-0.004160
6.225787	-0.004160
6.236187	0.012480
6.238267	0.137280
6.240347	0.000000
6.244507	-0.002080
6.244507	-0.120640
6.246587	-0.000000
6.248667	0.118560
6.250747	0.002080
6.252827	-0.000000
6.275707	-0.128960
6.298587	0.087360
6.300667	0.000000
6.321467	0.001872
6.425467	-0.008509
6.427547	0.000000
6.427547	0.004160
6.431707	0.002080
6.431707	0.002080
6.433787	0.008320
6.435867	0.000000
6.448347	-0.010400
6.452507	0.002080
6.458747	0.000000
6.460827	0.008320
6.460827	-0.002080
6.471227	-0.004160
6.473307	0.002080
6.475387	0.004160
6.481627	-0.002080
6.487867	0.006240
6.496187	-0.006240
6.498267	0.000000
6.502427	-0.002080
6.506587	0.002080
6.506587	0.002080
6.512827	-0.004160
6.516987	-0.002080
6.529467	0.010400
6.531547	0.062400
6.533627	0.000000
6.535707	-0.000000
6.541947	-0.004160
6.544027	-0.056160
6.544027	0.002080
6.546107	0.054080
6.548187	0.004160
6.571067	-0.018720
6.587707	-0.014560
6.589787	0.000000
6.639707	-0.045760
6.641787	0.016640
6.641787	0.006240
6.641787	0.006240
6.645947	-0.002080
6.652187	-0.002080
6.656347	-0.002080
6.656347	0.002080
6.658427	0.000000
6.660507	0.000000
6.664667	-0.002080
6.683387	-0.012480
6.689627	-0.002080
6.695867	-0.004160
6.697947	0.000000
6.702107	-0.002080
6.704187	0.029120
6.706267	0.002080
6.706267	0.006240
6.708347	0.000000
6.710427	-0.000000
6.712507	0.000000
6.718747	-0.004160
6.722907	-0.002080
6.724987	0.000000
6.727067	0.000000
6.729147	-0.000000
6.760347	-0.029120
6.764507	0.002080
6.770747	-0.004160
6.772827	0.022880
6.772827	0.002080
6.774907	0.000000
6.776987	-0.000000
6.779067	0.000000
6.781147	0.000000
6.783227	-0.000000
6.785307	0.000000
6.787387	0.022880
6.789467	0.000000
6.795707	-0.004160
6.797787	0.000000
6.822747	-0.022880
6.824827	0.012480
6.824827	0.002080
6.826907	-0.000000
6.828987	0.000000
6.831067	0.004160
6.833147	0.006240
6.835227	0.002080
6.837307	0.002080
6.862267	-0.020800
6.864347	-0.000000
6.866427	0.006240
6.868507	0.000000
6.870587	0.002080
6.885147	-0.008320
6.887227	0.000000
6.887227	0.006240
6.889307	0.002080
6.891387	0.000000
6.897627	-0.002080
6.905947	-0.004160
6.910107	0.002080
6.914267	0.000000
6.918427	0.000000
6.920507	0.002080
6.928827	-0.004160
6.930907	0.002080
6.935067	0.000000
6.941307	-0.002080
6.943387	0.002080
6.949627	-0.002080
6.953787	0.002080
6.953787	0.004160
6.955867	0.002080
6.960027	-0.000000
6.964187	0.000000
6.970427	-0.002080
6.974587	0.000000
6.978747	-0.000000
6.982907	0.000000
6.987067	0.000000
6.991227	0.002080
6.995387	0.000000
6.999547	0.000000
7.003707	0.000000
7.007867	0.000000
7.014107	0.012480
7.018267	0.000000
7.018267	0.004160
7.022427	-0.000000
7.030747	-0.002080
7.061947	-0.003863
7.070267	-0.001040
7.074427	-0.002080
7.093147	-0.010400
7.097307	0.033280
7.101467	-0.039520
7.105627	0.000000
7.105627	0.004160
7.109787	0.000000
7.113947	0.027040
7.120187	0.001849
7.349307	-0.000160
7.378107	0.000320
7.378107	0.008320
7.407227	-0.012480
7.407227	0.004160
7.415547	0.002080
7.415547	0.002080
7.432187	0.014560
7.436347	0.002080
7.446747	-0.004160
7.446747	0.002080
7.448827	0.000000
7.480027	0.001387
7.480027	0.004160
7.480027	0.004160
7.480027	0.004160
7.486267	-0.002080
7.492507	-0.002080
7.540347	-0.039520
7.544507	0.006240
7.548667	-0.002080
7.552827	-0.002080
7.556987	-0.000000
7.556987	0.002080
7.565307	-0.004160
7.575707	-0.000000
7.577787	0.002080
7.579867	-0.004160
7.584027	0.002080
7.586107	0.002080
7.590267	0.000000
7.590267	0.004160
7.600667	-0.006240
7.602747	0.012480
7.604827	0.031200
7.608987	0.000000
7.613147	0.000000
7.617307	-0.031200
7.621467	0.029120
7.625627	0.000000
7.625627	0.004160
7.640187	-0.012480
7.654747	-0.004160
7.677627	-0.020800
7.681787	0.000000
7.681787	0.004160
7.688027	0.041600
7.692187	-0.039520
7.696347	-0.002080
7.698427	0.002080
7.708827	0.029120
7.708827	0.002080
7.710907	-0.035360
7.715067	0.002080
7.719227	0.029120
7.731707	-0.010400
7.733787	-0.000000
7.737947	-0.000416
7.779547	-0.001324
7.779547	0.002080
7.785787	-0.002080
7.787867	0.002080
7.789947	0.006240
7.798267	-0.006240
7.825307	-0.018720
7.827387	0.027040
7.831547	0.000000
7.835707	-0.031200
7.844027	0.022880
7.846107	0.002080
7.854427	-0.002080
7.860667	-0.004160
7.883547	-0.012480
7.887707	0.000000
7.887707	0.010400
7.891867	-0.002080
7.896027	-0.002080
7.902267	-0.004160
7.904347	0.002080
7.914747	-0.008320
7.918907	-0.002080
7.918907	0.002080
7.929307	0.012480
7.931387	0.199680
7.933467	0.000000
7.935547	0.000000
7.939707	-0.002080
7.941787	-0.185120
7.943867	0.183040
7.945947	-0.000000
7.968827	-0.020800
7.968827	0.002080
7.993787	-0.022880
8.168827	0.019218
8.170587	0.064800
8.170587	0.002080
8.172667	0.000000
8.172667	0.002080
8.174747	-0.037440
8.174747	0.037440
8.176827	0.002080
8.176827	0.004160
8.178907	0.000000
8.180987	-0.037440
8.183067	0.035360
8.185147	0.002080
8.185147	0.006240
8.187227	0.002080
8.189307	0.002080
8.226747	-0.033280
8.257947	-0.029120
8.260027	-0.000000
8.268347	-0.000891
8.272507	-0.002080
8.274587	-0.000000
8.301627	-0.010400
8.303707	0.000000
8.307867	-0.002080
8.307867	0.002080
8.309947	0.010400
8.326587	-0.014560
8.328667	0.000000
8.330747	0.010400
8.332827	0.000000
8.332827	0.002080
8.345307	-0.010400
8.347387	0.000000
8.349467	0.010400
8.361947	-0.010400
8.364027	0.000000
8.366107	0.000000
8.368187	0.010400
8.368187	0.002080
8.370267	0.000000
8.382747	-0.010400
8.384827	0.000000
8.386907	0.010400
8.388987	0.000000
8.401467	-0.010400
8.403547	0.000000
8.403547	0.002080
8.405627	0.010400
8.407707	0.000000
8.409787	0.000000
8.422267	-0.010400
8.424347	0.000000
8.426427	0.010400
8.428507	0.000000
8.430587	0.000000
8.443067	-0.010400
8.443067	0.002080
8.445147	0.010400
8.447227	0.000000
8.449307	0.000000
8.451387	-0.000000
8.463867	-0.010400
8.465947	0.010400
8.468027	0.000000
8.470107	0.002080
8.472187	0.000000
8.472187	0.002080
8.484667	-0.008320
8.486747	0.000000
8.488827	0.014560
8.490907	0.000000
8.492987	0.000000
8.505467	-0.008320
8.507547	0.002080
8.511707	0.000000
8.513787	-0.004160
8.515867	0.008320
8.520027	-0.002080
8.520027	0.004160
8.522107	0.004160
8.538747	-0.020800
8.540827	0.012480
8.542907	0.004160
8.547067	0.002080
8.551227	-0.008320
8.553307	0.000000
8.555387	0.012480
8.563707	-0.002080
8.565787	0.006240
8.569947	0.006240
8.572027	0.002080
8.576187	-0.002080
8.576187	0.006240
8.586587	-0.008320
8.592827	-0.004160
8.594907	0.000000
8.596987	-0.000000
8.599067	0.000000
8.611547	-0.006240
8.617787	0.000000
8.626107	-0.006240
8.636507	-0.008320
8.640667	-0.002080
8.642747	0.000000
8.648987	-0.004160
8.651067	0.000000
8.653147	-0.000000
8.653147	0.022880
8.655227	0.000000
8.657307	0.000000
8.659387	0.000000
8.665627	-0.004160
8.671867	-0.004160
8.673947	0.000000
8.676027	0.047840
8.678107	0.000000
8.680187	0.000000
8.682267	0.000000
8.684347	0.000000
8.686427	0.008320
8.709307	-0.020800
8.711387	0.000000
8.711387	0.002080
8.713467	0.000000
8.715547	0.008320
8.717627	0.000000
8.719707	0.000000
8.721787	-0.000000
8.771707	-0.047840
8.773787	0.004160
8.775867	0.000000
8.777947	0.000000
8.780027	0.000000
8.790427	-0.008320
8.792507	-0.000000
8.794587	0.000000
8.796667	0.000000
8.796667	0.002080
8.798747	0.000000
8.809147	-0.006240
8.811227	0.000000
8.813307	0.000000
8.815387	0.043680
8.817467	-0.000000
8.823707	-0.004160
8.825787	0.000000
8.827867	0.000000
8.829947	0.000000
8.832027	0.000000
8.834107	0.000000
8.836187	0.000000
8.838267	0.000000
8.840347	0.000000
8.842427	0.000000
8.842427	0.002080
8.846587	-0.002080
8.848667	0.000000
8.850747	0.000000
8.896507	-0.043680
8.898587	0.000000
8.900667	-0.000000
8.902747	0.000000
8.904827	0.000000
8.906907	0.041600
8.908987	0.089440
8.911067	0.000000
8.913147	0.000000
8.915227	0.000000
8.917307	0.000000
8.919387	0.012480
8.921467	0.000000
8.921467	0.002080
8.923547	0.000000
8.925627	-0.000000
8.927707	0.012480
8.929787	0.000000
8.931867	-0.000000
8.933947	0.000000
8.936027	0.000000
8.938107	0.012480
8.981787	-0.041600
9.073307	-0.089440
9.075387	0.000000
9.077467	-0.000000
9.079547	0.010400
9.081627	0.000000
9.096187	-0.012480
9.098267	0.000000
9.100347	0.000000
9.102427	0.012480
9.102427	0.002080
9.104507	0.000000
9.119067	-0.012480
9.121147	-0.000000
9.123227	0.010400
9.125307	0.000000
9.127387	-0.000000
9.141947	-0.012480
9.144027	0.000000
9.146107	0.012480
9.148187	0.000000
9.150267	0.000000
9.162747	-0.010400
9.164827	-0.000000
9.166907	0.010400
9.168987	0.000000
9.171067	0.000000
9.185627	-0.012480
9.187707	0.000000
9.187707	0.014560
9.189787	-0.000000
9.191867	0.000000
9.193947	0.000000
9.206427	-0.010400
9.208507	0.035360
9.210587	0.000000
9.212667	0.000000
9.214747	0.000000
9.252187	-0.003863
9.277147	-0.002377
9.318747	-0.013173
9.320827	0.018720
9.322907	0.006240
9.324987	0.006240
9.345787	0.000328
9.647787	-0.031600
9.668187	0.000400
9.668187	0.006240
9.688987	0.000000
9.688987	0.002080
9.695227	0.004160
9.695227	0.024960
9.716027	-0.029120
9.716027	0.010400
9.718107	0.006240
9.718107	0.004160
9.728507	-0.008320
9.745147	-0.004160
9.755547	0.004160
9.763867	0.000000
9.768027	-0.002080
9.770107	0.000000
9.770107	0.006240
9.770107	0.002080
9.782587	-0.010400
9.805467	-0.016640
9.805467	0.020800
9.805467	0.081120
9.805467	0.002080
9.805467	0.002080
9.807547	-0.068640
9.809627	0.000000
9.847067	0.035360
9.865787	-0.016640
9.867867	-0.000000
9.930267	-0.020800
9.932347	0.000000
9.932347	0.002080
9.932347	0.002080
9.940667	-0.006240
9.942747	0.010400
9.944827	0.000000
9.986427	-0.031200
9.988507	0.000000
9.990587	0.000000
9.990587	0.006240
9.992667	0.004160
9.994747	0.000000
10.007227	-0.004160
10.009307	0.000000
10.019707	-0.014560
10.021787	0.006240
10.023867	0.002080
10.030107	-0.002080
10.030107	0.018720
10.036347	-0.014560
10.038427	-0.000000
10.044667	0.004160
10.048827	-0.002080
10.048827	0.002080
10.052987	-0.000000
10.057147	0.002080
10.061307	-0.002080
10.071707	0.010400
10.073787	0.000000
10.080027	-0.016640
10.084187	0.008320
10.086267	0.000000
10.086267	0.002080
10.088347	0.000000
10.092507	0.002080
10.098747	-0.004160
10.100827	-0.000000
10.113307	-0.010400
10.123707	-0.008320
10.123707	0.022880
10.125787	0.139360
10.127867	0.000000
10.129947	0.000000
10.132027	-0.000000
10.132027	-0.124800
10.138267	-0.004160
10.140347	0.124800
10.142427	0.000000
10.144507	-0.000000
10.146587	-0.110240
10.169467	-0.020800
10.192347	0.085280
10.194427	0.000000
10.217307	0.001733
10.323387	-0.006880
10.325467	0.000000
10.325467	0.008320
10.325467	0.002080
10.327547	0.000000
10.327547	0.002080
10.329627	0.010400
10.331707	0.000000
10.350427	-0.016640
10.358747	0.008320
10.360827	-0.016640
10.362907	0.014560
10.364987	0.000000
10.377467	-0.010400
10.377467	0.002080
10.379547	-0.000000
10.381627	0.000000
10.383707	0.016640
10.398267	-0.012480
10.400347	0.000000
10.402427	0.000000
10.404507	-0.000000
10.406587	0.000000
10.408667	0.004160
10.408667	0.002080
10.410747	-0.000000
10.429467	-0.016640
10.431547	0.000000
10.433627	0.158080
10.435707	-0.000000
10.437787	0.000000
10.439867	0.000000
10.446107	-0.128960
10.448187	0.122720
10.448187	0.004160
10.450267	0.000000
10.452347	0.000000
10.454427	-0.114400
10.498107	0.072800
10.518907	-0.018720
10.618747	-0.091520
10.620827	0.000000
10.620827	0.002080
10.622907	0.000000
10.627067	0.004160
10.629147	0.000000
10.631227	0.004160
10.631227	0.002080
10.631227	0.002080
10.635387	0.006240
10.637467	0.000000
10.645787	-0.006240
10.647867	0.010400
10.649947	0.000000
10.652027	-0.000000
10.660347	-0.006240
10.662427	0.020800
10.668667	-0.022880
10.670747	0.016640
10.672827	0.000000
10.672827	0.002080
10.683227	-0.008320
10.685307	0.000000
10.687387	0.000000
10.699867	-0.010400
10.701947	0.006240
10.704027	0.000000
10.706107	0.000000
10.712347	-0.004160
10.728987	-0.014560
10.731067	0.020800
10.733147	0.093600
10.735227	0.000000
10.737307	0.000000
10.739387	-0.079040
10.739387	0.002080
10.741467	0.074880
10.743547	0.002080
10.751867	-0.006240
10.753947	-0.064480
10.756027	0.000000
10.758107	-0.000000
10.760187	0.058240
10.783067	-0.018720
10.805947	-0.064480
10.808027	0.000000
10.828827	-0.001634
10.891227	-0.003051
10.891227	0.004160
10.891227	0.006240
10.893307	0.006240
10.897467	0.004160
10.897467	0.002080
10.897467	-0.008320
10.901627	0.000000
10.918267	-0.006240
10.922427	-0.000000
10.928667	0.010400
10.936987	-0.018720
10.939067	0.004160
10.943227	0.002080
10.947387	0.002080
10.947387	0.002080
10.953627	-0.002080
10.957787	0.000000
10.964027	0.000000
10.970267	0.016640
10.974427	-0.002080
10.976507	-0.016640
10.976507	0.002080
10.982747	0.010400
10.984827	0.000000
10.988987	-0.002080
10.993147	0.000000
10.999387	-0.002080
11.009787	-0.008320
11.011867	-0.000000
11.024347	0.004160
11.024347	-0.006240
11.028507	0.004160
11.030587	-0.000000
11.030587	0.002080
11.032667	0.000000
11.036827	0.004160
11.040987	-0.002080
11.043067	0.006240
11.045147	0.000000
11.055547	-0.008320
11.061787	-0.002080
11.063867	0.002080
11.065947	0.000000
11.068027	0.000000
11.070107	0.000000
11.070107	0.012480
11.078427	0.008320
11.080507	0.000000
11.088827	-0.006240
11.090907	0.000000
11.092987	0.006240
11.097147	-0.002080
11.101307	-0.002080
11.103387	0.000000
11.105467	0.041600
11.107547	-0.033280
11.120027	-0.010400
11.136667	-0.014560
11.136667	0.031200
11.138747	0.000000
11.140827	-0.027040
11.142907	0.002080
11.151227	0.016640
11.153307	0.000000
11.155387	0.000000
11.157467	0.002080
11.169947	-0.010400
11.172027	0.000000
11.174107	-0.000000
11.211547	-0.001337
11.213627	-0.000000
11.213627	0.002080
11.215707	0.000000
11.219867	-0.002080
11.221947	0.022880
11.224027	-0.020800
11.226107	0.018720
11.246907	-0.018720
11.248987	0.000000
11.248987	0.002080
11.251067	0.002080
11.253147	0.000000
11.259387	-0.004160
11.278107	0.008320
11.280187	0.000000
11.282267	0.000000
11.284347	0.000000
11.286427	0.000000
11.290587	-0.002080
11.292667	0.000000
11.292667	0.008320
11.294747	0.000000
11.321787	-0.012480
11.323867	0.000000
11.325947	0.000000
11.328027	0.012480
11.330107	0.000000
11.332187	0.000000
11.334267	0.000000
11.342587	0.087360
11.342587	-0.085280
11.344667	0.000000
11.359227	-0.012480
11.361307	0.006240
11.363387	0.081120
11.377947	-0.087360
11.380027	0.000000
11.382107	0.002080
11.384187	-0.000000
11.394587	0.060320
11.396667	-0.062400
11.398747	-0.000189
11.425787	0.002600
11.436187	-0.008320
11.490267	-0.018720
11.496507	0.000000
11.496507	0.002080
11.498587	-0.000000
11.498587	0.002080
11.500667	0.000000
11.536027	-0.002080
11.542267	-0.004160
11.544347	0.000000
11.546427	0.000000
11.548507	0.000000
11.548507	0.004160
11.550587	0.000000
11.583867	-0.022880
11.585947	0.002080
11.588027	0.004160
11.590107	-0.004160
11.592187	0.008320
11.596347	-0.002080
11.598427	0.002080
11.598427	0.006240
11.608827	-0.012480
11.612987	0.006240
11.617147	-0.002080
11.619227	0.002080
11.627547	-0.002080
11.629627	-0.004160
11.633787	0.006240
11.637947	-0.002080
11.640027	0.002080
11.648347	-0.004160
11.648347	0.018720
11.650427	0.000000
11.654587	-0.002080
11.658747	0.074880
11.660827	0.002080
11.669147	-0.079040
11.671227	0.000000
11.675387	0.002080
11.679547	0.066560
11.698267	-0.012480
11.700347	-0.068640
11.702427	0.002080
11.702427	0.068640
11.714907	-0.008320
11.716987	0.002080
11.723227	0.006051
11.800187	-0.000347
11.800187	0.024960
11.806427	-0.002080
11.810587	-0.002080
11.810587	0.004160
11.814747	0.000000
11.827227	-0.008320
11.852187	0.014560
11.856347	-0.002080
11.858427	-0.000000
11.862587	-0.002080
11.862587	0.002080
11.866747	-0.002080
11.870907	-0.002080
11.910427	0.004160
11.912507	0.000000
11.914587	0.000000
11.916667	0.000000
11.918747	0.000000
11.920827	0.000000
11.920827	0.002080
11.922907	-0.000000
11.966587	-0.039520
11.968667	0.074880
11.970747	0.000000
11.972827	0.000000
11.974907	0.000000
11.976987	-0.039520
11.979067	0.037440
11.979067	0.002080
11.981147	0.000000
11.985307	-0.002080
