0.11	0.00
0.12	800.00
0.13	800.00
0.14	800.00
0.15	800.00
0.16	800.00
0.17	800.00
0.18	800.00
0.19	800.00
0.20	800.00
0.21	800.00
0.22	800.00
0.23	800.00
0.24	800.00
0.25	800.00
0.26	800.00
0.27	800.00
0.30	739.13
0.30	750.00
0.31	767.68
0.32	784.31
0.32	800.00
0.34	785.71
0.34	793.10
0.35	800.00
0.36	800.00
0.37	800.00
0.38	800.00
0.39	800.00
0.40	800.00
0.41	800.00
0.42	800.00
0.43	800.00
0.44	800.00
0.45	800.00
0.46	800.00
0.48	774.19
0.49	774.87
0.50	775.51
0.51	776.12
0.52	776.70
0.53	777.25
0.54	777.78
0.55	785.39
0.56	792.79
0.56	800.00
0.57	807.02
0.58	796.61
0.59	803.35
0.60	809.92
0.60	816.33
0.61	822.58
0.61	828.69
0.62	834.65
0.63	840.47
0.63	846.15
0.64	851.71
0.64	857.14
0.65	862.45
0.66	867.65
0.67	857.14
0.68	862.19
0.68	867.13
0.69	871.97
0.70	876.71
0.70	881.36
0.71	885.91
0.71	890.37
0.72	894.74
0.73	899.02
0.73	903.23
0.74	904.46
0.75	905.66
0.76	906.83
0.76	913.58
0.76	920.25
0.77	926.83
0.77	933.33
0.78	939.76
0.81	910.66
0.81	916.91
0.81	923.08
0.82	929.18
0.82	935.21
0.83	941.18
0.83	941.83
0.84	942.47
0.87	923.08
0.87	928.76
0.87	934.38
0.88	939.95
0.88	945.45
0.89	950.90
0.89	953.85
0.90	954.31
0.92	938.27
0.93	943.49
0.93	948.66
0.93	953.77
0.94	958.84
0.94	961.54
0.95	961.90
0.97	948.84
0.98	953.70
0.98	958.53
0.98	963.30
0.99	968.04
1.00	968.33
1.02	955.75
1.02	958.24
1.03	962.80
1.03	967.32
1.04	969.70
1.05	959.66
1.06	960.00
1.07	964.36
1.07	968.68
1.07	972.97
1.09	969.20
1.09	973.42
1.10	971.66
1.11	973.84
1.12	972.11
1.12	972.33
1.13	972.55
1.14	974.66
1.15	967.37
1.16	969.47
1.16	973.38
1.17	973.58
1.19	964.75
1.20	966.79
1.20	970.59
1.21	972.58
1.22	965.77
1.23	966.01
1.23	969.70
1.24	973.36
1.25	966.73
1.26	966.96
1.27	968.86
1.27	972.41
1.29	964.35
1.30	964.59
1.30	966.44
1.31	969.90
1.31	971.71
1.33	963.93
1.34	964.17
1.34	967.53
1.35	970.87
1.35	972.62
1.37	965.08
1.38	965.30
1.38	968.55
1.39	971.79
1.39	973.48
1.41	966.15
1.42	966.36
1.42	969.51
1.43	972.64
1.43	974.28
1.45	967.16
1.46	967.36
1.46	970.41
1.47	973.45
1.47	975.04
1.49	970.93
1.49	972.50
1.50	974.06
1.51	975.61
1.51	977.14
1.52	977.27
1.53	977.40
1.53	978.90
1.55	972.22
1.56	975.07
1.56	977.90
1.57	979.37
1.57	979.48
1.59	972.97
1.60	975.74
1.60	978.49
1.60	981.23
1.62	976.13
1.63	976.25
1.63	977.66
1.64	980.34
1.65	975.36
1.66	975.48
1.67	976.86
1.67	979.49
1.69	973.38
1.70	973.52
1.70	974.87
1.71	977.44
1.71	978.78
1.73	972.84
1.74	972.97
1.74	975.49
1.75	978.00
1.75	979.29
1.77	973.49
1.78	973.62
1.78	976.08
1.79	978.52
1.79	979.79
1.81	974.12
1.82	974.24
1.82	976.64
1.83	979.02
1.83	980.26
1.85	974.71
1.86	974.83
1.86	977.17
1.87	979.50
1.87	980.70
1.89	977.48
1.89	978.68
1.90	979.87
1.91	981.05
1.91	981.13
1.92	981.22
1.93	981.30
1.93	983.53
1.95	977.20
1.96	979.41
1.96	981.62
1.97	982.76
1.98	982.83
1.99	977.68
2.00	979.85
2.00	982.01
2.01	984.16
2.01	984.23
2.03	979.17
2.04	980.27
2.04	982.38
2.05	983.47
2.06	979.51
2.07	979.59
2.08	981.67
2.08	983.74
2.10	979.84
2.10	979.92
2.11	980.98
2.11	983.02
2.13	978.22
2.14	978.30
2.15	979.35
2.15	981.35
2.16	982.39
2.17	977.69
2.18	977.78
2.19	979.75
2.19	981.71
2.20	982.73
2.21	978.12
2.22	978.20
2.23	980.13
2.23	982.06
2.24	983.05
2.25	978.52
2.26	978.60
2.27	980.50
2.27	982.39
2.28	983.36
2.29	980.72
2.30	981.68
2.30	982.65
2.31	983.61
2.32	983.67
2.32	984.62
2.33	984.67
2.34	984.73
2.35	981.27
2.36	983.08
2.36	984.89
2.37	986.69
2.37	986.74
2.39	982.46
2.40	983.38
2.40	985.15
2.41	986.06
2.42	982.70
2.43	982.76
2.44	984.51
2.44	986.25
2.46	982.94
2.46	982.99
2.47	983.88
2.47	985.61
2.49	981.51
2.50	981.57
2.51	982.46
2.51	984.15
2.52	985.02
2.53	981.01
2.54	981.07
2.55	982.74
2.55	984.41
2.56	985.27
2.57	981.32
2.58	981.38
2.59	983.02
2.59	984.67
2.60	985.51
2.61	981.61
2.62	981.67
2.63	983.29
2.63	984.91
2.64	985.74
2.65	981.90
2.66	981.96
2.67	983.56
2.67	985.14
2.68	985.96
2.69	983.71
2.70	984.52
2.70	985.33
2.71	986.13
2.72	985.42
2.72	986.22
2.73	986.26
2.74	987.05
2.76	983.36
2.76	984.89
2.76	986.43
2.77	987.95
2.78	987.99
2.79	984.34
2.80	985.12
2.80	986.63
2.81	988.13
2.82	985.25
2.83	985.29
2.84	986.06
2.84	987.55
2.86	983.99
2.87	984.03
2.87	984.79
2.88	986.26
2.88	987.01
2.90	983.51
2.91	983.56
2.91	985.01
2.92	986.46
2.92	987.20
2.94	983.75
2.95	983.79
2.95	985.22
2.96	986.65
2.96	987.38
2.98	983.97
2.99	984.02
2.99	985.43
3.00	986.83
3.00	987.55
3.02	984.19
3.03	984.24
3.03	985.63
3.04	987.01
3.04	987.72
3.05	987.08
3.06	986.45
3.07	987.15
3.08	987.85
3.09	985.23
3.10	985.93
3.10	986.63
3.11	987.32
3.12	987.36
3.12	988.05
3.13	988.08
3.14	988.11
3.16	985.55
3.16	986.88
3.16	988.20
3.17	989.53
3.18	989.56
3.19	986.37
3.20	987.05
3.20	988.36
3.21	989.66
3.22	987.15
3.23	987.18
3.24	987.84
3.24	989.14
3.26	986.02
3.27	986.06
3.27	986.72
3.28	988.00
3.28	988.65
3.30	985.58
3.31	985.62
3.31	986.88
3.32	988.15
3.32	988.79
3.34	985.76
3.35	985.79
3.35	987.05
3.36	988.29
3.36	988.93
3.38	985.93
3.39	985.97
3.39	987.20
3.40	988.44
3.40	989.06
3.42	986.10
3.43	986.14
3.43	987.36
3.44	988.57
3.44	989.20
3.45	988.63
3.46	988.07
3.47	988.68
3.48	989.30
3.49	986.98
3.50	987.60
3.50	988.21
3.51	988.82
3.52	988.26
3.53	988.87
3.53	988.90
3.54	989.50
3.56	987.22
3.56	987.83
3.57	989.00
3.57	990.17
3.58	990.19
3.60	987.37
3.60	987.97
3.61	989.12
3.61	990.28
3.62	990.30
3.64	987.51
3.64	988.10
3.65	989.25
3.65	990.39
3.66	990.41
3.68	987.65
3.68	988.24
3.69	989.37
3.69	990.50
3.70	990.52
3.72	987.79
3.72	988.37
3.73	989.49
3.73	990.60
3.74	990.62
3.76	987.93
3.76	988.49
3.77	989.60
3.77	990.71
3.78	990.73
3.80	988.06
3.80	988.62
3.81	989.71
3.81	990.81
3.82	990.83
3.84	988.18
3.84	988.74
3.85	989.82
3.85	990.90
3.86	990.39
3.87	989.89
3.88	989.91
3.88	990.46
3.89	991.00
3.90	991.54
3.90	992.08
3.93	987.94
3.93	989.00
3.94	989.02
3.95	989.05
3.95	989.07
3.96	988.58
3.97	988.09
3.98	987.60
3.99	987.12
4.00	986.64
4.01	986.16
4.02	985.69
4.03	985.21
4.04	984.74
4.05	984.27
4.06	983.81
4.08	982.85
4.09	982.39
4.10	981.93
4.11	981.47
4.12	981.02
4.15	974.74
4.16	974.31
4.17	973.88
4.18	974.41
4.18	974.94
4.19	975.47
4.19	975.99
4.20	976.52
4.21	977.04
4.21	977.56
4.22	978.08
4.22	978.60
4.25	975.33
4.25	975.85
4.26	976.36
4.26	976.88
4.27	977.39
4.28	977.91
4.28	978.42
4.29	978.93
4.29	979.44
4.30	979.94
4.31	980.45
4.31	980.95
4.33	979.13
4.33	980.09
4.34	981.06
4.34	982.02
4.34	982.99
4.35	983.48
4.36	983.98
4.36	984.47
4.37	984.96
4.39	981.77
4.39	982.72
4.40	983.67
4.40	984.16
4.41	984.19
4.42	984.67
4.42	985.61
4.43	986.56
4.43	987.49
4.46	982.52
4.46	983.46
4.47	984.39
4.47	985.32
4.48	986.25
4.48	987.18
4.49	987.20
4.50	987.23
4.50	988.15
4.52	985.03
4.53	985.95
4.53	986.87
4.53	987.79
4.54	988.70
4.54	989.17
4.55	989.19
4.57	986.10
4.58	987.01
4.58	987.92
4.59	988.82
4.59	989.73
4.60	990.19
4.60	990.20
4.62	987.59
4.63	988.49
4.63	989.38
4.64	990.27
4.64	990.73
4.65	990.31
4.66	989.89
4.67	990.34
4.67	990.79
4.68	991.24
4.69	991.69
4.70	989.98
4.71	990.86
4.71	991.30
4.72	991.75
4.73	990.91
4.73	991.78
4.74	991.79
4.75	991.81
4.76	992.25
4.77	990.56
4.78	991.42
4.78	992.29
4.79	992.73
4.79	992.74
4.81	990.64
4.82	991.50
4.82	992.35
4.83	992.79
4.84	991.12
4.85	991.14
4.85	991.99
4.86	992.42
4.88	990.35
4.89	990.36
4.89	991.21
4.89	992.05
4.90	992.07
4.92	990.02
4.93	990.44
4.93	991.28
4.93	992.12
4.94	992.13
4.96	990.10
4.97	990.52
4.97	991.35
4.97	992.18
4.98	992.20
5.00	990.18
5.01	990.60
5.01	991.43
5.01	992.25
5.02	992.26
5.04	990.26
5.05	990.68
5.05	991.49
5.05	992.31
5.06	992.32
5.07	991.54
5.08	991.95
5.09	992.36
5.09	992.77
5.11	991.19
5.11	992.00
5.12	992.81
5.12	993.21
5.14	991.64
5.14	992.45
5.15	992.46
5.16	992.47
5.18	990.52
5.18	991.32
5.18	992.11
5.19	992.91
5.20	992.92
5.21	990.98
5.22	991.39
5.22	992.18
5.23	992.96
5.24	992.97
5.25	991.44
5.26	991.84
5.26	992.62
5.27	993.02
5.29	991.11
5.29	991.12
5.30	991.90
5.30	992.68
5.31	992.69
5.33	990.80
5.33	991.19
5.34	991.96
5.34	992.73
5.35	992.75
5.37	990.87
5.37	991.26
5.38	992.02
5.38	992.79
5.39	992.80
5.41	990.94
5.41	991.32
5.42	992.08
5.42	992.84
5.43	992.85
5.45	991.00
5.45	991.39
5.46	992.14
5.46	992.90
5.47	992.91
5.48	992.18
5.49	992.56
5.49	992.94
5.50	993.32
5.51	992.59
5.52	992.60
5.52	993.35
5.53	994.09
5.54	992.64
5.55	993.38
5.55	993.75
5.56	993.76
5.58	991.95
5.58	992.69
5.59	993.43
5.59	993.80
5.60	993.81
5.62	992.01
5.62	992.74
5.63	993.47
5.63	993.84
5.65	992.42
5.66	992.43
5.66	993.15
5.67	993.52
5.69	991.75
5.69	991.76
5.70	992.48
5.70	993.20
5.71	993.21
5.73	991.45
5.73	991.82
5.74	992.53
5.74	993.25
5.75	993.26
5.77	991.51
5.77	991.88
5.78	992.59
5.78	993.30
5.79	993.31
5.81	991.57
5.81	991.93
5.82	992.64
5.82	993.35
5.83	993.35
5.85	991.63
5.85	991.99
5.86	992.69
5.86	993.39
5.87	993.40
5.88	992.72
5.89	993.07
5.89	993.43
5.90	993.78
5.91	992.76
5.92	993.11
5.92	993.81
5.93	994.50
5.95	992.80
5.95	993.49
5.96	993.84
5.96	993.85
5.98	991.83
5.99	992.51
5.99	993.20
6.00	993.88
6.00	993.89
6.02	992.22
6.03	992.56
6.03	993.24
6.04	993.92
6.04	993.93
6.06	992.60
6.07	992.95
6.07	993.62
6.08	993.96
6.09	992.31
6.10	992.32
6.11	992.99
6.11	993.66
6.12	993.67
6.14	992.03
6.14	992.37
6.15	993.04
6.15	993.71
6.16	993.71
6.18	992.08
6.18	992.42
6.19	993.09
6.19	993.75
6.20	993.76
6.22	992.14
6.22	992.47
6.23	993.13
6.23	993.79
6.24	993.80
6.26	992.19
6.26	992.52
6.27	993.18
6.27	993.83
6.28	993.84
6.29	993.20
6.30	993.53
6.30	993.86
6.31	994.19
6.32	994.20
6.32	994.20
6.33	994.21
6.34	994.54
6.35	993.27
6.36	993.92
6.36	994.56
6.37	994.88
6.38	994.89
6.39	993.31
6.40	993.95
6.40	994.59
6.41	994.60
6.43	993.35
6.43	993.67
6.44	994.31
6.44	994.63
6.46	993.38
6.47	993.39
6.47	994.02
6.48	994.34
6.49	992.79
6.50	992.80
6.51	993.43
6.51	994.06
6.52	994.07
6.54	992.53
6.54	992.85
6.55	993.47
6.55	994.10
6.56	994.10
6.58	992.57
6.58	992.89
6.59	993.51
6.59	994.13
6.60	994.14
6.62	992.62
6.62	992.93
6.63	993.55
6.63	994.17
6.64	994.18
6.66	992.67
6.66	992.98
6.67	993.59
6.67	994.21
6.68	994.21
6.69	993.62
6.70	993.92
6.70	994.23
6.71	994.54
6.72	994.25
6.73	994.25
6.73	994.26
6.74	994.87
6.76	993.38
6.76	993.98
6.76	994.59
6.77	994.89
6.78	994.90
6.80	993.42
6.80	994.02
6.80	994.62
6.81	994.92
6.83	993.74
6.83	993.75
6.84	994.35
6.84	994.65
6.86	993.19
6.87	993.19
6.87	993.79
6.88	994.38
6.89	994.39
6.90	992.93
6.91	993.23
6.91	993.83
6.92	994.42
6.93	994.42
6.94	992.97
6.95	993.27
6.95	993.86
6.96	994.45
6.97	994.46
6.98	993.02
6.99	993.31
6.99	993.90
7.00	994.48
7.01	994.49
7.02	993.06
7.03	993.35
7.03	993.93
7.04	994.51
7.05	994.52
7.06	994.24
7.06	994.25
7.07	994.54
7.08	994.83
7.09	993.70
7.10	993.99
7.10	994.28
7.11	994.57
7.12	994.58
7.13	994.58
7.13	994.59
7.14	994.88
7.16	993.75
7.16	994.32
7.16	994.90
7.17	995.18
7.18	995.19
7.20	993.79
7.20	994.36
7.20	994.92
7.21	995.21
7.23	994.10
7.23	994.10
7.24	994.67
7.24	994.95
7.26	993.57
7.27	993.57
7.27	994.14
7.28	994.70
7.29	994.70
7.30	993.33
7.31	993.61
7.31	994.17
7.32	994.73
7.33	994.73
7.34	993.36
7.35	993.64
7.35	994.20
7.36	994.76
7.37	994.76
7.38	993.40
7.39	993.68
7.39	994.23
7.40	994.78
7.41	994.79
7.42	993.44
7.43	993.71
7.43	994.26
7.44	994.81
7.45	994.82
7.46	994.55
7.46	994.56
7.47	994.84
7.48	995.11
7.49	994.04
7.50	994.31
7.50	994.59
7.51	994.86
7.52	994.60
7.53	994.61
7.54	994.61
7.54	995.15
7.56	993.82
7.56	994.36
7.57	994.90
7.57	995.17
7.58	995.18
7.60	993.86
7.60	994.39
7.61	994.93
7.61	995.20
7.62	995.21
7.64	993.89
7.64	994.42
7.65	994.96
7.65	995.23
7.66	995.23
7.68	993.92
7.68	994.45
7.69	994.98
7.69	995.25
7.70	995.26
7.72	993.95
7.72	994.48
7.73	995.01
7.73	995.28
7.74	995.28
7.76	993.98
7.76	994.51
7.77	995.04
7.77	995.30
7.78	995.31
7.80	994.02
7.80	994.54
7.81	995.06
7.81	995.32
7.82	995.33
7.84	994.05
7.84	994.57
7.85	995.09
7.85	995.35
7.86	995.10
7.87	994.85
7.88	995.11
7.88	995.37
7.89	995.63
7.90	995.89
7.90	996.15
7.93	994.11
7.93	994.37
7.94	994.38
7.95	994.38
7.96	994.39
7.97	994.14
7.98	993.90
7.99	993.65
8.00	993.40
8.01	993.16
8.02	992.91
8.03	992.67
8.04	992.43
8.05	992.19
8.06	991.94
8.07	991.70
8.08	991.46
8.09	991.22
8.10	990.98
8.11	990.74
8.12	990.50
8.15	987.31
8.16	987.08
8.17	986.85
8.18	987.10
8.18	987.36
8.19	987.62
8.19	987.87
8.20	988.13
8.21	988.39
8.21	988.64
8.22	988.90
8.22	989.15
8.25	987.46
8.25	987.71
8.26	987.97
8.26	988.22
8.27	988.48
8.28	988.73
8.28	988.98
8.29	989.24
8.29	989.49
8.30	989.74
8.31	989.99
8.31	990.24
8.33	989.29
8.33	989.78
8.34	990.27
8.34	990.76
8.34	991.25
8.35	991.50
8.36	991.75
8.36	992.00
8.37	992.25
8.39	990.58
8.39	991.06
8.40	991.55
8.40	991.80
8.41	991.81
8.42	992.05
8.42	992.54
8.43	993.02
8.43	993.51
8.46	990.90
8.46	991.38
8.47	991.86
8.47	992.34
8.48	992.83
8.48	993.31
8.49	993.31
8.50	993.32
8.50	993.80
8.52	992.15
8.53	992.63
8.53	993.11
8.53	993.59
8.54	994.07
8.54	994.54
8.55	994.55
8.57	992.91
8.58	993.15
8.58	993.62
8.59	994.10
8.59	994.57
8.60	994.81
8.60	994.82
8.63	993.19
8.63	993.66
8.63	994.13
8.64	994.60
8.64	995.08
8.65	995.08
8.66	994.62
8.67	994.86
8.67	995.09
8.68	995.33
8.69	995.57
8.70	994.64
8.71	995.11
8.71	995.35
8.72	995.58
8.73	995.13
8.73	995.59
8.74	995.60
8.75	995.60
8.76	995.84
8.77	994.92
8.78	995.38
8.78	995.85
8.78	996.31
8.79	996.31
8.81	995.17
8.82	995.40
8.82	995.87
8.83	996.10
8.84	994.96
8.85	994.97
8.86	995.43
8.86	995.88
8.87	995.89
8.89	994.76
8.89	994.99
8.90	995.45
8.90	995.90
8.91	995.91
8.93	994.78
8.93	995.01
8.94	995.47
8.94	995.92
8.95	995.93
8.97	994.80
8.97	995.03
8.98	995.49
8.98	995.94
8.99	995.94
9.01	994.83
9.01	995.06
9.02	995.51
9.02	995.96
9.03	995.96
9.05	994.85
9.05	995.08
9.06	995.53
9.06	995.98
9.07	995.98
9.08	995.54
9.09	995.77
9.09	995.99
9.10	996.22
9.11	995.78
9.12	995.78
9.12	996.23
9.14	995.35
9.14	995.57
9.15	996.02
9.16	996.02
9.16	996.02
9.18	995.15
9.18	995.59
9.19	996.03
9.19	996.48
9.20	996.48
9.22	995.39
9.22	995.61
9.23	996.05
9.23	996.27
9.25	995.40
9.26	995.41
9.26	995.85
9.27	996.29
9.28	995.20
9.29	995.21
9.30	995.43
9.30	995.87
9.31	995.87
9.33	994.79
9.33	995.01
9.34	995.45
9.34	995.88
9.35	996.10
9.37	995.03
9.37	995.03
9.38	995.47
9.38	995.90
9.39	995.90
9.41	994.84
9.41	995.05
9.42	995.49
9.42	995.92
9.43	996.14
9.45	995.07
9.45	995.08
9.46	995.51
9.46	995.94
9.47	995.94
9.48	995.52
9.49	995.73
9.49	995.95
9.50	996.17
9.51	996.38
9.52	996.17
9.52	996.18
9.53	996.39
9.53	996.82
9.55	995.76
9.56	996.19
9.56	996.61
9.57	996.62
9.58	996.62
9.59	995.78
9.60	996.20
9.60	996.63
9.61	996.84
9.62	996.00
9.63	996.01
9.63	996.43
9.64	996.64
9.66	995.81
9.66	995.81
9.67	996.23
9.67	996.44
9.69	995.41
9.70	995.41
9.70	995.83
9.71	996.25
9.72	996.25
9.73	995.22
9.74	995.43
9.74	995.85
9.75	996.26
9.76	996.27
9.77	995.24
9.78	995.45
9.78	995.86
9.79	996.28
9.80	996.28
9.81	995.26
9.82	995.47
9.82	995.88
9.83	996.29
9.84	996.30
9.85	995.28
9.86	995.49
9.86	995.90
9.87	996.31
9.88	996.31
9.89	995.91
9.89	996.12
9.90	996.32
9.91	996.53
9.92	996.33
9.92	996.33
9.93	996.54
9.93	996.95
9.95	995.73
9.96	996.14
9.96	996.55
9.97	996.55
9.98	996.55
9.99	995.75
10.00	996.16
10.00	996.56
10.01	996.77
10.02	996.77
10.03	995.77
10.04	996.17
10.04	996.58
10.05	996.78
10.06	995.98
10.07	995.98
10.08	996.39
10.08	996.59
10.10	995.59
10.11	995.60
10.11	996.00
10.12	996.40
10.12	996.40
10.14	995.41
10.15	995.62
10.15	996.02
10.16	996.42
10.16	996.42
10.18	995.43
10.19	995.63
10.19	996.03
10.20	996.43
10.20	996.43
10.22	995.45
10.23	995.65
10.23	996.05
10.24	996.44
10.24	996.45
10.26	995.47
10.27	995.67
10.27	996.06
10.28	996.46
10.28	996.46
10.30	996.07
10.30	996.47
10.31	996.66
10.31	996.86
10.32	996.67
10.33	996.87
10.34	996.87
10.34	996.87
10.36	996.10
10.36	996.49
10.37	996.88
10.37	997.08
10.38	997.08
10.40	996.11
10.40	996.50
10.41	996.89
10.42	996.89
10.43	996.12
10.44	996.32
10.44	996.71
10.45	996.90
10.46	996.14
10.47	996.14
10.48	996.53
10.48	996.72
10.50	995.76
10.51	995.77
10.51	996.15
10.52	996.54
10.52	996.54
10.54	995.59
10.55	995.78
10.55	996.17
10.56	996.55
10.56	996.56
10.58	995.61
10.59	995.80
10.59	996.18
10.60	996.57
10.60	996.57
10.62	995.62
10.63	995.82
10.63	996.20
10.64	996.58
10.64	996.58
10.66	995.64
10.67	995.83
10.67	996.21
10.68	996.59
10.68	996.59
10.70	996.22
10.70	996.60
10.71	996.79
10.71	996.98
10.72	996.61
10.73	996.80
10.74	996.80
10.74	996.99
10.76	996.06
10.77	996.43
10.77	996.81
10.78	997.00
10.78	997.00
10.80	996.07
10.81	996.45
10.81	996.82
10.82	997.01
10.83	996.27
10.84	996.27
10.84	996.65
10.85	996.83
10.87	995.91
10.88	995.91
10.88	996.29
10.88	996.66
10.89	996.66
10.91	995.74
10.92	995.93
10.92	996.30
10.92	996.67
10.93	996.67
10.95	995.76
10.96	995.94
10.96	996.31
10.96	996.68
10.97	996.69
10.99	995.77
11.00	995.96
11.00	996.33
11.00	996.69
11.01	996.70
11.03	995.79
11.04	995.97
11.04	996.34
11.04	996.71
11.05	996.71
11.06	996.53
11.07	996.53
11.08	996.72
11.08	996.90
11.10	996.36
11.10	996.54
11.11	996.73
11.11	996.91
11.12	996.73
11.13	996.91
11.14	996.92
11.15	996.92
11.16	996.20
11.17	996.56
11.17	996.93
11.18	997.11
11.18	997.11
11.20	996.21
11.21	996.57
11.21	996.94
11.22	997.12
11.23	996.40
11.24	996.41
11.24	996.77
11.25	996.95
11.27	996.06
11.28	996.06
11.28	996.42
11.28	996.78
11.29	996.78
11.31	995.89
11.32	996.07
11.32	996.43
11.32	996.79
11.33	996.79
11.35	995.91
11.36	996.09
11.36	996.44
11.36	996.80
11.37	996.80
11.39	995.92
11.40	996.10
11.40	996.46
11.40	996.81
11.41	996.81
11.43	995.94
11.44	996.11
11.44	996.47
11.44	996.82
11.45	996.83
11.46	996.65
11.47	996.65
11.48	996.83
11.48	997.01
11.50	996.49
11.50	996.66
11.51	996.84
11.51	997.02
11.53	996.67
11.53	996.85
11.54	996.85
11.55	997.03
11.56	996.16
11.57	996.51
11.57	996.86
11.58	997.03
11.59	997.04
11.60	996.17
11.61	996.52
11.61	996.87
11.62	997.05
11.63	997.05
11.64	996.18
11.65	996.53
11.65	996.88
11.66	997.06
11.67	997.06
11.68	996.20
11.69	996.54
11.69	996.89
11.70	997.07
11.71	997.07
11.72	996.21
11.73	996.56
11.73	996.90
11.74	997.08
11.75	997.08
11.76	996.22
11.77	996.57
11.77	996.91
11.78	997.09
11.79	997.09
11.80	996.24
11.81	996.58
11.81	996.92
11.82	997.10
11.83	997.10
11.84	996.25
11.85	996.59
11.85	996.93
11.86	997.11
11.87	996.94
11.88	996.77
11.88	996.94
11.89	997.11
11.90	997.28
11.90	997.46
11.92	996.27
11.93	996.45
11.94	996.62
11.94	996.62
11.95	996.62
11.96	996.46
11.97	996.29
11.98	996.12
11.99	995.96
12.00	995.79
12.01	995.63
12.02	995.47
12.03	995.30
12.04	995.14
12.05	994.97
12.06	994.81
12.06	0.00
