0.12	0.00
0.12	4000.00
0.13	1600.00
0.13	2000.00
0.14	1600.00
0.14	1818.18
0.15	1600.00
0.15	1750.00
0.16	1600.00
0.16	1714.29
0.17	1600.00
0.17	1692.31
0.18	1600.00
0.18	1677.42
0.19	1600.00
0.19	1666.67
0.20	1600.00
0.20	1658.54
0.21	1600.00
0.21	1652.17
0.22	1600.00
0.22	1647.06
0.23	1600.00
0.23	1642.86
0.24	1600.00
0.24	1639.34
0.25	1600.00
0.25	1636.36
0.26	1600.00
0.26	1633.80
0.27	1600.00
0.27	1631.58
0.28	1600.00
0.28	1629.63
0.28	1658.54
0.28	1686.75
0.29	1714.29
0.29	1741.18
0.29	1767.44
0.29	1793.10
0.29	1818.18
0.30	1802.20
0.30	1826.09
0.33	1592.59
0.34	1585.59
0.34	1607.14
0.35	1600.00
0.35	1620.69
0.36	1600.00
0.36	1619.83
0.37	1600.00
0.37	1619.05
0.38	1600.00
0.38	1618.32
0.39	1600.00
0.39	1617.65
0.40	1600.00
0.40	1617.02
0.41	1600.00
0.41	1616.44
0.42	1600.00
0.42	1615.89
0.43	1600.00
0.43	1615.38
0.44	1600.00
0.44	1614.91
0.45	1600.00
0.45	1614.46
0.46	1600.00
0.46	1614.04
0.47	1600.00
0.47	1613.64
0.47	1627.12
0.47	1640.45
0.48	1653.63
0.48	1666.67
0.48	1679.56
0.48	1692.31
0.49	1677.42
0.49	1689.84
0.50	1675.39
0.50	1687.50
0.51	1673.47
0.51	1685.28
0.52	1671.64
0.52	1683.17
0.53	1669.90
0.53	1681.16
0.54	1668.25
0.54	1679.25
0.57	1578.95
0.58	1589.52
0.58	1600.00
0.58	1610.39
0.58	1620.69
0.66	1397.06
0.66	1406.59
0.67	1416.06
0.67	1425.45
0.67	1434.78
0.74	1290.32
0.74	1290.73
0.75	1299.36
0.75	1299.68
0.75	1308.18
0.83	1179.78
0.83	1187.68
0.84	1188.89
0.84	1196.68
0.85	1197.80
0.89	1139.90
0.90	1141.39
0.90	1148.72
0.90	1150.13
0.92	1137.16
0.94	1116.50
0.95	1118.07
0.95	1125.00
0.96	1126.49
0.97	1117.37
0.99	1098.40
0.99	1105.02
1.00	1106.58
1.01	1098.21
1.02	1099.78
1.03	1091.70
1.04	1093.28
1.04	1099.57
1.06	1089.36
1.06	1095.54
1.08	1081.08
1.08	1087.14
1.08	1093.17
1.10	1087.93
1.10	1093.88
1.12	1077.84
1.12	1083.67
1.13	1085.15
1.13	1090.91
1.14	1092.34
1.16	1076.92
1.17	1074.29
1.17	1079.85
1.18	1081.29
1.19	1076.64
1.19	1078.07
1.20	1075.51
1.21	1076.92
1.21	1082.27
1.23	1075.81
1.23	1081.08
1.24	1074.73
1.24	1079.93
1.26	1073.68
1.26	1078.81
1.27	1080.14
1.28	1077.72
1.28	1082.76
1.29	1074.83
1.30	1079.80
1.30	1081.08
1.31	1078.73
1.32	1080.00
1.33	1075.91
1.34	1077.18
1.34	1081.97
1.35	1076.18
1.36	1077.42
1.37	1073.48
1.38	1074.72
1.38	1079.37
1.39	1073.78
1.40	1075.00
1.41	1071.21
1.42	1072.42
1.42	1076.92
1.43	1071.54
1.44	1072.73
1.45	1069.07
1.46	1070.25
1.46	1074.63
1.47	1069.42
1.48	1069.02
1.48	1073.31
1.48	1077.60
1.49	1081.87
1.52	1064.38
1.52	1068.57
1.52	1069.70
1.53	1073.86
1.53	1074.96
1.56	1056.71
1.57	1057.85
1.57	1061.90
1.58	1063.01
1.59	1059.78
1.61	1052.35
1.61	1056.30
1.62	1051.79
1.63	1055.70
1.63	1056.80
1.64	1055.12
1.64	1058.98
1.66	1054.55
1.66	1058.37
1.67	1059.43
1.68	1057.77
1.68	1061.54
1.69	1055.84
1.70	1059.57
1.70	1060.61
1.71	1058.97
1.72	1060.00
1.73	1057.07
1.74	1058.10
1.74	1061.73
1.75	1057.53
1.76	1058.54
1.77	1055.69
1.78	1056.69
1.78	1060.24
1.79	1056.15
1.80	1057.14
1.81	1054.37
1.82	1055.36
1.82	1058.82
1.83	1054.84
1.84	1055.81
1.85	1053.12
1.86	1054.09
1.86	1057.47
1.87	1053.59
1.88	1053.35
1.88	1056.69
1.88	1060.02
1.89	1063.35
1.91	1052.40
1.92	1053.33
1.92	1056.60
1.93	1057.52
1.93	1060.77
1.95	1051.25
1.97	1047.62
1.97	1048.54
1.97	1051.72
1.98	1052.63
1.99	1050.16
2.01	1044.40
2.01	1047.52
2.02	1048.42
2.03	1046.03
2.04	1046.92
2.05	1045.64
2.05	1046.54
2.05	1049.59
2.07	1046.15
2.07	1049.18
2.08	1045.78
2.09	1048.78
2.10	1045.41
2.10	1048.39
2.11	1049.25
2.12	1048.00
2.12	1050.95
2.14	1046.58
2.14	1049.50
2.14	1050.35
2.15	1049.12
2.16	1049.95
2.17	1047.71
2.18	1048.54
2.18	1051.41
2.19	1048.17
2.20	1048.99
2.21	1046.80
2.22	1047.62
2.22	1050.43
2.23	1047.26
2.24	1048.07
2.25	1045.92
2.26	1046.73
2.26	1049.49
2.27	1046.38
2.28	1046.21
2.28	1048.94
2.29	1051.66
2.29	1054.38
2.32	1042.69
2.33	1043.48
2.33	1046.15
2.33	1046.93
2.34	1049.59
2.37	1037.30
2.37	1039.93
2.38	1040.71
2.39	1038.73
2.40	1039.51
2.41	1038.46
2.41	1039.23
2.41	1041.81
2.43	1038.96
2.43	1041.52
2.44	1038.69
2.45	1041.24
2.46	1038.43
2.46	1040.96
2.47	1041.70
2.48	1040.68
2.48	1043.18
2.50	1039.53
2.50	1042.02
2.50	1042.75
2.51	1041.74
2.52	1042.46
2.53	1040.60
2.54	1041.32
2.54	1043.77
2.55	1041.05
2.56	1041.77
2.57	1039.93
2.58	1040.65
2.58	1043.05
2.59	1040.39
2.60	1041.10
2.61	1039.29
2.62	1040.00
2.62	1042.37
2.63	1039.75
2.64	1040.44
2.65	1038.67
2.66	1039.37
2.66	1041.70
2.67	1039.12
2.68	1039.00
2.68	1041.31
2.69	1043.61
2.69	1045.91
2.72	1037.72
2.72	1038.40
2.73	1039.08
2.73	1041.35
2.74	1042.02
2.75	1037.94
2.77	1033.91
2.77	1036.14
2.78	1036.81
2.79	1035.15
2.80	1035.82
2.81	1033.41
2.81	1035.61
2.83	1033.21
2.83	1035.40
2.84	1036.06
2.85	1035.19
2.85	1037.36
2.86	1034.23
2.87	1036.39
2.87	1037.04
2.88	1036.18
2.89	1036.82
2.90	1035.23
2.91	1035.87
2.91	1037.99
2.92	1035.66
2.93	1036.30
2.94	1034.73
2.95	1035.36
2.95	1037.46
2.96	1035.16
2.97	1035.79
2.98	1034.24
2.99	1034.87
2.99	1036.93
3.00	1034.67
3.01	1035.29
3.02	1033.77
3.03	1034.39
3.03	1036.43
3.04	1034.20
3.05	1034.81
3.05	1036.13
3.06	1036.03
3.06	1038.04
3.08	1033.74
3.08	1035.74
3.09	1037.74
3.09	1039.73
3.09	1041.72
3.12	1033.29
3.13	1033.89
3.13	1035.86
3.14	1036.45
3.14	1038.41
3.17	1029.47
3.17	1031.41
3.18	1032.01
3.19	1030.58
3.20	1031.17
3.21	1029.09
3.21	1031.01
3.23	1028.94
3.23	1030.85
3.24	1031.43
3.25	1030.69
3.25	1032.59
3.26	1029.88
3.27	1031.77
3.27	1032.34
3.28	1031.61
3.29	1032.18
3.30	1030.80
3.31	1031.37
3.31	1033.23
3.32	1031.21
3.33	1031.78
3.34	1030.42
3.35	1030.98
3.35	1032.82
3.36	1030.83
3.37	1031.38
3.38	1030.04
3.39	1030.60
3.39	1032.42
3.40	1030.45
3.41	1031.00
3.42	1029.68
3.43	1030.23
3.43	1032.02
3.44	1030.08
3.45	1030.01
3.45	1031.79
3.46	1031.72
3.46	1033.49
3.48	1029.73
3.48	1031.49
3.49	1033.25
3.49	1035.01
3.49	1036.77
3.52	1030.59
3.52	1031.12
3.53	1031.65
3.53	1033.39
3.54	1033.92
3.56	1029.63
3.57	1027.78
3.58	1029.50
3.58	1030.02
3.59	1028.77
3.60	1029.29
3.61	1027.46
3.62	1029.16
3.62	1029.68
3.63	1028.44
3.64	1028.96
3.65	1027.15
3.66	1028.83
3.66	1029.35
3.67	1028.12
3.68	1028.64
3.69	1026.85
3.70	1028.51
3.70	1029.02
3.71	1027.81
3.72	1028.32
3.73	1026.55
3.74	1028.19
3.74	1028.70
3.75	1027.50
3.76	1028.01
3.77	1026.26
3.78	1027.88
3.78	1028.38
3.79	1027.20
3.80	1027.70
3.81	1025.97
3.82	1027.58
3.82	1028.08
3.83	1026.91
3.84	1027.40
3.86	1025.15
3.86	1026.74
3.87	1026.68
3.87	1028.27
3.88	1028.21
3.92	1019.48
3.92	1021.05
3.92	1022.62
3.92	1024.19
3.92	1025.75
3.93	1025.16
3.94	1026.72
3.94	1027.20
3.94	1028.75
3.95	1029.23
3.95	1030.78
3.96	1030.71
3.96	1032.26
3.97	1032.19
3.97	1033.73
3.98	1033.66
3.98	1035.20
3.99	1035.12
3.99	1036.65
4.00	1036.58
4.00	1038.11
4.01	1038.03
4.01	1039.55
4.02	1039.47
4.02	1040.98
4.03	1040.90
4.03	1042.41
4.04	1042.33
4.04	1043.83
4.05	1043.74
4.05	1045.25
4.06	1045.15
4.06	1046.65
4.07	1046.56
4.07	1048.05
4.07	1049.54
4.08	1049.45
4.08	1050.93
4.09	1050.83
4.09	1052.31
4.10	1052.21
4.10	1053.69
4.11	1053.58
4.11	1055.06
4.12	1054.95
4.12	1056.42
4.13	1057.88
4.13	1059.35
4.13	1060.82
4.13	1062.28
4.13	1063.75
4.14	1065.21
4.14	1066.67
4.14	1068.13
4.14	1069.58
4.14	1071.04
4.15	1072.49
4.15	1073.95
4.16	1073.80
4.16	1075.25
4.17	1075.10
4.17	1076.54
4.23	1062.26
4.23	1063.68
4.23	1065.11
4.24	1066.54
4.24	1067.96
4.24	1069.38
4.24	1070.81
4.24	1072.22
4.32	1055.24
4.32	1056.64
4.32	1058.04
4.32	1059.44
4.33	1060.84
4.39	1047.31
4.40	1045.75
4.41	1046.15
4.41	1047.53
4.42	1047.93
4.46	1039.63
4.48	1035.27
4.49	1036.63
4.49	1037.04
4.49	1038.39
4.52	1034.08
4.54	1030.74
4.55	1031.15
4.55	1032.49
4.56	1032.90
4.57	1030.98
4.59	1027.70
4.60	1028.11
4.60	1029.44
4.62	1027.10
4.62	1028.42
4.64	1026.09
4.65	1026.05
4.65	1027.36
4.66	1027.31
4.66	1028.62
4.69	1023.17
4.69	1024.48
4.70	1025.78
4.70	1027.07
4.70	1028.37
4.74	1021.65
4.74	1022.93
4.75	1023.34
4.75	1024.62
4.75	1025.02
4.78	1020.15
4.79	1020.55
4.79	1021.82
4.81	1020.04
4.81	1021.31
4.82	1019.97
4.83	1020.37
4.84	1019.91
4.85	1020.30
4.85	1021.56
4.86	1021.10
4.86	1021.49
4.88	1020.60
4.88	1020.99
4.88	1022.24
4.90	1020.92
4.90	1022.17
4.92	1020.43
4.92	1021.67
4.92	1022.06
4.94	1020.75
4.94	1021.98
4.96	1020.26
4.96	1021.49
4.96	1021.87
4.98	1020.58
4.98	1021.80
5.00	1020.09
5.00	1021.31
5.00	1021.69
5.02	1020.41
5.02	1021.62
5.04	1019.93
5.04	1021.14
5.04	1021.52
5.06	1020.24
5.06	1021.45
5.07	1021.41
5.07	1022.62
5.07	1023.82
5.10	1020.08
5.10	1021.28
5.10	1022.47
5.10	1023.67
5.11	1024.86
5.14	1020.33
5.15	1019.89
5.15	1021.07
5.15	1021.45
5.16	1022.63
5.17	1020.57
5.19	1018.53
5.19	1019.70
5.20	1020.07
5.21	1019.24
5.22	1019.61
5.23	1018.38
5.23	1019.55
5.25	1018.32
5.25	1019.49
5.26	1019.85
5.27	1019.43
5.27	1019.79
5.28	1018.97
5.29	1019.33
5.29	1020.49
5.31	1019.28
5.31	1020.42
5.32	1018.82
5.33	1019.97
5.33	1020.33
5.35	1019.13
5.35	1020.27
5.36	1018.68
5.37	1019.82
5.37	1020.18
5.39	1018.98
5.39	1020.11
5.40	1018.54
5.41	1019.67
5.41	1020.02
5.43	1018.84
5.43	1019.96
5.44	1018.40
5.45	1019.52
5.45	1019.87
5.47	1018.70
5.47	1019.81
5.48	1019.78
5.48	1020.90
5.48	1022.01
5.51	1018.56
5.51	1019.67
5.51	1020.77
5.52	1021.12
5.52	1022.22
5.55	1017.30
5.56	1017.65
5.56	1018.74
5.57	1019.09
5.58	1018.32
5.59	1017.17
5.60	1017.52
5.60	1018.61
5.62	1017.10
5.62	1018.18
5.63	1017.05
5.64	1017.39
5.65	1017.00
5.65	1017.34
5.66	1018.42
5.67	1018.02
5.67	1018.37
5.68	1017.61
5.69	1017.95
5.69	1019.02
5.71	1017.90
5.71	1018.96
5.72	1017.48
5.73	1018.54
5.73	1018.88
5.75	1017.77
5.75	1018.83
5.76	1017.36
5.77	1018.41
5.77	1018.75
5.79	1017.64
5.79	1018.69
5.80	1017.24
5.81	1018.28
5.81	1018.62
5.83	1017.52
5.83	1018.56
5.84	1017.11
5.85	1018.16
5.85	1018.49
5.87	1017.40
5.87	1018.43
5.88	1018.41
5.88	1019.44
5.88	1020.48
5.91	1017.28
5.91	1018.31
5.91	1019.34
5.91	1020.37
5.92	1020.69
5.94	1017.51
5.95	1017.14
5.96	1017.46
5.96	1018.48
5.97	1018.80
5.98	1017.74
6.00	1015.98
6.00	1017.00
6.01	1017.32
6.02	1016.60
6.03	1016.93
6.04	1015.87
6.04	1016.88
6.06	1015.83
6.06	1016.84
6.06	1017.15
6.07	1016.79
6.08	1017.11
6.09	1016.40
6.10	1016.72
6.10	1017.72
6.11	1016.68
6.12	1017.67
6.13	1016.30
6.13	1017.29
6.14	1017.60
6.15	1016.57
6.16	1017.56
6.17	1016.19
6.17	1017.17
6.18	1017.49
6.19	1016.46
6.20	1017.44
6.21	1016.08
6.21	1017.06
6.22	1017.37
6.23	1016.35
6.24	1017.33
6.25	1015.98
6.25	1016.95
6.26	1017.26
6.27	1016.24
6.28	1017.21
6.28	1017.19
6.29	1018.16
6.29	1019.12
6.32	1015.16
6.32	1016.12
6.33	1016.43
6.33	1017.39
6.34	1017.69
6.37	1014.08
6.37	1014.39
6.37	1015.35
6.39	1014.03
6.39	1014.98
6.41	1013.99
6.41	1014.94
6.41	1015.25
6.42	1014.91
6.43	1015.21
6.44	1014.87
6.45	1015.17
6.46	1014.83
6.46	1015.13
6.46	1016.07
6.47	1015.73
6.48	1016.03
6.49	1015.37
6.50	1015.67
6.50	1016.61
6.51	1015.63
6.52	1016.57
6.53	1015.28
6.53	1016.21
6.54	1016.51
6.55	1015.54
6.56	1016.46
6.57	1015.18
6.57	1016.11
6.58	1016.40
6.59	1015.44
6.60	1016.36
6.61	1015.09
6.61	1016.01
6.62	1016.30
6.63	1015.35
6.64	1016.26
6.65	1015.00
6.65	1015.91
6.66	1016.20
6.67	1015.25
6.68	1016.16
6.68	1016.14
6.69	1017.05
6.69	1017.96
6.72	1014.85
6.72	1015.14
6.72	1016.05
6.73	1016.33
6.73	1017.24
6.75	1015.07
6.77	1014.14
6.77	1014.42
6.78	1015.32
6.79	1014.08
6.79	1014.98
6.81	1014.05
6.81	1014.34
6.82	1014.02
6.83	1014.30
6.83	1015.19
6.84	1014.87
6.85	1015.16
6.86	1014.54
6.87	1014.82
6.87	1015.70
6.88	1014.78
6.88	1015.67
6.90	1014.45
6.90	1015.33
6.91	1015.61
6.92	1014.70
6.92	1015.57
6.94	1014.37
6.94	1015.24
6.95	1015.52
6.96	1014.61
6.96	1015.48
6.98	1014.28
6.98	1015.15
6.99	1015.43
7.00	1014.53
7.00	1015.39
7.02	1014.20
7.02	1015.06
7.03	1015.34
7.04	1014.44
7.04	1015.30
7.05	1015.29
7.05	1016.15
7.06	1016.13
7.08	1014.36
7.08	1015.22
7.09	1016.07
7.09	1016.93
7.09	1017.79
7.12	1014.28
7.12	1015.13
7.13	1015.40
7.13	1016.25
7.14	1016.52
7.17	1013.33
7.17	1013.61
7.18	1014.45
7.19	1013.29
7.19	1014.13
7.21	1013.26
7.21	1013.53
7.22	1013.23
7.23	1013.50
7.23	1014.34
7.24	1014.04
7.25	1014.31
7.26	1013.72
7.27	1013.99
7.27	1014.83
7.28	1013.96
7.28	1014.79
7.30	1013.65
7.30	1014.48
7.31	1014.74
7.32	1013.88
7.32	1014.71
7.34	1013.57
7.34	1014.40
7.35	1014.66
7.36	1013.80
7.36	1014.63
7.38	1013.49
7.38	1014.32
7.39	1014.58
7.40	1013.73
7.40	1014.55
7.42	1013.42
7.42	1014.24
7.43	1014.50
7.44	1013.65
7.44	1014.47
7.45	1014.45
7.45	1015.27
7.46	1015.25
7.48	1013.58
7.48	1014.39
7.49	1015.20
7.49	1016.01
7.49	1016.82
7.52	1014.05
7.52	1014.31
7.53	1015.12
7.53	1015.38
7.53	1016.18
7.56	1014.25
7.57	1013.42
7.58	1013.68
7.58	1014.48
7.59	1013.38
7.60	1014.17
7.61	1013.35
7.62	1013.60
7.62	1014.40
7.63	1013.30
7.64	1014.10
7.65	1013.28
7.66	1013.53
7.66	1014.32
7.67	1013.23
7.68	1014.02
7.69	1013.21
7.70	1013.46
7.70	1014.25
7.71	1013.16
7.72	1013.95
7.73	1013.14
7.74	1013.39
7.74	1014.17
7.75	1013.10
7.76	1013.88
7.77	1013.07
7.78	1013.32
7.78	1014.10
7.79	1013.03
7.80	1013.81
7.81	1013.00
7.82	1013.25
7.82	1014.03
7.83	1012.96
7.84	1013.73
7.85	1012.93
7.86	1012.92
7.86	1013.69
7.87	1013.68
7.87	1014.45
7.92	1009.49
7.92	1010.26
7.92	1011.02
7.92	1011.79
7.92	1012.55
7.93	1012.80
7.94	1013.05
7.94	1013.81
7.94	1014.06
7.95	1014.82
7.95	1015.06
7.95	1015.82
7.96	1015.81
7.96	1016.57
7.97	1016.55
7.97	1017.31
7.98	1017.29
7.98	1018.05
7.99	1018.03
7.99	1018.79
8.00	1018.77
8.00	1019.53
8.01	1019.51
8.01	1020.26
8.02	1020.24
8.02	1021.00
8.03	1020.98
8.03	1021.73
8.04	1021.71
8.04	1022.46
8.05	1022.44
8.05	1023.19
8.06	1023.16
8.06	1023.91
8.07	1023.89
8.07	1024.64
8.08	1024.61
8.08	1025.36
8.09	1025.33
8.09	1026.08
8.10	1026.05
8.10	1026.80
8.11	1026.77
8.11	1027.51
8.12	1027.49
8.12	1028.23
8.13	1028.97
8.13	1029.71
8.13	1030.45
8.13	1031.20
8.13	1031.94
8.14	1032.68
8.14	1033.42
8.14	1034.16
8.14	1034.90
8.14	1035.63
8.15	1036.37
8.15	1037.11
8.16	1037.07
8.16	1037.81
8.17	1037.77
8.17	1038.51
8.23	1031.56
8.23	1032.29
8.23	1033.02
8.24	1033.75
8.24	1034.48
8.24	1035.21
8.24	1035.94
8.24	1036.67
8.32	1028.29
8.32	1029.02
8.32	1029.74
8.32	1030.47
8.33	1031.19
8.39	1024.43
8.40	1023.66
8.41	1023.88
8.41	1024.60
8.42	1024.83
8.46	1020.62
8.48	1018.41
8.49	1019.12
8.49	1019.35
8.49	1020.06
8.52	1017.85
8.55	1015.66
8.55	1016.37
8.55	1016.60
8.56	1017.30
8.58	1015.84
8.59	1014.63
8.60	1014.85
8.60	1015.56
8.61	1015.78
8.62	1014.81
8.65	1013.13
8.65	1013.83
8.66	1013.82
8.66	1014.52
8.66	1015.22
8.69	1012.36
8.69	1013.06
8.70	1013.76
8.70	1014.45
8.70	1015.15
8.74	1011.60
8.74	1012.29
8.75	1012.52
8.75	1013.21
8.75	1013.43
8.79	1010.38
8.79	1011.07
8.80	1011.29
8.81	1010.82
8.81	1011.04
8.82	1010.80
8.83	1011.02
8.83	1011.71
8.85	1010.77
8.85	1011.45
8.86	1010.75
8.87	1011.43
8.87	1011.65
8.88	1011.18
8.89	1011.40
8.90	1010.70
8.91	1011.38
8.91	1011.60
8.92	1011.13
8.93	1011.35
8.94	1010.65
8.95	1011.33
8.95	1011.55
8.96	1011.08
8.97	1011.30
8.98	1010.60
8.99	1011.28
8.99	1011.49
9.00	1011.03
9.01	1011.25
9.02	1010.55
9.03	1011.23
9.03	1011.44
9.04	1010.98
9.05	1011.20
9.06	1010.51
9.07	1011.18
9.07	1011.17
9.08	1011.83
9.08	1012.50
9.10	1010.46
9.11	1011.13
9.11	1011.79
9.11	1012.01
9.12	1012.67
9.14	1010.64
9.15	1010.41
9.15	1011.07
9.16	1011.28
9.16	1011.94
9.18	1011.04
9.20	1009.91
9.20	1010.57
9.21	1009.67
9.22	1010.33
9.22	1010.54
9.23	1010.31
9.24	1010.53
9.25	1010.30
9.25	1010.51
9.26	1011.16
9.27	1010.49
9.27	1011.14
9.29	1010.25
9.29	1010.90
9.30	1011.11
9.31	1010.88
9.31	1011.53
9.31	1011.74
9.33	1011.29
9.33	1011.50
9.35	1010.84
9.35	1011.05
9.36	1010.60
9.37	1010.81
9.37	1011.45
9.39	1010.79
9.39	1011.43
9.39	1011.64
9.41	1011.20
9.41	1011.41
9.43	1010.74
9.43	1010.95
9.44	1010.51
9.45	1010.72
9.45	1011.36
9.47	1010.70
9.47	1011.34
9.48	1011.33
9.48	1011.97
9.48	1012.60
9.51	1010.01
9.51	1010.64
9.52	1010.85
9.52	1011.48
9.53	1011.69
9.56	1008.68
9.57	1009.31
9.57	1009.52
9.57	1010.15
9.59	1009.29
9.60	1008.64
9.61	1008.85
9.62	1008.63
9.63	1008.83
9.63	1009.46
9.64	1009.24
9.64	1009.45
9.65	1009.23
9.66	1009.43
9.66	1010.06
9.67	1009.84
9.68	1010.04
9.69	1009.61
9.70	1009.81
9.70	1010.44
9.71	1009.80
9.71	1010.42
9.73	1009.57
9.73	1010.19
9.74	1010.40
9.75	1009.76
9.75	1010.38
9.77	1009.53
9.77	1010.15
9.78	1010.35
9.79	1009.72
9.79	1010.33
9.81	1009.49
9.81	1010.11
9.82	1010.31
9.83	1009.68
9.83	1010.29
9.85	1009.45
9.85	1010.07
9.86	1010.27
9.87	1009.64
9.87	1010.25
9.88	1010.24
9.88	1010.85
9.89	1011.47
9.91	1009.60
9.91	1010.21
9.92	1010.41
9.92	1011.02
9.93	1011.21
9.95	1009.56
9.97	1008.94
9.97	1009.54
9.97	1009.74
9.98	1010.35
9.99	1009.52
10.01	1008.90
10.01	1009.10
10.01	1009.70
10.03	1008.88
10.03	1009.48
10.05	1008.86
10.05	1009.06
10.06	1008.85
10.07	1009.05
10.07	1009.65
10.08	1009.44
10.09	1009.63
10.10	1009.22
10.10	1009.41
10.11	1010.01
10.12	1009.40
10.12	1010.00
10.14	1009.18
10.14	1009.78
10.15	1009.97
10.16	1009.36
10.16	1009.96
10.18	1009.15
10.18	1009.74
10.19	1009.93
10.20	1009.32
10.20	1009.92
10.22	1009.11
10.22	1009.70
10.23	1009.89
10.24	1009.29
10.24	1009.88
10.26	1009.07
10.26	1009.66
10.27	1009.85
10.28	1009.25
10.28	1009.84
10.29	1009.83
10.29	1010.42
10.29	1011.01
10.33	1008.62
10.33	1008.81
10.33	1009.40
10.34	1009.59
10.34	1010.17
10.37	1008.00
10.38	1008.19
10.38	1008.77
10.40	1007.98
10.40	1008.56
10.41	1007.97
10.41	1008.55
10.42	1008.74
10.43	1008.53
10.44	1008.72
10.45	1008.52
10.45	1008.71
10.46	1008.51
10.47	1008.70
10.47	1009.27
10.48	1009.07
10.49	1009.26
10.50	1008.86
10.50	1009.05
10.51	1009.63
10.52	1009.04
10.52	1009.61
10.54	1008.83
10.54	1009.40
10.55	1009.59
10.56	1009.00
10.56	1009.57
10.58	1008.80
10.58	1009.37
10.59	1009.55
10.60	1008.97
10.60	1009.54
10.62	1008.76
10.62	1009.33
10.63	1009.52
10.64	1008.93
10.64	1009.50
10.66	1008.73
10.66	1009.30
10.67	1009.48
10.68	1008.90
10.68	1009.47
10.69	1009.46
10.69	1010.02
10.69	1010.59
10.72	1008.68
10.73	1008.86
10.73	1009.04
10.74	1009.61
10.74	1009.79
10.76	1008.83
10.77	1008.26
10.78	1008.44
10.78	1009.00
10.80	1008.24
10.80	1008.80
10.81	1008.23
10.82	1008.41
10.83	1008.22
10.84	1008.40
10.84	1008.96
10.85	1008.76
10.85	1008.94
10.87	1008.56
10.87	1008.74
10.87	1009.30
10.89	1008.73
10.89	1009.28
10.91	1008.53
10.91	1009.08
10.91	1009.26
10.93	1008.70
10.93	1009.25
10.95	1008.50
10.95	1009.05
10.95	1009.23
10.97	1008.66
10.97	1009.21
10.99	1008.47
10.99	1009.02
10.99	1009.19
11.01	1008.63
11.01	1009.18
11.03	1008.43
11.03	1008.98
11.03	1009.16
11.05	1008.60
11.05	1009.15
11.06	1009.14
11.06	1009.69
11.07	1009.68
11.09	1008.57
11.09	1009.11
11.09	1009.66
11.09	1010.20
11.10	1010.38
11.13	1008.54
11.13	1008.71
11.14	1009.26
11.14	1009.43
11.14	1009.98
11.17	1007.96
11.18	1008.14
11.18	1008.68
11.20	1007.94
11.20	1008.48
11.21	1007.93
11.22	1008.11
11.23	1007.92
11.24	1008.09
11.24	1008.63
11.25	1008.45
11.25	1008.62
11.27	1008.25
11.27	1008.43
11.27	1008.96
11.29	1008.42
11.29	1008.95
11.31	1008.22
11.31	1008.76
11.31	1008.93
11.33	1008.39
11.33	1008.92
11.35	1008.19
11.35	1008.73
11.35	1008.90
11.37	1008.36
11.37	1008.89
11.39	1008.16
11.39	1008.70
11.39	1008.87
11.41	1008.33
11.41	1008.86
11.43	1008.14
11.43	1008.66
11.43	1008.84
11.45	1008.30
11.45	1008.82
11.46	1008.82
11.46	1009.35
11.47	1009.34
11.49	1008.27
11.49	1008.79
11.49	1009.32
11.49	1009.85
11.50	1010.02
11.52	1008.59
11.53	1008.76
11.54	1008.93
11.54	1009.46
11.54	1009.63
11.56	1008.74
11.58	1008.20
11.58	1008.37
11.58	1008.90
11.60	1008.19
11.60	1008.71
11.62	1008.18
11.62	1008.34
11.62	1008.86
11.64	1008.16
11.64	1008.68
11.66	1008.15
11.66	1008.32
11.66	1008.83
11.68	1008.13
11.68	1008.65
11.70	1008.12
11.70	1008.29
11.70	1008.80
11.72	1008.10
11.72	1008.62
11.74	1008.09
11.74	1008.26
11.74	1008.77
11.76	1008.07
11.76	1008.59
11.78	1008.06
11.78	1008.23
11.78	1008.74
11.80	1008.05
11.80	1008.56
11.82	1008.04
11.82	1008.20
11.82	1008.71
11.84	1008.02
11.84	1008.53
11.86	1008.01
11.86	1008.00
11.87	1008.51
11.87	1008.51
11.88	1009.02
11.92	1006.27
11.92	1006.78
11.92	1007.29
11.92	1007.79
11.93	1007.96
11.93	1008.12
11.94	1008.29
11.94	1008.80
11.95	1008.96
11.95	1009.47
11.96	1009.46
11.96	1009.96
11.97	1009.96
11.97	1010.46
11.98	1010.46
11.98	1010.96
11.99	1010.95
11.99	1011.46
12.00	1011.45
12.00	1011.95
12.01	1011.94
12.01	1012.45
12.02	1012.44
12.02	1012.94
12.03	1012.93
12.03	1013.43
12.04	1013.42
12.04	1013.92
12.05	1013.91
12.05	1014.42
12.06	1014.41
12.06	1014.91
12.07	1014.90
12.07	1015.39
12.07	1015.89
12.07	1016.39
12.08	1016.89
12.08	1017.39
12.08	1017.89
12.08	1018.39
12.08	1018.89
12.09	1019.39
12.09	1019.88
12.09	1020.38
12.09	1020.88
12.09	1021.38
12.10	1021.87
12.10	1022.37
12.10	1022.87
12.10	1023.36
12.10	1023.86
12.11	1024.36
12.11	1024.85
12.11	1025.35
12.11	1025.85
12.11	1026.34
12.12	1026.84
12.12	1027.33
12.12	1027.83
12.12	1028.32
12.12	1028.82
12.13	1029.14
12.13	1029.47
12.14	1029.79
12.14	1030.11
12.14	1030.43
12.15	1030.76
12.15	1031.08
12.16	1031.40
12.16	1031.72
12.16	1032.04
12.17	1032.37
12.17	1032.69
12.18	1033.01
12.18	1033.33
12.18	1033.65
12.19	1033.97
12.19	1034.29
12.20	1034.61
12.20	1034.93
12.20	1035.25
12.20	0.00
