0.12	0.00	0.00
0.12	4000.00	0.00
0.13	1600.00	0.01
0.13	2000.00	0.01
0.14	1600.00	0.02
0.14	1818.18	0.02
0.15	1600.00	0.03
0.15	1750.00	0.03
0.16	1523.81	0.04
0.16	1636.36	0.04
0.17	1600.00	0.05
0.17	1600.00	0.05
0.18	1538.46	0.05
0.18	1538.46	0.05
0.19	1600.00	0.05
0.19	1600.00	0.05
0.20	1666.67	0.05
0.21	1428.57	0.06
0.21	1538.46	0.05
0.21	1538.46	0.05
0.22	1538.46	0.05
0.22	1538.46	0.05
0.23	1666.67	0.05
0.23	1666.67	0.05
0.24	1428.57	0.06
0.25	1428.57	0.06
0.25	1428.57	0.06
0.25	1666.67	0.05
0.26	1666.67	0.05
0.26	1666.67	0.05
0.27	1666.67	0.05
0.27	1666.67	0.05
0.28	1666.67	0.05
0.28	1666.67	0.05
0.28	2222.22	0.04
0.28	2222.22	0.04
0.28	2500.00	0.03
0.29	2500.00	0.03
0.29	2857.14	0.03
0.31	1739.13	0.05
0.31	1739.13	0.05
0.32	1739.13	0.05
0.35	1142.86	0.07
0.35	1142.86	0.07
0.35	1142.86	0.07
0.35	1142.86	0.07
0.35	1142.86	0.07
0.36	1142.86	0.07
0.36	1142.86	0.07
0.36	1538.46	0.05
0.36	1666.67	0.05
0.36	1666.67	0.05
0.37	3333.33	0.02
0.37	3333.33	0.02
0.38	2857.14	0.03
0.38	2857.14	0.03
0.39	2500.00	0.03
0.39	2500.00	0.03
0.39	2222.22	0.04
0.43	1212.12	0.07
0.43	1142.86	0.07
0.43	1142.86	0.07
0.44	1142.86	0.07
0.44	1142.86	0.07
0.45	1142.86	0.07
0.45	1142.86	0.07
0.46	1142.86	0.07
0.46	1142.86	0.07
0.46	1142.86	0.07
0.47	2000.00	0.04
0.47	2000.00	0.04
0.47	2000.00	0.04
0.48	2000.00	0.04
0.48	2000.00	0.04
0.49	2000.00	0.04
0.49	2000.00	0.04
0.50	2000.00	0.04
0.50	2000.00	0.04
0.50	2000.00	0.04
0.51	2000.00	0.04
0.53	1379.31	0.06
0.54	1290.32	0.06
0.54	1379.31	0.06
0.54	1290.32	0.06
0.55	1379.31	0.06
0.55	1290.32	0.06
0.55	1379.31	0.06
0.60	816.33	0.10
0.60	851.06	0.09
0.60	851.06	0.09
0.60	1111.11	0.07
0.60	1176.47	0.07
0.64	769.23	0.10
0.64	800.00	0.10
0.65	800.00	0.10
0.65	833.33	0.10
0.65	833.33	0.10
0.68	1000.00	0.08
0.68	1000.00	0.08
0.68	1000.00	0.08
0.68	1000.00	0.08
0.68	1000.00	0.08
0.70	1333.33	0.06
0.70	1333.33	0.06
0.71	1333.33	0.06
0.71	1333.33	0.06
0.72	1111.11	0.07
0.72	1666.67	0.05
0.73	1666.67	0.05
0.73	1538.46	0.05
0.74	1428.57	0.06
0.74	1333.33	0.06
0.75	1666.67	0.05
0.75	1666.67	0.05
0.76	1538.46	0.05
0.76	1538.46	0.05
0.77	1818.18	0.04
0.77	1818.18	0.04
0.77	1666.67	0.05
0.78	1818.18	0.04
0.78	1818.18	0.04
0.78	2000.00	0.04
0.79	2000.00	0.04
0.79	2000.00	0.04
0.80	2000.00	0.04
0.80	2000.00	0.04
0.81	2000.00	0.04
0.81	2000.00	0.04
0.81	2000.00	0.04
0.82	2000.00	0.04
0.82	2000.00	0.04
0.82	2000.00	0.04
0.83	2000.00	0.04
0.83	2000.00	0.04
0.83	2222.22	0.04
0.84	2000.00	0.04
0.84	2222.22	0.04
0.85	2000.00	0.04
0.85	2222.22	0.04
0.85	2222.22	0.04
0.85	2500.00	0.03
0.87	1818.18	0.04
0.87	2000.00	0.04
0.87	2000.00	0.04
0.87	2000.00	0.04
0.88	2222.22	0.04
0.89	1818.18	0.04
0.89	2000.00	0.04
0.89	2000.00	0.04
0.89	2000.00	0.04
0.90	1666.67	0.05
0.90	2222.22	0.04
0.91	2222.22	0.04
0.91	2222.22	0.04
0.92	1818.18	0.04
0.92	1818.18	0.04
0.92	2222.22	0.04
0.92	2222.22	0.04
0.93	1818.18	0.04
0.94	1818.18	0.04
0.94	2222.22	0.04
0.94	2222.22	0.04
0.95	1818.18	0.04
0.95	1818.18	0.04
0.95	2222.22	0.04
0.96	2222.22	0.04
0.97	1818.18	0.04
0.97	1818.18	0.04
0.97	2222.22	0.04
0.97	2222.22	0.04
0.98	1818.18	0.04
0.98	1818.18	0.04
0.99	2000.00	0.04
0.99	2000.00	0.04
1.00	1818.18	0.04
1.00	1818.18	0.04
1.01	2000.00	0.04
1.01	2000.00	0.04
1.01	1818.18	0.04
1.02	1818.18	0.04
1.02	2000.00	0.04
1.02	2000.00	0.04
1.03	2000.00	0.04
1.03	2000.00	0.04
1.04	2000.00	0.04
1.04	2000.00	0.04
1.04	2222.22	0.04
1.04	2222.22	0.04
1.05	2500.00	0.03
1.06	2000.00	0.04
1.06	2222.22	0.04
1.06	2222.22	0.04
1.06	2500.00	0.03
1.08	1818.18	0.04
1.08	2000.00	0.04
1.08	2000.00	0.04
1.08	2000.00	0.04
1.08	2000.00	0.04
1.09	1666.67	0.05
1.10	2000.00	0.04
1.10	2000.00	0.04
1.10	2000.00	0.04
1.11	1666.67	0.05
1.11	2222.22	0.04
1.11	2222.22	0.04
1.12	2222.22	0.04
1.13	1818.18	0.04
1.13	1818.18	0.04
1.13	2222.22	0.04
1.13	2222.22	0.04
1.14	1818.18	0.04
1.14	1818.18	0.04
1.15	2222.22	0.04
1.15	2222.22	0.04
1.16	1818.18	0.04
1.16	1818.18	0.04
1.17	2000.00	0.04
1.17	2000.00	0.04
1.17	1818.18	0.04
1.18	1818.18	0.04
1.18	2000.00	0.04
1.18	2000.00	0.04
1.19	1818.18	0.04
1.19	1818.18	0.04
1.20	2000.00	0.04
1.20	2000.00	0.04
1.21	2000.00	0.04
1.21	2000.00	0.04
1.21	2000.00	0.04
1.22	2000.00	0.04
1.22	2000.00	0.04
1.22	2000.00	0.04
1.23	2000.00	0.04
1.23	2000.00	0.04
1.23	2222.22	0.04
1.24	2000.00	0.04
1.24	2222.22	0.04
1.25	2000.00	0.04
1.25	2222.22	0.04
1.25	2222.22	0.04
1.25	2500.00	0.03
1.27	1818.18	0.04
1.27	2000.00	0.04
1.27	2000.00	0.04
1.27	2000.00	0.04
1.28	2222.22	0.04
1.29	1818.18	0.04
1.29	2000.00	0.04
1.29	2000.00	0.04
1.29	2000.00	0.04
1.30	1666.67	0.05
1.30	2222.22	0.04
1.31	2222.22	0.04
1.31	2222.22	0.04
1.32	1818.18	0.04
1.32	1818.18	0.04
1.32	2222.22	0.04
1.32	2222.22	0.04
1.33	1818.18	0.04
1.34	1818.18	0.04
1.34	2000.00	0.04
1.34	2000.00	0.04
1.35	1818.18	0.04
1.35	1818.18	0.04
1.36	2000.00	0.04
1.36	2000.00	0.04
1.37	1818.18	0.04
1.37	1818.18	0.04
1.37	2000.00	0.04
1.38	2000.00	0.04
1.38	2000.00	0.04
1.38	2000.00	0.04
1.39	2000.00	0.04
1.39	2000.00	0.04
1.40	2000.00	0.04
1.40	2000.00	0.04
1.41	2000.00	0.04
1.41	2000.00	0.04
1.41	2000.00	0.04
1.42	2000.00	0.04
1.42	2000.00	0.04
1.42	2000.00	0.04
1.43	2000.00	0.04
1.43	2000.00	0.04
1.44	2000.00	0.04
1.44	2000.00	0.04
1.44	2222.22	0.04
1.44	2222.22	0.04
1.45	2500.00	0.03
1.46	2000.00	0.04
1.46	2222.22	0.04
1.46	2222.22	0.04
1.46	2500.00	0.03
1.48	1818.18	0.04
1.48	2000.00	0.04
1.48	2000.00	0.04
1.48	2000.00	0.04
1.48	2000.00	0.04
1.49	1666.67	0.05
1.50	2000.00	0.04
1.50	2000.00	0.04
1.50	2000.00	0.04
1.51	1666.67	0.05
1.51	2222.22	0.04
1.52	2000.00	0.04
1.52	2000.00	0.04
1.53	1818.18	0.04
1.53	1818.18	0.04
1.53	2000.00	0.04
1.54	2000.00	0.04
1.54	1818.18	0.04
1.54	1818.18	0.04
1.55	2000.00	0.04
1.55	2000.00	0.04
1.56	2000.00	0.04
1.56	2000.00	0.04
1.57	2000.00	0.04
1.57	2000.00	0.04
1.57	2000.00	0.04
1.58	2000.00	0.04
1.58	2000.00	0.04
1.58	2000.00	0.04
1.59	2000.00	0.04
1.59	2000.00	0.04
1.60	2000.00	0.04
1.60	2000.00	0.04
1.61	2000.00	0.04
1.61	2000.00	0.04
1.61	2000.00	0.04
1.62	2000.00	0.04
1.62	2000.00	0.04
1.62	2000.00	0.04
1.63	2000.00	0.04
1.63	2000.00	0.04
1.63	2222.22	0.04
1.64	2000.00	0.04
1.64	2222.22	0.04
1.65	2000.00	0.04
1.65	2222.22	0.04
1.65	2222.22	0.04
1.65	2500.00	0.03
1.67	1818.18	0.04
1.67	2000.00	0.04
1.67	2000.00	0.04
1.67	2000.00	0.04
1.68	2222.22	0.04
1.69	1818.18	0.04
1.69	2000.00	0.04
1.69	1818.18	0.04
1.70	1818.18	0.04
1.70	1666.67	0.05
1.70	2222.22	0.04
1.71	2000.00	0.04
1.71	2000.00	0.04
1.72	1818.18	0.04
1.72	1818.18	0.04
1.73	2000.00	0.04
1.73	2000.00	0.04
1.73	2000.00	0.04
1.74	2000.00	0.04
1.74	2000.00	0.04
1.74	2000.00	0.04
1.75	2000.00	0.04
1.75	2000.00	0.04
1.76	2000.00	0.04
1.76	2000.00	0.04
1.77	2000.00	0.04
1.77	2000.00	0.04
1.77	2000.00	0.04
1.78	2000.00	0.04
1.78	2000.00	0.04
1.78	2000.00	0.04
1.79	2000.00	0.04
1.79	2000.00	0.04
1.80	2000.00	0.04
1.80	2000.00	0.04
1.81	2000.00	0.04
1.81	2000.00	0.04
1.81	2000.00	0.04
1.82	2000.00	0.04
1.82	2000.00	0.04
1.82	2000.00	0.04
1.83	2000.00	0.04
1.83	2000.00	0.04
1.84	2000.00	0.04
1.84	2000.00	0.04
1.85	2000.00	0.04
1.85	2000.00	0.04
1.85	2000.00	0.04
1.86	2000.00	0.04
1.86	2000.00	0.04
1.86	2000.00	0.04
1.87	2000.00	0.04
1.87	2000.00	0.04
1.88	2000.00	0.04
1.88	2000.00	0.04
1.89	2000.00	0.04
1.89	2000.00	0.04
1.89	2000.00	0.04
1.90	2000.00	0.04
1.90	2000.00	0.04
1.90	2000.00	0.04
1.91	2000.00	0.04
1.91	2000.00	0.04
1.92	2000.00	0.04
1.92	2000.00	0.04
1.93	2000.00	0.04
1.93	2000.00	0.04
1.93	2000.00	0.04
1.94	2000.00	0.04
1.94	2000.00	0.04
1.94	2000.00	0.04
1.95	2000.00	0.04
1.95	2000.00	0.04
1.96	2000.00	0.04
1.96	2000.00	0.04
1.97	2000.00	0.04
1.97	2000.00	0.04
1.97	2000.00	0.04
1.98	2000.00	0.04
1.98	2000.00	0.04
1.98	2000.00	0.04
1.99	2000.00	0.04
1.99	2000.00	0.04
2.00	2000.00	0.04
2.00	2000.00	0.04
2.01	2000.00	0.04
2.01	2000.00	0.04
2.01	2000.00	0.04
2.02	2000.00	0.04
2.02	2000.00	0.04
2.02	2000.00	0.04
2.03	2000.00	0.04
2.03	2000.00	0.04
2.04	2000.00	0.04
2.04	2000.00	0.04
2.05	2000.00	0.04
2.05	2000.00	0.04
2.05	2000.00	0.04
2.06	2000.00	0.04
2.06	2000.00	0.04
2.06	2000.00	0.04
2.07	2000.00	0.04
2.07	2000.00	0.04
2.08	2000.00	0.04
2.08	2000.00	0.04
2.09	2000.00	0.04
2.09	2000.00	0.04
2.09	2000.00	0.04
2.10	2000.00	0.04
2.10	2000.00	0.04
2.10	2000.00	0.04
2.11	2000.00	0.04
2.11	2000.00	0.04
2.12	2000.00	0.04
2.12	2000.00	0.04
2.13	2000.00	0.04
2.13	2000.00	0.04
2.13	2000.00	0.04
2.14	2000.00	0.04
2.14	2000.00	0.04
2.14	2000.00	0.04
2.16	1600.00	0.05
2.16	1600.00	0.05
2.17	1600.00	0.05
2.26	571.43	0.14
2.27	571.43	0.14
2.27	571.43	0.14
2.27	571.43	0.14
2.28	571.43	0.14
2.28	571.43	0.14
2.28	571.43	0.14
2.29	615.38	0.13
2.29	615.38	0.13
2.30	615.38	0.13
2.30	2000.00	0.04
2.31	2000.00	0.04
2.31	2000.00	0.04
2.31	2000.00	0.04
2.32	2000.00	0.04
2.32	2000.00	0.04
2.32	2000.00	0.04
2.33	2000.00	0.04
2.33	2000.00	0.04
2.34	2000.00	0.04
2.34	2000.00	0.04
2.35	2000.00	0.04
2.35	2000.00	0.04
2.35	2000.00	0.04
2.36	2000.00	0.04
2.36	2000.00	0.04
2.36	2000.00	0.04
2.37	2000.00	0.04
2.37	2000.00	0.04
2.37	2222.22	0.04
2.38	2222.22	0.04
2.38	2500.00	0.03
2.38	2500.00	0.03
2.38	2857.14	0.03
2.38	2857.14	0.03
2.39	2857.14	0.03
2.39	2857.14	0.03
2.40	2857.14	0.03
2.40	2857.14	0.03
2.41	2500.00	0.03
2.41	2500.00	0.03
2.41	2222.22	0.04
2.42	2222.22	0.04
2.42	2000.00	0.04
2.42	2000.00	0.04
2.43	2000.00	0.04
2.43	2000.00	0.04
2.44	2000.00	0.04
2.44	2000.00	0.04
2.45	2000.00	0.04
2.45	2000.00	0.04
2.45	2000.00	0.04
2.48	1250.00	0.06
2.48	1333.33	0.06
2.48	1333.33	0.06
2.49	1428.57	0.06
2.49	1428.57	0.06
2.55	740.74	0.11
2.55	740.74	0.11
2.55	769.23	0.10
2.55	769.23	0.10
2.55	800.00	0.10
2.60	689.66	0.12
2.60	689.66	0.12
2.60	666.67	0.12
2.61	666.67	0.12
2.61	645.16	0.12
2.63	1000.00	0.08
2.63	1000.00	0.08
2.63	952.38	0.08
2.64	952.38	0.08
2.64	909.09	0.09
2.64	1666.67	0.05
2.65	1538.46	0.05
2.65	1666.67	0.05
2.66	1538.46	0.05
2.66	1666.67	0.05
2.67	2000.00	0.04
2.67	2000.00	0.04
2.67	2000.00	0.04
2.68	2000.00	0.04
2.68	2000.00	0.04
2.68	2000.00	0.04
2.69	2000.00	0.04
2.69	2000.00	0.04
2.70	2000.00	0.04
2.70	2000.00	0.04
2.71	2000.00	0.04
2.71	2000.00	0.04
2.71	2000.00	0.04
2.72	2000.00	0.04
2.72	2000.00	0.04
2.72	2000.00	0.04
2.73	2000.00	0.04
2.73	2000.00	0.04
2.73	2222.22	0.04
2.74	2222.22	0.04
2.74	2500.00	0.03
2.74	2222.22	0.04
2.75	2000.00	0.04
2.76	2000.00	0.04
2.76	2222.22	0.04
2.76	2222.22	0.04
2.76	2500.00	0.03
2.78	1818.18	0.04
2.78	1818.18	0.04
2.78	1818.18	0.04
2.78	1818.18	0.04
2.78	2000.00	0.04
2.80	1818.18	0.04
2.80	1818.18	0.04
2.80	1818.18	0.04
2.80	1818.18	0.04
2.81	1818.18	0.04
2.81	2500.00	0.03
2.82	1818.18	0.04
2.82	1818.18	0.04
2.83	1818.18	0.04
2.83	1818.18	0.04
2.83	2500.00	0.03
2.83	2500.00	0.03
2.85	1818.18	0.04
2.85	1818.18	0.04
2.85	1818.18	0.04
2.85	1818.18	0.04
2.85	2500.00	0.03
2.86	2500.00	0.03
2.87	1818.18	0.04
2.87	1818.18	0.04
2.87	1818.18	0.04
2.88	1818.18	0.04
2.88	2500.00	0.03
2.88	2500.00	0.03
2.89	1818.18	0.04
2.90	1818.18	0.04
2.90	1818.18	0.04
2.90	1818.18	0.04
2.90	2500.00	0.03
2.90	2500.00	0.03
2.92	1818.18	0.04
2.92	1818.18	0.04
2.92	1818.18	0.04
2.92	1818.18	0.04
2.93	2222.22	0.04
2.93	2222.22	0.04
2.93	2222.22	0.04
2.94	2222.22	0.04
2.94	2000.00	0.04
2.95	1666.67	0.05
2.95	2222.22	0.04
2.96	2222.22	0.04
2.97	1818.18	0.04
2.97	1818.18	0.04
2.97	2000.00	0.04
2.97	2000.00	0.04
2.98	1666.67	0.05
2.98	1666.67	0.05
2.99	1818.18	0.04
2.99	2222.22	0.04
3.00	1818.18	0.04
3.00	1818.18	0.04
3.00	2222.22	0.04
3.00	2222.22	0.04
3.01	1818.18	0.04
3.02	1818.18	0.04
3.02	2222.22	0.04
3.02	2222.22	0.04
3.03	1818.18	0.04
3.03	1818.18	0.04
3.03	2222.22	0.04
3.04	2222.22	0.04
3.05	1818.18	0.04
3.05	1818.18	0.04
3.05	2222.22	0.04
3.05	2222.22	0.04
3.06	1818.18	0.04
3.06	1818.18	0.04
3.07	2222.22	0.04
3.07	2222.22	0.04
3.08	1818.18	0.04
3.08	1818.18	0.04
3.08	2222.22	0.04
3.08	2222.22	0.04
3.09	1818.18	0.04
3.10	1818.18	0.04
3.10	2000.00	0.04
3.10	2000.00	0.04
3.11	1818.18	0.04
3.11	1818.18	0.04
3.12	2000.00	0.04
3.12	2000.00	0.04
3.13	1818.18	0.04
3.13	1818.18	0.04
3.13	2000.00	0.04
3.14	2000.00	0.04
3.14	2000.00	0.04
3.14	2000.00	0.04
3.15	2222.22	0.04
3.15	2222.22	0.04
3.16	2000.00	0.04
3.16	2000.00	0.04
3.16	2222.22	0.04
3.16	2222.22	0.04
3.17	2000.00	0.04
3.18	2000.00	0.04
3.18	2222.22	0.04
3.18	2222.22	0.04
3.19	1818.18	0.04
3.19	1818.18	0.04
3.19	2222.22	0.04
3.20	2222.22	0.04
3.21	1818.18	0.04
3.21	1818.18	0.04
3.21	2222.22	0.04
3.21	2222.22	0.04
3.22	1818.18	0.04
3.22	1818.18	0.04
3.23	2222.22	0.04
3.23	2222.22	0.04
3.24	1818.18	0.04
3.24	1818.18	0.04
3.24	2222.22	0.04
3.24	2222.22	0.04
3.25	1818.18	0.04
3.26	1818.18	0.04
3.26	2000.00	0.04
3.26	2000.00	0.04
3.27	1818.18	0.04
3.27	1818.18	0.04
3.28	2000.00	0.04
3.28	2000.00	0.04
3.29	1818.18	0.04
3.29	1818.18	0.04
3.29	2000.00	0.04
3.30	2000.00	0.04
3.30	2000.00	0.04
3.30	2000.00	0.04
3.31	2000.00	0.04
3.31	2000.00	0.04
3.32	2000.00	0.04
3.32	2000.00	0.04
3.33	2000.00	0.04
3.33	2000.00	0.04
3.33	2000.00	0.04
3.34	2000.00	0.04
3.34	2222.22	0.04
3.34	2222.22	0.04
3.35	2222.22	0.04
3.35	2000.00	0.04
3.35	2222.22	0.04
3.36	2222.22	0.04
3.37	2000.00	0.04
3.37	2000.00	0.04
3.37	2222.22	0.04
3.37	2222.22	0.04
3.38	1818.18	0.04
3.38	1818.18	0.04
3.39	2000.00	0.04
3.39	2222.22	0.04
3.40	1818.18	0.04
3.40	1818.18	0.04
3.41	2000.00	0.04
3.41	2000.00	0.04
3.41	1818.18	0.04
3.42	1818.18	0.04
3.42	2000.00	0.04
3.42	2000.00	0.04
3.43	1818.18	0.04
3.43	1818.18	0.04
3.44	2000.00	0.04
3.44	2000.00	0.04
3.45	2000.00	0.04
3.45	2000.00	0.04
3.45	2000.00	0.04
3.46	2000.00	0.04
3.46	2000.00	0.04
3.46	2000.00	0.04
3.47	2000.00	0.04
3.47	2000.00	0.04
3.48	2000.00	0.04
3.48	2000.00	0.04
3.49	2000.00	0.04
3.49	2000.00	0.04
3.49	2000.00	0.04
3.50	2000.00	0.04
3.50	2000.00	0.04
3.50	2000.00	0.04
3.51	2000.00	0.04
3.51	2000.00	0.04
3.52	2000.00	0.04
3.52	2000.00	0.04
3.52	2222.22	0.04
3.52	2222.22	0.04
3.53	2000.00	0.04
3.54	2000.00	0.04
3.54	2000.00	0.04
3.54	2000.00	0.04
3.55	2000.00	0.04
3.55	2000.00	0.04
3.56	2000.00	0.04
3.56	2000.00	0.04
3.57	1818.18	0.04
3.57	1818.18	0.04
3.57	2000.00	0.04
3.58	2000.00	0.04
3.58	2000.00	0.04
3.58	2000.00	0.04
3.59	2000.00	0.04
3.59	2000.00	0.04
3.60	2000.00	0.04
3.60	2000.00	0.04
3.61	2000.00	0.04
3.61	2000.00	0.04
3.61	2000.00	0.04
3.62	2000.00	0.04
3.62	2000.00	0.04
3.62	2000.00	0.04
3.63	2000.00	0.04
3.63	2000.00	0.04
3.64	2000.00	0.04
3.64	2000.00	0.04
3.65	2000.00	0.04
3.65	2000.00	0.04
3.65	2222.22	0.04
3.66	2000.00	0.04
3.66	2000.00	0.04
3.66	2000.00	0.04
3.67	2000.00	0.04
3.67	2000.00	0.04
3.68	2000.00	0.04
3.68	2000.00	0.04
3.69	2000.00	0.04
3.69	2000.00	0.04
3.69	1818.18	0.04
3.70	2000.00	0.04
3.70	2000.00	0.04
3.70	2000.00	0.04
3.71	2000.00	0.04
3.71	2000.00	0.04
3.72	2000.00	0.04
3.72	2000.00	0.04
3.73	2000.00	0.04
3.73	2000.00	0.04
3.73	2000.00	0.04
3.74	2000.00	0.04
3.74	2000.00	0.04
3.74	2000.00	0.04
3.75	2000.00	0.04
3.75	2000.00	0.04
3.76	2000.00	0.04
3.76	2000.00	0.04
3.77	2000.00	0.04
3.77	2000.00	0.04
3.77	2000.00	0.04
3.78	2000.00	0.04
3.78	2000.00	0.04
3.78	2000.00	0.04
3.79	2000.00	0.04
3.79	2000.00	0.04
3.80	2000.00	0.04
3.80	2000.00	0.04
3.81	2000.00	0.04
3.81	2000.00	0.04
3.81	2000.00	0.04
3.82	2000.00	0.04
3.82	2000.00	0.04
3.82	2000.00	0.04
3.83	2000.00	0.04
3.83	2000.00	0.04
3.84	2000.00	0.04
3.84	2000.00	0.04
3.85	2000.00	0.04
3.85	2000.00	0.04
3.85	2000.00	0.04
3.86	2000.00	0.04
3.86	2000.00	0.04
3.86	2000.00	0.04
3.87	2000.00	0.04
3.87	2000.00	0.04
3.88	2000.00	0.04
3.88	2000.00	0.04
3.89	2000.00	0.04
3.89	2000.00	0.04
3.89	2000.00	0.04
3.90	2000.00	0.04
3.90	2000.00	0.04
3.90	2000.00	0.04
3.91	2000.00	0.04
3.91	2000.00	0.04
3.92	2000.00	0.04
3.92	2000.00	0.04
3.93	2000.00	0.04
3.93	2000.00	0.04
3.93	2000.00	0.04
3.94	2000.00	0.04
3.94	2000.00	0.04
3.94	2000.00	0.04
3.95	2000.00	0.04
3.95	2000.00	0.04
3.96	2000.00	0.04
3.96	2000.00	0.04
3.97	2000.00	0.04
3.97	2000.00	0.04
3.97	2000.00	0.04
3.98	2000.00	0.04
3.98	2000.00	0.04
3.98	2000.00	0.04
3.99	2000.00	0.04
3.99	2000.00	0.04
4.00	2000.00	0.04
4.00	2000.00	0.04
4.01	2000.00	0.04
4.01	2000.00	0.04
4.01	2000.00	0.04
4.02	2000.00	0.04
4.02	2000.00	0.04
4.02	2000.00	0.04
4.03	2222.22	0.04
4.03	2000.00	0.04
4.03	2222.22	0.04
4.04	2000.00	0.04
4.04	2222.22	0.04
4.06	1600.00	0.05
4.06	1739.13	0.05
4.07	1600.00	0.05
4.16	588.24	0.14
4.16	571.43	0.14
4.17	571.43	0.14
4.17	571.43	0.14
4.17	571.43	0.14
4.18	571.43	0.14
4.18	571.43	0.14
4.19	615.38	0.13
4.19	615.38	0.13
4.20	615.38	0.13
4.20	2000.00	0.04
4.20	2000.00	0.04
4.21	2000.00	0.04
4.21	2000.00	0.04
4.21	2000.00	0.04
4.22	2000.00	0.04
4.22	2000.00	0.04
4.23	2000.00	0.04
4.23	2000.00	0.04
4.24	2000.00	0.04
4.24	2000.00	0.04
4.24	2000.00	0.04
4.25	2000.00	0.04
4.25	2000.00	0.04
4.25	2000.00	0.04
4.26	2000.00	0.04
4.26	2000.00	0.04
4.27	2000.00	0.04
4.27	2000.00	0.04
4.27	2222.22	0.04
4.27	2222.22	0.04
4.28	2500.00	0.03
4.28	2500.00	0.03
4.28	2857.14	0.03
4.28	2857.14	0.03
4.29	2857.14	0.03
4.29	2857.14	0.03
4.30	2857.14	0.03
4.30	2857.14	0.03
4.30	2500.00	0.03
4.31	2500.00	0.03
4.31	2222.22	0.04
4.31	2222.22	0.04
4.32	2000.00	0.04
4.32	2000.00	0.04
4.33	2000.00	0.04
4.33	2000.00	0.04
4.34	2000.00	0.04
4.34	2000.00	0.04
4.34	2000.00	0.04
4.35	2000.00	0.04
4.35	2000.00	0.04
4.38	1176.47	0.07
4.38	1250.00	0.06
4.39	1250.00	0.06
4.39	1333.33	0.06
4.39	1333.33	0.06
4.44	740.74	0.11
4.45	740.74	0.11
4.45	769.23	0.10
4.45	769.23	0.10
4.45	800.00	0.10
4.49	740.74	0.11
4.50	714.29	0.11
4.50	714.29	0.11
4.50	689.66	0.12
4.51	689.66	0.12
4.52	1000.00	0.08
4.53	952.38	0.08
4.53	952.38	0.08
4.54	909.09	0.09
4.54	909.09	0.09
4.55	1428.57	0.06
4.55	1538.46	0.05
4.55	1428.57	0.06
4.56	1538.46	0.05
4.56	1428.57	0.06
4.56	2000.00	0.04
4.57	2000.00	0.04
4.57	2000.00	0.04
4.58	2000.00	0.04
4.58	2000.00	0.04
4.59	2000.00	0.04
4.59	2000.00	0.04
4.59	2000.00	0.04
4.60	2000.00	0.04
4.60	2000.00	0.04
4.60	2000.00	0.04
4.61	2000.00	0.04
4.61	2000.00	0.04
4.62	2000.00	0.04
4.62	2000.00	0.04
4.63	2000.00	0.04
4.63	2000.00	0.04
4.63	2000.00	0.04
4.64	2000.00	0.04
4.64	2222.22	0.04
4.64	2222.22	0.04
4.65	2000.00	0.04
4.65	2000.00	0.04
4.65	2222.22	0.04
4.66	2222.22	0.04
4.67	1818.18	0.04
4.67	1818.18	0.04
4.67	2000.00	0.04
4.68	2000.00	0.04
4.68	2000.00	0.04
4.69	1666.67	0.05
4.69	2000.00	0.04
4.69	2000.00	0.04
4.69	2000.00	0.04
4.70	1666.67	0.05
4.71	2222.22	0.04
4.71	2222.22	0.04
4.71	2222.22	0.04
4.72	1818.18	0.04
4.72	1818.18	0.04
4.72	2222.22	0.04
4.73	2222.22	0.04
4.74	1818.18	0.04
4.74	1818.18	0.04
4.74	2222.22	0.04
4.74	2222.22	0.04
4.75	1818.18	0.04
4.75	1818.18	0.04
4.76	2222.22	0.04
4.76	2222.22	0.04
4.77	1818.18	0.04
4.77	1818.18	0.04
4.77	2222.22	0.04
4.78	2000.00	0.04
4.78	2000.00	0.04
4.79	1818.18	0.04
4.79	2222.22	0.04
4.79	2000.00	0.04
4.80	2000.00	0.04
4.80	1818.18	0.04
4.80	2222.22	0.04
4.81	2000.00	0.04
4.81	2000.00	0.04
4.82	2000.00	0.04
4.82	2000.00	0.04
4.83	2000.00	0.04
4.83	2000.00	0.04
4.83	2000.00	0.04
4.84	2000.00	0.04
4.84	2000.00	0.04
4.84	2000.00	0.04
4.85	2222.22	0.04
4.85	2222.22	0.04
4.86	1818.18	0.04
4.86	1818.18	0.04
4.87	2000.00	0.04
4.87	2000.00	0.04
4.87	2222.22	0.04
4.88	1818.18	0.04
4.88	2000.00	0.04
4.88	2000.00	0.04
4.89	2000.00	0.04
4.90	1666.67	0.05
4.90	2222.22	0.04
4.90	2222.22	0.04
4.90	2222.22	0.04
4.91	1818.18	0.04
4.91	1818.18	0.04
4.92	2222.22	0.04
4.92	2222.22	0.04
4.93	1818.18	0.04
4.93	1818.18	0.04
4.93	2222.22	0.04
4.93	2222.22	0.04
4.94	1818.18	0.04
4.95	1818.18	0.04
4.95	2222.22	0.04
4.95	2000.00	0.04
4.96	2000.00	0.04
4.96	1818.18	0.04
4.96	2222.22	0.04
4.97	2000.00	0.04
4.97	2000.00	0.04
4.98	1818.18	0.04
4.98	2222.22	0.04
4.99	2000.00	0.04
4.99	2000.00	0.04
4.99	2000.00	0.04
5.00	2000.00	0.04
5.00	2000.00	0.04
5.00	2000.00	0.04
5.01	2000.00	0.04
5.01	2000.00	0.04
5.02	2000.00	0.04
5.02	2000.00	0.04
5.03	2000.00	0.04
5.03	2000.00	0.04
5.03	2000.00	0.04
5.04	2000.00	0.04
5.04	2222.22	0.04
5.04	2222.22	0.04
5.05	2000.00	0.04
5.05	2000.00	0.04
5.05	2222.22	0.04
5.06	2222.22	0.04
5.07	1818.18	0.04
5.07	1818.18	0.04
5.07	2000.00	0.04
5.08	2000.00	0.04
5.08	2000.00	0.04
5.09	1666.67	0.05
5.09	2000.00	0.04
5.09	2000.00	0.04
5.09	2000.00	0.04
5.10	1666.67	0.05
5.11	2222.22	0.04
5.11	2222.22	0.04
5.11	2222.22	0.04
5.12	1818.18	0.04
5.12	1818.18	0.04
5.12	2222.22	0.04
5.13	2000.00	0.04
5.13	2000.00	0.04
5.14	1818.18	0.04
5.14	2222.22	0.04
5.15	2000.00	0.04
5.15	2000.00	0.04
5.15	1818.18	0.04
5.16	2222.22	0.04
5.16	2000.00	0.04
5.16	2000.00	0.04
5.17	2000.00	0.04
5.17	2000.00	0.04
5.18	2000.00	0.04
5.18	2000.00	0.04
5.19	2000.00	0.04
5.19	2000.00	0.04
5.19	2000.00	0.04
5.20	2000.00	0.04
5.20	2000.00	0.04
5.20	2000.00	0.04
5.21	2000.00	0.04
5.21	2000.00	0.04
5.22	2000.00	0.04
5.22	2000.00	0.04
5.23	2000.00	0.04
5.23	2000.00	0.04
5.23	2000.00	0.04
5.24	2000.00	0.04
5.24	2000.00	0.04
5.24	2000.00	0.04
5.25	2222.22	0.04
5.25	2222.22	0.04
5.26	1818.18	0.04
5.26	1818.18	0.04
5.27	2000.00	0.04
5.27	2000.00	0.04
5.27	2222.22	0.04
5.28	1818.18	0.04
5.28	2000.00	0.04
5.28	2000.00	0.04
5.29	2000.00	0.04
5.30	1666.67	0.05
5.30	2222.22	0.04
5.30	2222.22	0.04
5.31	2000.00	0.04
5.31	2000.00	0.04
5.31	1818.18	0.04
5.32	2222.22	0.04
5.32	2000.00	0.04
5.32	2000.00	0.04
5.33	1818.18	0.04
5.33	2222.22	0.04
5.34	2000.00	0.04
5.34	2000.00	0.04
5.35	2000.00	0.04
5.35	2000.00	0.04
5.35	2000.00	0.04
5.36	2000.00	0.04
5.36	2000.00	0.04
5.36	2000.00	0.04
5.37	2000.00	0.04
5.37	2000.00	0.04
5.38	2000.00	0.04
5.38	2000.00	0.04
5.39	2000.00	0.04
5.39	2000.00	0.04
5.39	2000.00	0.04
5.40	2000.00	0.04
5.40	2000.00	0.04
5.40	2000.00	0.04
5.41	2000.00	0.04
5.41	2000.00	0.04
5.42	2000.00	0.04
5.42	2000.00	0.04
5.43	2000.00	0.04
5.43	2000.00	0.04
5.43	2000.00	0.04
5.44	2000.00	0.04
5.44	2222.22	0.04
5.44	2222.22	0.04
5.45	2000.00	0.04
5.45	2000.00	0.04
5.45	2222.22	0.04
5.46	2222.22	0.04
5.47	2000.00	0.04
5.47	2000.00	0.04
5.47	2000.00	0.04
5.48	2000.00	0.04
5.48	1818.18	0.04
5.48	1818.18	0.04
5.49	2000.00	0.04
5.49	2000.00	0.04
5.50	1818.18	0.04
5.50	1818.18	0.04
5.51	2000.00	0.04
5.51	2000.00	0.04
5.51	2000.00	0.04
5.52	2000.00	0.04
5.52	2000.00	0.04
5.52	2000.00	0.04
5.53	2000.00	0.04
5.53	2000.00	0.04
5.54	2000.00	0.04
5.54	2000.00	0.04
5.55	2000.00	0.04
5.55	2000.00	0.04
5.55	2000.00	0.04
5.56	2000.00	0.04
5.56	2000.00	0.04
5.56	2000.00	0.04
5.57	2000.00	0.04
5.57	2000.00	0.04
5.58	2000.00	0.04
5.58	2000.00	0.04
5.59	2000.00	0.04
5.59	2000.00	0.04
5.59	2000.00	0.04
5.60	2000.00	0.04
5.60	2000.00	0.04
5.60	2000.00	0.04
5.61	2000.00	0.04
5.61	2000.00	0.04
5.62	2000.00	0.04
5.62	2000.00	0.04
5.63	2000.00	0.04
5.63	2000.00	0.04
5.63	2222.22	0.04
5.64	2000.00	0.04
5.64	2000.00	0.04
5.64	2000.00	0.04
5.65	2000.00	0.04
5.65	2000.00	0.04
5.66	2000.00	0.04
5.66	2000.00	0.04
5.67	2000.00	0.04
5.67	2000.00	0.04
5.67	1818.18	0.04
5.68	2000.00	0.04
5.68	2000.00	0.04
5.68	2000.00	0.04
5.69	2000.00	0.04
5.69	2000.00	0.04
5.70	2000.00	0.04
5.70	2000.00	0.04
5.71	2000.00	0.04
5.71	2000.00	0.04
5.71	2000.00	0.04
5.72	2000.00	0.04
5.72	2000.00	0.04
5.72	2000.00	0.04
5.73	2000.00	0.04
5.73	2000.00	0.04
5.74	2000.00	0.04
5.74	2000.00	0.04
5.75	2000.00	0.04
5.75	2000.00	0.04
5.75	2000.00	0.04
5.76	2000.00	0.04
5.76	2000.00	0.04
5.76	2000.00	0.04
5.77	2000.00	0.04
5.77	2000.00	0.04
5.78	2000.00	0.04
5.78	2000.00	0.04
5.79	2000.00	0.04
5.79	2000.00	0.04
5.79	2000.00	0.04
5.80	2000.00	0.04
5.80	2000.00	0.04
5.80	2000.00	0.04
5.81	2000.00	0.04
5.81	2000.00	0.04
5.82	2000.00	0.04
5.82	2000.00	0.04
5.83	2000.00	0.04
5.83	2000.00	0.04
5.83	2000.00	0.04
5.84	2000.00	0.04
5.84	2000.00	0.04
5.84	2000.00	0.04
5.85	2000.00	0.04
5.85	2000.00	0.04
5.86	2000.00	0.04
5.86	2000.00	0.04
5.87	2000.00	0.04
5.87	2000.00	0.04
5.87	2000.00	0.04
5.88	2000.00	0.04
5.88	2000.00	0.04
5.88	2000.00	0.04
5.89	2000.00	0.04
5.89	2000.00	0.04
5.90	2000.00	0.04
5.90	2000.00	0.04
5.91	2000.00	0.04
5.91	2000.00	0.04
5.91	2000.00	0.04
5.92	2000.00	0.04
5.92	2000.00	0.04
5.92	2000.00	0.04
5.93	2000.00	0.04
5.93	2000.00	0.04
5.94	2000.00	0.04
5.94	2000.00	0.04
5.95	2000.00	0.04
5.95	2000.00	0.04
5.95	2000.00	0.04
5.96	2000.00	0.04
5.96	2000.00	0.04
5.96	2000.00	0.04
5.97	2000.00	0.04
5.97	2000.00	0.04
5.98	2000.00	0.04
5.98	2000.00	0.04
5.99	2000.00	0.04
5.99	2000.00	0.04
5.99	2000.00	0.04
6.00	2000.00	0.04
6.00	2000.00	0.04
6.00	2000.00	0.04
6.01	2000.00	0.04
6.01	2000.00	0.04
6.02	2000.00	0.04
6.02	2000.00	0.04
6.03	2000.00	0.04
6.03	2000.00	0.04
6.03	2000.00	0.04
6.04	2000.00	0.04
6.04	2000.00	0.04
6.04	2000.00	0.04
6.05	2000.00	0.04
6.05	2000.00	0.04
6.06	2000.00	0.04
6.06	2000.00	0.04
6.07	2000.00	0.04
6.07	2000.00	0.04
6.07	2000.00	0.04
6.08	2000.00	0.04
6.08	2000.00	0.04
6.08	2000.00	0.04
6.09	2000.00	0.04
6.09	2000.00	0.04
6.10	2000.00	0.04
6.10	2000.00	0.04
6.11	2000.00	0.04
6.11	2000.00	0.04
6.11	2000.00	0.04
6.12	2000.00	0.04
6.12	2000.00	0.04
6.12	2000.00	0.04
6.13	2000.00	0.04
6.13	2000.00	0.04
6.14	2000.00	0.04
6.14	2000.00	0.04
6.15	2000.00	0.04
6.15	2000.00	0.04
6.16	1600.00	0.05
6.17	1600.00	0.05
6.17	1600.00	0.05
6.17	1600.00	0.05
6.27	571.43	0.14
6.27	571.43	0.14
6.28	571.43	0.14
6.28	571.43	0.14
6.29	571.43	0.14
6.29	571.43	0.14
6.29	615.38	0.13
6.30	615.38	0.13
6.30	615.38	0.13
6.30	615.38	0.13
6.31	2000.00	0.04
6.31	2000.00	0.04
6.32	2000.00	0.04
6.32	2000.00	0.04
6.33	2000.00	0.04
6.33	2000.00	0.04
6.33	2000.00	0.04
6.34	2000.00	0.04
6.34	2000.00	0.04
6.34	2000.00	0.04
6.35	2000.00	0.04
6.35	2000.00	0.04
6.36	2000.00	0.04
6.36	2000.00	0.04
6.37	2000.00	0.04
6.37	2000.00	0.04
6.37	2000.00	0.04
6.38	2000.00	0.04
6.38	2000.00	0.04
6.38	2000.00	0.04
6.39	2222.22	0.04
6.39	2222.22	0.04
6.39	2500.00	0.03
6.39	2500.00	0.03
6.39	2857.14	0.03
6.40	2857.14	0.03
6.40	2857.14	0.03
6.40	2857.14	0.03
6.41	2857.14	0.03
6.41	2857.14	0.03
6.42	2500.00	0.03
6.42	2500.00	0.03
6.43	2222.22	0.04
6.43	2222.22	0.04
6.43	2000.00	0.04
6.44	2000.00	0.04
6.44	2000.00	0.04
6.44	2000.00	0.04
6.45	2000.00	0.04
6.45	2000.00	0.04
6.46	2000.00	0.04
6.49	1111.11	0.07
6.49	1176.47	0.07
6.50	1176.47	0.07
6.50	1250.00	0.06
6.50	1250.00	0.06
6.55	714.29	0.11
6.56	714.29	0.11
6.56	740.74	0.11
6.56	740.74	0.11
6.56	769.23	0.10
6.60	740.74	0.11
6.61	714.29	0.11
6.61	714.29	0.11
6.61	689.66	0.12
6.62	689.66	0.12
6.63	1052.63	0.08
6.64	1000.00	0.08
6.64	1000.00	0.08
6.64	952.38	0.08
6.65	952.38	0.08
6.65	1538.46	0.05
6.65	1666.67	0.05
6.66	1538.46	0.05
6.66	1666.67	0.05
6.67	1538.46	0.05
6.67	2000.00	0.04
6.68	2000.00	0.04
6.68	2000.00	0.04
6.68	2000.00	0.04
6.69	2000.00	0.04
6.69	2000.00	0.04
6.69	2000.00	0.04
6.70	2000.00	0.04
6.70	2000.00	0.04
6.71	2000.00	0.04
6.71	2000.00	0.04
6.72	2000.00	0.04
6.72	2000.00	0.04
6.72	2000.00	0.04
6.73	2000.00	0.04
6.73	2000.00	0.04
6.73	2000.00	0.04
6.74	2000.00	0.04
6.74	2000.00	0.04
6.74	2222.22	0.04
6.75	2222.22	0.04
6.75	2500.00	0.03
6.76	1818.18	0.04
6.76	2000.00	0.04
6.77	2000.00	0.04
6.77	2222.22	0.04
6.77	2222.22	0.04
6.78	1818.18	0.04
6.79	1818.18	0.04
6.79	1818.18	0.04
6.79	1818.18	0.04
6.79	1818.18	0.04
6.81	1818.18	0.04
6.81	1818.18	0.04
6.81	1818.18	0.04
6.81	1818.18	0.04
6.81	1818.18	0.04
6.82	2500.00	0.03
6.83	1818.18	0.04
6.83	1818.18	0.04
6.83	1818.18	0.04
6.84	1818.18	0.04
6.84	2500.00	0.03
6.84	2500.00	0.03
6.85	1818.18	0.04
6.86	1818.18	0.04
6.86	1818.18	0.04
6.86	1818.18	0.04
6.86	2500.00	0.03
6.86	2500.00	0.03
6.88	1818.18	0.04
6.88	1818.18	0.04
6.88	1818.18	0.04
6.88	1818.18	0.04
6.89	2500.00	0.03
6.89	2500.00	0.03
6.90	1818.18	0.04
6.90	1818.18	0.04
6.91	1818.18	0.04
6.91	1818.18	0.04
6.91	2500.00	0.03
6.91	2500.00	0.03
6.93	1818.18	0.04
6.93	1818.18	0.04
6.93	1818.18	0.04
6.93	1818.18	0.04
6.93	2500.00	0.03
6.94	2222.22	0.04
6.94	2222.22	0.04
6.94	2222.22	0.04
6.95	2222.22	0.04
6.96	1666.67	0.05
6.96	2222.22	0.04
6.96	2222.22	0.04
6.97	1818.18	0.04
6.98	1818.18	0.04
6.98	1818.18	0.04
6.98	2000.00	0.04
6.99	1666.67	0.05
6.99	1666.67	0.05
6.99	1666.67	0.05
7.00	2222.22	0.04
7.01	1818.18	0.04
7.01	1818.18	0.04
7.01	2222.22	0.04
7.01	2222.22	0.04
7.02	1818.18	0.04
7.02	1818.18	0.04
7.03	2222.22	0.04
7.03	2222.22	0.04
7.04	1818.18	0.04
7.04	1818.18	0.04
7.04	2222.22	0.04
7.04	2222.22	0.04
7.05	1818.18	0.04
7.06	1818.18	0.04
7.06	2222.22	0.04
7.06	2222.22	0.04
7.07	1818.18	0.04
7.07	1818.18	0.04
7.07	2222.22	0.04
7.08	2222.22	0.04
7.09	1818.18	0.04
7.09	1818.18	0.04
7.09	2222.22	0.04
7.09	2222.22	0.04
7.10	1818.18	0.04
7.10	1818.18	0.04
7.11	2222.22	0.04
7.11	2000.00	0.04
7.11	2000.00	0.04
7.12	1818.18	0.04
7.12	2222.22	0.04
7.13	2000.00	0.04
7.13	2000.00	0.04
7.14	1818.18	0.04
7.14	2222.22	0.04
7.14	2000.00	0.04
7.15	2000.00	0.04
7.15	2000.00	0.04
7.15	2000.00	0.04
7.16	2222.22	0.04
7.17	1818.18	0.04
7.17	2000.00	0.04
7.17	2000.00	0.04
7.17	2222.22	0.04
7.18	1818.18	0.04
7.18	2000.00	0.04
7.19	2000.00	0.04
7.19	2222.22	0.04
7.20	1818.18	0.04
7.20	1818.18	0.04
7.20	2222.22	0.04
7.20	2222.22	0.04
7.21	1818.18	0.04
7.22	1818.18	0.04
7.22	2222.22	0.04
7.22	2222.22	0.04
7.23	1818.18	0.04
7.23	1818.18	0.04
7.23	2222.22	0.04
7.24	2222.22	0.04
7.25	1818.18	0.04
7.25	1818.18	0.04
7.25	2222.22	0.04
7.25	2222.22	0.04
7.26	1818.18	0.04
7.26	1818.18	0.04
7.27	2222.22	0.04
7.27	2000.00	0.04
7.27	2000.00	0.04
7.28	1818.18	0.04
7.28	2222.22	0.04
7.29	2000.00	0.04
7.29	2000.00	0.04
7.30	1818.18	0.04
7.30	2222.22	0.04
7.30	2000.00	0.04
7.31	2000.00	0.04
7.31	2000.00	0.04
7.31	2000.00	0.04
7.32	2000.00	0.04
7.32	2000.00	0.04
7.33	2000.00	0.04
7.33	2000.00	0.04
7.34	2000.00	0.04
7.34	2000.00	0.04
7.34	2000.00	0.04
7.35	2000.00	0.04
7.35	2222.22	0.04
7.35	2222.22	0.04
7.36	2000.00	0.04
7.36	2000.00	0.04
7.36	2222.22	0.04
7.37	1818.18	0.04
7.38	2000.00	0.04
7.38	2000.00	0.04
7.38	2222.22	0.04
7.39	1818.18	0.04
7.39	1818.18	0.04
7.39	1818.18	0.04
7.40	2222.22	0.04
7.41	1818.18	0.04
7.41	1818.18	0.04
7.41	2222.22	0.04
7.42	2000.00	0.04
7.42	2000.00	0.04
7.42	1818.18	0.04
7.43	2222.22	0.04
7.43	2000.00	0.04
7.43	2000.00	0.04
7.44	1818.18	0.04
7.44	2222.22	0.04
7.45	2000.00	0.04
7.45	2000.00	0.04
7.46	2000.00	0.04
7.46	2000.00	0.04
7.46	2000.00	0.04
7.47	2000.00	0.04
7.47	2000.00	0.04
7.47	2000.00	0.04
7.48	2000.00	0.04
7.48	2000.00	0.04
7.49	2000.00	0.04
7.49	2000.00	0.04
7.50	2000.00	0.04
7.50	2000.00	0.04
7.50	2000.00	0.04
7.51	2000.00	0.04
7.51	2000.00	0.04
7.51	2000.00	0.04
7.52	2000.00	0.04
7.52	2000.00	0.04
7.53	2000.00	0.04
7.53	2000.00	0.04
7.53	2222.22	0.04
7.54	2000.00	0.04
7.54	2000.00	0.04
7.55	2000.00	0.04
7.55	2000.00	0.04
7.55	2000.00	0.04
7.56	2000.00	0.04
7.56	2000.00	0.04
7.57	2000.00	0.04
7.57	2000.00	0.04
7.58	1818.18	0.04
7.58	2000.00	0.04
7.58	2000.00	0.04
7.59	2000.00	0.04
7.59	2000.00	0.04
7.59	2000.00	0.04
7.60	2000.00	0.04
7.60	2000.00	0.04
7.61	2000.00	0.04
7.61	2000.00	0.04
7.62	2000.00	0.04
7.62	2000.00	0.04
7.62	2000.00	0.04
7.63	2000.00	0.04
7.63	2000.00	0.04
7.63	2000.00	0.04
7.64	2000.00	0.04
7.64	2000.00	0.04
7.65	2000.00	0.04
7.65	2000.00	0.04
7.66	2000.00	0.04
7.66	2000.00	0.04
7.66	2222.22	0.04
7.67	2000.00	0.04
7.67	2000.00	0.04
7.67	2000.00	0.04
7.68	2000.00	0.04
7.68	2000.00	0.04
7.69	2000.00	0.04
7.69	2000.00	0.04
7.70	2000.00	0.04
7.70	2000.00	0.04
7.70	1818.18	0.04
7.71	2000.00	0.04
7.71	2000.00	0.04
7.71	2000.00	0.04
7.72	2000.00	0.04
7.72	2000.00	0.04
7.73	2000.00	0.04
7.73	2000.00	0.04
7.74	2000.00	0.04
7.74	2000.00	0.04
7.74	2000.00	0.04
7.75	2000.00	0.04
7.75	2000.00	0.04
7.75	2000.00	0.04
7.76	2000.00	0.04
7.76	2000.00	0.04
7.77	2000.00	0.04
7.77	2000.00	0.04
7.78	2000.00	0.04
7.78	2000.00	0.04
7.78	2000.00	0.04
7.79	2000.00	0.04
7.79	2000.00	0.04
7.79	2000.00	0.04
7.80	2000.00	0.04
7.80	2000.00	0.04
7.81	2000.00	0.04
7.81	2000.00	0.04
7.82	2000.00	0.04
7.82	2000.00	0.04
7.82	2000.00	0.04
7.83	2000.00	0.04
7.83	2000.00	0.04
7.83	2000.00	0.04
7.84	2000.00	0.04
7.84	2000.00	0.04
7.85	2000.00	0.04
7.85	2000.00	0.04
7.86	2000.00	0.04
7.86	2000.00	0.04
7.86	2000.00	0.04
7.87	2000.00	0.04
7.87	2000.00	0.04
7.87	2000.00	0.04
7.88	2000.00	0.04
7.88	2000.00	0.04
7.89	2000.00	0.04
7.89	2000.00	0.04
7.90	2000.00	0.04
7.90	2000.00	0.04
7.90	2000.00	0.04
7.91	2000.00	0.04
7.91	2000.00	0.04
7.91	2000.00	0.04
7.92	2000.00	0.04
7.92	2000.00	0.04
7.93	2000.00	0.04
7.93	2000.00	0.04
7.94	2000.00	0.04
7.94	2000.00	0.04
7.94	2000.00	0.04
7.95	2000.00	0.04
7.95	2000.00	0.04
7.95	2000.00	0.04
7.96	2000.00	0.04
7.96	2000.00	0.04
7.97	2000.00	0.04
7.97	2000.00	0.04
7.98	2000.00	0.04
7.98	2000.00	0.04
7.98	2000.00	0.04
7.99	2000.00	0.04
7.99	2000.00	0.04
7.99	2000.00	0.04
8.00	2000.00	0.04
8.00	2000.00	0.04
8.01	2000.00	0.04
8.01	2000.00	0.04
8.02	2000.00	0.04
8.02	2000.00	0.04
8.02	2000.00	0.04
8.03	2000.00	0.04
8.03	2000.00	0.04
8.03	2000.00	0.04
8.04	2000.00	0.04
8.04	2000.00	0.04
8.05	2000.00	0.04
8.05	2000.00	0.04
8.07	1600.00	0.05
8.07	1600.00	0.05
8.07	1600.00	0.05
8.17	571.43	0.14
8.17	571.43	0.14
8.17	571.43	0.14
8.18	571.43	0.14
8.18	571.43	0.14
8.19	571.43	0.14
8.19	571.43	0.14
8.20	615.38	0.13
8.20	615.38	0.13
8.20	615.38	0.13
8.21	2000.00	0.04
8.21	2000.00	0.04
8.21	2000.00	0.04
8.22	2000.00	0.04
8.22	2000.00	0.04
8.23	2000.00	0.04
8.23	2000.00	0.04
8.24	2000.00	0.04
8.24	2000.00	0.04
8.24	2000.00	0.04
8.25	2000.00	0.04
8.25	2000.00	0.04
8.25	2000.00	0.04
8.26	2000.00	0.04
8.26	2000.00	0.04
8.27	2000.00	0.04
8.27	2000.00	0.04
8.28	2000.00	0.04
8.28	2000.00	0.04
8.28	2222.22	0.04
8.28	2222.22	0.04
8.28	2500.00	0.03
8.29	2500.00	0.03
8.29	2857.14	0.03
8.29	2857.14	0.03
8.30	2857.14	0.03
8.30	2857.14	0.03
8.30	2857.14	0.03
8.31	2857.14	0.03
8.31	2500.00	0.03
8.31	2500.00	0.03
8.32	2222.22	0.04
8.32	2222.22	0.04
8.33	2000.00	0.04
8.33	2000.00	0.04
8.34	2000.00	0.04
8.34	2000.00	0.04
8.34	2000.00	0.04
8.35	2000.00	0.04
8.35	2000.00	0.04
8.35	2000.00	0.04
8.36	2000.00	0.04
8.39	1176.47	0.07
8.39	1250.00	0.06
8.39	1250.00	0.06
8.40	1333.33	0.06
8.40	1333.33	0.06
8.45	740.74	0.11
8.45	740.74	0.11
8.46	769.23	0.10
8.46	769.23	0.10
8.46	800.00	0.10
8.50	740.74	0.11
8.50	714.29	0.11
8.51	714.29	0.11
8.51	689.66	0.12
8.51	689.66	0.12
8.54	952.38	0.08
8.54	952.38	0.08
8.54	909.09	0.09
8.55	909.09	0.09
8.55	869.57	0.09
8.55	1428.57	0.06
8.56	1428.57	0.06
8.56	1428.57	0.06
8.57	1428.57	0.06
8.57	1428.57	0.06
8.58	2000.00	0.04
8.58	2000.00	0.04
8.58	2000.00	0.04
8.59	2000.00	0.04
8.59	2000.00	0.04
8.59	2000.00	0.04
8.60	2000.00	0.04
8.60	2000.00	0.04
8.61	2000.00	0.04
8.61	2000.00	0.04
8.62	2000.00	0.04
8.62	2000.00	0.04
8.62	2000.00	0.04
8.63	2000.00	0.04
8.63	2000.00	0.04
8.63	2000.00	0.04
8.64	2000.00	0.04
8.64	2000.00	0.04
8.64	2222.22	0.04
8.65	2000.00	0.04
8.66	2000.00	0.04
8.66	2000.00	0.04
8.66	2222.22	0.04
8.66	2222.22	0.04
8.67	2000.00	0.04
8.67	2000.00	0.04
8.68	2222.22	0.04
8.68	2222.22	0.04
8.69	1818.18	0.04
8.69	2000.00	0.04
8.69	2222.22	0.04
8.69	2222.22	0.04
8.70	1818.18	0.04
8.71	1818.18	0.04
8.71	2222.22	0.04
8.71	2222.22	0.04
8.72	1818.18	0.04
8.72	1818.18	0.04
8.72	2222.22	0.04
8.73	2222.22	0.04
8.74	1818.18	0.04
8.74	1818.18	0.04
8.74	2222.22	0.04
8.74	2222.22	0.04
8.75	1818.18	0.04
8.75	1818.18	0.04
8.76	2000.00	0.04
8.76	2000.00	0.04
8.77	1818.18	0.04
8.77	1818.18	0.04
8.78	2000.00	0.04
8.78	2000.00	0.04
8.78	1818.18	0.04
8.79	1818.18	0.04
8.79	2000.00	0.04
8.79	2000.00	0.04
8.80	2000.00	0.04
8.80	2000.00	0.04
8.81	2000.00	0.04
8.81	2000.00	0.04
8.82	2000.00	0.04
8.82	2000.00	0.04
8.82	2000.00	0.04
8.83	2000.00	0.04
8.83	2000.00	0.04
8.83	2000.00	0.04
8.84	2000.00	0.04
8.84	2000.00	0.04
8.84	2222.22	0.04
8.85	2222.22	0.04
8.85	2222.22	0.04
8.86	2000.00	0.04
8.86	2222.22	0.04
8.86	2222.22	0.04
8.87	2000.00	0.04
8.87	2000.00	0.04
8.88	2222.22	0.04
8.88	2222.22	0.04
8.89	1818.18	0.04
8.89	1818.18	0.04
8.89	2000.00	0.04
8.89	2222.22	0.04
8.90	1818.18	0.04
8.91	1818.18	0.04
8.91	2000.00	0.04
8.91	2000.00	0.04
8.92	1818.18	0.04
8.92	1818.18	0.04
8.93	2000.00	0.04
8.93	2000.00	0.04
8.94	1818.18	0.04
8.94	1818.18	0.04
8.94	2000.00	0.04
8.95	2000.00	0.04
8.95	2000.00	0.04
8.95	2000.00	0.04
8.96	2000.00	0.04
8.96	2000.00	0.04
8.97	2000.00	0.04
8.97	2000.00	0.04
8.98	2000.00	0.04
8.98	2000.00	0.04
8.98	2000.00	0.04
8.99	2000.00	0.04
8.99	2000.00	0.04
8.99	2000.00	0.04
9.00	2000.00	0.04
9.00	2000.00	0.04
9.01	2000.00	0.04
9.01	2000.00	0.04
9.02	2000.00	0.04
9.02	2000.00	0.04
9.02	2000.00	0.04
9.03	2000.00	0.04
9.03	2000.00	0.04
9.03	2000.00	0.04
9.04	2222.22	0.04
9.04	2000.00	0.04
9.04	2222.22	0.04
9.05	2000.00	0.04
9.06	2000.00	0.04
9.06	2000.00	0.04
9.06	2000.00	0.04
9.07	2000.00	0.04
9.07	2000.00	0.04
9.07	2000.00	0.04
9.08	1818.18	0.04
9.08	2000.00	0.04
9.09	1818.18	0.04
9.09	2000.00	0.04
9.10	2000.00	0.04
9.10	2000.00	0.04
9.10	2000.00	0.04
9.11	2000.00	0.04
9.11	2000.00	0.04
9.11	2000.00	0.04
9.12	2000.00	0.04
9.12	2000.00	0.04
9.13	2000.00	0.04
9.13	2000.00	0.04
9.14	2000.00	0.04
9.14	2000.00	0.04
9.14	2000.00	0.04
9.15	2000.00	0.04
9.15	2000.00	0.04
9.15	2000.00	0.04
9.16	2000.00	0.04
9.16	2000.00	0.04
9.17	2000.00	0.04
9.17	2000.00	0.04
9.18	2000.00	0.04
9.18	2000.00	0.04
9.18	2000.00	0.04
9.19	2000.00	0.04
9.19	2222.22	0.04
9.19	2222.22	0.04
9.20	2000.00	0.04
9.20	2000.00	0.04
9.21	2000.00	0.04
9.21	2000.00	0.04
9.22	2000.00	0.04
9.22	2000.00	0.04
9.22	2000.00	0.04
9.23	2000.00	0.04
9.23	1818.18	0.04
9.23	1818.18	0.04
9.24	2000.00	0.04
9.24	2000.00	0.04
9.25	2000.00	0.04
9.25	2000.00	0.04
9.26	2000.00	0.04
9.26	2000.00	0.04
9.26	2000.00	0.04
9.27	2000.00	0.04
9.27	2000.00	0.04
9.27	2000.00	0.04
9.28	2000.00	0.04
9.28	2000.00	0.04
9.29	2000.00	0.04
9.29	2000.00	0.04
9.30	2000.00	0.04
9.30	2000.00	0.04
9.30	2000.00	0.04
9.31	2000.00	0.04
9.31	2000.00	0.04
9.31	2000.00	0.04
9.32	2000.00	0.04
9.32	2000.00	0.04
9.33	2000.00	0.04
9.33	2000.00	0.04
9.33	2222.22	0.04
9.34	2000.00	0.04
9.34	2000.00	0.04
9.35	2000.00	0.04
9.35	2000.00	0.04
9.35	2000.00	0.04
9.36	2000.00	0.04
9.36	2000.00	0.04
9.37	2000.00	0.04
9.37	2000.00	0.04
9.38	1818.18	0.04
9.38	2000.00	0.04
9.38	2000.00	0.04
9.39	2000.00	0.04
9.39	2000.00	0.04
9.39	2000.00	0.04
9.40	2000.00	0.04
9.40	2000.00	0.04
9.41	2000.00	0.04
9.41	2000.00	0.04
9.42	2000.00	0.04
9.42	2000.00	0.04
9.42	2000.00	0.04
9.43	2000.00	0.04
9.43	2000.00	0.04
9.43	2000.00	0.04
9.44	2000.00	0.04
9.44	2000.00	0.04
9.45	2000.00	0.04
9.45	2000.00	0.04
9.46	2000.00	0.04
9.46	2000.00	0.04
9.46	2000.00	0.04
9.47	2000.00	0.04
9.47	2000.00	0.04
9.47	2000.00	0.04
9.48	2000.00	0.04
9.48	2000.00	0.04
9.48	2222.22	0.04
9.49	2222.22	0.04
9.50	2000.00	0.04
9.50	2000.00	0.04
9.50	2000.00	0.04
9.51	2000.00	0.04
9.51	2000.00	0.04
9.51	2000.00	0.04
9.52	2000.00	0.04
9.52	2000.00	0.04
9.53	1818.18	0.04
9.53	1818.18	0.04
9.54	2000.00	0.04
9.54	2000.00	0.04
9.54	2000.00	0.04
9.55	2000.00	0.04
9.55	2000.00	0.04
9.55	2000.00	0.04
9.56	2000.00	0.04
9.56	2000.00	0.04
9.57	2000.00	0.04
9.57	2000.00	0.04
9.58	2000.00	0.04
9.58	2000.00	0.04
9.58	2000.00	0.04
9.59	2000.00	0.04
9.59	2000.00	0.04
9.59	2000.00	0.04
9.60	2000.00	0.04
9.60	2000.00	0.04
9.61	2000.00	0.04
9.61	2000.00	0.04
9.62	2000.00	0.04
9.62	2000.00	0.04
9.62	2000.00	0.04
9.63	2000.00	0.04
9.63	2000.00	0.04
9.63	2000.00	0.04
9.64	2000.00	0.04
9.64	2000.00	0.04
9.65	2000.00	0.04
9.65	2000.00	0.04
9.66	2000.00	0.04
9.66	2000.00	0.04
9.66	2000.00	0.04
9.67	2000.00	0.04
9.67	2000.00	0.04
9.67	2000.00	0.04
9.68	2000.00	0.04
9.68	2000.00	0.04
9.69	2000.00	0.04
9.69	2000.00	0.04
9.70	2000.00	0.04
9.70	2000.00	0.04
9.70	2000.00	0.04
9.71	2000.00	0.04
9.71	2000.00	0.04
9.71	2000.00	0.04
9.72	2000.00	0.04
9.72	2000.00	0.04
9.73	2000.00	0.04
9.73	2000.00	0.04
9.74	2000.00	0.04
9.74	2000.00	0.04
9.74	2000.00	0.04
9.75	2000.00	0.04
9.75	2000.00	0.04
9.75	2000.00	0.04
9.76	2000.00	0.04
9.76	2000.00	0.04
9.77	2000.00	0.04
9.77	2000.00	0.04
9.78	2000.00	0.04
9.78	2000.00	0.04
9.78	2000.00	0.04
9.79	2000.00	0.04
9.79	2000.00	0.04
9.79	2000.00	0.04
9.80	2000.00	0.04
9.80	2000.00	0.04
9.81	2000.00	0.04
9.81	2000.00	0.04
9.82	2000.00	0.04
9.82	2000.00	0.04
9.82	2000.00	0.04
9.83	2000.00	0.04
9.83	2000.00	0.04
9.83	2000.00	0.04
9.84	2000.00	0.04
9.84	2000.00	0.04
9.85	2000.00	0.04
9.85	2000.00	0.04
9.86	2000.00	0.04
9.86	2000.00	0.04
9.86	2000.00	0.04
9.87	2000.00	0.04
9.87	2000.00	0.04
9.87	2000.00	0.04
9.88	2000.00	0.04
9.88	2000.00	0.04
9.89	2000.00	0.04
9.89	2000.00	0.04
9.90	2000.00	0.04
9.90	2000.00	0.04
9.90	2000.00	0.04
9.91	2000.00	0.04
9.91	2000.00	0.04
9.91	2000.00	0.04
9.92	2000.00	0.04
9.92	2000.00	0.04
9.93	2000.00	0.04
9.93	2000.00	0.04
9.94	2000.00	0.04
9.94	2000.00	0.04
9.94	2000.00	0.04
9.95	2000.00	0.04
9.95	2000.00	0.04
9.95	2000.00	0.04
9.96	2000.00	0.04
9.96	2000.00	0.04
9.97	2000.00	0.04
9.97	2000.00	0.04
9.98	2000.00	0.04
9.98	2000.00	0.04
9.98	2000.00	0.04
9.99	2000.00	0.04
9.99	2000.00	0.04
9.99	2000.00	0.04
10.01	1600.00	0.05
10.01	1600.00	0.05
10.02	1600.00	0.05
10.02	1600.00	0.05
10.12	571.43	0.14
10.12	571.43	0.14
10.12	571.43	0.14
10.13	571.43	0.14
10.13	571.43	0.14
10.13	571.43	0.14
10.14	615.38	0.13
10.14	615.38	0.13
10.15	615.38	0.13
10.15	615.38	0.13
10.16	2000.00	0.04
10.16	2000.00	0.04
10.16	2000.00	0.04
10.17	2000.00	0.04
10.17	2000.00	0.04
10.17	2000.00	0.04
10.18	2000.00	0.04
10.18	2000.00	0.04
10.19	2000.00	0.04
10.19	2000.00	0.04
10.20	2000.00	0.04
10.20	2000.00	0.04
10.20	2000.00	0.04
10.21	2000.00	0.04
10.21	2000.00	0.04
10.21	2000.00	0.04
10.22	2000.00	0.04
10.22	2000.00	0.04
10.23	2000.00	0.04
10.23	2000.00	0.04
10.23	2222.22	0.04
10.23	2222.22	0.04
10.24	2500.00	0.03
10.24	2500.00	0.03
10.24	2857.14	0.03
10.24	2857.14	0.03
10.25	2857.14	0.03
10.25	2857.14	0.03
10.26	2857.14	0.03
10.26	2857.14	0.03
10.26	2500.00	0.03
10.27	2500.00	0.03
10.27	2222.22	0.04
10.27	2222.22	0.04
10.28	2000.00	0.04
10.28	2000.00	0.04
10.29	2000.00	0.04
10.29	2000.00	0.04
10.30	2000.00	0.04
10.30	2000.00	0.04
10.30	2000.00	0.04
10.34	1111.11	0.07
10.34	1176.47	0.07
10.34	1176.47	0.07
10.34	1250.00	0.06
10.35	1250.00	0.06
10.40	714.29	0.11
10.40	714.29	0.11
10.40	740.74	0.11
10.41	740.74	0.11
10.41	769.23	0.10
10.45	740.74	0.11
10.45	714.29	0.11
10.45	714.29	0.11
10.46	689.66	0.12
10.46	689.66	0.12
10.48	1052.63	0.08
10.48	1000.00	0.08
10.48	1000.00	0.08
10.49	952.38	0.08
10.49	952.38	0.08
10.50	1538.46	0.05
10.50	1666.67	0.05
10.51	1538.46	0.05
10.51	1666.67	0.05
10.51	1538.46	0.05
10.52	2000.00	0.04
10.52	2000.00	0.04
10.52	2000.00	0.04
10.53	2000.00	0.04
10.53	2000.00	0.04
10.54	2000.00	0.04
10.54	2000.00	0.04
10.55	2000.00	0.04
10.55	2000.00	0.04
10.55	2000.00	0.04
10.56	2000.00	0.04
10.56	2000.00	0.04
10.56	2000.00	0.04
10.57	2000.00	0.04
10.57	2000.00	0.04
10.58	2000.00	0.04
10.58	2000.00	0.04
10.59	2000.00	0.04
10.59	2000.00	0.04
10.59	2222.22	0.04
10.59	2222.22	0.04
10.59	2500.00	0.03
10.61	1818.18	0.04
10.61	2000.00	0.04
10.61	2000.00	0.04
10.61	2222.22	0.04
10.62	2222.22	0.04
10.63	1818.18	0.04
10.63	1818.18	0.04
10.63	1818.18	0.04
10.64	1818.18	0.04
10.64	1818.18	0.04
10.65	1818.18	0.04
10.65	1818.18	0.04
10.66	1818.18	0.04
10.66	1818.18	0.04
10.66	1818.18	0.04
10.66	2500.00	0.03
10.68	1818.18	0.04
10.68	1818.18	0.04
10.68	1818.18	0.04
10.68	1818.18	0.04
10.68	2500.00	0.03
10.69	2500.00	0.03
10.70	1818.18	0.04
10.70	1818.18	0.04
10.70	1818.18	0.04
10.71	1818.18	0.04
10.71	2500.00	0.03
10.71	2500.00	0.03
10.72	1818.18	0.04
10.73	1818.18	0.04
10.73	1818.18	0.04
10.73	1818.18	0.04
10.73	2500.00	0.03
10.73	2500.00	0.03
10.75	1818.18	0.04
10.75	1818.18	0.04
10.75	1818.18	0.04
10.75	1818.18	0.04
10.76	2500.00	0.03
10.76	2500.00	0.03
10.77	1818.18	0.04
10.77	1818.18	0.04
10.78	1818.18	0.04
10.78	1818.18	0.04
10.78	2500.00	0.03
10.79	2222.22	0.04
10.79	2222.22	0.04
10.79	2222.22	0.04
10.79	2222.22	0.04
10.81	1666.67	0.05
10.81	2222.22	0.04
10.81	2222.22	0.04
10.82	1818.18	0.04
10.82	1818.18	0.04
10.82	1818.18	0.04
10.83	2000.00	0.04
10.84	1666.67	0.05
10.84	1666.67	0.05
10.84	1666.67	0.05
10.84	2222.22	0.04
10.85	1818.18	0.04
10.85	1818.18	0.04
10.86	2222.22	0.04
10.86	2222.22	0.04
10.87	1818.18	0.04
10.87	1818.18	0.04
10.87	2222.22	0.04
10.87	2222.22	0.04
10.88	1818.18	0.04
10.89	1818.18	0.04
10.89	2222.22	0.04
10.89	2222.22	0.04
10.90	1818.18	0.04
10.90	1818.18	0.04
10.90	2222.22	0.04
10.91	2222.22	0.04
10.92	1818.18	0.04
10.92	1818.18	0.04
10.92	2222.22	0.04
10.92	2222.22	0.04
10.93	1818.18	0.04
10.93	1818.18	0.04
10.94	2222.22	0.04
10.94	2222.22	0.04
10.95	1818.18	0.04
10.95	1818.18	0.04
10.95	2222.22	0.04
10.96	2000.00	0.04
10.96	2000.00	0.04
10.97	1818.18	0.04
10.97	2222.22	0.04
10.97	2000.00	0.04
10.98	2000.00	0.04
10.98	1818.18	0.04
10.98	2222.22	0.04
10.99	2000.00	0.04
10.99	2000.00	0.04
11.00	2000.00	0.04
11.00	2000.00	0.04
11.00	2222.22	0.04
11.01	1818.18	0.04
11.01	2000.00	0.04
11.02	2000.00	0.04
11.02	2222.22	0.04
11.03	1818.18	0.04
11.03	2000.00	0.04
11.03	2000.00	0.04
11.03	2222.22	0.04
11.04	1818.18	0.04
11.05	1818.18	0.04
11.05	2222.22	0.04
11.05	2222.22	0.04
11.06	1818.18	0.04
11.06	1818.18	0.04
11.06	2222.22	0.04
11.07	2222.22	0.04
11.08	1818.18	0.04
11.08	1818.18	0.04
11.08	2222.22	0.04
11.08	2222.22	0.04
11.09	1818.18	0.04
11.09	1818.18	0.04
11.10	2222.22	0.04
11.10	2222.22	0.04
11.11	1818.18	0.04
11.11	1818.18	0.04
11.11	2222.22	0.04
11.12	2000.00	0.04
11.12	2000.00	0.04
11.13	1818.18	0.04
11.13	2222.22	0.04
11.13	2000.00	0.04
11.14	2000.00	0.04
11.14	1818.18	0.04
11.14	2222.22	0.04
11.15	2000.00	0.04
11.15	2000.00	0.04
11.16	2000.00	0.04
11.16	2000.00	0.04
11.17	2000.00	0.04
11.17	2000.00	0.04
11.17	2000.00	0.04
11.18	2000.00	0.04
11.18	2000.00	0.04
11.18	2000.00	0.04
11.19	2000.00	0.04
11.19	2000.00	0.04
11.19	2222.22	0.04
11.20	2222.22	0.04
11.21	2000.00	0.04
11.21	2000.00	0.04
11.21	2222.22	0.04
11.22	1818.18	0.04
11.22	2000.00	0.04
11.22	2000.00	0.04
11.23	2222.22	0.04
11.24	1818.18	0.04
11.24	1818.18	0.04
11.24	1818.18	0.04
11.24	2222.22	0.04
11.25	1818.18	0.04
11.25	1818.18	0.04
11.26	2222.22	0.04
11.26	2000.00	0.04
11.26	2000.00	0.04
11.27	1818.18	0.04
11.27	2222.22	0.04
11.28	2000.00	0.04
11.28	2000.00	0.04
11.29	1818.18	0.04
11.29	2222.22	0.04
11.29	2000.00	0.04
11.30	2000.00	0.04
11.30	2000.00	0.04
11.30	2000.00	0.04
11.31	2000.00	0.04
11.31	2000.00	0.04
11.32	2000.00	0.04
11.32	2000.00	0.04
11.33	2000.00	0.04
11.33	2000.00	0.04
11.33	2000.00	0.04
11.34	2000.00	0.04
11.34	2000.00	0.04
11.34	2000.00	0.04
11.35	2000.00	0.04
11.35	2000.00	0.04
11.36	2000.00	0.04
11.36	2000.00	0.04
11.37	2000.00	0.04
11.37	2000.00	0.04
11.37	2000.00	0.04
11.38	2000.00	0.04
11.38	2222.22	0.04
11.38	2000.00	0.04
11.39	2000.00	0.04
11.39	2000.00	0.04
11.40	2000.00	0.04
11.40	2000.00	0.04
11.41	2000.00	0.04
11.41	2000.00	0.04
11.41	2000.00	0.04
11.42	2000.00	0.04
11.42	1818.18	0.04
11.42	2000.00	0.04
11.43	2000.00	0.04
11.43	2000.00	0.04
11.44	2000.00	0.04
11.44	2000.00	0.04
11.45	2000.00	0.04
11.45	2000.00	0.04
11.45	2000.00	0.04
11.46	2000.00	0.04
11.46	2000.00	0.04
11.46	2000.00	0.04
11.47	2000.00	0.04
11.47	2000.00	0.04
11.48	2000.00	0.04
11.48	2000.00	0.04
11.49	2000.00	0.04
11.49	2000.00	0.04
11.49	2000.00	0.04
11.50	2000.00	0.04
11.50	2000.00	0.04
11.50	2000.00	0.04
11.51	2222.22	0.04
11.51	2000.00	0.04
11.52	2000.00	0.04
11.52	2000.00	0.04
11.53	2000.00	0.04
11.53	2000.00	0.04
11.53	2000.00	0.04
11.54	2000.00	0.04
11.54	2000.00	0.04
11.54	2000.00	0.04
11.55	1818.18	0.04
11.55	2000.00	0.04
11.56	2000.00	0.04
11.56	2000.00	0.04
11.57	2000.00	0.04
11.57	2000.00	0.04
11.57	2000.00	0.04
11.58	2000.00	0.04
11.58	2000.00	0.04
11.58	2000.00	0.04
11.59	2000.00	0.04
11.59	2000.00	0.04
11.60	2000.00	0.04
11.60	2000.00	0.04
11.61	2000.00	0.04
11.61	2000.00	0.04
11.61	2000.00	0.04
11.62	2000.00	0.04
11.62	2000.00	0.04
11.62	2000.00	0.04
11.63	2000.00	0.04
11.63	2000.00	0.04
11.64	2000.00	0.04
11.64	2000.00	0.04
11.65	2000.00	0.04
11.65	2000.00	0.04
11.65	2000.00	0.04
11.66	2000.00	0.04
11.66	2000.00	0.04
11.66	2000.00	0.04
11.67	2000.00	0.04
11.67	2000.00	0.04
11.68	2000.00	0.04
11.68	2000.00	0.04
11.69	2000.00	0.04
11.69	2000.00	0.04
11.69	2000.00	0.04
11.70	2000.00	0.04
11.70	2000.00	0.04
11.70	2000.00	0.04
11.71	2000.00	0.04
11.71	2000.00	0.04
11.72	2000.00	0.04
11.72	2000.00	0.04
11.73	2000.00	0.04
11.73	2000.00	0.04
11.73	2000.00	0.04
11.74	2000.00	0.04
11.74	2000.00	0.04
11.74	2000.00	0.04
11.75	2000.00	0.04
11.75	2000.00	0.04
11.76	2000.00	0.04
11.76	2000.00	0.04
11.77	2000.00	0.04
11.77	2000.00	0.04
11.77	2000.00	0.04
11.78	2000.00	0.04
11.78	2000.00	0.04
11.78	2000.00	0.04
11.79	2000.00	0.04
11.79	2000.00	0.04
11.80	2000.00	0.04
11.80	2000.00	0.04
11.81	2000.00	0.04
11.81	2000.00	0.04
11.81	2000.00	0.04
11.82	2000.00	0.04
11.82	2000.00	0.04
11.82	2000.00	0.04
11.83	2000.00	0.04
11.83	2000.00	0.04
11.84	2000.00	0.04
11.84	2000.00	0.04
11.85	2000.00	0.04
11.85	2000.00	0.04
11.85	2000.00	0.04
11.86	2000.00	0.04
11.86	2000.00	0.04
11.86	2000.00	0.04
11.87	2000.00	0.04
11.87	2000.00	0.04
11.88	2000.00	0.04
11.88	2000.00	0.04
11.89	2000.00	0.04
11.89	2000.00	0.04
11.89	2000.00	0.04
11.90	2000.00	0.04
11.91	1600.00	0.05
11.91	1600.00	0.05
11.92	1600.00	0.05
12.01	571.43	0.14
12.02	571.43	0.14
12.02	571.43	0.14
12.03	571.43	0.14
12.03	571.43	0.14
12.03	571.43	0.14
12.04	571.43	0.14
12.04	615.38	0.13
12.04	615.38	0.13
12.05	615.38	0.13
12.05	2000.00	0.04
12.06	2000.00	0.04
12.06	2000.00	0.04
12.07	2000.00	0.04
12.07	2000.00	0.04
12.07	2000.00	0.04
12.08	2000.00	0.04
12.08	2000.00	0.04
12.08	2000.00	0.04
12.09	2000.00	0.04
12.09	2000.00	0.04
12.10	2000.00	0.04
12.10	2000.00	0.04
12.11	2000.00	0.04
12.11	2000.00	0.04
12.11	2000.00	0.04
12.12	2000.00	0.04
12.12	2000.00	0.04
12.12	2000.00	0.04
12.13	2222.22	0.04
12.13	2222.22	0.04
12.13	2500.00	0.03
12.13	2500.00	0.03
12.13	2857.14	0.03
12.14	2857.14	0.03
12.14	3333.33	0.02
12.14	3333.33	0.02
12.14	4000.00	0.02
12.14	4000.00	0.02
12.15	4000.00	0.02
12.15	4000.00	0.02
12.15	4000.00	0.02
12.15	4000.00	0.02
12.15	4000.00	0.02
12.16	4000.00	0.02
12.16	4000.00	0.02
12.16	4000.00	0.02
12.16	4000.00	0.02
12.16	4000.00	0.02
12.17	4000.00	0.02
12.17	4000.00	0.02
12.17	4000.00	0.02
12.17	4000.00	0.02
12.17	4000.00	0.02
12.18	4000.00	0.02
12.18	4000.00	0.02
12.18	4000.00	0.02
12.18	3636.36	0.02
12.19	3333.33	0.02
12.19	3076.92	0.03
12.20	2857.14	0.03
12.20	2666.67	0.03
12.20	2500.00	0.03
12.20	0.00	0.00
