0.11	0.00	0.00
0.12	541.53	0.01
0.14	541.53	0.03
0.14	760.79	0.03
0.14	953.91	0.03
0.16	836.59	0.05
0.16	926.41	0.05
0.17	968.64	0.06
0.18	916.73	0.07
0.18	1002.60	0.07
0.18	1055.23	0.08
0.19	1269.04	0.06
0.19	1474.19	0.05
0.19	1474.19	0.05
0.21	1244.81	0.06
0.21	1481.48	0.05
0.22	1428.57	0.06
0.22	1481.48	0.05
0.23	1600.00	0.05
0.23	1538.46	0.05
0.25	1176.47	0.07
0.26	1081.08	0.07
0.26	1111.11	0.07
0.27	1025.64	0.08
0.28	1142.86	0.07
0.29	952.38	0.08
0.30	952.38	0.08
0.30	952.38	0.08
0.31	975.61	0.08
0.31	975.61	0.08
0.33	975.61	0.08
0.34	1025.64	0.08
0.34	1025.64	0.08
0.35	1052.63	0.08
0.35	1052.63	0.08
0.37	1081.08	0.07
0.37	1081.08	0.07
0.38	1081.08	0.07
0.39	1052.63	0.08
0.39	1052.63	0.08
0.41	1111.11	0.07
0.41	1081.08	0.07
0.42	1081.08	0.07
0.42	1052.63	0.08
0.43	1052.63	0.08
0.44	1052.63	0.08
0.45	1052.63	0.08
0.45	1052.63	0.08
0.46	1081.08	0.07
0.47	1052.63	0.08
0.48	1052.63	0.08
0.49	1052.63	0.08
0.49	1052.63	0.08
0.50	1081.08	0.07
0.50	1052.63	0.08
0.52	1052.63	0.08
0.53	1052.63	0.08
0.53	1052.63	0.08
0.54	1052.63	0.08
0.54	1052.63	0.08
0.56	1052.63	0.08
0.56	1052.63	0.08
0.57	1052.63	0.08
0.58	1025.64	0.08
0.58	1025.64	0.08
0.60	1052.63	0.08
0.60	1052.63	0.08
0.61	1052.63	0.08
0.61	1052.63	0.08
0.62	1052.63	0.08
0.63	1081.08	0.07
0.64	1052.63	0.08
0.64	1052.63	0.08
0.65	1081.08	0.07
0.66	1081.08	0.07
0.67	1081.08	0.07
0.68	1052.63	0.08
0.68	1052.63	0.08
0.69	1052.63	0.08
0.69	1052.63	0.08
0.71	1052.63	0.08
0.71	1081.08	0.07
0.72	1052.63	0.08
0.73	1052.63	0.08
0.73	1052.63	0.08
0.75	1052.63	0.08
0.75	1081.08	0.07
0.76	1052.63	0.08
0.76	1052.63	0.08
0.77	1052.63	0.08
0.78	1052.63	0.08
0.79	1052.63	0.08
0.80	1052.63	0.08
0.80	1052.63	0.08
0.81	1052.63	0.08
0.82	1081.08	0.07
0.82	1111.11	0.07
0.83	1111.11	0.07
0.84	1111.11	0.07
0.85	1052.63	0.08
0.86	1052.63	0.08
0.87	1052.63	0.08
0.87	1111.11	0.07
0.87	1176.47	0.07
0.88	1081.08	0.07
0.90	1025.64	0.08
0.90	1000.00	0.08
0.91	1025.64	0.08
0.91	1081.08	0.07
0.92	1081.08	0.07
0.94	1052.63	0.08
0.94	1052.63	0.08
0.95	1025.64	0.08
0.95	1000.00	0.08
0.96	1052.63	0.08
0.97	1081.08	0.07
0.98	1052.63	0.08
0.98	1052.63	0.08
0.99	1025.64	0.08
1.00	1052.63	0.08
1.01	1111.11	0.07
1.02	1052.63	0.08
1.02	1052.63	0.08
1.03	1052.63	0.08
1.03	1052.63	0.08
1.05	1081.08	0.07
1.06	1052.63	0.08
1.06	1052.63	0.08
1.07	1000.00	0.08
1.07	1052.63	0.08
1.08	1111.11	0.07
1.09	1052.63	0.08
1.10	1052.63	0.08
1.10	1052.63	0.08
1.10	1142.86	0.07
1.11	1212.12	0.07
1.11	1379.31	0.06
1.13	1111.11	0.07
1.14	1142.86	0.07
1.14	1111.11	0.07
1.15	1142.86	0.07
1.15	1333.33	0.06
1.17	1111.11	0.07
1.18	1081.08	0.07
1.18	1025.64	0.08
1.19	1052.63	0.08
1.19	1025.64	0.08
1.21	1052.63	0.08
1.21	1052.63	0.08
1.22	1052.63	0.08
1.23	1052.63	0.08
1.23	1052.63	0.08
1.25	1052.63	0.08
1.25	1052.63	0.08
1.26	1052.63	0.08
1.26	1052.63	0.08
1.27	1052.63	0.08
1.28	1052.63	0.08
1.29	1052.63	0.08
1.30	1052.63	0.08
1.30	1052.63	0.08
1.31	1052.63	0.08
1.32	1081.08	0.07
1.33	1052.63	0.08
1.33	1052.63	0.08
1.34	1052.63	0.08
1.34	1052.63	0.08
1.36	1111.11	0.07
1.36	1176.47	0.07
1.37	1111.11	0.07
1.38	1052.63	0.08
1.39	1000.00	0.08
1.40	1025.64	0.08
1.40	1081.08	0.07
1.41	1081.08	0.07
1.42	1025.64	0.08
1.43	975.61	0.08
1.44	975.61	0.08
1.44	952.38	0.08
1.45	1000.00	0.08
1.46	1025.64	0.08
1.46	1025.64	0.08
1.47	1052.63	0.08
1.48	1025.64	0.08
1.49	1025.64	0.08
1.49	1052.63	0.08
1.50	1052.63	0.08
1.51	1081.08	0.07
1.52	1052.63	0.08
1.52	1052.63	0.08
1.53	1052.63	0.08
1.54	1052.63	0.08
1.55	1052.63	0.08
1.56	1052.63	0.08
1.56	1052.63	0.08
1.57	1052.63	0.08
1.58	1052.63	0.08
1.59	1052.63	0.08
1.59	1052.63	0.08
1.60	1052.63	0.08
1.60	1142.86	0.07
1.61	1212.12	0.07
1.61	1379.31	0.06
1.61	1481.48	0.05
1.62	1290.32	0.06
1.63	1290.32	0.06
1.64	1250.00	0.06
1.65	1379.31	0.06
1.65	1481.48	0.05
1.66	1379.31	0.06
1.67	1212.12	0.07
1.68	1111.11	0.07
1.68	1081.08	0.07
1.69	1052.63	0.08
1.69	1176.47	0.07
1.70	1111.11	0.07
1.71	1111.11	0.07
1.72	1111.11	0.07
1.72	1081.08	0.07
1.73	1142.86	0.07
1.74	1111.11	0.07
1.75	1142.86	0.07
1.75	1111.11	0.07
1.76	1111.11	0.07
1.76	1111.11	0.07
1.77	1142.86	0.07
1.78	1142.86	0.07
1.79	1111.11	0.07
1.79	1111.11	0.07
1.80	1111.11	0.07
1.81	1176.47	0.07
1.82	1111.11	0.07
1.83	1111.11	0.07
1.83	1111.11	0.07
1.84	1111.11	0.07
1.84	1176.47	0.07
1.86	1111.11	0.07
1.86	1111.11	0.07
1.87	1111.11	0.07
1.87	1111.11	0.07
1.88	1142.86	0.07
1.89	1142.86	0.07
1.90	1111.11	0.07
1.90	1111.11	0.07
1.91	1111.11	0.07
1.91	1111.11	0.07
1.92	1176.47	0.07
1.93	1111.11	0.07
1.94	1111.11	0.07
1.94	1111.11	0.07
1.95	1111.11	0.07
1.96	1176.47	0.07
1.97	1111.11	0.07
1.97	1111.11	0.07
1.98	1111.11	0.07
1.99	1111.11	0.07
1.99	1142.86	0.07
2.01	1111.11	0.07
2.01	1111.11	0.07
2.02	1111.11	0.07
2.02	1111.11	0.07
2.03	1111.11	0.07
2.04	1111.11	0.07
2.05	1111.11	0.07
2.05	1111.11	0.07
2.06	1111.11	0.07
2.07	1111.11	0.07
2.08	1142.86	0.07
2.08	1111.11	0.07
2.09	1111.11	0.07
2.09	1111.11	0.07
2.10	1142.86	0.07
2.11	1142.86	0.07
2.12	1111.11	0.07
2.12	1111.11	0.07
2.13	1111.11	0.07
2.14	1142.86	0.07
2.15	1111.11	0.07
2.15	1111.11	0.07
2.16	1111.11	0.07
2.17	1111.11	0.07
2.17	1111.11	0.07
2.18	1111.11	0.07
2.19	1111.11	0.07
2.20	1111.11	0.07
2.20	1111.11	0.07
2.21	1111.11	0.07
2.22	1111.11	0.07
2.23	1111.11	0.07
2.23	1111.11	0.07
2.24	1111.11	0.07
2.24	1111.11	0.07
2.26	1111.11	0.07
2.26	1111.11	0.07
2.27	1111.11	0.07
2.27	1111.11	0.07
2.28	1111.11	0.07
2.29	1111.11	0.07
2.30	1111.11	0.07
2.30	1111.11	0.07
2.31	1111.11	0.07
2.32	1111.11	0.07
2.33	1111.11	0.07
2.33	1111.11	0.07
2.34	1111.11	0.07
2.35	1111.11	0.07
2.35	1111.11	0.07
2.36	1111.11	0.07
2.37	1111.11	0.07
2.38	1111.11	0.07
2.38	1111.11	0.07
2.39	1111.11	0.07
2.40	1111.11	0.07
2.41	1111.11	0.07
2.41	1111.11	0.07
2.42	1111.11	0.07
2.42	1111.11	0.07
2.44	1111.11	0.07
2.44	1111.11	0.07
2.45	1111.11	0.07
2.45	1111.11	0.07
2.46	1111.11	0.07
2.47	1111.11	0.07
2.48	1111.11	0.07
2.48	1111.11	0.07
2.49	1111.11	0.07
2.50	1111.11	0.07
2.51	1111.11	0.07
2.51	1111.11	0.07
2.52	1111.11	0.07
2.53	1111.11	0.07
2.53	1111.11	0.07
2.54	1111.11	0.07
2.55	1111.11	0.07
2.56	1111.11	0.07
2.56	1111.11	0.07
2.57	1111.11	0.07
2.58	1111.11	0.07
2.59	1111.11	0.07
2.59	1111.11	0.07
2.60	1111.11	0.07
2.60	1111.11	0.07
2.62	1111.11	0.07
2.62	1111.11	0.07
2.63	1111.11	0.07
2.63	1111.11	0.07
2.64	1111.11	0.07
2.65	1111.11	0.07
2.66	1111.11	0.07
2.66	1111.11	0.07
2.67	1111.11	0.07
2.68	1111.11	0.07
2.69	1111.11	0.07
2.69	1111.11	0.07
2.70	1111.11	0.07
2.71	1111.11	0.07
2.71	1111.11	0.07
2.72	1111.11	0.07
2.73	1111.11	0.07
2.74	1111.11	0.07
2.74	1111.11	0.07
2.75	1111.11	0.07
2.76	1111.11	0.07
2.77	1111.11	0.07
2.77	1111.11	0.07
2.78	1111.11	0.07
2.78	1111.11	0.07
2.80	1111.11	0.07
2.80	1111.11	0.07
2.81	1111.11	0.07
2.81	1111.11	0.07
2.82	1111.11	0.07
2.83	1111.11	0.07
2.84	1111.11	0.07
2.84	1111.11	0.07
2.85	1111.11	0.07
2.86	1111.11	0.07
2.87	1111.11	0.07
2.87	1111.11	0.07
2.88	1111.11	0.07
2.89	1111.11	0.07
2.89	1111.11	0.07
2.90	1111.11	0.07
2.91	1111.11	0.07
2.92	1111.11	0.07
2.92	1111.11	0.07
2.93	1111.11	0.07
2.94	1111.11	0.07
2.95	1111.11	0.07
2.95	1111.11	0.07
2.96	1111.11	0.07
2.96	1111.11	0.07
2.98	1111.11	0.07
2.98	1111.11	0.07
2.99	1111.11	0.07
2.99	1111.11	0.07
3.00	1111.11	0.07
3.01	1111.11	0.07
3.02	1111.11	0.07
3.02	1111.11	0.07
3.03	1111.11	0.07
3.04	1111.11	0.07
3.05	1111.11	0.07
3.05	1111.11	0.07
3.06	1111.11	0.07
3.07	1111.11	0.07
3.07	1111.11	0.07
3.08	1111.11	0.07
3.09	1111.11	0.07
3.10	1111.11	0.07
3.10	1111.11	0.07
3.11	1111.11	0.07
3.12	1111.11	0.07
3.13	1111.11	0.07
3.13	1111.11	0.07
3.14	1111.11	0.07
3.14	1111.11	0.07
3.16	1111.11	0.07
3.16	1142.86	0.07
3.16	1176.47	0.07
3.17	1212.12	0.07
3.17	1212.12	0.07
3.19	1111.11	0.07
3.20	1111.11	0.07
3.20	1111.11	0.07
3.21	1176.47	0.07
3.21	1250.00	0.06
3.23	1111.11	0.07
3.23	1081.08	0.07
3.24	1052.63	0.08
3.24	1052.63	0.08
3.25	1111.11	0.07
3.26	1111.11	0.07
3.27	1111.11	0.07
3.28	1111.11	0.07
3.28	1081.08	0.07
3.28	1052.63	0.08
3.30	1111.11	0.07
3.31	1111.11	0.07
3.31	1111.11	0.07
3.32	1111.11	0.07
3.32	1081.08	0.07
3.34	1111.11	0.07
3.34	1111.11	0.07
3.35	1111.11	0.07
3.35	1111.11	0.07
3.36	1111.11	0.07
3.37	1111.11	0.07
3.38	1111.11	0.07
3.38	1111.11	0.07
3.39	1052.63	0.08
3.39	1081.08	0.07
3.40	1290.32	0.06
3.41	1111.11	0.07
3.42	1111.11	0.07
3.43	1081.08	0.07
3.43	1111.11	0.07
3.43	1379.31	0.06
3.43	1481.48	0.05
3.45	1212.12	0.07
3.46	1212.12	0.07
3.47	1111.11	0.07
3.47	1142.86	0.07
3.47	1428.57	0.06
3.49	1212.12	0.07
3.49	1176.47	0.07
3.50	1081.08	0.07
3.51	1052.63	0.08
3.51	1052.63	0.08
3.52	1111.11	0.07
3.53	1111.11	0.07
3.54	1111.11	0.07
3.54	1081.08	0.07
3.55	1052.63	0.08
3.56	1111.11	0.07
3.57	1111.11	0.07
3.57	1111.11	0.07
3.58	1111.11	0.07
3.58	1081.08	0.07
3.59	1111.11	0.07
3.60	1111.11	0.07
3.61	1111.11	0.07
3.61	1111.11	0.07
3.62	1111.11	0.07
3.63	1111.11	0.07
3.64	1081.08	0.07
3.65	1111.11	0.07
3.65	1111.11	0.07
3.65	1111.11	0.07
3.67	1052.63	0.08
3.67	1142.86	0.07
3.68	1142.86	0.07
3.69	1081.08	0.07
3.70	1025.64	0.08
3.71	1000.00	0.08
3.71	1081.08	0.07
3.72	1081.08	0.07
3.73	1025.64	0.08
3.74	975.61	0.08
3.75	1000.00	0.08
3.75	975.61	0.08
3.76	1025.64	0.08
3.77	1025.64	0.08
3.77	1025.64	0.08
3.79	1052.63	0.08
3.79	1052.63	0.08
3.79	1081.08	0.07
3.80	1081.08	0.07
3.81	1081.08	0.07
3.82	1111.11	0.07
3.83	1111.11	0.07
3.83	1111.11	0.07
3.84	1111.11	0.07
3.85	1111.11	0.07
3.86	1111.11	0.07
3.86	1111.11	0.07
3.87	1111.11	0.07
3.87	1111.11	0.07
3.88	1212.12	0.07
3.89	1111.11	0.07
3.90	1052.63	0.08
3.90	1081.08	0.07
3.91	1176.47	0.07
3.91	1290.32	0.06
3.91	1538.46	0.05
3.91	1600.00	0.05
3.91	1666.67	0.05
3.93	1333.33	0.06
3.95	1142.86	0.07
3.95	1481.48	0.05
3.95	1666.67	0.05
3.95	1666.67	0.05
3.95	1666.67	0.05
3.97	1250.00	0.06
3.98	1081.08	0.07
3.99	1052.63	0.08
3.99	1052.63	0.08
3.99	1379.31	0.06
4.01	1290.32	0.06
4.02	1111.11	0.07
4.02	1081.08	0.07
4.03	1052.63	0.08
4.03	1052.63	0.08
4.04	1111.11	0.07
4.06	1111.11	0.07
4.06	1111.11	0.07
4.06	1081.08	0.07
4.07	1052.63	0.08
4.08	1111.11	0.07
4.09	1111.11	0.07
4.10	1111.11	0.07
4.10	1111.11	0.07
4.10	1081.08	0.07
4.12	1111.11	0.07
4.13	1111.11	0.07
4.13	1111.11	0.07
4.14	1111.11	0.07
4.14	1111.11	0.07
4.15	1111.11	0.07
4.16	1111.11	0.07
4.17	1111.11	0.07
4.17	1111.11	0.07
4.18	1111.11	0.07
4.19	1111.11	0.07
4.20	1111.11	0.07
4.20	1111.11	0.07
4.21	1111.11	0.07
4.21	1111.11	0.07
4.22	1111.11	0.07
4.24	1111.11	0.07
4.24	1111.11	0.07
4.24	1111.11	0.07
4.25	1111.11	0.07
4.26	1111.11	0.07
4.27	1111.11	0.07
4.28	1111.11	0.07
4.28	1111.11	0.07
4.28	1111.11	0.07
4.30	1111.11	0.07
4.31	1111.11	0.07
4.31	1111.11	0.07
4.32	1111.11	0.07
4.32	1111.11	0.07
4.33	1111.11	0.07
4.34	1111.11	0.07
4.35	1111.11	0.07
4.35	1111.11	0.07
4.36	1111.11	0.07
4.37	1111.11	0.07
4.38	1111.11	0.07
4.38	1111.11	0.07
4.39	1111.11	0.07
4.39	1111.11	0.07
4.40	1111.11	0.07
4.42	1111.11	0.07
4.42	1111.11	0.07
4.42	1111.11	0.07
4.43	1111.11	0.07
4.44	1111.11	0.07
4.45	1111.11	0.07
4.46	1111.11	0.07
4.46	1111.11	0.07
4.46	1111.11	0.07
4.48	1111.11	0.07
4.49	1111.11	0.07
4.49	1111.11	0.07
4.50	1111.11	0.07
4.50	1111.11	0.07
4.51	1111.11	0.07
4.52	1111.11	0.07
4.53	1111.11	0.07
4.53	1111.11	0.07
4.54	1111.11	0.07
4.55	1111.11	0.07
4.56	1111.11	0.07
4.56	1111.11	0.07
4.57	1111.11	0.07
4.57	1111.11	0.07
4.58	1111.11	0.07
4.60	1111.11	0.07
4.60	1111.11	0.07
4.60	1111.11	0.07
4.61	1111.11	0.07
4.62	1111.11	0.07
4.63	1111.11	0.07
4.64	1111.11	0.07
4.64	1111.11	0.07
4.64	1111.11	0.07
4.66	1111.11	0.07
4.67	1111.11	0.07
4.67	1111.11	0.07
4.68	1111.11	0.07
4.68	1111.11	0.07
4.69	1111.11	0.07
4.70	1111.11	0.07
4.71	1111.11	0.07
4.71	1111.11	0.07
4.72	1111.11	0.07
4.73	1111.11	0.07
4.74	1111.11	0.07
4.74	1111.11	0.07
4.75	1111.11	0.07
4.75	1111.11	0.07
4.76	1111.11	0.07
4.78	1111.11	0.07
4.78	1111.11	0.07
4.78	1111.11	0.07
4.79	1111.11	0.07
4.80	1111.11	0.07
4.81	1111.11	0.07
4.82	1111.11	0.07
4.82	1111.11	0.07
4.82	1111.11	0.07
4.84	1111.11	0.07
4.85	1111.11	0.07
4.85	1111.11	0.07
4.86	1111.11	0.07
4.86	1111.11	0.07
4.87	1111.11	0.07
4.88	1111.11	0.07
4.89	1111.11	0.07
4.89	1111.11	0.07
4.90	1111.11	0.07
4.91	1111.11	0.07
4.92	1111.11	0.07
4.92	1111.11	0.07
4.93	1111.11	0.07
4.93	1111.11	0.07
4.94	1111.11	0.07
4.96	1111.11	0.07
4.96	1111.11	0.07
4.96	1111.11	0.07
4.97	1111.11	0.07
4.98	1111.11	0.07
4.99	1111.11	0.07
5.00	1111.11	0.07
5.00	1111.11	0.07
5.00	1111.11	0.07
5.02	1111.11	0.07
5.03	1111.11	0.07
5.03	1111.11	0.07
5.04	1111.11	0.07
5.04	1111.11	0.07
5.05	1111.11	0.07
5.06	1111.11	0.07
5.07	1111.11	0.07
5.07	1111.11	0.07
5.08	1111.11	0.07
5.09	1111.11	0.07
5.10	1111.11	0.07
5.10	1111.11	0.07
5.11	1111.11	0.07
5.11	1111.11	0.07
5.12	1111.11	0.07
5.14	1111.11	0.07
5.14	1111.11	0.07
5.14	1111.11	0.07
5.15	1111.11	0.07
5.16	1111.11	0.07
5.17	1111.11	0.07
5.18	1111.11	0.07
5.18	1111.11	0.07
5.18	1111.11	0.07
5.20	1111.11	0.07
5.21	1111.11	0.07
5.21	1111.11	0.07
5.22	1111.11	0.07
5.22	1111.11	0.07
5.23	1111.11	0.07
5.24	1111.11	0.07
5.25	1111.11	0.07
5.25	1111.11	0.07
5.26	1111.11	0.07
5.27	1111.11	0.07
5.28	1111.11	0.07
5.28	1111.11	0.07
5.29	1111.11	0.07
5.29	1111.11	0.07
5.30	1111.11	0.07
5.32	1111.11	0.07
5.32	1111.11	0.07
5.32	1111.11	0.07
5.33	1111.11	0.07
5.34	1111.11	0.07
5.35	1111.11	0.07
5.36	1111.11	0.07
5.36	1111.11	0.07
5.36	1111.11	0.07
5.38	1111.11	0.07
5.39	1111.11	0.07
5.39	1111.11	0.07
5.40	1111.11	0.07
5.40	1111.11	0.07
5.41	1111.11	0.07
5.42	1111.11	0.07
5.43	1111.11	0.07
5.43	1111.11	0.07
5.44	1111.11	0.07
5.45	1111.11	0.07
5.46	1111.11	0.07
5.46	1142.86	0.07
5.47	1111.11	0.07
5.47	1111.11	0.07
5.48	1111.11	0.07
5.50	1111.11	0.07
5.50	1111.11	0.07
5.50	1111.11	0.07
5.51	1142.86	0.07
5.52	1111.11	0.07
5.53	1111.11	0.07
5.54	1081.08	0.07
5.54	1111.11	0.07
5.54	1111.11	0.07
5.56	1111.11	0.07
5.57	1111.11	0.07
5.57	1111.11	0.07
5.58	1111.11	0.07
5.58	1081.08	0.07
5.59	1111.11	0.07
5.60	1111.11	0.07
5.61	1111.11	0.07
5.61	1111.11	0.07
5.62	1111.11	0.07
5.63	1111.11	0.07
5.64	1111.11	0.07
5.64	1111.11	0.07
5.65	1111.11	0.07
5.65	1111.11	0.07
5.66	1111.11	0.07
5.68	1111.11	0.07
5.68	1111.11	0.07
5.68	1111.11	0.07
5.69	1111.11	0.07
5.71	1025.64	0.08
5.71	1111.11	0.07
5.72	1111.11	0.07
5.72	1111.11	0.07
5.72	1111.11	0.07
5.74	1111.11	0.07
5.74	1176.47	0.07
5.75	1111.11	0.07
5.76	1111.11	0.07
5.76	1111.11	0.07
5.77	1212.12	0.07
5.78	1176.47	0.07
5.79	1111.11	0.07
5.79	1111.11	0.07
5.80	1111.11	0.07
5.81	1111.11	0.07
5.82	1111.11	0.07
5.82	1111.11	0.07
5.83	1111.11	0.07
5.83	1111.11	0.07
5.84	1111.11	0.07
5.85	1111.11	0.07
5.86	1111.11	0.07
5.86	1111.11	0.07
5.87	1111.11	0.07
5.88	1111.11	0.07
5.89	1111.11	0.07
5.90	1111.11	0.07
5.90	1111.11	0.07
5.90	1111.11	0.07
5.92	1111.11	0.07
5.92	1111.11	0.07
5.93	1176.47	0.07
5.93	1176.47	0.07
5.94	1142.86	0.07
5.95	1111.11	0.07
5.96	1142.86	0.07
5.96	1250.00	0.06
5.96	1290.32	0.06
5.97	1250.00	0.06
5.99	1081.08	0.07
6.00	1052.63	0.08
6.00	1081.08	0.07
6.00	1111.11	0.07
6.03	909.09	0.09
6.04	952.38	0.08
6.04	975.61	0.08
6.04	975.61	0.08
6.06	800.00	0.10
6.07	784.31	0.10
6.08	930.23	0.09
6.08	1000.00	0.08
6.10	833.33	0.10
6.11	784.31	0.10
6.11	930.23	0.09
6.12	1000.00	0.08
6.13	851.06	0.09
6.14	800.00	0.10
6.15	930.23	0.09
6.16	888.89	0.09
6.17	851.06	0.09
6.18	816.33	0.10
6.19	909.09	0.09
6.19	975.61	0.08
6.20	888.89	0.09
6.22	800.00	0.10
6.23	869.57	0.09
6.23	930.23	0.09
6.24	869.57	0.09
6.25	851.06	0.09
6.26	851.06	0.09
6.27	888.89	0.09
6.28	888.89	0.09
6.29	784.31	0.10
6.30	816.33	0.10
6.30	909.09	0.09
6.31	952.38	0.08
6.33	816.33	0.10
6.34	833.33	0.10
6.34	930.23	0.09
6.35	975.61	0.08
6.36	851.06	0.09
6.37	833.33	0.10
6.38	930.23	0.09
6.38	975.61	0.08
6.40	851.06	0.09
6.41	816.33	0.10
6.41	930.23	0.09
6.42	975.61	0.08
6.43	851.06	0.09
6.44	816.33	0.10
6.45	930.23	0.09
6.45	975.61	0.08
6.47	869.57	0.09
6.48	816.33	0.10
6.48	930.23	0.09
6.49	975.61	0.08
6.50	888.89	0.09
6.52	816.33	0.10
6.52	930.23	0.09
6.53	975.61	0.08
6.54	888.89	0.09
6.55	816.33	0.10
6.56	909.09	0.09
6.56	975.61	0.08
6.57	888.89	0.09
6.59	816.33	0.10
6.59	888.89	0.09
6.60	975.61	0.08
6.61	888.89	0.09
6.62	833.33	0.10
6.63	888.89	0.09
6.63	975.61	0.08
6.65	888.89	0.09
6.66	851.06	0.09
6.66	888.89	0.09
6.67	975.61	0.08
6.68	888.89	0.09
6.69	851.06	0.09
6.70	888.89	0.09
6.71	952.38	0.08
6.72	888.89	0.09
6.73	851.06	0.09
6.73	909.09	0.09
6.74	930.23	0.09
6.75	888.89	0.09
6.76	851.06	0.09
6.77	909.09	0.09
6.78	930.23	0.09
6.79	888.89	0.09
6.80	851.06	0.09
6.81	909.09	0.09
6.81	952.38	0.08
6.83	869.57	0.09
6.84	851.06	0.09
6.84	909.09	0.09
6.85	952.38	0.08
6.86	869.57	0.09
6.87	851.06	0.09
6.88	909.09	0.09
6.88	952.38	0.08
6.90	869.57	0.09
6.91	833.33	0.10
6.91	909.09	0.09
6.92	952.38	0.08
6.93	888.89	0.09
6.94	833.33	0.10
6.95	909.09	0.09
6.96	952.38	0.08
6.97	909.09	0.09
6.98	833.33	0.10
6.99	909.09	0.09
6.99	952.38	0.08
7.00	909.09	0.09
7.02	833.33	0.10
7.02	888.89	0.09
7.03	952.38	0.08
7.04	909.09	0.09
7.05	833.33	0.10
7.06	869.57	0.09
7.06	952.38	0.08
7.07	909.09	0.09
7.09	851.06	0.09
7.09	869.57	0.09
7.10	952.38	0.08
7.11	909.09	0.09
7.12	869.57	0.09
7.13	869.57	0.09
7.14	952.38	0.08
7.15	909.09	0.09
7.16	869.57	0.09
7.17	869.57	0.09
7.17	930.23	0.09
7.18	909.09	0.09
7.19	869.57	0.09
7.20	869.57	0.09
7.21	909.09	0.09
7.22	909.09	0.09
7.23	869.57	0.09
7.24	888.89	0.09
7.24	909.09	0.09
7.25	909.09	0.09
7.26	869.57	0.09
7.27	888.89	0.09
7.28	909.09	0.09
7.29	909.09	0.09
7.30	869.57	0.09
7.31	888.89	0.09
7.31	930.23	0.09
7.33	888.89	0.09
7.34	869.57	0.09
7.34	888.89	0.09
7.35	930.23	0.09
7.36	888.89	0.09
7.37	869.57	0.09
7.38	888.89	0.09
7.39	930.23	0.09
7.40	909.09	0.09
7.41	851.06	0.09
7.42	888.89	0.09
7.42	930.23	0.09
7.43	930.23	0.09
7.44	851.06	0.09
7.45	888.89	0.09
7.46	930.23	0.09
7.47	930.23	0.09
7.48	851.06	0.09
7.49	869.57	0.09
7.49	930.23	0.09
7.50	930.23	0.09
7.52	851.06	0.09
7.52	851.06	0.09
7.53	930.23	0.09
7.54	930.23	0.09
7.55	869.57	0.09
7.56	851.06	0.09
7.57	930.23	0.09
7.57	930.23	0.09
7.58	888.89	0.09
7.60	851.06	0.09
7.60	930.23	0.09
7.61	930.23	0.09
7.62	888.89	0.09
7.63	851.06	0.09
7.64	909.09	0.09
7.65	930.23	0.09
7.66	888.89	0.09
7.67	869.57	0.09
7.67	888.89	0.09
7.68	930.23	0.09
7.69	888.89	0.09
7.70	888.89	0.09
7.71	888.89	0.09
7.72	930.23	0.09
7.73	888.89	0.09
7.74	888.89	0.09
7.75	869.57	0.09
7.76	888.89	0.09
7.76	888.89	0.09
7.77	888.89	0.09
7.78	930.23	0.09
7.79	888.89	0.09
7.80	888.89	0.09
7.81	888.89	0.09
7.81	930.23	0.09
7.83	888.89	0.09
7.84	909.09	0.09
7.84	909.09	0.09
7.85	930.23	0.09
7.86	909.09	0.09
7.87	851.06	0.09
7.88	888.89	0.09
7.89	930.23	0.09
7.89	930.23	0.09
7.91	851.06	0.09
7.92	888.89	0.09
7.92	930.23	0.09
7.93	930.23	0.09
7.94	851.06	0.09
7.95	869.57	0.09
7.96	930.23	0.09
7.97	930.23	0.09
7.98	816.33	0.10
7.99	851.06	0.09
7.99	930.23	0.09
8.00	930.23	0.09
8.01	869.57	0.09
8.02	888.89	0.09
8.03	930.23	0.09
8.04	930.23	0.09
8.05	888.89	0.09
8.06	888.89	0.09
8.06	1000.00	0.08
8.07	930.23	0.09
8.08	888.89	0.09
8.09	888.89	0.09
8.10	930.23	0.09
8.11	888.89	0.09
8.12	888.89	0.09
8.13	909.09	0.09
8.14	909.09	0.09
8.15	888.89	0.09
8.16	869.57	0.09
8.16	909.09	0.09
8.17	909.09	0.09
8.18	909.09	0.09
8.19	888.89	0.09
8.20	888.89	0.09
8.21	930.23	0.09
8.22	888.89	0.09
8.23	869.57	0.09
8.23	952.38	0.08
8.24	975.61	0.08
8.24	1025.64	0.08
8.24	1142.86	0.07
8.26	1025.64	0.08
8.27	952.38	0.08
8.28	1025.64	0.08
8.28	1052.63	0.08
8.28	1176.47	0.07
8.30	1142.86	0.07
8.31	952.38	0.08
8.32	1000.00	0.08
8.32	1000.00	0.08
8.32	975.61	0.08
8.34	1025.64	0.08
8.35	1025.64	0.08
8.36	1025.64	0.08
8.36	1025.64	0.08
8.36	1025.64	0.08
8.37	1052.63	0.08
8.39	1052.63	0.08
8.39	1052.63	0.08
8.40	1025.64	0.08
8.40	1025.64	0.08
8.41	1052.63	0.08
8.43	1052.63	0.08
8.43	1052.63	0.08
8.44	1052.63	0.08
8.44	1000.00	0.08
8.45	1000.00	0.08
8.47	1052.63	0.08
8.47	1052.63	0.08
8.47	1052.63	0.08
8.48	1025.64	0.08
8.48	1142.86	0.07
8.50	1176.47	0.07
8.50	1111.11	0.07
8.51	1052.63	0.08
8.52	1000.00	0.08
8.52	1142.86	0.07
8.54	1142.86	0.07
8.54	1081.08	0.07
8.55	1025.64	0.08
8.56	1000.00	0.08
8.57	952.38	0.08
8.58	1000.00	0.08
8.58	1025.64	0.08
8.59	1025.64	0.08
8.60	1052.63	0.08
8.60	1000.00	0.08
8.61	1025.64	0.08
8.62	1052.63	0.08
8.63	1052.63	0.08
8.64	1052.63	0.08
8.64	1052.63	0.08
8.65	1052.63	0.08
8.66	1052.63	0.08
8.67	1052.63	0.08
8.67	1052.63	0.08
8.68	1052.63	0.08
8.69	1052.63	0.08
8.70	1052.63	0.08
8.70	1052.63	0.08
8.71	1052.63	0.08
8.72	1052.63	0.08
8.73	1052.63	0.08
8.73	1052.63	0.08
8.74	1052.63	0.08
8.75	1052.63	0.08
8.76	1052.63	0.08
8.76	1081.08	0.07
8.77	1052.63	0.08
8.78	1052.63	0.08
8.79	1052.63	0.08
8.79	1052.63	0.08
8.80	1081.08	0.07
8.81	1052.63	0.08
8.82	1052.63	0.08
8.83	1052.63	0.08
8.83	1052.63	0.08
8.84	1052.63	0.08
8.85	1081.08	0.07
8.86	1052.63	0.08
8.86	1052.63	0.08
8.87	1052.63	0.08
8.88	1052.63	0.08
8.88	1081.08	0.07
8.89	1052.63	0.08
8.90	1052.63	0.08
8.91	1052.63	0.08
8.92	1052.63	0.08
8.92	1052.63	0.08
8.93	1052.63	0.08
8.94	1052.63	0.08
8.95	1052.63	0.08
8.95	1052.63	0.08
8.96	1052.63	0.08
8.97	1081.08	0.07
8.98	1052.63	0.08
8.98	1052.63	0.08
8.99	1052.63	0.08
9.00	1052.63	0.08
9.01	1081.08	0.07
9.02	1052.63	0.08
9.02	1052.63	0.08
9.03	1052.63	0.08
9.04	1052.63	0.08
9.04	1052.63	0.08
9.05	1052.63	0.08
9.06	1052.63	0.08
9.07	1052.63	0.08
9.07	1052.63	0.08
9.08	1052.63	0.08
9.09	1081.08	0.07
9.10	1052.63	0.08
9.11	1052.63	0.08
9.11	1052.63	0.08
9.12	1052.63	0.08
9.13	1081.08	0.07
9.14	1052.63	0.08
9.14	1052.63	0.08
9.15	1052.63	0.08
9.16	1052.63	0.08
9.17	1052.63	0.08
9.17	1081.08	0.07
9.18	1052.63	0.08
9.19	1052.63	0.08
9.20	1052.63	0.08
9.20	1052.63	0.08
9.21	1081.08	0.07
9.22	1052.63	0.08
9.23	1052.63	0.08
9.23	1052.63	0.08
9.24	1052.63	0.08
9.25	1052.63	0.08
9.26	1052.63	0.08
9.26	1052.63	0.08
9.27	1052.63	0.08
9.28	1052.63	0.08
9.29	1052.63	0.08
9.29	1081.08	0.07
9.30	1052.63	0.08
9.31	1052.63	0.08
9.32	1052.63	0.08
9.32	1052.63	0.08
9.33	1081.08	0.07
9.34	1052.63	0.08
9.35	1052.63	0.08
9.36	1052.63	0.08
9.36	1052.63	0.08
9.37	1052.63	0.08
9.38	1081.08	0.07
9.39	1052.63	0.08
9.39	1052.63	0.08
9.40	1052.63	0.08
9.41	1052.63	0.08
9.41	1081.08	0.07
9.42	1052.63	0.08
9.43	1052.63	0.08
9.44	1052.63	0.08
9.45	1052.63	0.08
9.45	1052.63	0.08
9.46	1052.63	0.08
9.47	1052.63	0.08
9.48	1052.63	0.08
9.48	1052.63	0.08
9.49	1052.63	0.08
9.50	1081.08	0.07
9.51	1052.63	0.08
9.51	1052.63	0.08
9.52	1052.63	0.08
9.53	1052.63	0.08
9.54	1081.08	0.07
9.55	1052.63	0.08
9.55	1052.63	0.08
9.56	1052.63	0.08
9.57	1052.63	0.08
9.57	1052.63	0.08
9.58	1052.63	0.08
9.59	1052.63	0.08
9.60	1052.63	0.08
9.60	1052.63	0.08
9.61	1052.63	0.08
9.62	1081.08	0.07
9.63	1052.63	0.08
9.64	1052.63	0.08
9.64	1052.63	0.08
9.65	1052.63	0.08
9.66	1081.08	0.07
9.67	1025.64	0.08
9.68	1025.64	0.08
9.68	1025.64	0.08
9.69	1052.63	0.08
9.70	1052.63	0.08
9.70	1052.63	0.08
9.71	1052.63	0.08
9.72	1052.63	0.08
9.73	1052.63	0.08
9.73	1052.63	0.08
9.74	1081.08	0.07
9.75	1081.08	0.07
9.76	1081.08	0.07
9.76	1052.63	0.08
9.77	1052.63	0.08
9.78	1052.63	0.08
9.79	1052.63	0.08
9.79	1052.63	0.08
9.80	1052.63	0.08
9.81	1052.63	0.08
9.82	1052.63	0.08
9.82	1081.08	0.07
9.83	1052.63	0.08
9.84	1052.63	0.08
9.85	1052.63	0.08
9.86	1052.63	0.08
9.86	1081.08	0.07
9.87	1052.63	0.08
9.88	1052.63	0.08
9.89	1052.63	0.08
9.89	1052.63	0.08
9.90	1052.63	0.08
9.91	1081.08	0.07
9.92	1025.64	0.08
9.93	1025.64	0.08
9.93	1025.64	0.08
9.94	1052.63	0.08
9.94	1081.08	0.07
9.95	1052.63	0.08
9.96	1052.63	0.08
9.97	1052.63	0.08
9.98	1052.63	0.08
9.98	1052.63	0.08
9.99	1081.08	0.07
10.00	1081.08	0.07
10.01	1081.08	0.07
10.01	1052.63	0.08
10.02	1052.63	0.08
10.03	1081.08	0.07
10.04	1052.63	0.08
10.05	1052.63	0.08
10.05	1052.63	0.08
10.06	1052.63	0.08
10.07	1081.08	0.07
10.08	1052.63	0.08
10.08	1052.63	0.08
10.09	1052.63	0.08
10.10	1052.63	0.08
10.10	1052.63	0.08
10.11	1052.63	0.08
10.12	1052.63	0.08
10.13	1052.63	0.08
10.13	1052.63	0.08
10.14	1052.63	0.08
10.15	1081.08	0.07
10.16	1052.63	0.08
10.17	1052.63	0.08
10.17	1052.63	0.08
10.18	1081.08	0.07
10.19	1081.08	0.07
10.20	1052.63	0.08
10.20	1052.63	0.08
10.21	1052.63	0.08
10.21	1142.86	0.07
10.23	1052.63	0.08
10.24	1052.63	0.08
10.24	1052.63	0.08
10.25	1052.63	0.08
10.25	1081.08	0.07
10.26	1081.08	0.07
10.27	1081.08	0.07
10.28	1052.63	0.08
10.29	1052.63	0.08
10.29	1025.64	0.08
10.30	1081.08	0.07
10.31	1081.08	0.07
10.32	1052.63	0.08
10.32	1052.63	0.08
10.33	1052.63	0.08
10.34	1052.63	0.08
10.35	1052.63	0.08
10.35	1081.08	0.07
10.36	1052.63	0.08
10.37	1052.63	0.08
10.38	1052.63	0.08
10.38	1081.08	0.07
10.39	1081.08	0.07
10.40	1052.63	0.08
10.40	1052.63	0.08
10.42	975.61	0.08
10.42	1081.08	0.07
10.43	1052.63	0.08
10.44	1081.08	0.07
10.44	1052.63	0.08
10.45	1052.63	0.08
10.46	1081.08	0.07
10.47	1052.63	0.08
10.48	1052.63	0.08
10.48	1000.00	0.08
10.49	1111.11	0.07
10.50	1052.63	0.08
10.51	1052.63	0.08
10.51	1025.64	0.08
10.52	1000.00	0.08
10.53	1025.64	0.08
10.54	1025.64	0.08
10.54	1081.08	0.07
10.55	1081.08	0.07
10.56	1111.11	0.07
10.57	1081.08	0.07
10.57	1081.08	0.07
10.58	1111.11	0.07
10.59	1111.11	0.07
10.59	1142.86	0.07
10.60	1142.86	0.07
10.61	1111.11	0.07
10.61	1111.11	0.07
10.62	1142.86	0.07
10.63	1111.11	0.07
10.63	1176.47	0.07
10.64	1111.11	0.07
10.65	1142.86	0.07
10.66	1142.86	0.07
10.66	1111.11	0.07
10.67	1142.86	0.07
10.68	1111.11	0.07
10.68	1176.47	0.07
10.68	1250.00	0.06
10.69	1212.12	0.07
10.70	1142.86	0.07
10.72	1111.11	0.07
10.72	1142.86	0.07
10.72	1212.12	0.07
10.73	1212.12	0.07
10.74	1142.86	0.07
10.75	1142.86	0.07
10.76	1081.08	0.07
10.76	1081.08	0.07
10.76	1142.86	0.07
10.78	1111.11	0.07
10.78	1176.47	0.07
10.79	1081.08	0.07
10.80	1081.08	0.07
10.80	1142.86	0.07
10.81	1111.11	0.07
10.82	1142.86	0.07
10.83	1111.11	0.07
10.83	1081.08	0.07
10.84	1111.11	0.07
10.85	1111.11	0.07
10.86	1111.11	0.07
10.86	1142.86	0.07
10.87	1142.86	0.07
10.87	1111.11	0.07
10.88	1111.11	0.07
10.89	1111.11	0.07
10.90	1111.11	0.07
10.90	1142.86	0.07
10.90	1176.47	0.07
10.92	1176.47	0.07
10.93	1111.11	0.07
10.94	1025.64	0.08
10.94	1025.64	0.08
10.95	1081.08	0.07
10.95	1142.86	0.07
10.97	1081.08	0.07
10.98	1025.64	0.08
10.98	1000.00	0.08
10.99	975.61	0.08
10.99	1052.63	0.08
11.00	1052.63	0.08
11.02	1052.63	0.08
11.02	1052.63	0.08
11.02	1025.64	0.08
11.03	1052.63	0.08
11.04	1052.63	0.08
11.05	1052.63	0.08
11.06	1052.63	0.08
11.06	1052.63	0.08
11.07	1052.63	0.08
11.08	1052.63	0.08
11.09	1052.63	0.08
11.10	1052.63	0.08
11.10	1052.63	0.08
11.11	1052.63	0.08
11.12	1052.63	0.08
11.13	1052.63	0.08
11.13	1052.63	0.08
11.14	1052.63	0.08
11.14	1052.63	0.08
11.16	1052.63	0.08
11.17	1052.63	0.08
11.17	1052.63	0.08
11.18	1052.63	0.08
11.18	1052.63	0.08
11.19	1052.63	0.08
11.21	1052.63	0.08
11.21	1052.63	0.08
11.21	1052.63	0.08
11.22	1052.63	0.08
11.23	1052.63	0.08
11.24	1052.63	0.08
11.25	1052.63	0.08
11.25	1052.63	0.08
11.26	1052.63	0.08
11.27	1052.63	0.08
11.28	1052.63	0.08
11.29	1052.63	0.08
11.29	1052.63	0.08
11.30	1052.63	0.08
11.31	1052.63	0.08
11.32	1052.63	0.08
11.32	1052.63	0.08
11.33	1052.63	0.08
11.33	1052.63	0.08
11.35	1052.63	0.08
11.36	1052.63	0.08
11.36	1052.63	0.08
11.37	1052.63	0.08
11.37	1052.63	0.08
11.38	1052.63	0.08
11.40	1052.63	0.08
11.40	1052.63	0.08
11.40	1052.63	0.08
11.41	1052.63	0.08
11.42	1052.63	0.08
11.43	1052.63	0.08
11.44	1052.63	0.08
11.44	1052.63	0.08
11.45	1052.63	0.08
11.46	1052.63	0.08
11.47	1052.63	0.08
11.48	1052.63	0.08
11.48	1052.63	0.08
11.49	1052.63	0.08
11.50	1052.63	0.08
11.51	1052.63	0.08
11.51	1052.63	0.08
11.52	1052.63	0.08
11.52	1052.63	0.08
11.54	1052.63	0.08
11.55	1052.63	0.08
11.55	1052.63	0.08
11.56	1052.63	0.08
11.56	1052.63	0.08
11.57	1052.63	0.08
11.59	1052.63	0.08
11.59	1052.63	0.08
11.59	1052.63	0.08
11.60	1052.63	0.08
11.61	1052.63	0.08
11.62	1052.63	0.08
11.63	1052.63	0.08
11.63	1052.63	0.08
11.64	1052.63	0.08
11.65	1052.63	0.08
11.66	1052.63	0.08
11.67	1052.63	0.08
11.67	1052.63	0.08
11.68	1052.63	0.08
11.69	1052.63	0.08
11.70	1052.63	0.08
11.70	1052.63	0.08
11.71	1052.63	0.08
11.71	1052.63	0.08
11.73	1052.63	0.08
11.74	1052.63	0.08
11.74	1052.63	0.08
11.75	1052.63	0.08
11.75	1052.63	0.08
11.76	1052.63	0.08
11.78	1052.63	0.08
11.78	1052.63	0.08
11.78	1052.63	0.08
11.79	1052.63	0.08
11.80	1052.63	0.08
11.81	1052.63	0.08
11.82	1052.63	0.08
11.82	1052.63	0.08
11.83	1052.63	0.08
11.84	1052.63	0.08
11.85	1052.63	0.08
11.86	1052.63	0.08
11.86	1052.63	0.08
11.87	1052.63	0.08
11.88	1052.63	0.08
11.89	1052.63	0.08
11.89	1052.63	0.08
11.90	1052.63	0.08
11.90	1052.63	0.08
11.92	1052.63	0.08
11.93	1052.63	0.08
11.93	1052.63	0.08
11.94	1052.63	0.08
11.94	1052.63	0.08
11.95	1052.63	0.08
11.97	1052.63	0.08
11.97	1052.63	0.08
11.97	1052.63	0.08
11.98	1052.63	0.08
11.99	1052.63	0.08
12.00	1052.63	0.08
12.01	1052.63	0.08
12.01	1052.63	0.08
12.02	1052.63	0.08
12.03	1052.63	0.08
12.03	0.00	0.00
