0 0.103112
1 0.118136
2 0.124376
3 0.136696
4 0.138776
5 0.151176
6 0.153256
7 0.169816
8 0.173896
9 0.175976
10 0.178056
11 0.198776
12 0.200856
13 0.204936
14 0.207016
15 0.238056
16 0.240136
17 0.242216
18 0.244296
19 0.246376
20 0.250456
21 0.252536
22 0.254616
23 0.293976
24 0.296056
25 0.300136
26 0.302216
27 0.304296
28 0.306376
29 0.308456
30 0.310536
31 0.362216
32 0.364296
33 0.366376
34 0.370456
35 0.372536
36 0.374616
37 0.376696
38 0.378776
39 0.380856
40 0.384936
41 0.387016
42 0.389096
43 0.442776
44 0.444856
45 0.448936
46 0.451016
47 0.453096
48 0.457176
49 0.459256
50 0.461336
60 0.502616
61 0.504696
62 0.506776
63 0.531736
64 0.533816
65 0.535896
66 0.537976
67 0.540056
68 0.542136
69 0.544216
70 0.546296
51 0.579336
52 0.581416
53 0.583496
54 0.587576
55 0.589656
56 0.591736
57 0.593816
58 0.597896
59 0.599976
71 0.687256
72 0.691336
73 0.693416
74 0.695496
75 0.697576
76 0.955624
77 0.976264
78 0.978344
79 0.998984
80 1.007224
81 1.009304
82 1.011384
83 1.027864
84 1.029944
85 1.038184
86 1.042264
87 1.044344
88 1.062904
89 1.064984
90 1.073224
91 1.075304
92 1.079384
93 1.081464
94 1.100024
95 1.104104
96 1.116504
97 1.118584
98 1.120664
99 1.122744
100 1.126824
101 1.147464
102 1.149544
103 1.163944
104 1.166024
105 1.168104
106 1.172184
107 1.174264
108 1.176344
109 1.201064
110 1.203144
111 1.219624
112 1.221704
113 1.223784
114 1.227864
115 1.229944
116 1.232024
117 1.234104
122 1.260904
123 1.262984
124 1.265064
125 1.267144
126 1.269224
127 1.271304
118 1.281624
119 1.283704
120 1.302264
121 1.304344
128 1.330984
129 1.333064
118 1.337144
130 1.368024
131 1.372104
132 1.374184
133 1.398904
134 1.400984
135 1.403064
136 1.407144
137 1.438024
138 1.440104
139 1.466904
140 1.470984
141 1.473064
142 1.475144
143 1.477224
144 1.510184
145 1.512264
146 1.545224
147 1.547304
148 1.551384
149 1.553464
150 1.555544
151 1.557624
152 1.592664
153 1.594744
154 1.635944
155 1.638024
156 1.640104
157 1.644184
158 1.646264
159 1.648344
160 1.650424
161 1.681304
162 1.685384
163 1.724184
164 1.726264
165 1.728344
166 1.732424
167 1.734504
168 1.736584
169 1.738664
170 1.740744
171 1.767704
172 1.769784
173 1.783944
174 1.786024
175 1.788104
176 1.792184
177 1.794264
178 1.796344
179 1.800424
180 1.802504
181 1.835544
182 1.837624
183 1.841704
184 1.845784
185 1.849864
186 1.851944
187 1.854024
188 1.858104
189 1.860184
190 1.862264
191 1.866344
192 1.903464
193 1.905544
194 1.907624
195 1.911704
196 1.913784
197 1.917864
198 1.919944
199 1.922024
200 1.926104
201 1.928184
202 1.930264
203 1.934344
204 1.971464
205 1.975544
206 1.977624
207 1.979704
208 1.981784
209 1.985864
210 1.987944
211 1.990024
212 1.994104
213 1.996184
214 1.998264
217 2.031064
218 2.033144
219 2.039304
220 2.041384
221 2.043464
230 2.053624
229 2.063784
215 2.072024
216 2.304840
222 2.346040
223 2.348120
224 2.410120
225 2.412200
226 2.414280
227 2.469800
228 2.471880
229 2.473960
230 2.476040
234 2.533640
235 2.535720
236 2.537800
231 2.539880
232 2.541960
233 2.544040
237 2.597480
238 2.599560
239 2.603640
240 2.605720
241 2.609880
242 2.644760
243 2.646840
244 2.650920
245 2.653000
246 2.659160
247 2.661240
248 2.683800
249 2.685880
250 2.689960
251 2.692040
252 2.698200
253 2.700280
254 2.702360
255 2.725000
256 2.727080
257 2.731160
258 2.733240
259 2.739400
260 2.741480
261 2.743560
262 2.745640
263 2.770360
264 2.772440
265 2.776520
266 2.778600
267 2.784760
268 2.786840
269 2.788920
270 2.793000
271 2.819800
272 2.821880
273 2.823960
274 2.826040
275 2.830120
276 2.842600
277 2.846680
278 2.848760
279 2.852840
280 2.873400
281 2.875480
282 2.877560
283 2.879640
284 2.883720
285 2.885800
286 2.896200
287 2.898280
288 2.900360
289 2.904440
290 2.924840
291 2.926920
292 2.929000
293 2.931080
294 2.933160
295 2.937240
296 2.939320
297 2.953800
298 2.957880
299 2.959960
300 2.962040
301 2.978440
302 2.980520
303 2.984600
304 2.986680
305 2.988760
306 2.990840
307 2.994920
308 2.997000
309 3.017640
310 3.019720
311 3.021800
312 3.025880
313 3.042360
314 3.044440
315 3.046520
316 3.050600
317 3.052680
318 3.054760
319 3.058840
320 3.060920
321 3.063000
322 3.091880
323 3.093960
324 3.096040
325 3.100120
334 3.114600
335 3.116680
336 3.118760
337 3.120840
338 3.122920
326 3.129080
327 3.131160
328 3.133240
329 3.137320
330 3.139400
331 3.141480
332 3.145560
333 3.147640
339 3.188760
340 3.190840
341 3.192920
326 3.195000
342 3.197080
343 3.199160
344 3.201240
345 3.203320
346 3.205400
347 3.260760
348 3.262840
349 3.264920
350 3.267000
351 3.269080
352 3.271160
353 3.273240
354 3.275320
356 3.332840
364 3.394520
365 3.450040
355 3.495240
357 3.729960
358 3.771160
359 3.773240
360 3.820680
361 3.822760
362 3.857640
363 3.859720
364 3.861800
365 3.890520
366 3.892600
367 3.894680
368 3.896760
369 3.898840
370 3.900920
371 3.923480
372 3.925560
373 3.929640
374 3.931720
375 3.933800
377 3.952360
378 3.956440
379 3.958520
376 3.964680
380 3.966760
381 3.968840
382 3.989480
383 3.993560
376 3.995640
384 4.003800
385 4.026520
386 4.028600
387 4.032680
388 4.034760
389 4.065640
390 4.067720
391 4.069800
392 4.071880
393 4.075960
394 4.106840
395 4.108920
396 4.111000
397 4.113080
398 4.117240
399 4.121320
400 4.154280
401 4.156360
402 4.158440
403 4.162520
404 4.168760
405 4.170840
406 4.174920
407 4.209960
408 4.212040
409 4.214120
410 4.218200
411 4.226520
412 4.230600
413 4.232680
414 4.238760
415 4.269880
416 4.271960
417 4.274040
418 4.278120
419 4.296600
420 4.298680
421 4.300760
422 4.304840
423 4.306920
424 4.346120
425 4.348200
426 4.352280
427 4.354360
428 4.372920
429 4.377000
430 4.379080
431 4.383160
432 4.385240
433 4.387320
434 4.432680
435 4.434760
436 4.436840
437 4.440920
438 4.457400
439 4.461480
440 4.463560
441 4.465640
442 4.469720
443 4.471800
444 4.494280
445 4.498360
446 4.500440
447 4.502520
448 4.506600
449 4.525160
450 4.527240
451 4.529320
452 4.533400
453 4.535480
454 4.537560
455 4.545640
456 4.549720
457 4.551800
458 4.553880
459 4.555960
460 4.560040
461 4.580680
464 4.582760
465 4.584840
466 4.586920
467 4.589000
468 4.591080
469 4.593160
470 4.595240
471 4.597320
472 4.599400
473 4.601480
462 4.603560
463 4.607640
474 4.640360
475 4.642440
476 4.644520
462 4.646600
477 4.648680
478 4.650760
479 4.652840
480 4.687720
481 4.691800
482 4.693880
483 4.695960
484 4.698040
485 4.702120
486 4.704200
487 4.739240
488 4.743320
489 4.745400
490 4.747480
491 4.749560
492 4.753640
493 4.755720
494 4.757800
495 4.805240
496 4.807320
497 4.811400
504 4.860760
505 4.862840
506 4.866920
507 4.922600
508 4.924680
498 4.928760
499 5.150840
500 5.181800
501 5.183880
502 5.231400
503 5.233480
504 5.266280
505 5.268360
509 5.272440
510 5.274520
511 5.276600
512 5.303320
513 5.305400
514 5.309480
515 5.311560
516 5.325880
517 5.329960
518 5.332040
519 5.334120
520 5.336200
525 5.352680
526 5.354760
521 5.356840
522 5.360920
523 5.363000
524 5.365080
527 5.379480
528 5.383560
529 5.387640
530 5.389720
531 5.391800
532 5.393880
533 5.410360
534 5.412440
535 5.414520
536 5.418600
537 5.420680
538 5.422760
539 5.426840
540 5.445400
541 5.447480
542 5.449560
543 5.453640
544 5.455720
545 5.457800
546 5.459880
547 5.463960
548 5.484600
549 5.486680
550 5.490760
551 5.494920
552 5.497000
553 5.499080
554 5.503160
555 5.505240
556 5.507320
557 5.532040
558 5.534120
559 5.538200
560 5.544440
561 5.548520
562 5.550600
563 5.552680
564 5.554760
565 5.558840
566 5.560920
567 5.587720
568 5.589800
572 5.593880
573 5.595960
574 5.598040
575 5.600120
576 5.602200
577 5.604280
569 5.612600
570 5.620920
571 5.625000
578 5.653640
579 5.655720
580 5.657800
581 5.659880
569 5.661960
582 5.678360
583 5.680440
584 5.705080
585 5.707160
586 5.711240
587 5.713320
588 5.715400
589 5.729800
590 5.733880
591 5.756520
592 5.758600
593 5.760680
594 5.764760
595 5.766840
596 5.783320
597 5.785400
598 5.787480
599 5.812200
600 5.814280
601 5.816360
602 5.820440
603 5.822520
604 5.839000
605 5.843080
606 5.845160
607 5.874040
608 5.876120
609 5.878200
610 5.880280
611 5.884360
612 5.886440
621 5.902920
622 5.905000
613 5.907080
614 5.911160
615 5.913240
616 5.948280
617 5.950360
618 5.952440
619 5.954520
620 5.956600
623 5.966840
624 5.968920
625 5.971000
626 5.987640
627 6.028440
628 6.030520
629 6.032600
630 6.034680
631 6.036760
632 6.038840
633 6.040920
634 6.049240
635 6.051320
636 6.053400
637 6.059640
638 6.096520
639 6.098600
640 6.100680
641 6.104760
642 6.106840
643 6.108920
644 6.111000
645 6.115080
646 6.127480
647 6.129560
648 6.131640
649 6.139880
650 6.170760
651 6.174840
652 6.176920
653 6.179000
654 6.183080
655 6.185160
656 6.187240
657 6.189320
661 6.207800
662 6.216040
663 6.249000
664 6.251080
665 6.255160
671 6.275720
672 6.283960
658 6.321000
659 6.536920
660 6.555400
661 6.557480
666 6.571880
667 6.573960
668 6.584200
669 6.586280
670 6.594440
671 6.599224
672 6.603304
673 6.605384
674 6.609800
675 6.611880
676 6.613960
677 6.616040
678 6.620120
679 6.626904
680 6.628984
681 6.631064
682 6.633144
683 6.637224
684 6.641928
685 6.644008
686 6.646088
687 6.648168
688 6.652248
689 6.654328
690 6.658408
691 6.660488
692 6.662568
693 6.664648
694 6.668728
695 6.670808
696 6.672888
697 6.676968
698 6.679048
699 6.681128
700 6.683208
701 6.687288
702 6.689368
703 6.691448
704 6.695528
705 6.697608
706 6.699688
707 6.703768
708 6.705848
709 6.707928
710 6.712008
711 6.714088
712 6.716168
713 6.718248
714 6.722328
715 6.724408
717 6.726488
718 6.728568
716 6.730648
719 6.734728
720 6.738808
721 6.740888
722 6.742968
723 6.745048
724 6.749128
725 6.751208
726 6.753288
727 6.755368
728 6.759448
729 6.761528
730 6.765608
731 6.767688
732 6.769768
733 6.773848
734 6.778008
735 6.780088
736 6.782168
737 6.786248
738 6.788328
739 6.790408
740 6.794488
741 6.796568
742 6.798648
743 6.802728
744 6.804808
745 6.813048
746 6.815128
747 6.817208
748 6.819288
749 6.823368
750 6.825448
751 6.829608
752 6.833688
753 6.835768
754 6.837848
755 6.841928
756 6.844008
757 6.852248
758 6.854328
759 6.858408
760 6.860488
761 6.862568
762 6.864648
763 6.868728
767 6.870808
768 6.872888
769 6.874968
770 6.877048
771 6.879128
764 6.885368
765 6.889448
766 6.891528
772 6.907848
773 6.909928
774 6.912008
775 6.914088
776 6.916168
777 6.918248
778 6.920328
779 6.922408
764 6.924488
780 6.951128
781 6.953208
782 6.955288
783 6.957368
784 6.959448
785 6.961528
786 6.963608
787 6.965688
788 6.967768
789 6.998488
790 7.000568
791 7.002648
792 7.004728
793 7.006808
794 7.010888
795 7.012968
796 7.015048
797 7.017128
798 7.048008
799 7.050088
800 7.054168
801 7.056248
802 7.058328
803 7.062408
804 7.064488
805 7.066568
806 7.068648
807 7.072728
808 7.105768
809 7.109848
810 7.111928
816 7.114008
817 7.116088
818 7.118168
811 7.120248
812 7.124328
813 7.126408
814 7.128488
815 7.132568
819 7.171688
820 7.173768
821 7.175848
822 7.177928
823 7.180008
811 7.182088
824 7.184168
825 7.233448
826 7.235528
827 7.237608
828 7.239688
829 7.241768
830 7.243848
831 7.245928
832 7.297288
833 7.299368
834 7.301448
835 7.303528
836 7.305608
837 7.307688
838 7.309768
840 7.365288
841 7.367368
842 7.369448
843 7.371528
844 7.373608
848 7.433288
849 7.435368
839 7.439448
845 7.692648
846 7.742008
847 7.744088
848 7.793528
850 7.795608
851 7.799688
852 7.851288
853 7.853368
854 7.855448
855 7.902728
856 7.904808
857 7.906888
858 7.908968
859 7.948008
860 7.950088
861 7.952168
862 7.954248
863 7.956328
864 7.989048
865 7.991128
866 7.993208
867 7.997288
868 7.999368
869 8.001448
870 8.017768
871 8.019848
872 8.023928
873 8.026008
874 8.028088
875 8.032168
876 8.034248
877 8.040328
878 8.042408
879 8.044488
880 8.048568
881 8.050648
882 8.052728
883 8.056808
884 8.058888
885 8.062968
886 8.065048
887 8.067128
888 8.069208
889 8.073288
890 8.075368
891 8.079448
892 8.081528
893 8.083608
894 8.085688
895 8.089768
896 8.091848
897 8.093928
898 8.098008
899 8.100088
900 8.102168
901 8.106248
902 8.108328
903 8.110408
904 8.114488
905 8.116568
906 8.118648
907 8.120728
908 8.124808
909 8.126888
910 8.128968
911 8.133048
912 8.135128
913 8.137208
914 8.141288
915 8.143368
916 8.145448
917 8.147528
918 8.149608
919 8.153688
920 8.155768
921 8.159848
922 8.161928
923 8.164008
924 8.168088
925 8.170168
926 8.172248
927 8.176328
928 8.178408
929 8.180488
930 8.182568
931 8.186648
932 8.188728
933 8.190808
934 8.194888
935 8.199048
936 8.201128
937 8.205208
938 8.207288
939 8.209368
940 8.213448
941 8.215528
942 8.217608
943 8.219688
944 8.223768
945 8.225848
946 8.227928
949 8.232008
950 8.234088
951 8.236168
952 8.238248
953 8.240328
954 8.242408
947 8.244488
948 8.250728
955 8.262888
956 8.264968
957 8.267048
958 8.269128
959 8.271208
960 8.273288
961 8.275368
962 8.277448
947 8.279528
963 8.302008
964 8.304088
965 8.306168
966 8.308248
967 8.310328
968 8.312408
969 8.314488
970 8.316568
971 8.318648
972 8.341208
973 8.345288
974 8.347368
975 8.349448
976 8.351528
977 8.353608
978 8.357688
979 8.359768
980 8.361848
981 8.388648
982 8.392728
983 8.394808
984 8.396888
985 8.398968
986 8.403048
987 8.405128
988 8.407208
989 8.409288
990 8.413368
998 8.442328
999 8.444408
1000 8.446488
1001 8.448568
991 8.452648
992 8.454728
993 8.458808
994 8.460888
995 8.462968
996 8.467048
997 8.469128
1002 8.493768
1003 8.495848
991 8.497928
1004 8.500008
1005 8.502088
1006 8.504168
1007 8.506248
1008 8.547288
1009 8.549368
1010 8.551448
1011 8.553528
1012 8.555608
1013 8.557688
1014 8.559768
1015 8.602888
1016 8.604968
1017 8.607048
1018 8.609128
1019 8.611208
1020 8.613288
1021 8.615368
1022 8.617448
1023 8.664728
1024 8.666808
1025 8.668888
1026 8.670968
1027 8.673048
1032 8.722408
1033 8.724488
1034 8.726568
1035 8.728648
1036 8.730728
1037 8.788328
1028 8.981848
1029 9.041608
1030 9.043688
1031 9.088808
1032 9.090888
1038 9.134168
1039 9.136248
1040 9.138328
1041 9.140408
1042 9.185768
1043 9.187848
1044 9.189928
1045 9.192008
1046 9.235048
1047 9.237128
1048 9.239208
1049 9.241288
1050 9.245368
1051 9.284488
1052 9.286568
1053 9.288648
1054 9.292728
1055 9.294808
1056 9.296888
1057 9.333928
1058 9.336008
1059 9.338088
1060 9.342168
1061 9.344248
1062 9.348328
1063 9.350408
1064 9.387528
1065 9.389608
1066 9.393688
1067 9.395768
1068 9.397848
1069 9.401928
1070 9.404008
1071 9.434808
1072 9.436888
1073 9.438968
1074 9.443048
1075 9.445128
1076 9.447208
1077 9.451288
1078 9.453368
1079 9.473848
1080 9.475928
1081 9.478008
1082 9.480088
1083 9.484168
1084 9.486248
1085 9.488328
1086 9.492408
1087 9.502808
1088 9.510888
1089 9.512968
1090 9.515048
1091 9.517128
1092 9.521208
1093 9.523288
1094 9.525368
1096 9.529448
1097 9.539768
1098 9.543848
1095 9.545928
1099 9.552088
1100 9.554168
1101 9.556248
1102 9.560328
1103 9.562408
1104 9.564488
1105 9.566568
1106 9.570648
1107 9.578888
1095 9.580968
1108 9.587048
1109 9.595288
1110 9.597368
1111 9.599448
1112 9.603528
1113 9.605608
1114 9.609688
1115 9.620088
1116 9.626168
1117 9.628248
1118 9.630328
1119 9.634408
1120 9.638568
1121 9.642648
1122 9.644728
1123 9.655048
1124 9.659128
1125 9.661208
1126 9.663288
1127 9.667368
1128 9.671528
1129 9.675608
1130 9.677688
1131 9.679768
1132 9.692168
1133 9.696248
1134 9.698328
1135 9.700408
1136 9.704488
1137 9.708648
1138 9.712728
1139 9.714808
1140 9.716888
1141 9.718968
1145 9.725128
1146 9.727208
1147 9.729288
1142 9.741688
1143 9.743768
1144 9.747848
1148 9.756008
1149 9.758088
1150 9.760168
1151 9.762248
1152 9.764328
1153 9.766408
1142 9.768488
1154 9.797208
1155 9.799288
1156 9.801368
1157 9.803448
1158 9.805528
1159 9.807608
1160 9.809688
1161 9.842568
1162 9.844648
1163 9.846728
1164 9.848808
1165 9.850888
1166 9.852968
1167 9.855048
1168 9.894088
1169 9.896168
1170 9.898248
1171 9.900328
1172 9.902408
1173 9.904488
1174 9.906568
1175 9.908648
1176 9.947688
1177 9.949768
1178 9.953848
1179 9.955928
1180 9.958008
1181 9.960088
1182 9.962168
1183 9.966248
1184 9.968328
1185 10.009528
1186 10.011608
1192 10.017688
1193 10.019768
1194 10.021848
1195 10.069208
1196 10.071288
1187 10.073368
1197 10.077448
1198 10.079528
1188 10.324648
1189 10.373928
1190 10.376008
1191 10.412968
1192 10.415048
1199 10.452088
1200 10.454168
1201 10.456248
1202 10.458328
1203 10.497448
1204 10.499528
1205 10.503608
1206 10.505688
1207 10.553128
1208 10.555208
1209 10.557288
1210 10.561368
1211 10.563448
1212 10.596248
1213 10.598328
1214 10.600408
1215 10.604488
1216 10.606568
1217 10.608648
1218 10.633288
1219 10.635368
1220 10.637448
1221 10.641528
1222 10.643608
1223 10.645688
1224 10.649768
1225 10.670328
1226 10.672408
1227 10.674488
1228 10.678568
1229 10.680648
1230 10.682728
1231 10.688888
1232 10.699128
1233 10.701208
1234 10.703288
1235 10.709368
1236 10.711448
1237 10.713528
1238 10.717608
1239 10.719688
1243 10.732088
1244 10.736168
1245 10.738248
1246 10.742328
1240 10.744408
1241 10.746488
1242 10.748568
1247 10.758968
1248 10.761048
1249 10.767128
1250 10.769208
1240 10.773288
1251 10.783608
1252 10.791848
1253 10.795928
1254 10.798008
1255 10.802088
1256 10.804168
1257 10.806248
1258 10.824808
1259 10.828888
1260 10.830968
1261 10.835048
1262 10.837128
1263 10.839208
1264 10.841288
1265 10.863928
1266 10.866008
1267 10.868088
1268 10.872168
1269 10.874248
1270 10.876328
1271 10.880408
1272 10.882488
1273 10.905208
1274 10.909288
1275 10.911368
1276 10.913448
1277 10.917528
1278 10.919608
1279 10.921688
1280 10.925768
1281 10.927848
1282 10.956728
1283 10.958808
1284 10.960888
1285 10.964968
1286 10.967048
1287 10.969128
1288 10.973208
1292 10.975288
1293 10.977368
1289 10.979448
1290 10.981528
1291 10.983608
1294 11.020648
1295 11.022728
1296 11.024808
1297 11.026888
1298 11.028968
1299 11.031048
1300 11.033128
1301 11.035208
1302 11.037288
1303 11.039368
1304 11.084488
1305 11.086568
1306 11.088648
1307 11.090728
1308 11.092808
1309 11.094888
1310 11.096968
1311 11.099048
1312 11.101128
1313 11.103208
1314 11.105288
1315 11.152568
1316 11.154648
1317 11.156728
1318 11.158808
1319 11.162888
1320 11.164968
1321 11.167048
1322 11.171128
1323 11.173208
1324 11.175288
1325 11.177368
1326 11.181448
1327 11.228888
1328 11.232968
1329 11.235048
1330 11.237128
1331 11.239208
1332 11.243288
1333 11.245368
1334 11.247448
1335 11.251528
1336 11.253608
1337 11.255688
1338 11.259768
1339 11.261848
1342 11.270088
1343 11.272168
1344 11.274248
1345 11.276328
1346 11.278408
1340 11.325848
1341 11.329928
1354 11.342088
1355 11.344168
1340 11.346248
1347 11.574488
1348 11.615688
1349 11.617768
1350 11.654808
1351 11.656888
1352 11.660968
1353 11.698088
1354 11.702168
1355 11.704248
1356 11.706328
1357 11.762088
1358 11.764168
1359 11.766248
1360 11.768328
1361 11.770408
1362 11.798888
1363 11.800968
1364 11.803048
1365 11.805128
1366 11.809208
1367 11.831848
1368 11.835928
1369 11.838008
1370 11.840088
1371 11.842168
1372 11.846248
1373 11.856488
1374 11.860568
1375 11.862648
1376 11.864728
1377 11.868808
1378 11.870888
1379 11.876968
1380 11.883208
1381 11.885288
1382 11.889368
1383 11.891448
1384 11.893528
1385 11.895608
1386 11.897688
1387 11.905848
1388 11.916248
1389 11.918328
1390 11.922408
1391 11.924488
1392 11.926568
1393 11.928648
1394 11.932728
1395 11.934808
1396 11.940968
1397 11.951288
1398 11.953368
1399 11.957448
1400 11.959528
1401 11.961608
1402 11.963688
1403 11.967768
1404 11.969848
1405 11.971928
1406 11.978088
1407 11.988408
1408 11.992488
1409 11.994568
1410 11.996648
1411 12.000728
1412 12.002808
1413 12.004888
1414 12.008968
1415 12.011048
1416 12.019288
1417 12.021368
1418 12.033768
