0 0.103032
1 0.116056
2 0.122296
3 0.132536
4 0.134616
5 0.147016
6 0.149096
7 0.161496
8 0.163576
9 0.165656
10 0.167736
11 0.190456
12 0.192536
13 0.194616
14 0.196696
15 0.219416
16 0.221496
17 0.223576
18 0.225656
19 0.227736
20 0.229816
21 0.231896
22 0.233976
23 0.275336
24 0.277416
25 0.279496
26 0.283576
27 0.285656
28 0.287736
29 0.289816
30 0.291896
31 0.333256
32 0.335336
33 0.337416
34 0.339496
35 0.341576
36 0.343656
37 0.347736
38 0.349816
39 0.351896
40 0.353976
41 0.356056
42 0.360136
43 0.422136
44 0.424216
45 0.426296
46 0.430376
47 0.432456
48 0.434536
49 0.438616
50 0.440696
51 0.486056
52 0.488136
53 0.492216
54 0.494296
60 0.496376
61 0.498456
62 0.500536
63 0.515096
64 0.517176
65 0.519256
66 0.521336
67 0.523416
68 0.525496
69 0.527576
70 0.529656
55 0.562936
56 0.565016
57 0.569096
58 0.571176
59 0.573256
75 0.670856
76 0.672936
77 0.675016
78 0.677096
79 0.679176
71 0.868280
72 0.883304
73 0.885384
74 0.898328
75 0.900408
76 0.902488
77 0.904568
80 0.913800
81 0.915880
82 0.917960
83 0.920040
84 0.922120
85 0.924200
86 0.926280
87 0.932984
88 0.935064
89 0.939144
90 0.941224
91 0.943304
92 0.945384
93 0.949464
94 0.951544
95 0.957704
96 0.959784
97 0.961864
98 0.963944
99 0.968024
100 0.970104
101 0.972184
102 0.980424
103 0.982504
105 0.986584
106 0.988664
107 0.990744
108 0.992824
104 0.994904
109 1.003144
110 1.013464
111 1.015544
112 1.019624
113 1.021704
104 1.023784
114 1.046424
115 1.048504
116 1.050584
117 1.054664
118 1.056744
119 1.058824
120 1.083544
121 1.087624
122 1.089704
123 1.091784
124 1.093864
125 1.097944
126 1.128904
127 1.130984
128 1.135064
129 1.137144
130 1.139224
131 1.141304
132 1.145384
133 1.180424
134 1.182504
135 1.184584
136 1.188664
137 1.190744
138 1.192824
139 1.194904
140 1.198984
141 1.238184
142 1.240264
143 1.242344
144 1.246424
145 1.248504
146 1.252584
147 1.254664
148 1.256744
149 1.258824
150 1.273384
151 1.275464
152 1.277544
153 1.312424
154 1.314504
155 1.318584
156 1.320664
157 1.322744
158 1.326824
159 1.328904
160 1.341224
161 1.343304
162 1.345384
163 1.376264
164 1.380344
165 1.382424
166 1.384504
167 1.388584
168 1.390664
169 1.392744
170 1.396824
171 1.409224
172 1.411304
173 1.415384
174 1.442184
175 1.446264
176 1.448344
177 1.450424
178 1.454504
179 1.456584
180 1.458664
181 1.462744
182 1.464824
183 1.481304
184 1.483384
185 1.485464
186 1.516344
187 1.518424
188 1.520504
189 1.524584
190 1.526664
191 1.528744
199 1.532824
192 1.534904
193 1.536984
194 1.541064
195 1.543144
196 1.561704
197 1.563784
198 1.565864
200 1.598824
201 1.600904
202 1.602984
203 1.605064
204 1.607144
205 1.609224
206 1.611304
207 1.613384
208 1.615464
209 1.617544
210 1.619624
211 1.621704
212 1.623784
213 1.625864
214 1.691464
215 1.693544
216 1.695624
217 1.697704
221 1.699784
222 1.701864
223 1.703944
224 1.706024
225 1.708104
218 1.775864
219 2.035224
220 2.067864
221 2.069944
226 2.082888
227 2.084968
228 2.087048
229 2.091128
230 2.099992
231 2.102072
232 2.106152
233 2.108232
234 2.115016
235 2.117096
236 2.121800
237 2.123880
238 2.125960
239 2.130040
240 2.132120
241 2.137800
242 2.139880
243 2.141960
244 2.146040
245 2.148120
246 2.150200
247 2.154280
248 2.156360
249 2.158440
250 2.162520
251 2.164600
252 2.166680
253 2.168760
254 2.172840
255 2.174920
256 2.177000
257 2.181080
258 2.183160
259 2.185240
260 2.187320
261 2.189400
262 2.193480
263 2.195560
264 2.199640
265 2.201720
266 2.203800
267 2.207880
268 2.209960
269 2.212040
270 2.214120
271 2.218200
275 2.220280
272 2.222360
273 2.224440
274 2.228520
276 2.230600
277 2.234680
278 2.236760
279 2.238840
280 2.240920
281 2.245000
282 2.247080
283 2.249160
284 2.253240
285 2.255320
286 2.257400
287 2.261480
288 2.263560
289 2.265640
290 2.269720
291 2.271800
292 2.273880
293 2.275960
294 2.280040
295 2.284200
296 2.286280
297 2.290360
298 2.292440
299 2.294520
300 2.298600
301 2.300680
302 2.302760
303 2.308920
304 2.311000
305 2.313080
306 2.315160
307 2.323400
308 2.325480
309 2.329560
310 2.331640
311 2.333720
312 2.337800
313 2.339880
314 2.341960
315 2.350200
324 2.352280
316 2.354360
317 2.358440
318 2.360520
319 2.362600
320 2.377080
321 2.379160
322 2.383240
323 2.385320
325 2.389400
326 2.391480
327 2.393560
328 2.395640
329 2.397720
330 2.399800
331 2.401880
332 2.403960
333 2.406040
334 2.436680
335 2.438760
336 2.440840
337 2.442920
338 2.445000
339 2.447080
340 2.449160
341 2.451240
342 2.453320
343 2.455400
344 2.457480
345 2.459560
346 2.461640
347 2.463720
348 2.494440
349 2.496520
350 2.498600
351 2.500680
352 2.502760
353 2.504840
354 2.506920
355 2.511000
356 2.513080
357 2.515160
358 2.517240
359 2.521320
360 2.523400
361 2.525480
362 2.527560
363 2.560520
364 2.562600
365 2.566680
366 2.568760
367 2.570840
368 2.572920
369 2.577000
370 2.579080
377 2.585160
378 2.587240
380 2.591320
381 2.593400
379 2.624360
386 2.632440
388 2.634520
389 2.636600
371 2.638680
372 2.894120
373 2.949640
374 2.951720
375 3.007320
376 3.009400
377 3.011480
378 3.013560
379 3.073320
382 3.077400
383 3.079480
384 3.081560
385 3.083640
386 3.085720
387 3.087800
388 3.161960
389 3.164040
390 3.166120
391 3.168200
392 3.170280
393 3.172360
394 3.174440
395 3.236040
396 3.238120
397 3.242200
398 3.244280
399 3.246360
400 3.248440
401 3.306040
402 3.308120
403 3.312200
404 3.314280
405 3.316360
406 3.318440
407 3.320520
408 3.365640
409 3.367720
410 3.369800
411 3.371880
412 3.373960
413 3.376040
414 3.378120
415 3.380200
416 3.421240
417 3.423320
418 3.427400
419 3.429480
420 3.431560
421 3.433640
422 3.437720
423 3.439800
424 3.441880
425 3.466440
426 3.468520
427 3.472600
428 3.474680
429 3.476760
430 3.480840
431 3.482920
432 3.485000
433 3.489080
434 3.491160
435 3.501320
436 3.503400
437 3.505480
438 3.509560
439 3.511640
440 3.515720
441 3.517800
442 3.519880
443 3.523960
444 3.526040
445 3.528120
446 3.532200
447 3.534280
448 3.538360
449 3.540440
450 3.542520
451 3.546600
452 3.548680
453 3.550760
454 3.554840
455 3.556920
456 3.559000
457 3.563080
458 3.565160
459 3.567240
460 3.571320
461 3.573400
462 3.575480
463 3.579560
464 3.581640
465 3.583720
468 3.585800
469 3.587880
470 3.589960
471 3.592040
472 3.594120
466 3.598200
467 3.600280
473 3.608360
474 3.610440
475 3.612520
476 3.614600
477 3.616680
478 3.618760
479 3.620840
480 3.622920
466 3.625000
481 3.635080
482 3.637160
483 3.639240
484 3.641320
485 3.643400
486 3.649480
487 3.651560
488 3.653640
489 3.655720
490 3.661800
491 3.663880
492 3.665960
493 3.668040
494 3.672120
495 3.674200
496 3.676280
497 3.678360
498 3.682520
499 3.686600
500 3.688680
501 3.692760
502 3.694840
503 3.696920
504 3.701000
505 3.703080
506 3.705160
507 3.707240
508 3.715480
509 3.717560
510 3.719640
511 3.723720
517 3.725800
512 3.727880
513 3.734040
514 3.736120
515 3.738200
516 3.742280
518 3.750520
519 3.752600
520 3.754680
521 3.756760
522 3.758840
523 3.760920
524 3.763000
525 3.783480
526 3.785560
527 3.787640
528 3.789720
529 3.791800
530 3.793880
531 3.795960
532 3.798040
533 3.800120
534 3.802200
535 3.804280
541 3.833000
542 3.835080
543 3.837160
544 3.839240
545 3.841320
549 3.867960
550 3.870040
536 3.872120
537 4.115160
538 4.164600
539 4.166680
540 4.220280
541 4.222360
542 4.224440
546 4.284200
547 4.286280
548 4.288360
549 4.290440
550 4.292520
551 4.358440
552 4.360520
553 4.364600
554 4.366680
555 4.368760
556 4.370840
557 4.445000
558 4.447080
559 4.449160
560 4.451240
561 4.455320
562 4.508680
563 4.510760
564 4.514840
565 4.516920
566 4.519000
567 4.521080
568 4.562120
569 4.564200
570 4.568280
571 4.570360
572 4.572440
573 4.574520
574 4.578600
575 4.617720
576 4.619800
577 4.621880
578 4.625960
579 4.628040
580 4.630120
581 4.632200
582 4.636280
583 4.667000
584 4.669080
585 4.671160
586 4.673240
587 4.675320
588 4.677400
589 4.679480
590 4.681560
591 4.683640
592 4.714440
593 4.716520
594 4.718600
595 4.720680
596 4.722760
597 4.724840
598 4.726920
599 4.729000
600 4.731080
601 4.737160
602 4.776360
603 4.778440
604 4.780520
605 4.782600
606 4.786680
607 4.788760
608 4.790840
609 4.794920
610 4.797000
611 4.801080
612 4.803160
613 4.827800
614 4.831880
615 4.833960
616 4.836040
617 4.840120
618 4.842200
619 4.844280
620 4.848360
621 4.850440
622 4.854520
623 4.856600
624 4.858680
625 4.889640
626 4.891720
627 4.895800
628 4.897880
629 4.899960
630 4.904040
631 4.906120
632 4.908200
633 4.912280
634 4.914360
635 4.916440
636 4.920520
637 4.949320
638 4.951400
639 4.953480
640 4.955560
641 4.959640
642 4.961720
643 4.963800
644 4.967880
645 4.969960
646 4.972040
647 4.976120
648 4.978200
649 4.980280
651 4.994600
652 4.996680
653 4.998760
654 5.000840
655 5.002920
656 5.005000
657 5.007080
658 5.009160
659 5.011240
660 5.013320
650 5.025720
666 5.048040
667 5.056200
668 5.078840
669 5.085000
661 5.264200
662 5.297160
663 5.301240
664 5.319640
665 5.321720
666 5.323800
667 5.340280
670 5.344360
671 5.346440
672 5.348520
673 5.350600
674 5.369160
675 5.373240
676 5.375320
677 5.377400
678 5.397960
679 5.400040
680 5.402120
681 5.404200
682 5.408280
683 5.428920
684 5.431000
685 5.435080
686 5.437160
687 5.439240
688 5.441320
689 5.466040
690 5.468120
691 5.472200
692 5.474280
693 5.476360
694 5.478440
695 5.482520
696 5.511400
697 5.513480
698 5.515560
699 5.519640
700 5.521720
701 5.523800
702 5.525880
703 5.529960
704 5.563000
705 5.567080
706 5.569160
707 5.571240
708 5.575320
709 5.577400
710 5.579480
711 5.581560
712 5.585640
716 5.606360
717 5.608440
718 5.610520
713 5.631080
714 5.633160
715 5.637240
719 5.645320
720 5.647400
721 5.649480
722 5.651560
723 5.664040
724 5.666120
713 5.670200
725 5.694760
726 5.698840
727 5.700920
728 5.703000
729 5.717480
730 5.721560
731 5.723640
732 5.746200
733 5.748280
734 5.750360
735 5.752440
736 5.768920
737 5.773000
738 5.775080
739 5.799800
740 5.801880
741 5.803960
742 5.806040
743 5.808120
744 5.826600
745 5.828680
746 5.830760
747 5.857560
748 5.861640
749 5.863720
750 5.865800
751 5.867880
752 5.871960
753 5.890520
754 5.892600
755 5.894680
756 5.929720
757 5.931800
758 5.933880
759 5.937960
760 5.940040
761 5.942120
762 5.946200
763 5.962680
765 5.964760
766 5.973080
767 5.975160
768 5.977240
769 5.979320
770 5.981400
771 5.983480
772 5.985560
764 5.989720
773 6.043000
774 6.045080
775 6.047160
776 6.055480
764 6.057560
777 6.061720
778 6.117160
779 6.119240
780 6.121320
781 6.123400
782 6.133720
783 6.137800
784 6.193400
785 6.195480
786 6.199560
787 6.201640
788 6.203720
789 6.209880
790 6.213960
791 6.261240
792 6.263320
793 6.265400
794 6.269480
795 6.271560
796 6.273640
797 6.279800
798 6.281880
799 6.325080
800 6.327160
801 6.331240
802 6.333320
803 6.335400
804 6.339480
805 6.341560
806 6.343640
807 6.347720
814 6.372440
815 6.374520
816 6.376600
817 6.378680
808 6.393080
809 6.395160
810 6.399240
811 6.401320
812 6.403400
813 6.407480
818 6.430120
819 6.432200
808 6.434280
820 6.440520
821 6.442600
822 6.446680
823 6.448760
824 6.489800
825 6.491880
827 6.502120
828 6.504200
829 6.506280
830 6.510360
831 6.532840
833 6.539000
834 6.541080
826 6.545160
835 6.569800
832 6.775928
836 6.806888
837 6.808968
838 6.846088
839 6.850168
840 6.895608
841 6.897688
842 6.901768
843 6.938808
844 6.942888
845 6.944968
846 6.947048
847 6.984088
848 6.986168
849 6.990248
850 6.992328
851 6.994408
852 7.031528
853 7.035608
854 7.037688
855 7.039768
856 7.043848
857 7.045928
858 7.087208
859 7.091288
860 7.093368
861 7.095448
862 7.099528
863 7.101608
864 7.103688
865 7.151128
866 7.155208
867 7.157288
868 7.159368
869 7.163448
870 7.165528
871 7.167608
872 7.210808
873 7.212888
874 7.216968
875 7.219048
876 7.221128
877 7.225208
878 7.227288
879 7.229368
880 7.272568
881 7.274648
882 7.276728
883 7.280808
884 7.282888
885 7.284968
886 7.289048
887 7.291128
888 7.293208
889 7.336488
890 7.340568
891 7.342648
892 7.346728
893 7.348808
894 7.350888
895 7.352968
896 7.357048
897 7.359128
898 7.361208
902 7.375688
903 7.377768
904 7.379848
899 7.408648
900 7.412728
901 7.414808
905 7.418888
906 7.422968
907 7.425048
908 7.427128
909 7.431208
910 7.441528
911 7.445608
899 7.447688
912 7.480568
913 7.484648
914 7.486728
915 7.488808
916 7.490888
917 7.496968
918 7.499048
919 7.501128
920 7.527768
921 7.529848
922 7.533928
923 7.536008
924 7.540088
925 7.542168
926 7.544248
927 7.546328
928 7.568968
929 7.573048
930 7.575128
931 7.577208
932 7.581288
933 7.583368
934 7.585448
935 7.587528
936 7.591608
937 7.616328
938 7.618408
939 7.620488
940 7.624568
941 7.626648
942 7.628728
943 7.632808
944 7.634888
945 7.636968
946 7.639048
951 7.661688
952 7.663768
953 7.665848
954 7.667928
955 7.670008
956 7.672088
957 7.674168
947 7.678328
948 7.682408
949 7.684488
950 7.686568
958 7.717368
959 7.719448
947 7.721528
960 7.723608
961 7.725688
962 7.727768
963 7.729848
964 7.770888
965 7.772968
966 7.775048
967 7.777128
968 7.779208
969 7.781288
970 7.783368
971 7.828568
972 7.830648
973 7.832728
974 7.836808
975 7.838888
976 7.840968
977 7.843048
978 7.845128
979 7.890408
982 7.894488
983 7.896568
984 7.900648
985 7.911048
986 7.913128
988 7.943848
989 7.945928
990 7.958408
980 7.962488
991 8.003528
981 8.196968
987 8.246568
988 8.248648
992 8.285608
993 8.287688
994 8.289768
995 8.324728
996 8.326808
997 8.330888
998 8.365928
999 8.368008
1000 8.370088
1001 8.374168
1002 8.415448
1003 8.417528
1004 8.421608
1005 8.423688
1006 8.425768
1007 8.473208
1008 8.477288
1009 8.479368
1010 8.481448
1011 8.485528
1012 8.487608
1013 8.526648
1014 8.528728
1015 8.530808
1016 8.534888
1017 8.536968
1018 8.539048
1019 8.541128
1020 8.580248
1021 8.582328
1022 8.586408
1023 8.588488
1024 8.592568
1025 8.594648
1026 8.596728
1027 8.640008
1028 8.642088
1029 8.644168
1030 8.648248
1031 8.650328
1032 8.652408
1033 8.656488
1034 8.658568
1035 8.697688
1036 8.701768
1037 8.703848
1038 8.705928
1039 8.708008
1040 8.712088
1041 8.714168
1042 8.716248
1043 8.720328
1045 8.738888
1046 8.740968
1047 8.745048
1048 8.747128
1044 8.771848
1049 8.773928
1050 8.776008
1051 8.780088
1052 8.782168
1053 8.784248
1054 8.796488
1055 8.798568
1044 8.802648
1056 8.829368
1057 8.831448
1058 8.833528
1059 8.835608
1060 8.845848
1061 8.847928
1062 8.852008
1063 8.876728
1064 8.880808
1065 8.882888
1066 8.884968
1067 8.893208
1068 8.895288
1069 8.899368
1070 8.926168
1071 8.930248
1072 8.932328
1073 8.934408
1074 8.936488
1075 8.944728
1076 8.946808
1077 8.950888
1078 8.979768
1079 8.985928
1080 8.988008
1081 9.000488
1082 9.002568
1083 9.006648
1084 9.012888
1085 9.016968
1086 9.019048
1087 9.039528
1094 9.056088
1095 9.058168
1096 9.060248
1088 9.062328
1089 9.064408
1090 9.068488
1091 9.072568
1092 9.074648
1093 9.076728
1097 9.101288
1098 9.113768
1099 9.115848
1088 9.117928
1100 9.120008
1101 9.122088
1102 9.142488
1103 9.154808
1104 9.173368
1105 9.175448
1106 9.177528
1107 9.181608
1108 9.183688
1109 9.198088
1110 9.210408
1111 9.220648
1112 9.222728
1113 9.226808
1114 9.228888
1115 9.230968
1116 9.247448
1117 9.249528
1118 9.261848
1119 9.270088
1120 9.272168
1121 9.276248
1122 9.278328
1123 9.280408
1124 9.298968
1125 9.303048
1126 9.305128
1127 9.315448
1128 9.319528
1129 9.321608
1130 9.325688
1131 9.327768
1132 9.329848
1133 9.352488
1134 9.354568
1135 9.358648
1136 9.362728
1137 9.364808
1138 9.366888
1139 9.370968
1140 9.373048
1143 9.375128
1144 9.377208
1145 9.379288
1141 9.381368
1142 9.385448
1146 9.410088
1147 9.412168
1148 9.414248
1149 9.416328
1150 9.418408
1151 9.420488
1152 9.422568
1153 9.424648
1141 9.426728
1154 9.457448
1155 9.459528
1156 9.461608
1157 9.463688
1158 9.465768
1162 9.494488
1163 9.496568
1164 9.498648
1165 9.500728
1166 9.531528
1167 9.533608
1159 9.537688
1160 9.784888
1161 9.828088
1162 9.830168
1168 9.873448
1169 9.875528
1170 9.877608
1171 9.927048
1172 9.929128
1173 9.931208
1174 9.976568
1175 9.978648
1176 9.980728
1177 9.982808
1178 10.025928
1179 10.034168
1180 10.036248
1181 10.038328
1182 10.040408
1183 10.083608
1184 10.091848
1185 10.093928
1186 10.096008
1187 10.098088
1188 10.102168
1189 10.135048
1190 10.143288
1191 10.145368
1192 10.147448
1193 10.151528
1194 10.153608
1195 10.155688
1196 10.192808
1197 10.196888
1198 10.200968
1199 10.203048
1200 10.205128
1201 10.209208
1202 10.211288
1203 10.240008
1204 10.242088
1205 10.244168
1206 10.248248
1207 10.250328
1208 10.252408
1209 10.256488
1210 10.258568
1211 10.283288
1212 10.287368
1213 10.289448
1214 10.291528
1215 10.293608
1216 10.297688
1217 10.299768
1218 10.301848
1219 10.305928
1220 10.334728
1221 10.336808
1222 10.338888
1223 10.340968
1224 10.343048
1225 10.345128
1226 10.347208
1227 10.349288
1228 10.351368
1229 10.357448
1230 10.380088
1231 10.384168
1232 10.386248
1233 10.388328
1234 10.390408
1235 10.392488
1236 10.396568
1237 10.398648
1238 10.400728
1239 10.402808
1240 10.406888
1241 10.419128
1242 10.421208
1243 10.425288
1244 10.427368
1245 10.429448
1246 10.431528
1247 10.435608
1248 10.437688
1249 10.439768
1250 10.441848
1251 10.445928
1252 10.448008
1253 10.462408
1254 10.464488
1255 10.468568
1256 10.470648
1257 10.472728
1258 10.474808
1259 10.478888
1260 10.480968
1261 10.483048
1262 10.485128
1263 10.489208
1264 10.491288
1265 10.493368
1266 10.507768
1267 10.509848
1268 10.513928
1269 10.516008
1270 10.518088
1271 10.522168
1272 10.524248
1273 10.528328
1279 10.530408
1280 10.532488
1281 10.534568
1282 10.536648
1274 10.538728
1275 10.540808
1276 10.542888
1277 10.546968
1278 10.549048
1283 10.569528
1284 10.571608
1285 10.573688
1286 10.575768
1287 10.577848
1288 10.579928
1289 10.582008
1274 10.584088
1290 10.586168
1291 10.614808
1293 10.616888
1294 10.618968
1295 10.621048
1296 10.623128
1297 10.625208
1300 10.656008
1301 10.658088
1302 10.660168
1292 10.662248
1303 10.686808
1298 10.903128
1299 10.950568
1300 10.952648
1304 11.010408
1305 11.012488
1306 11.014568
1307 11.070088
1308 11.072168
1309 11.074248
1310 11.134008
1311 11.136088
1312 11.138168
1313 11.140248
1314 11.206168
1315 11.208248
1316 11.212328
1317 11.214408
1318 11.216488
1319 11.296968
1320 11.299048
1321 11.303128
1322 11.305208
1323 11.307288
1324 11.311368
1325 11.379208
1326 11.381288
1327 11.383368
1328 11.387448
1329 11.389528
1330 11.391608
1331 11.393688
1332 11.426248
1333 11.428328
1334 11.430408
1335 11.434488
1336 11.436568
1337 11.438648
1338 11.442728
1339 11.471528
1340 11.473608
1341 11.475688
1342 11.477768
1343 11.481848
1344 11.483928
1345 11.486008
1346 11.490088
1347 11.516808
1348 11.518888
1349 11.520968
1350 11.523048
1351 11.525128
1352 11.527208
1353 11.529288
1354 11.531368
1355 11.533448
1356 11.553848
1357 11.555928
1358 11.558008
1359 11.560088
1360 11.562168
1361 11.564248
1362 11.566328
1363 11.572408
1364 11.576568
1365 11.578648
1366 11.592968
1367 11.595048
1368 11.597128
1369 11.599208
1370 11.603288
1371 11.605368
1372 11.607448
1373 11.609528
1374 11.613608
1375 11.619848
1376 11.623928
1377 11.630008
1378 11.632088
1379 11.634168
1380 11.636248
1381 11.640328
1382 11.642408
1383 11.644488
1384 11.646568
1385 11.650648
1386 11.652728
1387 11.663048
1388 11.665128
1389 11.669208
1390 11.671288
1391 11.675368
1392 11.677448
1393 11.679528
1394 11.683608
1395 11.685688
1396 11.687768
1397 11.689848
1398 11.693928
1399 11.696008
1400 11.708408
1401 11.712488
1402 11.714568
1403 11.716648
1404 11.720728
1405 11.722808
1406 11.724888
1407 11.728968
1408 11.731048
1409 11.733128
1410 11.737208
1411 11.739288
1413 11.741368
1414 11.743448
1415 11.745528
1416 11.747608
1417 11.749688
1418 11.751768
1419 11.753848
1420 11.755928
1412 11.758008
1421 11.782488
1422 11.784568
1423 11.786648
1427 11.788728
1412 11.790808
1428 11.813288
1429 11.815368
1430 11.817448
1431 11.819528
1432 11.821608
1433 11.823688
1424 12.031688
1425 12.046712
1426 12.048792
1427 12.061736
1428 12.063816
