0 0.103800
1 0.111800
2 0.128536
3 0.130536
4 0.142936
5 0.159496
6 0.171896
7 0.184296
8 0.202936
9 0.217416
10 0.236056
11 0.248456
12 0.265016
13 0.281576
14 0.298136
15 0.312616
16 0.331256
17 0.345736
18 0.358136
19 0.368456
20 0.382936
21 0.393256
22 0.409816
23 0.418056
24 0.428376
25 0.436616
26 0.446936
27 0.455176
28 0.463416
29 0.471656
30 0.481976
31 0.490216
32 0.567096
33 0.575336
34 0.577336
35 0.585576
36 0.595896
37 0.602056
38 0.606136
39 0.614376
40 0.624696
41 0.628776
42 0.630776
43 0.632776
44 0.634776
45 0.636776
46 0.638776
47 0.640776
48 0.642776
49 0.644776
50 0.646776
51 0.648776
52 0.650776
53 0.652776
54 0.654776
55 0.656776
56 0.658776
57 0.662856
58 0.664856
59 0.666856
60 0.668856
61 0.681256
62 0.683256
63 0.685256
64 0.689336
65 0.699656
66 0.701656
67 0.703656
68 0.716056
69 0.718056
70 0.720056
71 0.722056
72 0.724056
78 0.736456
79 0.740536
80 0.746696
81 0.751800
82 0.759800
83 0.767800
84 0.775800
85 0.783800
86 0.791800
87 0.799800
88 0.807800
89 0.815800
90 0.823800
91 0.831800
92 0.839800
93 0.847800
94 0.855800
95 0.863800
96 0.871800
97 0.879800
98 0.887800
99 0.895800
100 0.906648
101 0.911800
102 0.928360
103 0.930360
104 0.937144
105 0.947464
106 0.953624
107 0.966024
108 0.974264
109 0.984584
110 0.996984
111 1.005224
112 1.017624
113 1.025864
114 1.032024
115 1.040264
116 1.052664
117 1.060904
118 1.067064
119 1.077384
120 1.085624
121 1.095944
122 1.102104
123 1.114504
124 1.124824
125 1.133064
126 1.143384
127 1.151624
128 1.161944
129 1.170184
130 1.178424
131 1.186664
132 1.196984
133 1.205224
134 1.217624
135 1.225864
136 1.236184
137 1.244424
138 1.250584
139 1.279624
140 1.287864
141 1.300264
142 1.306424
143 1.308424
144 1.310424
145 1.316584
146 1.324824
147 1.335144
148 1.339224
149 1.347464
150 1.351544
151 1.361864
152 1.370104
153 1.378344
154 1.386584
155 1.394824
156 1.405144
157 1.413384
158 1.419544
159 1.429864
160 1.436024
161 1.444264
162 1.452504
163 1.460744
164 1.468984
165 1.479304
166 1.487544
167 1.497864
168 1.506104
169 1.514344
170 1.522584
171 1.530824
172 1.539064
173 1.549384
174 1.559704
175 1.567944
176 1.580344
177 1.588584
178 1.596824
179 1.627944
180 1.629944
181 1.631944
182 1.633944
183 1.642184
184 1.652504
185 1.654504
186 1.664824
187 1.675144
188 1.683384
189 1.687464
190 1.689464
195 1.710184
196 1.712184
197 1.714184
198 1.716184
191 1.718184
192 1.720184
193 1.722184
194 1.730424
199 1.765704
200 1.771864
201 1.773864
202 1.777944
203 1.779944
204 1.781944
205 1.790184
206 1.798424
207 1.806664
208 1.816984
209 1.829384
210 1.839704
211 1.843784
212 1.847864
213 1.856104
214 1.864344
215 1.872584
216 1.880824
217 1.891144
218 1.899384
219 1.909704
220 1.915864
221 1.924104
222 1.932344
223 1.940584
224 1.948824
225 1.957064
226 1.967384
227 1.973544
228 1.983864
229 1.992104
230 2.000344
231 2.004424
232 2.012664
233 2.014664
234 2.020824
235 2.029064
236 2.037304
237 2.045544
238 2.047544
239 2.049544
240 2.057784
241 2.059784
242 2.061784
243 2.065864
245 2.074104
246 2.076104
244 2.078104
247 2.080104
248 2.089128
249 2.095800
250 2.104152
251 2.111800
252 2.119800
253 2.128040
254 2.135800
255 2.144040
256 2.152280
257 2.160520
258 2.170840
259 2.179080
260 2.191480
261 2.197640
262 2.205880
263 2.216200
264 2.226520
265 2.232680
266 2.243000
267 2.251240
268 2.259480
269 2.267720
270 2.278040
271 2.288360
272 2.296600
273 2.306920
274 2.317240
275 2.327560
276 2.335800
277 2.344040
278 2.356440
279 2.368840
280 2.381240
281 2.387400
282 2.408120
283 2.416360
284 2.418360
285 2.424520
286 2.430680
287 2.432680
288 2.434680
289 2.465800
290 2.467800
291 2.478120
292 2.484280
293 2.490440
294 2.492440
295 2.509000
296 2.519320
297 2.529640
298 2.531640
299 2.550280
300 2.558520
301 2.564680
302 2.575000
303 2.581160
304 2.583160
305 2.589320
306 2.595480
307 2.601640
308 2.616120
309 2.626440
310 2.628440
311 2.630440
312 2.640760
313 2.642760
314 2.648920
315 2.657160
316 2.667480
317 2.677800
318 2.679800
319 2.681800
320 2.687960
321 2.696200
322 2.706520
323 2.716840
324 2.723000
325 2.729160
326 2.737400
327 2.749800
328 2.758040
329 2.766280
330 2.774520
331 2.782760
332 2.791000
333 2.799240
334 2.807480
335 2.817800
336 2.828120
337 2.844680
338 2.850840
339 2.859080
340 2.867320
341 2.871400
342 2.881720
345 2.902440
346 2.906520
347 2.908520
343 2.910520
344 2.912520
348 2.922840
349 2.935240
350 2.943480
351 2.955880
352 2.964120
353 2.966120
354 2.976440
355 2.982600
356 2.992920
357 3.001160
358 3.015640
359 3.023880
360 3.030040
361 3.040360
362 3.048600
363 3.056840
364 3.067160
365 3.075400
366 3.089880
367 3.098120
368 3.106360
369 3.127080
370 3.135320
371 3.143560
372 3.149720
373 3.157960
374 3.159960
375 3.176520
376 3.178520
377 3.184680
378 3.213720
379 3.215720
380 3.219800
381 3.221800
382 3.223800
383 3.227880
384 3.234040
385 3.240200
386 3.250520
387 3.256680
388 3.294040
389 3.296040
390 3.298040
391 3.300040
392 3.302040
393 3.304040
394 3.310200
395 3.322600
396 3.328760
397 3.334920
398 3.336920
399 3.343080
400 3.355480
401 3.361640
402 3.363640
403 3.382280
404 3.384280
405 3.390440
406 3.396600
407 3.402760
408 3.411000
409 3.419240
410 3.425400
411 3.435720
412 3.443960
413 3.448040
414 3.452120
415 3.456200
416 3.464440
417 3.470600
418 3.478840
419 3.487080
420 3.493240
421 3.497320
422 3.499320
423 3.507560
424 3.513720
425 3.521960
426 3.530200
427 3.536360
428 3.544600
429 3.552840
430 3.561080
431 3.569320
432 3.577560
433 3.596200
434 3.602360
435 3.604360
436 3.606360
437 3.627080
438 3.629080
439 3.631080
440 3.633080
441 3.645480
442 3.647480
443 3.657800
444 3.659800
445 3.670120
446 3.684600
447 3.690760
448 3.699000
449 3.711400
450 3.721720
451 3.732040
452 3.740280
453 3.748520
454 3.767160
455 3.769160
456 3.775320
457 3.779400
458 3.806360
459 3.808360
460 3.818680
461 3.824840
462 3.831000
463 3.843400
464 3.845400
465 3.847400
466 3.853560
467 3.863880
468 3.876280
469 3.878280
470 3.880280
471 3.888520
472 3.903000
473 3.909160
474 3.913240
475 3.921480
476 3.927640
477 3.935880
478 3.946200
480 3.954440
479 3.962680
481 3.970920
482 3.983320
483 3.991560
484 3.999800
485 4.001800
486 4.010040
487 4.018280
488 4.030680
489 4.038920
490 4.045080
491 4.053320
492 4.061560
493 4.073960
494 4.080120
495 4.088360
496 4.096600
497 4.104840
498 4.119320
499 4.127560
500 4.135800
501 4.144040
502 4.152280
503 4.160520
504 4.172920
505 4.201960
506 4.203960
507 4.205960
508 4.207960
509 4.216200
510 4.228600
511 4.234760
512 4.236760
515 4.267880
516 4.276120
513 4.280200
514 4.282200
517 4.294600
518 4.302840
519 4.309000
520 4.319320
521 4.331720
522 4.342040
523 4.350280
524 4.356440
525 4.362600
526 4.375000
527 4.381160
528 4.391480
529 4.399720
530 4.412120
531 4.418280
532 4.430680
533 4.438920
534 4.443000
535 4.453320
536 4.459480
537 4.467720
538 4.473880
539 4.475880
540 4.477880
541 4.490280
542 4.492280
543 4.496360
544 4.504600
545 4.512840
546 4.523160
547 4.531400
548 4.539640
549 4.541640
550 4.543640
551 4.547720
552 4.558040
553 4.566280
554 4.576600
555 4.605640
556 4.609720
557 4.611720
558 4.613720
559 4.615720
560 4.623960
561 4.634280
562 4.638360
565 4.654920
566 4.656920
567 4.661000
563 4.663000
564 4.665000
568 4.685720
569 4.689800
570 4.700120
571 4.706280
572 4.712440
573 4.733160
574 4.735160
575 4.741320
576 4.751640
577 4.759880
578 4.772280
579 4.784680
580 4.792920
581 4.799080
582 4.809400
583 4.813480
584 4.815480
585 4.823720
586 4.829880
587 4.838120
588 4.846360
589 4.852520
590 4.864920
591 4.869000
592 4.885560
593 4.893800
594 4.902040
595 4.910280
596 4.918520
597 4.926760
598 4.930840
599 4.937000
600 4.947320
601 4.957640
602 4.965880
603 4.974120
604 4.982360
605 4.984360
606 4.990520
607 5.021640
608 5.027800
609 5.029800
610 5.031800
611 5.033800
612 5.035800
613 5.044040
615 5.046040
616 5.050120
617 5.054200
614 5.058280
618 5.068600
619 5.074760
620 5.080920
621 5.087080
622 5.093240
623 5.105640
624 5.109720
625 5.113800
626 5.122040
627 5.134440
628 5.140600
629 5.148840
630 5.159160
631 5.169480
632 5.177720
633 5.185960
634 5.194200
635 5.206600
636 5.214840
637 5.235560
638 5.237560
639 5.239560
640 5.241560
641 5.260200
642 5.262200
643 5.270440
644 5.278680
645 5.293160
646 5.295160
647 5.299240
648 5.307480
649 5.313640
650 5.315640
651 5.317640
652 5.327960
653 5.338280
654 5.342360
655 5.358920
656 5.367160
657 5.371240
658 5.381560
659 5.385640
660 5.395960
661 5.406280
662 5.416600
663 5.424840
664 5.433080
665 5.443400
666 5.451640
667 5.461960
668 5.470200
669 5.480520
670 5.488760
671 5.501160
672 5.509400
673 5.517640
674 5.527960
675 5.536200
676 5.546520
677 5.556840
678 5.565080
679 5.573320
680 5.583640
681 5.591880
682 5.623000
683 5.627080
684 5.629080
685 5.635240
686 5.639320
687 5.641320
688 5.643320
690 5.668200
691 5.672280
692 5.676360
689 5.682520
693 5.690760
694 5.692760
695 5.696840
696 5.709240
697 5.719560
698 5.725720
699 5.731880
700 5.740120
701 5.744200
702 5.754520
703 5.762760
704 5.771000
705 5.781320
706 5.791640
707 5.797800
708 5.810200
709 5.818440
710 5.824600
711 5.832840
712 5.841080
713 5.851400
714 5.859640
715 5.869960
716 5.882360
717 5.888520
718 5.896760
719 5.909160
720 5.917400
721 5.927720
722 5.935960
723 5.944200
724 5.958680
725 5.960680
726 5.991800
727 5.997960
728 5.999960
729 6.006120
730 6.016440
731 6.018440
732 6.020440
733 6.022440
734 6.024440
735 6.026440
740 6.063800
736 6.065800
737 6.067800
738 6.069800
739 6.075960
741 6.092520
742 6.094520
743 6.102760
744 6.113080
745 6.125480
746 6.135800
747 6.141960
748 6.143960
749 6.158440
750 6.164600
751 6.172840
752 6.181080
753 6.191400
754 6.197560
755 6.205800
756 6.211960
757 6.218120
758 6.228440
759 6.236680
760 6.244920
761 6.253160
762 6.257240
763 6.259240
764 6.267480
765 6.277800
766 6.286040
767 6.294280
768 6.302520
769 6.310760
770 6.319000
771 6.323080
772 6.329240
773 6.337480
774 6.345720
775 6.351880
776 6.360120
777 6.368360
778 6.384920
779 6.391080
780 6.397240
781 6.405480
782 6.409560
783 6.415720
784 6.423960
790 6.444680
785 6.459160
786 6.463240
787 6.469400
788 6.471400
789 6.473400
791 6.475400
792 6.483640
793 6.493960
794 6.500120
795 6.508360
796 6.514520
797 6.516520
798 6.518520
799 6.524680
800 6.530840
801 6.534920
802 6.543160
803 6.549320
804 6.551320
805 6.563720
806 6.567800
807 6.576040
808 6.580120
809 6.590440
810 6.592440
811 6.596520
812 6.601304
813 6.607800
814 6.618120
815 6.623800
816 6.635224
817 6.639800
818 6.650248
819 6.656408
820 6.666728
821 6.674968
822 6.685288
823 6.693528
824 6.701768
825 6.710008
826 6.720328
827 6.732728
828 6.736808
829 6.747128
830 6.757448
831 6.763608
832 6.771848
833 6.784248
834 6.792488
835 6.800728
836 6.811048
837 6.821368
838 6.831688
839 6.839928
840 6.848168
841 6.856408
842 6.866728
843 6.887448
844 6.893608
845 6.899768
846 6.903848
847 6.905848
848 6.926568
849 6.928568
850 6.936808
851 6.940888
852 6.949128
853 6.969848
854 6.971848
855 6.973848
856 6.982088
857 6.988248
858 6.996488
859 7.008888
860 7.019208
861 7.023288
862 7.033608
863 7.041848
864 7.052168
865 7.060408
866 7.070728
867 7.076888
868 7.089288
869 7.097528
870 7.107848
871 7.122328
872 7.130568
873 7.134648
874 7.140808
875 7.153208
876 7.161448
877 7.169688
878 7.186248
879 7.188248
880 7.190248
881 7.194328
882 7.200488
883 7.214968
884 7.223208
885 7.231448
886 7.248008
887 7.250008
888 7.254088
889 7.260248
890 7.270568
891 7.278808
892 7.287048
893 7.295288
894 7.311848
895 7.313848
896 7.322088
897 7.330328
898 7.338568
899 7.344728
900 7.355048
901 7.363288
902 7.381928
903 7.383928
904 7.394248
905 7.402488
906 7.410728
907 7.416888
908 7.420968
909 7.429208
910 7.437448
911 7.443608
912 7.449768
913 7.453848
914 7.464168
915 7.476568
916 7.478568
917 7.482648
918 7.492968
919 7.494968
920 7.503208
921 7.509368
922 7.513448
923 7.519608
924 7.525768
925 7.531928
926 7.538088
927 7.548408
928 7.556648
929 7.560728
930 7.571048
931 7.579288
932 7.589608
933 7.597848
934 7.604008
935 7.614328
936 7.622568
937 7.630808
938 7.641128
939 7.649368
940 7.657608
941 7.680408
942 7.688648
943 7.690648
944 7.694728
945 7.705048
946 7.713288
947 7.731928
948 7.733928
949 7.738008
950 7.740008
951 7.748248
952 7.756488
953 7.758488
954 7.787528
955 7.789528
956 7.791528
957 7.797688
958 7.808008
959 7.816248
960 7.824488
961 7.834808
962 7.847208
963 7.857528
964 7.859528
965 7.867768
966 7.878088
967 7.886328
968 7.892488
969 7.898648
970 7.915208
971 7.919288
972 7.925448
973 7.933688
974 7.937768
975 7.941848
976 7.960488
977 7.964568
978 7.966568
979 7.970648
980 7.978888
981 7.982968
982 7.987048
983 7.995288
984 8.005608
985 8.009688
986 8.013768
987 8.015768
988 8.021928
989 8.030168
990 8.036328
991 8.038328
992 8.046568
993 8.054808
994 8.060968
995 8.071288
996 8.077448
997 8.087768
998 8.096008
999 8.104248
1000 8.112488
1001 8.122808
1002 8.131048
1003 8.139288
1004 8.151688
1005 8.157848
1006 8.166088
1007 8.174328
1008 8.184648
1009 8.192888
1010 8.203208
1011 8.211448
1012 8.221768
1013 8.230008
1014 8.252808
1015 8.254808
1016 8.258888
1017 8.260888
1018 8.281608
1019 8.283608
1020 8.291848
1021 8.293848
1022 8.300008
1023 8.320728
1024 8.322728
1025 8.328888
1026 8.339208
1027 8.343288
1028 8.355688
1029 8.363928
1030 8.372168
1031 8.384568
1032 8.390728
1033 8.401048
1034 8.411368
1035 8.419608
1036 8.427848
1037 8.450648
1038 8.456808
1039 8.465048
1040 8.471208
1041 8.475288
1042 8.483528
1043 8.489688
1044 8.516648
1045 8.518648
1046 8.520648
1047 8.522648
1048 8.524648
1049 8.532888
1050 8.543208
1051 8.561848
1052 8.563848
1053 8.572088
1054 8.578248
1055 8.584408
1056 8.590568
1057 8.598808
1058 8.619528
1059 8.621528
1060 8.627688
1061 8.638008
1062 8.646248
1063 8.654488
1064 8.660648
1065 8.675128
1066 8.677128
1067 8.681208
1068 8.689448
1069 8.699768
1070 8.710088
1071 8.718328
1075 8.732808
1076 8.736888
1077 8.743048
1072 8.751288
1073 8.753288
1074 8.757368
1078 8.778088
1079 8.786328
1080 8.790408
1081 8.794488
1082 8.800648
1083 8.804728
1084 8.810888
1085 8.821208
1086 8.827368
1087 8.837688
1088 8.841768
1089 8.850008
1090 8.856168
1091 8.864408
1092 8.872648
1093 8.878808
1094 8.889128
1095 8.897368
1096 8.905608
1097 8.913848
1098 8.922088
1099 8.928248
1100 8.940648
1101 8.948888
1102 8.959208
1103 8.967448
1104 8.975688
1105 8.983928
1106 9.004648
1107 9.014968
1108 9.021128
1109 9.029368
1110 9.035528
1111 9.037528
1112 9.045768
1113 9.066488
1114 9.070568
1115 9.078808
1116 9.080808
1117 9.082808
1118 9.084808
1119 9.086808
1120 9.124168
1121 9.126168
1122 9.128168
1123 9.130168
1124 9.132168
1125 9.144568
1126 9.148648
1127 9.158968
1128 9.171368
1129 9.179608
1130 9.194088
1131 9.196088
1132 9.200168
1133 9.208408
1134 9.214568
1135 9.218648
1136 9.224808
1137 9.233048
1138 9.243368
1139 9.251608
1140 9.259848
1141 9.268088
1142 9.274248
1143 9.282488
1144 9.290728
1145 9.301048
1146 9.311368
1147 9.317528
1148 9.323688
1149 9.331928
1150 9.340168
1151 9.346328
1152 9.356648
1153 9.360728
1154 9.368968
1155 9.383448
1156 9.391688
1157 9.399928
1158 9.406088
1159 9.408088
1160 9.428808
1161 9.430808
1162 9.432808
1163 9.441048
1164 9.449288
1165 9.455448
1166 9.467848
1167 9.469848
1168 9.471848
1169 9.482168
1170 9.490408
1171 9.504888
1172 9.506888
1173 9.508888
1174 9.519208
1175 9.527448
1176 9.535688
1177 9.541848
1178 9.550088
1179 9.558328
1180 9.568648
1181 9.576888
1182 9.583048
1183 9.585048
1184 9.589128
1185 9.601528
1186 9.607688
1187 9.622168
1188 9.624168
1189 9.632408
1190 9.640648
1191 9.650968
1192 9.657128
1193 9.665368
1194 9.673608
1195 9.683928
1196 9.694248
1197 9.702488
1198 9.710728
1199 9.721048
1200 9.735528
1201 9.745848
1202 9.749928
1203 9.754008
1204 9.770568
1205 9.774648
1206 9.780808
1207 9.791128
1208 9.795208
1209 9.811768
1210 9.813768
1211 9.819928
1212 9.826088
1213 9.836408
1214 9.857128
1215 9.859128
1216 9.863208
1217 9.871448
1218 9.881768
1219 9.890008
1220 9.914888
1221 9.916888
1222 9.920968
1223 9.925048
1224 9.933288
1225 9.943608
1226 9.951848
1227 9.964248
1228 9.972488
1229 9.984888
1230 9.993128
1231 9.997208
1232 10.005448
1233 10.013688
1234 10.015688
1235 10.023928
1236 10.032168
1237 10.042488
1238 10.052808
1239 10.058968
1240 10.067208
1241 10.075448
1242 10.081608
1243 10.089848
1244 10.100168
1245 10.110488
1246 10.118728
1247 10.126968
1248 10.131048
1249 10.133048
1250 10.141288
1251 10.149528
1252 10.159848
1253 10.178488
1254 10.188808
1255 10.190808
1256 10.194888
1257 10.198968
1258 10.207208
1259 10.230008
1260 10.232008
1261 10.234008
1262 10.236008
1263 10.238008
1264 10.246248
1265 10.254488
1266 10.277288
1267 10.279288
1268 10.281288
1269 10.285368
1270 10.295688
1271 10.303928
1275 10.326728
1272 10.328728
1273 10.330728
1274 10.332728
1276 10.353448
1277 10.355448
1278 10.359528
1279 10.371928
1280 10.378088
1281 10.382168
1282 10.394568
1283 10.404888
1284 10.408968
1285 10.410968
1286 10.417128
1287 10.423288
1288 10.433608
1289 10.443928
1290 10.450088
1291 10.460408
1292 10.466568
1293 10.476888
1294 10.487208
1295 10.495448
1296 10.501608
1297 10.511928
1298 10.520168
1299 10.526328
1300 10.544968
1301 10.551128
1302 10.559368
1303 10.565528
1304 10.567528
1305 10.588248
1306 10.590248
1307 10.592248
1308 10.594248
1309 10.602488
1310 10.612808
1311 10.627288
1312 10.629288
1313 10.631288
1314 10.639528
1315 10.647768
1316 10.664328
1317 10.666328
1318 10.668328
1319 10.676568
1320 10.684808
1321 10.695128
1322 10.697128
1323 10.705368
1325 10.707368
1324 10.715608
1326 10.730088
1327 10.734168
1328 10.740328
1329 10.763128
1330 10.765128
1331 10.771288
1332 10.781608
1333 10.785688
1334 10.793928
1335 10.800088
1336 10.810408
1337 10.816568
1338 10.826888
1339 10.833048
1340 10.845448
1341 10.851608
1342 10.861928
1343 10.870168
1344 10.878408
1345 10.888728
1346 10.896968
1347 10.907288
1348 10.915528
1349 10.923768
1350 10.936168
1351 10.944408
1352 10.954728
1353 10.962968
1354 10.971208
1355 10.985688
1356 10.996008
1357 11.004248
1358 11.016648
1359 11.018648
1360 11.045608
1361 11.047608
1362 11.049608
1363 11.057848
1364 11.066088
1365 11.068088
1366 11.076328
1367 11.078328
1370 11.111528
1371 11.115608
1372 11.125928
1368 11.130008
1369 11.132008
1373 11.144408
1374 11.148488
1375 11.160888
1376 11.169128
1377 11.179448
1378 11.187688
1379 11.195928
1380 11.204168
1381 11.210328
1382 11.222728
1383 11.230968
1384 11.241288
1385 11.249528
1386 11.257768
1387 11.266008
1388 11.284648
1389 11.292888
1390 11.301128
1391 11.309368
1392 11.321768
1393 11.327928
1394 11.332008
1395 11.334008
1396 11.336008
1397 11.340088
1398 11.358728
1399 11.362808
1400 11.371048
1401 11.377208
1402 11.385448
1403 11.395768
1404 11.401928
1405 11.403928
1406 11.405928
1407 11.416248
1408 11.418248
1409 11.420248
1410 11.422248
1411 11.424248
1412 11.432488
1413 11.440728
1414 11.444808
1415 11.465528
1416 11.467528
1417 11.469528
1418 11.479848
1419 11.488088
1420 11.492168
1421 11.504568
1422 11.512808
1423 11.514808
1424 11.535528
1425 11.537528
1426 11.539528
1427 11.543608
1428 11.551848
1429 11.568408
1430 11.570408
1431 11.580728
1432 11.584808
1433 11.590968
1434 11.601288
1435 11.611608
1436 11.621928
1437 11.626008
1438 11.628008
1439 11.638328
1440 11.648648
1441 11.658968
1442 11.667208
1443 11.673368
1444 11.681608
1445 11.691928
1446 11.700168
1447 11.710488
1448 11.718728
1449 11.726968
1450 11.735208
1451 11.760088
1452 11.772488
1453 11.774488
1454 11.776488
1455 11.778488
1456 11.780488
1457 11.792888
1458 11.794888
1459 11.796888
1460 11.807208
1461 11.811288
1462 11.825768
1463 11.829848
1464 11.833928
1465 11.844248
1466 11.848328
1467 11.850328
1468 11.858568
1469 11.866808
1470 11.872968
1471 11.874968
1472 11.887368
1473 11.899768
1474 11.901768
1475 11.920408
1476 11.930728
1477 11.938968
1478 11.945128
1479 11.955448
1480 11.965768
1481 11.974008
1482 11.982248
1483 11.990488
1484 11.998728
1485 12.006968
1486 12.015208
1487 12.027608
