0 0.103027
1 0.115907
2 0.117987
3 0.132547
4 0.134627
5 0.136707
6 0.138787
7 0.151267
8 0.157507
9 0.161667
10 0.165827
11 0.172067
12 0.178307
13 0.188707
14 0.192867
15 0.197027
16 0.201187
17 0.205347
18 0.217827
19 0.221987
20 0.226147
21 0.230307
22 0.234467
23 0.251107
24 0.253187
25 0.257347
26 0.259427
27 0.263587
28 0.282307
29 0.284387
30 0.286467
31 0.288547
32 0.290627
33 0.315587
34 0.317667
35 0.319747
36 0.321827
37 0.323907
38 0.346787
39 0.348867
40 0.350947
41 0.353027
42 0.355107
43 0.377987
44 0.384227
45 0.392547
46 0.398787
47 0.405027
48 0.411267
49 0.413347
50 0.415427
51 0.417507
52 0.419587
53 0.444547
54 0.446627
55 0.448707
56 0.450787
57 0.452867
58 0.475747
59 0.477827
60 0.479907
61 0.481987
62 0.484067
63 0.509027
64 0.513187
65 0.521507
66 0.525667
67 0.531907
68 0.540227
69 0.542307
70 0.544387
71 0.546467
72 0.548547
73 0.573507
74 0.575587
75 0.577667
76 0.579747
77 0.581827
78 0.604707
79 0.606787
80 0.608867
81 0.610947
82 0.613027
83 0.637987
84 0.640067
85 0.648387
86 0.652547
87 0.658787
88 0.669187
89 0.671267
90 0.673347
91 0.675427
92 0.677507
93 0.700387
94 0.706627
95 0.714947
96 0.721187
97 0.727427
98 0.733667
99 0.735747
100 0.737827
101 0.739907
102 0.741987
103 0.766947
104 0.769027
105 0.775267
106 0.779427
107 0.785667
108 0.798147
109 0.800227
110 0.802307
111 0.804387
112 0.806467
113 0.831427
114 0.835587
115 0.843907
116 0.848067
117 0.854307
118 0.864707
119 0.866787
120 0.870947
121 0.873027
122 0.877187
123 0.904227
124 0.906307
125 0.910467
126 0.914627
127 0.920867
128 0.935427
129 0.937507
130 0.939587
131 0.941667
132 0.943747
133 0.966627
134 0.968707
135 0.977027
136 0.981187
137 0.987427
138 0.997827
139 0.999907
140 1.001987
141 1.004067
142 1.006147
143 1.029027
144 1.035267
145 1.041507
146 1.047747
147 1.053987
148 1.060227
149 1.062307
150 1.064387
151 1.066467
152 1.068547
153 1.091427
154 1.093507
155 1.099747
156 1.103907
157 1.110147
158 1.122627
159 1.124707
160 1.126787
161 1.128867
162 1.130947
163 1.153827
164 1.157987
165 1.164227
166 1.170467
167 1.176707
168 1.187107
169 1.189187
170 1.193347
171 1.195427
172 1.199587
173 1.226627
174 1.228707
175 1.232867
176 1.237027
177 1.243267
178 1.257827
179 1.259907
180 1.261987
181 1.264067
182 1.266147
183 1.289027
184 1.291107
185 1.297347
186 1.303587
187 1.309827
188 1.320227
189 1.322307
190 1.324387
191 1.326467
192 1.328547
193 1.351427
194 1.357667
195 1.363907
196 1.370147
197 1.376387
198 1.382627
199 1.384707
200 1.386787
201 1.388867
202 1.390947
203 1.413827
204 1.415907
205 1.420067
206 1.426307
207 1.432547
208 1.445027
209 1.447107
210 1.449187
211 1.451267
212 1.453347
213 1.476227
214 1.480387
215 1.486627
216 1.492867
217 1.499107
218 1.507427
219 1.509507
220 1.511587
221 1.513667
222 1.515747
223 1.540707
224 1.542787
225 1.544867
226 1.551107
227 1.557347
228 1.571907
229 1.573987
230 1.576067
231 1.578147
232 1.580227
233 1.605187
234 1.607267
235 1.613507
236 1.619747
237 1.625987
238 1.636387
239 1.638467
240 1.640547
241 1.642627
242 1.644707
243 1.669667
244 1.675907
245 1.682147
246 1.688387
247 1.694627
248 1.700867
249 1.702947
250 1.705027
251 1.707107
252 1.709187
253 1.734147
254 1.736227
255 1.740387
256 1.746627
257 1.752867
258 1.765347
259 1.767427
260 1.769507
261 1.771587
262 1.773667
263 1.798627
264 1.802787
265 1.809027
266 1.815267
267 1.821507
268 1.831907
269 1.833987
270 1.838147
271 1.840227
272 1.844387
273 1.871427
274 1.873507
275 1.875587
276 1.881827
277 1.888067
278 1.902627
279 1.904707
280 1.906787
281 1.908867
282 1.910947
283 1.933827
284 1.935907
285 1.942147
286 1.948387
287 1.954627
288 1.965027
289 1.967107
290 1.969187
291 1.971267
292 1.973347
293 1.996227
294 2.002467
295 2.008707
296 2.014947
297 2.021187
298 2.027427
299 2.029507
300 2.031587
301 2.033667
302 2.035747
303 2.058627
304 2.060707
305 2.064867
306 2.071107
307 2.077347
308 2.089827
309 2.091907
310 2.093987
311 2.096067
312 2.098147
313 2.121027
314 2.125187
315 2.131427
316 2.137667
317 2.143907
318 2.154307
319 2.156387
320 2.160547
321 2.162627
322 2.166787
323 2.193827
324 2.195907
325 2.197987
326 2.204227
327 2.210467
328 2.225027
329 2.227107
330 2.229187
331 2.231267
332 2.233347
333 2.256227
334 2.258307
335 2.264547
336 2.270787
337 2.277027
338 2.287427
339 2.289507
340 2.291587
341 2.293667
342 2.295747
343 2.318627
344 2.324867
345 2.331107
346 2.337347
347 2.343587
348 2.349827
349 2.351907
350 2.353987
351 2.356067
352 2.358147
353 2.381027
354 2.383107
355 2.387267
356 2.393507
357 2.399747
358 2.412227
359 2.414307
360 2.416387
361 2.418467
362 2.420547
363 2.443427
364 2.447587
365 2.453827
366 2.460067
367 2.466307
368 2.476707
369 2.478787
370 2.482947
371 2.485027
372 2.489187
373 2.516227
374 2.518307
375 2.520387
376 2.526627
377 2.532867
378 2.547427
379 2.549507
380 2.551587
381 2.553667
382 2.555747
383 2.578627
384 2.580707
385 2.586947
386 2.593187
387 2.599427
388 2.609827
389 2.611907
390 2.613987
391 2.616067
392 2.618147
393 2.641027
394 2.647267
395 2.653507
396 2.659747
397 2.665987
398 2.672227
399 2.674307
400 2.676387
401 2.678467
402 2.680547
403 2.703427
404 2.705507
405 2.709667
406 2.715907
407 2.722147
408 2.734627
409 2.736707
410 2.738787
411 2.740867
412 2.742947
413 2.765827
414 2.769987
415 2.776227
416 2.782467
417 2.788707
418 2.799107
419 2.801187
420 2.805347
421 2.807427
422 2.811587
423 2.838627
424 2.840707
425 2.842787
426 2.849027
427 2.855267
428 2.869827
429 2.871907
430 2.873987
431 2.876067
432 2.878147
433 2.901027
434 2.903107
435 2.909347
436 2.915587
437 2.921827
438 2.932227
439 2.934307
440 2.936387
441 2.938467
442 2.940547
443 2.963427
444 2.969667
445 2.975907
446 2.982147
447 2.988387
448 2.994627
449 2.996707
450 2.998787
451 3.000867
452 3.002947
453 3.025827
454 3.027907
455 3.032067
456 3.038307
457 3.044547
458 3.057027
459 3.059107
460 3.061187
461 3.063267
462 3.065347
463 3.088227
464 3.092387
465 3.098627
466 3.104867
467 3.111107
468 3.121507
469 3.123587
470 3.127747
471 3.129827
472 3.133987
473 3.161027
474 3.163107
475 3.165187
476 3.171427
477 3.177667
478 3.192227
479 3.194307
480 3.196387
481 3.198467
482 3.200547
483 3.223427
484 3.225507
485 3.231747
486 3.237987
487 3.244227
488 3.254627
489 3.256707
490 3.258787
491 3.260867
492 3.262947
493 3.285827
494 3.292067
495 3.298307
496 3.304547
497 3.310787
498 3.317027
499 3.319107
500 3.321187
501 3.323267
502 3.325347
503 3.348227
504 3.350307
505 3.354467
506 3.360707
507 3.366947
508 3.379427
509 3.381507
510 3.383587
511 3.385667
512 3.387747
513 3.410627
514 3.414787
515 3.421027
516 3.427267
517 3.433507
518 3.443907
519 3.445987
520 3.450147
521 3.452227
522 3.456387
523 3.483427
524 3.485507
525 3.487587
526 3.493827
527 3.500067
528 3.514627
529 3.516707
530 3.518787
531 3.520867
532 3.522947
533 3.545827
534 3.547907
535 3.554147
536 3.560387
537 3.566627
538 3.577027
539 3.579107
540 3.581187
541 3.583267
542 3.585347
543 3.608227
544 3.614467
545 3.620707
546 3.626947
547 3.633187
548 3.639427
549 3.641507
550 3.643587
551 3.645667
552 3.647747
553 3.670627
554 3.672707
555 3.676867
556 3.683107
557 3.689347
558 3.701827
559 3.703907
560 3.705987
561 3.708067
562 3.710147
563 3.733027
564 3.737187
565 3.743427
566 3.749667
567 3.755907
568 3.766307
569 3.768387
570 3.772547
571 3.774627
572 3.778787
573 3.805827
574 3.807907
575 3.809987
576 3.816227
577 3.822467
578 3.837027
579 3.839107
580 3.841187
581 3.843267
582 3.845347
583 3.868227
584 3.870307
585 3.876547
586 3.882787
587 3.889027
588 3.899427
589 3.901507
590 3.903587
591 3.905667
592 3.907747
593 3.930627
594 3.936867
595 3.943107
596 3.949347
597 3.955587
598 3.961827
599 3.963907
600 3.965987
601 3.968067
602 3.970147
603 3.993027
604 3.995107
605 3.999267
606 4.005507
607 4.011747
608 4.024227
609 4.026307
610 4.028387
611 4.030467
612 4.032547
613 4.055427
614 4.059587
615 4.065827
616 4.072067
617 4.078307
618 4.088707
619 4.090787
620 4.094947
621 4.097027
622 4.101187
623 4.128227
624 4.130307
625 4.132387
626 4.138627
627 4.144867
628 4.159427
629 4.161507
630 4.163587
631 4.165667
632 4.167747
633 4.190627
634 4.192707
635 4.198947
636 4.205187
637 4.211427
638 4.221827
639 4.223907
640 4.225987
641 4.228067
642 4.230147
643 4.253027
644 4.259267
645 4.265507
646 4.271747
647 4.277987
648 4.284227
649 4.286307
650 4.288387
651 4.290467
652 4.292547
653 4.315427
654 4.317507
655 4.321667
656 4.327907
657 4.334147
658 4.346627
659 4.348707
660 4.350787
661 4.352867
662 4.354947
663 4.377827
664 4.381987
665 4.388227
666 4.394467
667 4.400707
668 4.411107
669 4.413187
670 4.417347
671 4.419427
672 4.423587
673 4.450627
674 4.452707
675 4.454787
676 4.461027
677 4.467267
678 4.481827
679 4.483907
680 4.485987
681 4.488067
682 4.490147
683 4.513027
684 4.515107
685 4.521347
686 4.527587
687 4.533827
688 4.544227
689 4.546307
690 4.548387
691 4.550467
692 4.552547
693 4.575427
694 4.581667
695 4.587907
696 4.594147
697 4.600387
698 4.606627
699 4.608707
700 4.610787
701 4.612867
702 4.614947
703 4.637827
704 4.639907
705 4.644067
706 4.650307
707 4.656547
708 4.669027
709 4.671107
710 4.673187
711 4.675267
712 4.677347
713 4.700227
714 4.704387
715 4.710627
716 4.716867
717 4.723107
718 4.731427
719 4.733507
720 4.735587
721 4.737667
722 4.739747
723 4.764707
724 4.766787
725 4.768867
726 4.775107
727 4.781347
728 4.795907
729 4.797987
730 4.800067
731 4.802147
732 4.804227
733 4.829187
734 4.831267
735 4.837507
736 4.843747
737 4.849987
738 4.860387
739 4.862467
740 4.864547
741 4.866627
742 4.868707
743 4.893667
744 4.899907
745 4.906147
746 4.912387
747 4.918627
748 4.924867
749 4.926947
750 4.929027
751 4.931107
752 4.933187
753 4.958147
754 4.960227
755 4.964387
756 4.970627
757 4.976867
758 4.989347
759 4.991427
760 4.993507
761 4.995587
762 4.997667
763 5.022627
764 5.026787
765 5.033027
766 5.039267
767 5.045507
768 5.055907
769 5.057987
770 5.062147
771 5.064227
772 5.068387
773 5.095427
774 5.097507
775 5.099587
776 5.105827
777 5.112067
778 5.126627
779 5.128707
780 5.130787
781 5.132867
782 5.134947
783 5.157827
784 5.159907
785 5.166147
786 5.172387
787 5.178627
788 5.189027
789 5.191107
790 5.193187
791 5.195267
792 5.197347
793 5.220227
794 5.226467
795 5.232707
796 5.238947
797 5.245187
798 5.251427
799 5.253507
800 5.255587
801 5.257667
802 5.259747
803 5.282627
804 5.284707
805 5.288867
806 5.295107
807 5.301347
808 5.313827
809 5.315907
810 5.317987
811 5.320067
812 5.322147
813 5.345027
814 5.349187
815 5.355427
816 5.361667
817 5.367907
818 5.378307
819 5.380387
820 5.384547
821 5.386627
822 5.390787
823 5.417827
824 5.419907
825 5.421987
826 5.428227
827 5.434467
828 5.449027
829 5.451107
830 5.453187
831 5.455267
832 5.457347
833 5.480227
834 5.482307
835 5.488547
836 5.494787
837 5.501027
838 5.511427
839 5.513507
840 5.515587
841 5.517667
842 5.519747
843 5.542627
844 5.548867
845 5.555107
846 5.561347
847 5.567587
848 5.573827
849 5.575907
850 5.577987
851 5.580067
852 5.582147
853 5.605027
854 5.607107
855 5.611267
856 5.617507
857 5.623747
858 5.636227
859 5.638307
860 5.640387
861 5.642467
862 5.644547
863 5.667427
864 5.671587
865 5.677827
866 5.684067
867 5.690307
868 5.700707
869 5.702787
870 5.706947
871 5.709027
872 5.713187
873 5.740227
874 5.742307
875 5.744387
876 5.750627
877 5.756867
878 5.771427
879 5.773507
880 5.775587
881 5.777667
882 5.779747
883 5.802627
884 5.804707
885 5.810947
886 5.817187
887 5.823427
888 5.833827
889 5.835907
890 5.837987
891 5.840067
892 5.842147
893 5.865027
894 5.871267
895 5.877507
896 5.883747
897 5.889987
898 5.896227
899 5.898307
900 5.900387
901 5.902467
902 5.904547
903 5.927427
904 5.929507
905 5.933667
906 5.939907
907 5.946147
908 5.958627
909 5.960707
910 5.962787
911 5.964867
912 5.966947
913 5.989827
914 5.993987
915 6.000227
916 6.006467
917 6.012707
918 6.023107
919 6.025187
920 6.029347
921 6.031427
922 6.035587
923 6.062627
924 6.064707
925 6.066787
926 6.073027
927 6.079267
928 6.093827
929 6.095907
930 6.097987
931 6.100067
932 6.102147
933 6.125027
934 6.127107
935 6.133347
936 6.139587
937 6.145827
938 6.156227
939 6.158307
940 6.160387
941 6.162467
942 6.164547
943 6.187427
944 6.193667
945 6.199907
946 6.206147
947 6.212387
948 6.218627
949 6.220707
950 6.222787
951 6.224867
952 6.226947
953 6.249827
954 6.251907
955 6.256067
956 6.262307
957 6.268547
958 6.281027
959 6.283107
960 6.285187
961 6.287267
962 6.289347
963 6.312227
964 6.316387
965 6.322627
966 6.328867
967 6.335107
968 6.345507
969 6.347587
970 6.351747
971 6.353827
972 6.357987
973 6.385027
974 6.387107
975 6.389187
976 6.395427
977 6.401667
978 6.416227
979 6.418307
980 6.420387
981 6.422467
982 6.424547
983 6.447427
984 6.449507
985 6.455747
986 6.461987
987 6.468227
988 6.478627
989 6.480707
990 6.482787
991 6.484867
992 6.486947
993 6.509827
994 6.516067
995 6.522307
996 6.528547
997 6.534787
998 6.541027
999 6.543107
1000 6.545187
1001 6.547267
1002 6.549347
1003 6.572227
1004 6.574307
1005 6.578467
1006 6.584707
1007 6.590947
1008 6.603427
1009 6.605507
1010 6.607587
1011 6.609667
1012 6.611747
1013 6.634627
1014 6.638787
1015 6.645027
1016 6.651267
1017 6.657507
1018 6.667907
1019 6.669987
1020 6.674147
1021 6.676227
1022 6.680387
1023 6.707427
1024 6.709507
1025 6.711587
1026 6.717827
1027 6.724067
1028 6.738627
1029 6.740707
1030 6.742787
1031 6.744867
1032 6.746947
1033 6.769827
1034 6.771907
1035 6.778147
1036 6.784387
1037 6.790627
1038 6.801027
1039 6.803107
1040 6.805187
1041 6.807267
1042 6.809347
1043 6.832227
1044 6.838467
1045 6.844707
1046 6.850947
1047 6.857187
1048 6.863427
1049 6.865507
1050 6.867587
1051 6.869667
1052 6.871747
1053 6.894627
1054 6.896707
1055 6.900867
1056 6.907107
1057 6.913347
1058 6.925827
1059 6.927907
1060 6.929987
1061 6.932067
1062 6.934147
1063 6.957027
1064 6.961187
1065 6.967427
1066 6.973667
1067 6.979907
1068 6.990307
1069 6.992387
1070 6.996547
1071 6.998627
1072 7.002787
1073 7.029827
1074 7.031907
1075 7.033987
1076 7.040227
1077 7.046467
1078 7.061027
1079 7.063107
1080 7.065187
1081 7.067267
1082 7.069347
1083 7.092227
1084 7.094307
1085 7.100547
1086 7.106787
1087 7.113027
1088 7.123427
1089 7.125507
1090 7.127587
1091 7.129667
1092 7.131747
1093 7.154627
1094 7.160867
1095 7.167107
1096 7.173347
1097 7.179587
1098 7.185827
1099 7.187907
1100 7.189987
1101 7.192067
1102 7.194147
1103 7.217027
1104 7.219107
1105 7.223267
1106 7.229507
1107 7.235747
1108 7.248227
1109 7.250307
1110 7.252387
1111 7.254467
1112 7.256547
1113 7.279427
1114 7.283587
1115 7.289827
1116 7.296067
1117 7.302307
1118 7.312707
1119 7.314787
1120 7.318947
1121 7.321027
1122 7.325187
1123 7.352227
1124 7.354307
1125 7.356387
1126 7.362627
1127 7.368867
1128 7.383427
1129 7.385507
1130 7.387587
1131 7.389667
1132 7.391747
1133 7.414627
1134 7.416707
1135 7.422947
1136 7.429187
1137 7.435427
1138 7.445827
1139 7.447907
1140 7.449987
1141 7.452067
1142 7.454147
1143 7.477027
1144 7.483267
1145 7.489507
1146 7.495747
1147 7.501987
1148 7.508227
1149 7.510307
1150 7.512387
1151 7.514467
1152 7.516547
1153 7.539427
1154 7.541507
1155 7.545667
1156 7.551907
1157 7.558147
1158 7.570627
1159 7.572707
1160 7.574787
1161 7.576867
1162 7.578947
1163 7.601827
1164 7.605987
1165 7.612227
1166 7.618467
1167 7.624707
1168 7.635107
1169 7.637187
1170 7.641347
1171 7.643427
1172 7.647587
1173 7.674627
1174 7.676707
1175 7.678787
1176 7.685027
1177 7.691267
1178 7.705827
1179 7.707907
1180 7.709987
1181 7.712067
1182 7.714147
1183 7.737027
1184 7.739107
1185 7.745347
1186 7.751587
1187 7.757827
1188 7.768227
1189 7.770307
1190 7.772387
1191 7.774467
1192 7.776547
1193 7.799427
1194 7.805667
1195 7.811907
1196 7.818147
1197 7.824387
1198 7.830627
1199 7.832707
1200 7.834787
1201 7.836867
1202 7.838947
1203 7.861827
1204 7.863907
1205 7.868067
1206 7.874307
1207 7.880547
1208 7.893027
1209 7.895107
1210 7.897187
1211 7.899267
1212 7.901347
1213 7.924227
1214 7.928387
1215 7.934627
1216 7.940867
1217 7.947107
1218 7.955427
1219 7.957507
1220 7.959587
1221 7.961667
1222 7.963747
1223 7.988707
1224 7.990787
1225 7.992867
1226 7.999107
1227 8.005347
1228 8.019907
1229 8.021987
1230 8.024067
1231 8.026147
1232 8.028227
1233 8.053187
1234 8.055267
1235 8.061507
1236 8.067747
1237 8.073987
1238 8.084387
1239 8.086467
1240 8.088547
1241 8.090627
1242 8.092707
1243 8.117667
1244 8.123907
1245 8.130147
1246 8.136387
1247 8.142627
1248 8.148867
1249 8.150947
1250 8.153027
1251 8.155107
1252 8.157187
1253 8.182147
1254 8.184227
1255 8.188387
1256 8.194627
1257 8.200867
1258 8.213347
1259 8.215427
1260 8.217507
1261 8.219587
1262 8.221667
1263 8.246627
1264 8.250787
1265 8.257027
1266 8.263267
1267 8.269507
1268 8.279907
1269 8.281987
1270 8.286147
1271 8.288227
1272 8.292387
1273 8.319427
1274 8.321507
1275 8.323587
1276 8.329827
1277 8.336067
1278 8.350627
1279 8.352707
1280 8.354787
1281 8.356867
1282 8.358947
1283 8.381827
1284 8.383907
1285 8.390147
1286 8.396387
1287 8.402627
1288 8.413027
1289 8.415107
1290 8.417187
1291 8.419267
1292 8.421347
1293 8.444227
1294 8.450467
1295 8.456707
1296 8.462947
1297 8.469187
1298 8.475427
1299 8.477507
1300 8.479587
1301 8.481667
1302 8.483747
1303 8.506627
1304 8.508707
1305 8.512867
1306 8.519107
1307 8.525347
1308 8.537827
1309 8.539907
1310 8.541987
1311 8.544067
1312 8.546147
1313 8.569027
1314 8.573187
1315 8.579427
1316 8.585667
1317 8.591907
1318 8.602307
1319 8.604387
1320 8.608547
1321 8.610627
1322 8.614787
1323 8.641827
1324 8.643907
1325 8.645987
1326 8.652227
1327 8.658467
1328 8.673027
1329 8.675107
1330 8.677187
1331 8.679267
1332 8.681347
1333 8.704227
1334 8.706307
1335 8.712547
1336 8.718787
1337 8.725027
1338 8.735427
1339 8.737507
1340 8.739587
1341 8.741667
1342 8.743747
1343 8.766627
1344 8.772867
1345 8.779107
1346 8.785347
1347 8.791587
1348 8.797827
1349 8.799907
1350 8.801987
1351 8.804067
1352 8.806147
1353 8.829027
1354 8.831107
1355 8.835267
1356 8.841507
1357 8.847747
1358 8.860227
1359 8.862307
1360 8.864387
1361 8.866467
1362 8.868547
1363 8.891427
1364 8.895587
1365 8.901827
1366 8.908067
1367 8.914307
1368 8.924707
1369 8.926787
1370 8.930947
1371 8.933027
1372 8.937187
1373 8.964227
1374 8.966307
1375 8.968387
1376 8.974627
1377 8.980867
1378 8.995427
1379 8.997507
1380 8.999587
1381 9.001667
1382 9.003747
1383 9.026627
1384 9.028707
1385 9.034947
1386 9.041187
1387 9.047427
1388 9.057827
1389 9.059907
1390 9.061987
1391 9.064067
1392 9.066147
1393 9.089027
1394 9.095267
1395 9.101507
1396 9.107747
1397 9.113987
1398 9.120227
1399 9.122307
1400 9.124387
1401 9.126467
1402 9.128547
1403 9.151427
1404 9.153507
1405 9.157667
1406 9.163907
1407 9.170147
1408 9.182627
1409 9.184707
1410 9.186787
1411 9.188867
1412 9.190947
1413 9.213827
1414 9.217987
1415 9.224227
1416 9.230467
1417 9.236707
1418 9.247107
1419 9.249187
1420 9.253347
1421 9.255427
1422 9.259587
1423 9.286627
1424 9.288707
1425 9.290787
1426 9.297027
1427 9.303267
1428 9.317827
1429 9.319907
1430 9.321987
1431 9.324067
1432 9.326147
1433 9.349027
1434 9.351107
1435 9.357347
1436 9.363587
1437 9.369827
1438 9.380227
1439 9.382307
1440 9.384387
1441 9.386467
1442 9.388547
1443 9.411427
1444 9.417667
1445 9.423907
1446 9.430147
1447 9.436387
1448 9.442627
1449 9.444707
1450 9.446787
1451 9.448867
1452 9.450947
1453 9.473827
1454 9.475907
1455 9.480067
1456 9.486307
1457 9.492547
1458 9.505027
1459 9.507107
1460 9.509187
1461 9.511267
1462 9.513347
1463 9.536227
1464 9.540387
1465 9.546627
1466 9.552867
1467 9.559107
1468 9.569507
1469 9.571587
1470 9.575747
1471 9.577827
1472 9.581987
1473 9.609027
1474 9.611107
1475 9.613187
1476 9.619427
1477 9.625667
1478 9.640227
1479 9.642307
1480 9.644387
1481 9.646467
1482 9.648547
1483 9.671427
1484 9.673507
1485 9.679747
1486 9.685987
1487 9.692227
1488 9.702627
1489 9.704707
1490 9.706787
1491 9.708867
1492 9.710947
1493 9.733827
1494 9.740067
1495 9.746307
1496 9.752547
1497 9.758787
1498 9.765027
1499 9.767107
1500 9.769187
1501 9.771267
1502 9.773347
1503 9.796227
1504 9.798307
1505 9.802467
1506 9.808707
1507 9.814947
1508 9.827427
1509 9.829507
1510 9.831587
1511 9.833667
1512 9.835747
1513 9.858627
1514 9.862787
1515 9.869027
1516 9.875267
1517 9.881507
1518 9.891907
1519 9.893987
1520 9.898147
1521 9.900227
1522 9.904387
1523 9.931427
1524 9.933507
1525 9.935587
1526 9.941827
1527 9.948067
1528 9.962627
1529 9.964707
1530 9.966787
1531 9.968867
1532 9.970947
1533 9.993827
1534 9.995907
1535 10.002147
1536 10.008387
1537 10.014627
1538 10.025027
1539 10.027107
1540 10.029187
1541 10.031267
1542 10.033347
1543 10.056227
1544 10.062467
1545 10.068707
1546 10.074947
1547 10.081187
1548 10.087427
1549 10.089507
1550 10.091587
1551 10.093667
1552 10.095747
1553 10.118627
1554 10.120707
1555 10.124867
1556 10.131107
1557 10.137347
1558 10.149827
1559 10.151907
1560 10.153987
1561 10.156067
1562 10.158147
1563 10.181027
1564 10.185187
1565 10.191427
1566 10.197667
1567 10.203907
1568 10.214307
1569 10.216387
1570 10.220547
1571 10.222627
1572 10.226787
1573 10.253827
1574 10.255907
1575 10.257987
1576 10.264227
1577 10.270467
1578 10.285027
1579 10.287107
1580 10.289187
1581 10.291267
1582 10.293347
1583 10.316227
1584 10.318307
1585 10.324547
1586 10.330787
1587 10.337027
1588 10.347427
1589 10.349507
1590 10.351587
1591 10.353667
1592 10.355747
1593 10.378627
1594 10.384867
1595 10.391107
1596 10.397347
1597 10.403587
1598 10.409827
1599 10.411907
1600 10.413987
1601 10.416067
1602 10.418147
1603 10.441027
1604 10.443107
1605 10.447267
1606 10.453507
1607 10.459747
1608 10.472227
1609 10.474307
1610 10.476387
1611 10.478467
1612 10.480547
1613 10.503427
1614 10.507587
1615 10.513827
1616 10.520067
1617 10.526307
1618 10.536707
1619 10.538787
1620 10.542947
1621 10.545027
1622 10.549187
1623 10.576227
1624 10.578307
1625 10.580387
1626 10.586627
1627 10.592867
1628 10.607427
1629 10.609507
1630 10.611587
1631 10.613667
1632 10.615747
1633 10.638627
1634 10.640707
1635 10.646947
1636 10.653187
1637 10.659427
1638 10.669827
1639 10.671907
1640 10.673987
1641 10.676067
1642 10.678147
1643 10.701027
1644 10.707267
1645 10.713507
1646 10.719747
1647 10.725987
1648 10.732227
1649 10.734307
1650 10.736387
1651 10.738467
1652 10.740547
1653 10.763427
1654 10.765507
1655 10.769667
1656 10.775907
1657 10.782147
1658 10.794627
1659 10.796707
1660 10.798787
1661 10.800867
1662 10.802947
1663 10.825827
1664 10.829987
1665 10.836227
1666 10.842467
1667 10.848707
1668 10.859107
1669 10.861187
1670 10.865347
1671 10.867427
1672 10.871587
1673 10.898627
1674 10.900707
1675 10.902787
1676 10.909027
1677 10.915267
1678 10.929827
1679 10.931907
1680 10.933987
1681 10.936067
1682 10.938147
1683 10.961027
1684 10.963107
1685 10.969347
1686 10.975587
1687 10.981827
1688 10.992227
1689 10.994307
1690 10.996387
1691 10.998467
1692 11.000547
1693 11.023427
1694 11.029667
1695 11.035907
1696 11.042147
1697 11.048387
1698 11.054627
1699 11.056707
1700 11.058787
1701 11.060867
1702 11.062947
1703 11.085827
1704 11.087907
1705 11.092067
1706 11.098307
1707 11.104547
1708 11.117027
1709 11.119107
1710 11.121187
1711 11.123267
1712 11.125347
1713 11.148227
1714 11.152387
1715 11.158627
1716 11.164867
1717 11.171107
1718 11.179427
1719 11.181507
1720 11.183587
1721 11.185667
1722 11.187747
1723 11.212707
1724 11.214787
1725 11.216867
1726 11.223107
1727 11.229347
1728 11.243907
1729 11.245987
1730 11.248067
1731 11.250147
1732 11.252227
1733 11.277187
1734 11.279267
1735 11.285507
1736 11.291747
1737 11.297987
1738 11.308387
1739 11.310467
1740 11.312547
1741 11.314627
1742 11.316707
1743 11.341667
1744 11.347907
1745 11.354147
1746 11.360387
1747 11.366627
1748 11.372867
1749 11.374947
1750 11.377027
1751 11.379107
1752 11.381187
1753 11.406147
1754 11.408227
1755 11.412387
1756 11.418627
1757 11.424867
1758 11.437347
1759 11.439427
1760 11.441507
1761 11.443587
1762 11.445667
1763 11.470627
1764 11.474787
1765 11.481027
1766 11.487267
1767 11.493507
1768 11.503907
1769 11.505987
1770 11.510147
1771 11.512227
1772 11.516387
1773 11.543427
1774 11.545507
1775 11.547587
1776 11.553827
1777 11.560067
1778 11.574627
1779 11.576707
1780 11.578787
1781 11.580867
1782 11.582947
1783 11.605827
1784 11.607907
1785 11.614147
1786 11.620387
1787 11.626627
1788 11.637027
1789 11.639107
1790 11.641187
1791 11.643267
1792 11.645347
1793 11.668227
1794 11.674467
1795 11.680707
1796 11.686947
1797 11.693187
1798 11.699427
1799 11.701507
1800 11.703587
1801 11.705667
1802 11.707747
1803 11.730627
1804 11.732707
1805 11.736867
1806 11.743107
1807 11.749347
1808 11.761827
1809 11.763907
1810 11.765987
1811 11.768067
1812 11.770147
1813 11.793027
1814 11.797187
1815 11.803427
1816 11.809667
1817 11.815907
1818 11.826307
1819 11.828387
1820 11.832547
1821 11.834627
1822 11.838787
1823 11.865827
1824 11.867907
1825 11.869987
1826 11.876227
1827 11.882467
1828 11.897027
1829 11.899107
1830 11.901187
1831 11.903267
1832 11.905347
1833 11.928227
1834 11.930307
1835 11.936547
1836 11.942787
1837 11.949027
1838 11.959427
1839 11.961507
1840 11.963587
1841 11.965667
1842 11.967747
1843 11.990627
1844 11.996867
1845 12.003107
1846 12.009347
1847 12.015587
1848 12.021827
1849 12.023907
1850 12.025987
1851 12.028067
1852 12.030147
1853 12.053027
1854 12.055107
1855 12.059267
1856 12.065507
1857 12.071747
1858 12.084227
1859 12.086307
1860 12.088387
1861 12.090467
1862 12.092547
