0 0.103192
1 0.120216
2 0.126456
3 0.140856
4 0.144936
5 0.155336
6 0.157416
7 0.180136
8 0.182216
9 0.186296
10 0.188376
11 0.209096
12 0.211176
13 0.213256
14 0.215336
15 0.256696
16 0.258776
17 0.260856
18 0.262936
19 0.267016
20 0.269096
21 0.271176
22 0.273256
23 0.314616
24 0.316696
25 0.318776
26 0.320856
27 0.322936
28 0.325016
29 0.327096
30 0.329176
31 0.372696
33 0.374776
35 0.376856
37 0.378936
39 0.383016
40 0.385096
41 0.387176
43 0.430536
44 0.432616
45 0.434696
47 0.438776
48 0.440856
49 0.442936
51 0.473656
32 0.477736
34 0.707944
36 0.734744
37 0.736824
38 0.765704
39 0.767784
40 0.769864
41 0.773944
42 0.806984
43 0.809064
44 0.811144
45 0.813224
46 0.817304
47 0.819384
48 0.858584
49 0.860664
50 0.862744
51 0.866824
52 0.868904
53 0.872984
54 0.875064
55 0.877144
56 0.922504
57 0.926584
58 0.930664
59 0.932744
60 0.934824
61 0.936904
62 0.988424
63 0.990504
64 0.994584
65 0.996664
66 0.998744
67 1.002824
68 1.004904
69 1.058504
70 1.060584
71 1.064664
72 1.066744
73 1.068824
74 1.072904
75 1.074984
76 1.134744
77 1.136824
78 1.138904
79 1.140984
80 1.145064
81 1.147144
82 1.151224
83 1.153304
84 1.217224
85 1.221304
86 1.223384
87 1.225464
88 1.227544
89 1.231624
90 1.233704
91 1.235784
92 1.239864
93 1.309944
94 1.312024
95 1.314104
96 1.318184
97 1.320264
98 1.322344
99 1.324424
100 1.328504
101 1.330584
102 1.332664
103 1.408904
104 1.410984
105 1.415064
106 1.417144
107 1.419224
108 1.423304
109 1.425384
110 1.427464
111 1.429544
112 1.433624
113 1.435704
114 1.518104
115 1.520184
116 1.522264
117 1.526344
118 1.528424
119 1.530504
120 1.534584
121 1.536664
122 1.538744
123 1.540824
124 1.544904
125 1.546984
126 1.631464
127 1.633544
128 1.637624
129 1.639704
130 1.641784
131 1.645864
132 1.647944
133 1.650024
135 1.654104
136 1.656184
137 1.660264
138 1.662344
139 1.744824
140 1.748904
141 1.750984
142 1.753064
143 1.757144
144 1.759224
145 1.761304
146 1.765384
147 1.767464
148 1.769544
134 1.773624
149 1.835064
150 1.839144
151 1.841224
152 1.843304
153 1.847384
154 1.849464
155 1.851544
156 1.902904
157 1.904984
158 1.909064
159 1.911144
160 1.913224
161 1.917304
162 1.919384
163 1.921464
164 1.972984
165 1.977064
166 1.979144
167 1.981224
168 1.985304
169 1.987384
170 1.989464
171 1.993544
172 2.049224
173 2.051304
174 2.055384
175 2.057464
176 2.059544
177 2.063624
178 2.065704
179 2.067784
180 2.071864
181 2.133704
182 2.135784
183 2.137864
184 2.139944
185 2.144024
186 2.146104
187 2.148184
188 2.152264
189 2.154344
190 2.156424
191 2.224424
192 2.226504
193 2.230584
194 2.232664
195 2.234744
196 2.236824
197 2.240904
198 2.242984
199 2.245064
200 2.249144
201 2.251224
202 2.323384
203 2.327464
204 2.329544
205 2.331624
206 2.335704
207 2.337784
208 2.339864
209 2.343944
210 2.346024
211 2.348104
212 2.352184
213 2.354264
214 2.432584
215 2.434664
216 2.438744
217 2.440824
218 2.442904
219 2.446984
220 2.449064
221 2.451144
222 2.453224
223 2.457304
224 2.459384
225 2.461464
226 2.465544
227 2.546024
228 2.550104
229 2.552184
230 2.556264
231 2.558344
232 2.560424
233 2.564504
234 2.566584
236 2.568664
237 2.572744
238 2.574824
239 2.576904
240 2.580984
241 2.661464
242 2.663544
243 2.665624
244 2.669704
245 2.671784
246 2.673864
247 2.677944
248 2.680024
249 2.682104
250 2.686184
235 2.688264
251 2.776744
252 2.780824
253 2.782904
254 2.784984
255 2.789064
256 2.793144
257 2.795224
258 2.840184
259 2.846344
260 2.848424
261 2.852504
262 2.854584
263 2.856664
264 2.860744
265 2.862824
266 2.908184
267 2.914344
268 2.916424
269 2.920504
270 2.922584
271 2.924664
272 2.926744
273 2.930824
274 2.932904
275 2.984424
276 2.990584
277 2.992664
278 2.994744
279 2.998824
280 3.000904
281 3.002984
282 3.005064
283 3.009144
284 3.011224
285 3.066904
286 3.073064
287 3.075144
288 3.079224
289 3.081304
290 3.085384
291 3.087464
292 3.089544
293 3.091624
294 3.095704
295 3.097784
296 3.159624
297 3.165784
298 3.167864
299 3.169944
300 3.174024
301 3.176104
302 3.178184
303 3.182264
304 3.184344
305 3.186424
306 3.188504
307 3.192584
308 3.258584
309 3.264744
310 3.266824
311 3.270904
312 3.272984
313 3.275064
314 3.279144
315 3.281224
316 3.283304
317 3.287384
318 3.289464
319 3.291544
320 3.293624
321 3.367784
322 3.371944
323 3.376024
324 3.378104
325 3.382184
326 3.384264
327 3.386344
328 3.390424
329 3.392504
330 3.394584
331 3.398664
332 3.400744
333 3.402824
334 3.404904
335 3.481144
336 3.487304
337 3.489384
338 3.493464
339 3.495544
340 3.497624
341 3.501704
342 3.503784
343 3.505864
344 3.509944
345 3.512024
346 3.514104
347 3.518184
348 3.520264
350 3.596504
351 3.600664
352 3.604744
353 3.606824
354 3.608904
355 3.612984
356 3.615064
357 3.617144
358 3.621224
359 3.623304
360 3.625384
361 3.629464
362 3.631544
363 3.633624
364 3.693224
365 3.695304
349 3.699384
366 3.707464
367 3.709544
368 3.711624
369 3.764984
370 3.767064
371 3.769144
372 3.771224
373 3.773304
374 3.777384
375 3.779464
376 3.781544
377 3.835064
378 3.837144
379 3.841224
380 3.843304
381 3.845384
382 3.847464
383 3.851544
384 3.853624
385 3.855704
386 3.911304
387 3.913384
388 3.917464
389 3.919544
390 3.921624
391 3.923704
392 3.927784
393 3.929864
394 3.931944
395 3.934024
396 3.993784
397 3.997864
398 3.999944
399 4.002024
400 4.006104
401 4.008184
402 4.010264
403 4.014344
404 4.016424
405 4.018504
406 4.020584
407 4.086504
408 4.088584
409 4.090664
410 4.094744
411 4.096824
412 4.098904
413 4.102984
414 4.105064
415 4.107144
416 4.111224
417 4.113304
418 4.115384
419 4.185464
420 4.187544
421 4.191624
422 4.193704
423 4.197784
424 4.199864
425 4.201944
426 4.206024
427 4.208104
428 4.210184
429 4.214264
430 4.216344
431 4.218424
432 4.294664
433 4.296744
434 4.298824
435 4.302904
436 4.304984
437 4.307064
438 4.311144
439 4.313224
440 4.315304
441 4.319384
442 4.321464
443 4.323544
444 4.327624
445 4.329704
446 4.408024
447 4.410104
448 4.414184
449 4.416264
450 4.420344
451 4.422424
452 4.424504
453 4.428584
454 4.430664
455 4.432744
456 4.436824
457 4.438904
458 4.440984
459 4.445064
461 4.521304
462 4.525384
463 4.527464
464 4.529544
465 4.533624
466 4.535704
467 4.537784
468 4.541864
469 4.543944
470 4.546024
471 4.550104
472 4.552184
473 4.556264
474 4.558344
475 4.615784
476 4.617864
460 4.619944
477 4.628024
478 4.630104
479 4.634184
480 4.675144
481 4.677224
482 4.679304
483 4.681384
484 4.683464
485 4.687544
486 4.689624
487 4.693704
488 4.724504
489 4.726584
490 4.728664
491 4.732744
492 4.734824
493 4.736904
494 4.738984
495 4.743064
496 4.745144
497 4.776024
498 4.778104
499 4.780184
500 4.784264
501 4.786344
502 4.790424
503 4.792504
504 4.794584
505 4.796664
506 4.800744
507 4.831704
508 4.835784
509 4.837864
510 4.839944
511 4.844024
512 4.846104
513 4.848184
514 4.852264
515 4.854344
516 4.856424
517 4.860584
518 4.895624
519 4.899704
520 4.901784
521 4.903864
522 4.907944
523 4.910024
524 4.912104
525 4.916184
526 4.918264
527 4.920344
528 4.924424
529 4.930664
530 4.967784
531 4.971864
532 4.973944
533 4.976024
534 4.980104
535 4.982184
536 4.984264
537 4.988344
538 4.990424
539 4.992504
540 4.996584
541 4.998664
542 5.011064
543 5.050264
544 5.054344
545 5.056424
546 5.058504
547 5.062584
548 5.064664
549 5.066744
550 5.070824
551 5.072904
552 5.074984
553 5.079064
554 5.081144
555 5.083224
556 5.097624
557 5.140904
558 5.142984
559 5.145064
560 5.149144
561 5.151224
562 5.153304
563 5.157384
564 5.159464
565 5.163544
566 5.165624
567 5.167704
568 5.171784
569 5.173864
570 5.190344
571 5.192424
572 5.237784
573 5.239864
574 5.243944
575 5.246024
576 5.248104
577 5.252184
578 5.254264
579 5.256344
580 5.260424
581 5.262504
582 5.264584
583 5.268664
584 5.270744
585 5.289304
586 5.291384
587 5.295464
588 5.340824
589 5.342904
590 5.346984
591 5.349064
592 5.351144
593 5.355224
594 5.357304
595 5.359384
596 5.363464
597 5.365544
598 5.367624
599 5.371704
600 5.373784
601 5.396424
602 5.398504
603 5.400584
604 5.450024
605 5.452104
606 5.454184
607 5.458264
608 5.460344
609 5.462424
610 5.466504
611 5.468584
612 5.470664
613 5.474744
614 5.476824
615 5.478904
616 5.482984
617 5.485064
618 5.509784
619 5.511864
620 5.513944
621 5.565384
622 5.567464
624 5.569544
625 5.573624
626 5.575704
627 5.577784
628 5.581864
629 5.583944
630 5.586024
631 5.590104
632 5.592184
633 5.594264
634 5.598344
635 5.600424
636 5.623144
637 5.625224
638 5.629304
639 5.655864
640 5.657944
641 5.662024
642 5.664104
623 5.666184
643 5.727624
644 5.729704
645 5.731784
646 5.733864
647 5.735944
648 5.738024
649 5.740104
650 5.742184
651 5.746264
652 5.789464
653 5.793544
654 5.795624
655 5.797704
656 5.799784
657 5.803864
658 5.805944
659 5.808024
660 5.810104
661 5.814184
662 5.859544
663 5.863624
664 5.865704
665 5.867784
666 5.869864
667 5.873944
668 5.876024
669 5.878104
670 5.880184
671 5.884264
672 5.886344
673 5.937864
674 5.939944
675 5.944024
676 5.946104
677 5.948184
678 5.952264
679 5.954344
680 5.956424
681 5.958504
682 5.960584
683 5.964664
684 5.966744
685 6.024424
686 6.026504
687 6.028584
688 6.032664
689 6.034744
690 6.036824
691 6.040904
692 6.042984
693 6.045064
694 6.047144
695 6.049224
696 6.053304
697 6.055384
698 6.117224
699 6.121304
700 6.123384
701 6.125464
702 6.129544
703 6.131624
704 6.135704
705 6.137784
706 6.139864
707 6.141944
708 6.144024
709 6.148104
710 6.150184
711 6.152264
712 6.220264
713 6.224344
714 6.226424
715 6.228504
716 6.232584
717 6.234664
718 6.236744
719 6.240824
720 6.242904
721 6.244984
722 6.247064
723 6.251144
724 6.253224
725 6.255304
726 6.257384
727 6.331544
728 6.333624
729 6.337704
730 6.339784
731 6.341864
732 6.345944
733 6.348024
734 6.352104
735 6.354184
736 6.356264
737 6.358344
738 6.362424
739 6.364504
740 6.366584
741 6.368664
742 6.372744
743 6.446984
744 6.449064
745 6.453144
746 6.455224
747 6.457304
748 6.461384
749 6.463464
750 6.465544
751 6.469624
752 6.471704
753 6.473784
754 6.477864
755 6.479944
756 6.482024
757 6.484104
759 6.486184
760 6.560424
761 6.564504
762 6.566584
763 6.568664
764 6.572744
765 6.574824
766 6.576904
767 6.580984
768 6.583064
769 6.585144
770 6.589224
771 6.591304
772 6.593384
773 6.597464
774 6.599544
775 6.601624
776 6.648824
758 6.652904
777 6.660984
778 6.710264
779 6.712344
780 6.714424
781 6.716504
782 6.718584
783 6.722664
784 6.724744
785 6.726824
786 6.728904
787 6.776264
788 6.778344
789 6.782424
790 6.784504
791 6.786584
792 6.790664
793 6.792744
794 6.794824
795 6.796904
796 6.800984
797 6.850504
798 6.854584
799 6.856664
800 6.858744
801 6.862824
802 6.864904
803 6.866984
804 6.871064
805 6.873144
806 6.877224
807 6.879304
808 6.934984
809 6.937064
810 6.939144
811 6.943224
812 6.945304
813 6.949384
814 6.951464
815 6.953544
816 6.957624
817 6.959704
818 6.961784
819 6.963864
820 7.025704
821 7.029784
822 7.031864
823 7.033944
824 7.038024
825 7.040104
826 7.042184
827 7.046264
828 7.048344
829 7.050424
830 7.054504
831 7.056584
832 7.122504
833 7.124584
834 7.126664
835 7.128744
836 7.132824
837 7.134904
838 7.136984
839 7.141064
840 7.143144
841 7.145224
842 7.149304
843 7.151384
844 7.153464
845 7.225544
846 7.227624
847 7.229704
848 7.231784
849 7.233864
850 7.237944
851 7.240024
852 7.244104
853 7.246184
854 7.248264
855 7.252344
856 7.254424
857 7.256504
858 7.260584
859 7.336824
860 7.338904
861 7.340984
862 7.343064
863 7.345144
864 7.349224
865 7.351304
866 7.353384
867 7.357464
868 7.359544
869 7.361624
870 7.365704
871 7.367784
872 7.369864
873 7.373944
874 7.452264
875 7.454344
876 7.456424
877 7.458504
880 7.462584
881 7.464664
882 7.468744
883 7.470824
884 7.472904
885 7.476984
886 7.479064
887 7.481144
888 7.485224
889 7.487304
890 7.550984
891 7.553064
892 7.555144
893 7.559224
894 7.561304
895 7.563384
878 7.567464
896 7.620744
897 7.624824
879 7.801624
898 7.844904
899 7.846984
900 7.896504
901 7.898584
902 7.900664
903 7.902744
904 7.954264
905 7.958344
906 7.960424
907 7.962504
908 8.020184
909 8.022264
910 8.024344
911 8.026424
912 8.030504
913 8.092344
914 8.094424
915 8.096504
916 8.098584
917 8.102664
918 8.104744
919 8.172744
920 8.174824
921 8.176904
922 8.180984
923 8.183064
924 8.185144
925 8.187224
926 8.261384
927 8.263464
928 8.267544
929 8.269624
930 8.271704
931 8.273784
932 8.277864
933 8.279944
934 8.358264
935 8.360344
936 8.364424
937 8.366504
938 8.368584
939 8.372664
940 8.374744
941 8.376824
942 8.378904
943 8.463384
944 8.465464
945 8.469544
946 8.471624
947 8.473704
948 8.477784
949 8.479864
950 8.483944
951 8.486024
952 8.488104
953 8.574664
954 8.578744
955 8.580824
956 8.582904
957 8.586984
958 8.589064
959 8.591144
960 8.595224
961 8.597304
962 8.599384
963 8.601464
964 8.688024
965 8.692104
966 8.694184
967 8.696264
968 8.700344
969 8.702424
970 8.704504
971 8.708584
972 8.710664
973 8.712744
974 8.716824
976 8.801304
977 8.805384
978 8.807464
979 8.809544
980 8.813624
981 8.815704
982 8.817784
983 8.821864
984 8.823944
985 8.826024
986 8.830104
987 8.893704
988 8.895784
975 8.897864
989 8.903944
990 8.908024
991 8.910104
992 8.959384
993 8.965624
994 8.969704
995 8.971784
996 8.975864
997 8.977944
998 8.980024
999 9.027384
1000 9.037704
1001 9.041784
1002 9.043864
1003 9.045944
1004 9.050024
1005 9.052104
1006 9.054184
1007 9.101544
1008 9.113944
1009 9.118024
1010 9.120104
1011 9.122184
1012 9.126264
1013 9.128344
1014 9.130424
1015 9.179864
1016 9.181944
1017 9.196344
1018 9.198424
1019 9.200504
1020 9.204584
1021 9.206664
1022 9.208744
1023 9.212824
1024 9.266424
1025 9.268504
1026 9.270584
1027 9.284984
1028 9.287064
1029 9.289144
1030 9.293224
1031 9.295304
1032 9.297384
1033 9.301464
1034 9.361224
1035 9.363304
1036 9.365384
1037 9.379784
1038 9.381864
1039 9.383944
1040 9.388024
1041 9.390104
1042 9.392184
1043 9.396264
1044 9.398344
1045 9.464264
1046 9.466344
1047 9.468424
1048 9.482824
1049 9.484904
1050 9.486984
1051 9.489064
1052 9.493144
1053 9.495224
1054 9.497304
1055 9.501384
1056 9.503464
1057 9.573544
1058 9.577624
1059 9.579704
1060 9.594104
1061 9.596184
1062 9.598264
1063 9.602344
1064 9.604424
1065 9.606504
1066 9.608584
1067 9.612664
1068 9.614744
1069 9.616824
1070 9.688984
1071 9.693064
1072 9.695144
1073 9.709544
1074 9.711624
1075 9.713704
1076 9.717784
1077 9.719864
1079 9.721944
1080 9.724024
1081 9.726104
1082 9.728184
1083 9.732264
1084 9.800264
1085 9.802344
1086 9.804424
1087 9.810504
1088 9.812584
1089 9.816664
1090 9.818744
1091 9.820824
1092 9.824904
1093 9.826984
1078 9.829064
1094 9.898904
1095 9.900984
1096 9.905064
1097 9.907144
1098 9.911224
1099 9.913304
1100 9.915384
1101 9.972904
1102 9.974984
1103 9.979064
1104 9.981144
1105 9.983224
1106 9.985304
1107 9.989384
1108 9.991464
1109 10.047064
1110 10.049144
1111 10.053224
1112 10.055304
1113 10.057384
1114 10.059464
1115 10.063544
1116 10.065624
1117 10.067704
1118 10.125384
1119 10.129464
1120 10.131544
1121 10.133624
1122 10.137704
1123 10.139784
1124 10.141864
1125 10.143944
1126 10.148024
1127 10.150104
1128 10.211944
1129 10.216024
1130 10.218104
1131 10.220184
1132 10.224264
1133 10.226344
1134 10.228424
1135 10.230504
1136 10.234584
1137 10.236664
1138 10.238744
1139 10.306744
1140 10.308824
1141 10.312904
1142 10.314984
1143 10.317064
1144 10.321144
1145 10.323224
1146 10.325304
1147 10.329384
1148 10.331464
1149 10.333544
1150 10.335624
1151 10.409784
1152 10.411864
1153 10.415944
1154 10.418024
1155 10.420104
1156 10.424184
1157 10.426264
1158 10.428344
1159 10.432424
1160 10.434504
1161 10.436584
1162 10.438664
1163 10.440744
1164 10.521064
1165 10.523144
1166 10.525224
1167 10.529304
1168 10.531384
1169 10.533464
1170 10.537544
1171 10.539624
1172 10.541704
1173 10.545784
1174 10.547864
1175 10.549944
1176 10.552024
1177 10.554104
1178 10.636424
1179 10.638504
1180 10.640584
1181 10.644664
1182 10.646744
1183 10.648824
1184 10.652904
1185 10.654984
1186 10.657064
1187 10.661144
1188 10.663224
1189 10.665304
1190 10.667384
1191 10.669464
1193 10.733144
1194 10.735224
1195 10.737304
1196 10.741384
1197 10.743464
1198 10.747544
1199 10.749624
1200 10.751704
1201 10.755784
1202 10.757864
1203 10.759944
1204 10.764024
1205 10.766104
1206 10.768184
1207 10.817464
1208 10.819544
1192 10.823624
1209 10.829704
1210 10.833784
1211 10.835864
1212 10.887304
1213 10.889384
1214 10.893464
1215 10.895544
1216 10.897624
1217 10.899704
1218 10.903784
1219 10.905864
1220 10.959464
1221 10.963544
1222 10.965624
1223 10.967704
1224 10.971784
1225 10.973864
1226 10.975944
1227 10.978024
1228 10.982104
1229 11.039864
1230 11.043944
1231 11.046024
1232 11.048104
1233 11.052184
1234 11.054264
1235 11.056344
1236 11.060424
1237 11.062504
1238 11.064584
1239 11.128504
1240 11.132584
1241 11.134664
1242 11.136744
1243 11.140824
1244 11.142904
1245 11.144984
1246 11.149064
1247 11.151144
1248 11.153224
1249 11.155304
1250 11.225384
1251 11.229464
1252 11.231544
1253 11.233624
1254 11.237704
1255 11.239784
1256 11.243864
1257 11.245944
1258 11.248024
1259 11.250104
1260 11.254184
1261 11.256264
1262 11.332504
1263 11.334584
1264 11.336664
1265 11.340744
1266 11.342824
1267 11.344904
1268 11.348984
1269 11.351064
1270 11.353144
1271 11.357224
1272 11.359304
1273 11.361384
1274 11.363464
1275 11.445864
1276 11.447944
1277 11.450024
1278 11.454104
1279 11.456184
1280 11.460264
1281 11.462344
1282 11.464424
1283 11.468504
1284 11.470584
1285 11.472664
1286 11.476744
1288 11.478824
1289 11.559224
1290 11.561304
1291 11.565384
1292 11.567464
1293 11.569544
1294 11.573624
1295 11.575704
1296 11.577784
1297 11.581864
1298 11.583944
1299 11.586024
1300 11.590104
1301 11.592184
1302 11.674584
1303 11.682664
1304 11.684744
1305 11.688824
1306 11.690904
1287 11.809784
1307 11.863384
1308 11.865464
1309 11.923224
1310 11.925304
1311 11.929384
1312 11.993304
1313 11.995384
1314 11.999464
1315 12.001544
