0.100000	0.006107
0.112213	0.008774
0.112213	0.010854
0.127093	0.008774
0.127093	0.010854
0.129173	0.010854
0.129173	0.012934
0.141973	0.010534
0.141973	0.014694
0.144053	0.018854
0.144053	0.023014
0.146133	0.027174
0.146133	0.033414
0.148213	0.037574
0.148213	0.043814
0.158613	0.039654
0.158613	0.045894
0.162773	0.047974
0.162773	0.054214
0.169013	0.054214
0.169013	0.060454
0.173173	0.062534
0.173173	0.068774
0.179413	0.068774
0.179413	0.075014
0.185653	0.075014
0.185653	0.081254
0.191893	0.081254
0.191893	0.087494
0.198133	0.087494
0.198133	0.093734
0.204373	0.093734
0.204373	0.099974
0.210613	0.099974
0.210613	0.106214
0.216853	0.106214
0.216853	0.112454
0.223093	0.112454
0.223093	0.118694
0.229333	0.118694
0.235573	0.118694
0.241813	0.118694
0.248053	0.118694
0.254293	0.118694
0.260533	0.118694
0.266773	0.118694
0.273013	0.118694
0.279253	0.118694
0.285493	0.118694
0.291733	0.118694
0.297973	0.118694
0.304213	0.118694
0.310453	0.118694
0.316693	0.118694
0.322933	0.118694
0.329173	0.118694
0.335413	0.118694
0.341653	0.118694
0.347893	0.118694
0.354133	0.118694
0.360373	0.118694
0.366613	0.118694
0.372853	0.118694
0.379093	0.118694
0.385333	0.118694
0.391573	0.118694
0.397813	0.118694
0.404053	0.118694
0.410293	0.118694
0.416533	0.118694
0.422773	0.118694
0.429013	0.118694
0.435253	0.118694
0.441493	0.118694
0.447733	0.118694
0.453973	0.118694
0.460213	0.118694
0.466453	0.118694
0.472693	0.118694
0.478933	0.118694
0.485173	0.118694
0.491413	0.118694
0.497653	0.118694
0.503893	0.118694
0.510133	0.118694
0.516373	0.118694
0.522613	0.118694
0.528853	0.118694
0.535093	0.118694
0.541333	0.118694
0.547573	0.118694
0.553813	0.118694
0.560053	0.118694
0.566293	0.118694
0.572533	0.118694
0.578773	0.118694
0.585013	0.118694
0.591253	0.118694
0.597493	0.118694
0.603733	0.118694
0.609973	0.118694
0.616213	0.118694
0.622453	0.118694
0.628693	0.118694
0.634933	0.118694
0.641173	0.118694
0.647413	0.118694
0.653653	0.118694
0.659893	0.118694
0.666133	0.118694
0.672373	0.118694
0.678613	0.118694
0.684853	0.118694
0.691093	0.118694
0.697333	0.118694
0.703573	0.118694
0.709813	0.118694
0.716053	0.118694
0.722293	0.118694
0.728533	0.118694
0.734773	0.118694
0.741013	0.118694
0.747253	0.118694
0.753493	0.118694
0.759733	0.118694
0.765973	0.118694
0.772213	0.118694
0.778453	0.118694
0.784693	0.118694
0.790933	0.118694
0.797173	0.118694
0.803413	0.118694
0.809653	0.118694
0.815893	0.118694
0.822133	0.118694
0.828373	0.118694
0.834613	0.118694
0.840853	0.118694
0.847093	0.118694
0.853333	0.118694
0.859573	0.118694
0.865813	0.118694
0.872053	0.118694
0.878293	0.118694
0.884533	0.118694
0.890773	0.118694
0.897013	0.118694
0.903253	0.118694
0.909493	0.118694
0.915733	0.118694
0.921973	0.118694
0.928213	0.118694
0.934453	0.118694
0.940693	0.118694
0.946933	0.118694
0.953173	0.118694
0.959413	0.118694
0.965653	0.118694
0.971893	0.118694
0.978133	0.118694
0.984373	0.118694
0.990613	0.118694
0.996853	0.118694
1.003093	0.118694
1.009333	0.118694
1.015573	0.118694
1.021813	0.118694
1.028053	0.118694
1.034293	0.118694
1.040533	0.118694
1.046773	0.118694
1.053013	0.118694
1.059253	0.118694
1.065493	0.118694
1.071733	0.118694
1.077973	0.118694
1.084213	0.118694
1.090453	0.118694
1.096693	0.118694
1.102933	0.118694
1.109173	0.118694
1.115413	0.118694
1.121653	0.118694
1.127893	0.118694
1.134133	0.118694
1.140373	0.118694
1.146613	0.118694
1.152853	0.118694
1.159093	0.118694
1.165333	0.118694
1.171573	0.118694
1.177813	0.118694
1.184053	0.118694
1.190293	0.118694
1.196533	0.118694
1.202773	0.118694
1.209013	0.118694
1.215253	0.118694
1.221493	0.118694
1.227733	0.118694
1.233973	0.118694
1.240213	0.118694
1.246453	0.118694
1.252693	0.118694
1.258933	0.118694
1.265173	0.118694
1.271413	0.118694
1.277653	0.118694
1.283893	0.118694
1.290133	0.118694
1.296373	0.118694
1.302613	0.118694
1.308853	0.118694
1.315093	0.118694
1.321333	0.118694
1.327573	0.118694
1.333813	0.118694
1.340053	0.118694
1.346293	0.118694
1.352533	0.118694
1.358773	0.118694
1.365013	0.118694
1.371253	0.118694
1.377493	0.118694
1.383733	0.118694
1.389973	0.118694
1.396213	0.118694
1.402453	0.118694
1.408693	0.118694
1.414933	0.118694
1.421173	0.118694
1.427413	0.118694
1.433653	0.118694
1.439893	0.118694
1.446133	0.118694
1.452373	0.118694
1.458613	0.118694
1.464853	0.118694
1.471093	0.118694
1.477333	0.118694
1.483573	0.118694
1.489813	0.118694
1.496053	0.118694
1.502293	0.118694
1.508533	0.118694
1.514773	0.118694
1.521013	0.118694
1.527253	0.118694
1.533493	0.118694
1.539733	0.118694
1.545973	0.118694
1.552213	0.118694
1.558453	0.118694
1.564693	0.118694
1.570933	0.118694
1.577173	0.118694
1.583413	0.118694
1.589653	0.118694
1.595893	0.118694
1.602133	0.118694
1.608373	0.118694
1.614613	0.118694
1.620853	0.118694
1.627093	0.118694
1.633333	0.118694
1.639573	0.118694
1.645813	0.118694
1.652053	0.118694
1.658293	0.118694
1.664533	0.118694
1.670773	0.118694
1.677013	0.118694
1.683253	0.118694
1.689493	0.118694
1.695733	0.118694
1.701973	0.118694
1.708213	0.118694
1.714453	0.118694
1.720693	0.118694
1.726933	0.118694
1.733173	0.118694
1.739413	0.118694
1.745653	0.118694
1.751893	0.118694
1.758133	0.118694
1.764373	0.118694
1.770613	0.118694
1.776853	0.118694
1.783093	0.118694
1.789333	0.118694
1.795573	0.118694
1.801813	0.118694
1.808053	0.118694
1.814293	0.118694
1.820533	0.118694
1.826773	0.118694
1.833013	0.118694
1.839253	0.118694
1.845493	0.118694
1.851733	0.118694
1.857973	0.118694
1.864213	0.118694
1.870453	0.118694
1.876693	0.118694
1.882933	0.118694
1.889173	0.118694
1.895413	0.118694
1.901653	0.118694
1.907893	0.118694
1.914133	0.118694
1.920373	0.118694
1.926613	0.118694
1.932853	0.118694
1.939093	0.118694
1.945333	0.118694
1.951573	0.118694
1.957813	0.118694
1.964053	0.118694
1.970293	0.118694
1.976533	0.118694
1.982773	0.118694
1.989013	0.118694
1.995253	0.118694
2.001493	0.118694
2.007733	0.118694
2.013973	0.118694
2.020213	0.118694
2.026453	0.118694
2.032693	0.118694
2.038933	0.118694
2.045173	0.118694
2.051413	0.118694
2.057653	0.118694
2.063893	0.118694
2.070133	0.118694
2.076373	0.118694
2.082613	0.118694
2.088853	0.118694
2.095093	0.118694
2.101333	0.118694
2.107573	0.118694
2.113813	0.118694
2.120053	0.118694
2.126293	0.118694
2.132533	0.118694
2.138773	0.118694
2.145013	0.118694
2.151253	0.118694
2.157493	0.118694
2.163733	0.118694
2.169973	0.118694
2.176213	0.118694
2.182453	0.118694
2.188693	0.118694
2.194933	0.118694
2.201173	0.118694
2.207413	0.118694
2.213653	0.118694
2.219893	0.118694
2.226133	0.118694
2.232373	0.118694
2.238613	0.118694
2.244853	0.118694
2.251093	0.118694
2.257333	0.118694
2.263573	0.118694
2.269813	0.118694
2.276053	0.118694
2.282293	0.118694
2.288533	0.118694
2.294773	0.118694
2.301013	0.118694
2.307253	0.118694
2.313493	0.118694
2.319733	0.118694
2.325973	0.118694
2.332213	0.118694
2.338453	0.118694
2.344693	0.118694
2.350933	0.118694
2.357173	0.118694
2.363413	0.118694
2.369653	0.118694
2.375893	0.118694
2.382133	0.118694
2.388373	0.118694
2.394613	0.118694
2.400853	0.118694
2.407093	0.118694
2.413333	0.118694
2.419573	0.118694
2.425813	0.118694
2.432053	0.118694
2.438293	0.118694
2.444533	0.118694
2.450773	0.118694
2.457013	0.118694
2.463253	0.118694
2.469493	0.118694
2.475733	0.118694
2.481973	0.118694
2.488213	0.118694
2.494453	0.118694
2.500693	0.118694
2.506933	0.118694
2.513173	0.118694
2.519413	0.118694
2.525653	0.118694
2.531893	0.118694
2.538133	0.118694
2.544373	0.118694
2.550613	0.118694
2.556853	0.118694
2.563093	0.118694
2.569333	0.118694
2.575573	0.118694
2.581813	0.118694
2.588053	0.118694
2.594293	0.118694
2.600533	0.118694
2.606773	0.118694
2.613013	0.118694
2.619253	0.118694
2.625493	0.118694
2.631733	0.118694
2.637973	0.118694
2.644213	0.118694
2.650453	0.118694
2.656693	0.118694
2.662933	0.118694
2.669173	0.118694
2.675413	0.118694
2.681653	0.118694
2.687893	0.118694
2.694133	0.118694
2.700373	0.118694
2.706613	0.118694
2.712853	0.118694
2.719093	0.118694
2.725333	0.118694
2.731573	0.118694
2.737813	0.118694
2.744053	0.118694
2.750293	0.118694
2.756533	0.118694
2.762773	0.118694
2.769013	0.118694
2.775253	0.118694
2.781493	0.118694
2.787733	0.118694
2.793973	0.118694
2.800213	0.118694
2.806453	0.118694
2.812693	0.118694
2.818933	0.118694
2.825173	0.118694
2.831413	0.118694
2.837653	0.118694
2.843893	0.118694
2.850133	0.118694
2.856373	0.118694
2.862613	0.118694
2.868853	0.118694
2.875093	0.118694
2.881333	0.118694
2.887573	0.118694
2.893813	0.118694
2.900053	0.118694
2.906293	0.118694
2.912533	0.118694
2.918773	0.118694
2.925013	0.118694
2.931253	0.118694
2.937493	0.118694
2.943733	0.118694
2.949973	0.118694
2.956213	0.118694
2.962453	0.118694
2.968693	0.118694
2.974933	0.118694
2.981173	0.118694
2.987413	0.118694
2.993653	0.118694
2.999893	0.118694
3.006133	0.118694
3.012373	0.118694
3.018613	0.118694
3.024853	0.118694
3.031093	0.118694
3.037333	0.118694
3.043573	0.118694
3.049813	0.118694
3.056053	0.118694
3.062293	0.118694
3.068533	0.118694
3.074773	0.118694
3.081013	0.118694
3.087253	0.118694
3.093493	0.118694
3.099733	0.118694
3.105973	0.118694
3.112213	0.118694
3.118453	0.118694
3.124693	0.118694
3.130933	0.118694
3.137173	0.118694
3.143413	0.118694
3.149653	0.118694
3.155893	0.118694
3.162133	0.118694
3.168373	0.118694
3.174613	0.118694
3.180853	0.118694
3.187093	0.118694
3.193333	0.118694
3.199573	0.118694
3.205813	0.118694
3.212053	0.118694
3.218293	0.118694
3.224533	0.118694
3.230773	0.118694
3.237013	0.118694
3.243253	0.118694
3.249493	0.118694
3.255733	0.118694
3.261973	0.118694
3.268213	0.118694
3.274453	0.118694
3.280693	0.118694
3.286933	0.118694
3.293173	0.118694
3.299413	0.118694
3.305653	0.118694
3.311893	0.118694
3.318133	0.118694
3.324373	0.118694
3.330613	0.118694
3.336853	0.118694
3.343093	0.118694
3.349333	0.118694
3.355573	0.118694
3.361813	0.118694
3.368053	0.118694
3.374293	0.118694
3.380533	0.118694
3.386773	0.118694
3.393013	0.118694
3.399253	0.118694
3.405493	0.118694
3.411733	0.118694
3.417973	0.118694
3.424213	0.118694
3.430453	0.118694
3.436693	0.118694
3.442933	0.118694
3.449173	0.118694
3.455413	0.118694
3.461653	0.118694
3.467893	0.118694
3.474133	0.118694
3.480373	0.118694
3.486613	0.118694
3.492853	0.118694
3.499093	0.118694
3.505333	0.118694
3.511573	0.118694
3.517813	0.118694
3.524053	0.118694
3.530293	0.118694
3.536533	0.118694
3.542773	0.118694
3.549013	0.118694
3.555253	0.118694
3.561493	0.118694
3.567733	0.118694
3.573973	0.118694
3.580213	0.118694
3.586453	0.118694
3.592693	0.118694
3.598933	0.118694
3.605173	0.118694
3.611413	0.118694
3.617653	0.118694
3.623893	0.118694
3.630133	0.118694
3.636373	0.118694
3.642613	0.118694
3.648853	0.118694
3.655093	0.118694
3.661333	0.118694
3.667573	0.118694
3.673813	0.118694
3.680053	0.118694
3.686293	0.118694
3.692533	0.118694
3.698773	0.118694
3.705013	0.118694
3.711253	0.118694
3.717493	0.118694
3.723733	0.118694
3.729973	0.118694
3.736213	0.118694
3.742453	0.118694
3.748693	0.118694
3.754933	0.118694
3.761173	0.118694
3.767413	0.118694
3.773653	0.118694
3.779893	0.118694
3.786133	0.118694
3.792373	0.118694
3.798613	0.118694
3.804853	0.118694
3.811093	0.118694
3.817333	0.118694
3.823573	0.118694
3.829813	0.118694
3.836053	0.118694
3.842293	0.118694
3.848533	0.118694
3.854773	0.118694
3.861013	0.118694
3.867253	0.118694
3.873493	0.118694
3.879733	0.118694
3.885973	0.118694
3.892213	0.118694
3.898453	0.118694
3.904693	0.118694
3.910933	0.118694
3.917173	0.118694
3.923413	0.118694
3.929653	0.118694
3.935893	0.118694
3.942133	0.118694
3.948373	0.118694
3.954613	0.118694
3.960853	0.118694
3.967093	0.118694
3.973333	0.118694
3.979573	0.118694
3.985813	0.118694
3.992053	0.118694
3.998293	0.118694
4.004533	0.118694
4.010773	0.118694
4.017013	0.118694
4.023253	0.118694
4.029493	0.118694
4.035733	0.118694
4.041973	0.118694
4.048213	0.118694
4.054453	0.118694
4.060693	0.118694
4.066933	0.118694
4.073173	0.118694
4.079413	0.118694
4.085653	0.118694
4.091893	0.118694
4.098133	0.118694
4.104373	0.118694
4.110613	0.118694
4.116853	0.118694
4.123093	0.118694
4.129333	0.118694
4.135573	0.118694
4.141813	0.118694
4.148053	0.118694
4.154293	0.118694
4.160533	0.118694
4.166773	0.118694
4.173013	0.118694
4.179253	0.118694
4.185493	0.118694
4.191733	0.118694
4.197973	0.118694
4.204213	0.118694
4.210453	0.118694
4.216693	0.118694
4.222933	0.118694
4.229173	0.118694
4.235413	0.118694
4.241653	0.118694
4.247893	0.118694
4.254133	0.118694
4.260373	0.118694
4.266613	0.118694
4.272853	0.118694
4.279093	0.118694
4.285333	0.118694
4.291573	0.118694
4.297813	0.118694
4.304053	0.118694
4.310293	0.118694
4.316533	0.118694
4.322773	0.118694
4.329013	0.118694
4.335253	0.118694
4.341493	0.118694
4.347733	0.118694
4.353973	0.118694
4.360213	0.118694
4.366453	0.118694
4.372693	0.118694
4.378933	0.118694
4.385173	0.118694
4.391413	0.118694
4.397653	0.118694
4.403893	0.118694
4.410133	0.118694
4.416373	0.118694
4.422613	0.118694
4.428853	0.118694
4.435093	0.118694
4.441333	0.118694
4.447573	0.118694
4.453813	0.118694
4.460053	0.118694
4.466293	0.118694
4.472533	0.118694
4.478773	0.118694
4.485013	0.118694
4.491253	0.118694
4.497493	0.118694
4.503733	0.118694
4.509973	0.118694
4.516213	0.118694
4.522453	0.118694
4.528693	0.118694
4.534933	0.118694
4.541173	0.118694
4.547413	0.118694
4.553653	0.118694
4.559893	0.118694
4.566133	0.118694
4.572373	0.118694
4.578613	0.118694
4.584853	0.118694
4.591093	0.118694
4.597333	0.118694
4.603573	0.118694
4.609813	0.118694
4.616053	0.118694
4.622293	0.118694
4.628533	0.118694
4.634773	0.118694
4.641013	0.118694
4.647253	0.118694
4.653493	0.118694
4.659733	0.118694
4.665973	0.118694
4.672213	0.118694
4.678453	0.118694
4.684693	0.118694
4.690933	0.118694
4.697173	0.118694
4.703413	0.118694
4.709653	0.118694
4.715893	0.118694
4.722133	0.118694
4.728373	0.118694
4.734613	0.118694
4.740853	0.118694
4.747093	0.118694
4.753333	0.118694
4.759573	0.118694
4.765813	0.118694
4.772053	0.118694
4.778293	0.118694
4.784533	0.118694
4.790773	0.118694
4.797013	0.118694
4.803253	0.118694
4.809493	0.118694
4.815733	0.118694
4.821973	0.118694
4.828213	0.118694
4.834453	0.118694
4.840693	0.118694
4.846933	0.118694
4.853173	0.118694
4.859413	0.118694
4.865653	0.118694
4.871893	0.118694
4.878133	0.118694
4.884373	0.118694
4.890613	0.118694
4.896853	0.118694
4.903093	0.118694
4.909333	0.118694
4.915573	0.118694
4.921813	0.118694
4.928053	0.118694
4.934293	0.118694
4.940533	0.118694
4.946773	0.118694
4.953013	0.118694
4.959253	0.118694
4.965493	0.118694
4.971733	0.118694
4.977973	0.118694
4.984213	0.118694
4.990453	0.118694
4.996693	0.118694
5.002933	0.118694
5.009173	0.118694
5.015413	0.118694
5.021653	0.118694
5.027893	0.118694
5.034133	0.118694
5.040373	0.118694
5.046613	0.118694
5.052853	0.118694
5.059093	0.118694
5.065333	0.118694
5.071573	0.118694
5.077813	0.118694
5.084053	0.118694
5.090293	0.118694
5.096533	0.118694
5.102773	0.118694
5.109013	0.118694
5.115253	0.118694
5.121493	0.118694
5.127733	0.118694
5.133973	0.118694
5.140213	0.118694
5.146453	0.118694
5.152693	0.118694
5.158933	0.118694
5.165173	0.118694
5.171413	0.118694
5.177653	0.118694
5.183893	0.118694
5.190133	0.118694
5.196373	0.118694
5.202613	0.118694
5.208853	0.118694
5.215093	0.118694
5.221333	0.118694
5.227573	0.118694
5.233813	0.118694
5.240053	0.118694
5.246293	0.118694
5.252533	0.118694
5.258773	0.118694
5.265013	0.118694
5.271253	0.118694
5.277493	0.118694
5.283733	0.118694
5.289973	0.118694
5.296213	0.118694
5.302453	0.118694
5.308693	0.118694
5.314933	0.118694
5.321173	0.118694
5.327413	0.118694
5.333653	0.118694
5.339893	0.118694
5.346133	0.118694
5.352373	0.118694
5.358613	0.118694
5.364853	0.118694
5.371093	0.118694
5.377333	0.118694
5.383573	0.118694
5.389813	0.118694
5.396053	0.118694
5.402293	0.118694
5.408533	0.118694
5.414773	0.118694
5.421013	0.118694
5.427253	0.118694
5.433493	0.118694
5.439733	0.118694
5.445973	0.118694
5.452213	0.118694
5.458453	0.118694
5.464693	0.118694
5.470933	0.118694
5.477173	0.118694
5.483413	0.118694
5.489653	0.118694
5.495893	0.118694
5.502133	0.118694
5.508373	0.118694
5.514613	0.118694
5.520853	0.118694
5.527093	0.118694
5.533333	0.118694
5.539573	0.118694
5.545813	0.118694
5.552053	0.118694
5.558293	0.118694
5.564533	0.118694
5.570773	0.118694
5.577013	0.118694
5.583253	0.118694
5.589493	0.118694
5.595733	0.118694
5.601973	0.118694
5.608213	0.118694
5.614453	0.118694
5.620693	0.118694
5.626933	0.118694
5.633173	0.118694
5.639413	0.118694
5.645653	0.118694
5.651893	0.118694
5.658133	0.118694
5.664373	0.118694
5.670613	0.118694
5.676853	0.118694
5.683093	0.118694
5.689333	0.118694
5.695573	0.118694
5.701813	0.118694
5.708053	0.118694
5.714293	0.118694
5.720533	0.118694
5.726773	0.118694
5.733013	0.118694
5.739253	0.118694
5.745493	0.118694
5.751733	0.118694
5.757973	0.118694
5.764213	0.118694
5.770453	0.118694
5.776693	0.118694
5.782933	0.118694
5.789173	0.118694
5.795413	0.118694
5.801653	0.118694
5.807893	0.118694
5.814133	0.118694
5.820373	0.118694
5.826613	0.118694
5.832853	0.118694
5.839093	0.118694
5.845333	0.118694
5.851573	0.118694
5.857813	0.118694
5.864053	0.118694
5.870293	0.118694
5.876533	0.118694
5.882773	0.118694
5.889013	0.118694
5.895253	0.118694
5.901493	0.118694
5.907733	0.118694
5.913973	0.118694
5.920213	0.118694
5.926453	0.118694
5.932693	0.118694
5.938933	0.118694
5.945173	0.118694
5.951413	0.118694
5.957653	0.118694
5.963893	0.118694
5.970133	0.118694
5.976373	0.118694
5.982613	0.118694
5.988853	0.118694
5.995093	0.118694
6.001333	0.118694
6.007573	0.118694
6.013813	0.118694
6.020053	0.118694
6.026293	0.118694
6.032533	0.118694
6.038773	0.118694
6.045013	0.118694
6.051253	0.118694
6.057493	0.118694
6.063733	0.118694
6.069973	0.118694
6.076213	0.118694
6.082453	0.118694
6.088693	0.118694
6.094933	0.118694
6.101173	0.118694
6.107413	0.118694
6.113653	0.118694
6.119893	0.118694
6.126133	0.118694
6.132373	0.118694
6.138613	0.118694
6.144853	0.118694
6.151093	0.118694
6.157333	0.118694
6.163573	0.118694
6.169813	0.118694
6.176053	0.118694
6.182293	0.118694
6.188533	0.118694
6.194773	0.118694
6.201013	0.118694
6.207253	0.118694
6.213493	0.118694
6.219733	0.118694
6.225973	0.118694
6.232213	0.118694
6.238453	0.118694
6.244693	0.118694
6.250933	0.118694
6.257173	0.118694
6.263413	0.118694
6.269653	0.118694
6.275893	0.118694
6.282133	0.118694
6.288373	0.118694
6.294613	0.118694
6.300853	0.118694
6.307093	0.118694
6.313333	0.118694
6.319573	0.118694
6.325813	0.118694
6.332053	0.118694
6.338293	0.118694
6.344533	0.118694
6.350773	0.118694
6.357013	0.118694
6.363253	0.118694
6.369493	0.118694
6.375733	0.118694
6.381973	0.118694
6.388213	0.118694
6.394453	0.118694
6.400693	0.118694
6.406933	0.118694
6.413173	0.118694
6.419413	0.118694
6.425653	0.118694
6.431893	0.118694
6.438133	0.118694
6.444373	0.118694
6.450613	0.118694
6.456853	0.118694
6.463093	0.118694
6.469333	0.118694
6.475573	0.118694
6.481813	0.118694
6.488053	0.118694
6.494293	0.118694
6.500533	0.118694
6.506773	0.118694
6.513013	0.118694
6.519253	0.118694
6.525493	0.118694
6.531733	0.118694
6.537973	0.118694
6.544213	0.118694
6.550453	0.118694
6.556693	0.118694
6.562933	0.118694
6.569173	0.118694
6.575413	0.118694
6.581653	0.118694
6.587893	0.118694
6.594133	0.118694
6.600373	0.118694
6.606613	0.118694
6.612853	0.118694
6.619093	0.118694
6.625333	0.118694
6.631573	0.118694
6.637813	0.118694
6.644053	0.118694
6.650293	0.118694
6.656533	0.118694
6.662773	0.118694
6.669013	0.118694
6.675253	0.118694
6.681493	0.118694
6.687733	0.118694
6.693973	0.118694
6.700213	0.118694
6.706453	0.118694
6.712693	0.118694
6.718933	0.118694
6.725173	0.118694
6.731413	0.118694
6.737653	0.118694
6.743893	0.118694
6.750133	0.118694
6.756373	0.118694
6.762613	0.118694
6.768853	0.118694
6.775093	0.118694
6.781333	0.118694
6.787573	0.118694
6.793813	0.118694
6.800053	0.118694
6.806293	0.118694
6.812533	0.118694
6.818773	0.118694
6.825013	0.118694
6.831253	0.118694
6.837493	0.118694
6.843733	0.118694
6.849973	0.118694
6.856213	0.118694
6.862453	0.118694
6.868693	0.118694
6.874933	0.118694
6.881173	0.118694
6.887413	0.118694
6.893653	0.118694
6.899893	0.118694
6.906133	0.118694
6.912373	0.118694
6.918613	0.118694
6.924853	0.118694
6.931093	0.118694
6.937333	0.118694
6.943573	0.118694
6.949813	0.118694
6.956053	0.118694
6.962293	0.118694
6.968533	0.118694
6.974773	0.118694
6.981013	0.118694
6.987253	0.118694
6.993493	0.118694
6.999733	0.118694
7.005973	0.118694
7.012213	0.118694
7.018453	0.118694
7.024693	0.118694
7.030933	0.118694
7.037173	0.118694
7.043413	0.118694
7.049653	0.118694
7.055893	0.118694
7.062133	0.118694
7.068373	0.118694
7.074613	0.118694
7.080853	0.118694
7.087093	0.118694
7.093333	0.118694
7.099573	0.118694
7.105813	0.118694
7.112053	0.118694
7.118293	0.118694
7.124533	0.118694
7.130773	0.118694
7.137013	0.118694
7.143253	0.118694
7.149493	0.118694
7.155733	0.118694
7.161973	0.118694
7.168213	0.118694
7.174453	0.118694
7.180693	0.118694
7.186933	0.118694
7.193173	0.118694
7.199413	0.118694
7.205653	0.118694
7.211893	0.118694
7.218133	0.118694
7.224373	0.118694
7.230613	0.118694
7.236853	0.118694
7.243093	0.118694
7.249333	0.118694
7.255573	0.118694
7.261813	0.118694
7.268053	0.118694
7.274293	0.118694
7.280533	0.118694
7.286773	0.118694
7.293013	0.118694
7.299253	0.118694
7.305493	0.118694
7.311733	0.118694
7.317973	0.118694
7.324213	0.118694
7.330453	0.118694
7.336693	0.118694
7.342933	0.118694
7.349173	0.118694
7.355413	0.118694
7.361653	0.118694
7.367893	0.118694
7.374133	0.118694
7.380373	0.118694
7.386613	0.118694
7.392853	0.118694
7.399093	0.118694
7.405333	0.118694
7.411573	0.118694
7.417813	0.118694
7.424053	0.118694
7.430293	0.118694
7.436533	0.118694
7.442773	0.118694
7.449013	0.118694
7.455253	0.118694
7.461493	0.118694
7.467733	0.118694
7.473973	0.118694
7.480213	0.118694
7.486453	0.118694
7.492693	0.118694
7.498933	0.118694
7.505173	0.118694
7.511413	0.118694
7.517653	0.118694
7.523893	0.118694
7.530133	0.118694
7.536373	0.118694
7.542613	0.118694
7.548853	0.118694
7.555093	0.118694
7.561333	0.118694
7.567573	0.118694
7.573813	0.118694
7.580053	0.118694
7.586293	0.118694
7.592533	0.118694
7.598773	0.118694
7.605013	0.118694
7.611253	0.118694
7.617493	0.118694
7.623733	0.118694
7.629973	0.118694
7.636213	0.118694
7.642453	0.118694
7.648693	0.118694
7.654933	0.118694
7.661173	0.118694
7.667413	0.118694
7.673653	0.118694
7.679893	0.118694
7.686133	0.118694
7.692373	0.118694
7.698613	0.118694
7.704853	0.118694
7.711093	0.118694
7.717333	0.118694
7.723573	0.118694
7.729813	0.118694
7.736053	0.118694
7.742293	0.118694
7.748533	0.118694
7.754773	0.118694
7.761013	0.118694
7.767253	0.118694
7.773493	0.118694
7.779733	0.118694
7.785973	0.118694
7.792213	0.118694
7.798453	0.118694
7.804693	0.118694
7.810933	0.118694
7.817173	0.118694
7.823413	0.118694
7.829653	0.118694
7.835893	0.118694
7.842133	0.118694
7.848373	0.118694
7.854613	0.118694
7.860853	0.118694
7.867093	0.118694
7.873333	0.118694
7.879573	0.118694
7.885813	0.118694
7.892053	0.118694
7.898293	0.118694
7.904533	0.118694
7.910773	0.118694
7.917013	0.118694
7.923253	0.118694
7.929493	0.118694
7.935733	0.118694
7.941973	0.118694
7.948213	0.118694
7.954453	0.118694
7.960693	0.118694
7.966933	0.118694
7.973173	0.118694
7.979413	0.118694
7.985653	0.118694
7.991893	0.118694
7.998133	0.118694
8.004373	0.118694
8.010613	0.118694
8.016853	0.118694
8.023093	0.118694
8.029333	0.118694
8.035573	0.118694
8.041813	0.118694
8.048053	0.118694
8.054293	0.118694
8.060533	0.118694
8.066773	0.118694
8.073013	0.118694
8.079253	0.118694
8.085493	0.118694
8.091733	0.118694
8.097973	0.118694
8.104213	0.118694
8.110453	0.118694
8.116693	0.118694
8.122933	0.118694
8.129173	0.118694
8.135413	0.118694
8.141653	0.118694
8.147893	0.118694
8.154133	0.118694
8.160373	0.118694
8.166613	0.118694
8.172853	0.118694
8.179093	0.118694
8.185333	0.118694
8.191573	0.118694
8.197813	0.118694
8.204053	0.118694
8.210293	0.118694
8.216533	0.118694
8.222773	0.118694
8.229013	0.118694
8.235253	0.118694
8.241493	0.118694
8.247733	0.118694
8.253973	0.118694
8.260213	0.118694
8.266453	0.118694
8.272693	0.118694
8.278933	0.118694
8.285173	0.118694
8.291413	0.118694
8.297653	0.118694
8.303893	0.118694
8.310133	0.118694
8.316373	0.118694
8.322613	0.118694
8.328853	0.118694
8.335093	0.118694
8.341333	0.118694
8.347573	0.118694
8.353813	0.118694
8.360053	0.118694
8.366293	0.118694
8.372533	0.118694
8.378773	0.118694
8.385013	0.118694
8.391253	0.118694
8.397493	0.118694
8.403733	0.118694
8.409973	0.118694
8.416213	0.118694
8.422453	0.118694
8.428693	0.118694
8.434933	0.118694
8.441173	0.118694
8.447413	0.118694
8.453653	0.118694
8.459893	0.118694
8.466133	0.118694
8.472373	0.118694
8.478613	0.118694
8.484853	0.118694
8.491093	0.118694
8.497333	0.118694
8.503573	0.118694
8.509813	0.118694
8.516053	0.118694
8.522293	0.118694
8.528533	0.118694
8.534773	0.118694
8.541013	0.118694
8.547253	0.118694
8.553493	0.118694
8.559733	0.118694
8.565973	0.118694
8.572213	0.118694
8.578453	0.118694
8.584693	0.118694
8.590933	0.118694
8.597173	0.118694
8.603413	0.118694
8.609653	0.118694
8.615893	0.118694
8.622133	0.118694
8.628373	0.118694
8.634613	0.118694
8.640853	0.118694
8.647093	0.118694
8.653333	0.118694
8.659573	0.118694
8.665813	0.118694
8.672053	0.118694
8.678293	0.118694
8.684533	0.118694
8.690773	0.118694
8.697013	0.118694
8.703253	0.118694
8.709493	0.118694
8.715733	0.118694
8.721973	0.118694
8.728213	0.118694
8.734453	0.118694
8.740693	0.118694
8.746933	0.118694
8.753173	0.118694
8.759413	0.118694
8.765653	0.118694
8.771893	0.118694
8.778133	0.118694
8.784373	0.118694
8.790613	0.118694
8.796853	0.118694
8.803093	0.118694
8.809333	0.118694
8.815573	0.118694
8.821813	0.118694
8.828053	0.118694
8.834293	0.118694
8.840533	0.118694
8.846773	0.118694
8.853013	0.118694
8.859253	0.118694
8.865493	0.118694
8.871733	0.118694
8.877973	0.118694
8.884213	0.118694
8.890453	0.118694
8.896693	0.118694
8.902933	0.118694
8.909173	0.118694
8.915413	0.118694
8.921653	0.118694
8.927893	0.118694
8.934133	0.118694
8.940373	0.118694
8.946613	0.118694
8.952853	0.118694
8.959093	0.118694
8.965333	0.118694
8.971573	0.118694
8.977813	0.118694
8.984053	0.118694
8.990293	0.118694
8.996533	0.118694
9.002773	0.118694
9.009013	0.118694
9.015253	0.118694
9.021493	0.118694
9.027733	0.118694
9.033973	0.118694
9.040213	0.118694
9.046453	0.118694
9.052693	0.118694
9.058933	0.118694
9.065173	0.118694
9.071413	0.118694
9.077653	0.118694
9.083893	0.118694
9.090133	0.118694
9.096373	0.118694
9.102613	0.118694
9.108853	0.118694
9.115093	0.118694
9.121333	0.118694
9.127573	0.118694
9.133813	0.118694
9.140053	0.118694
9.146293	0.118694
9.152533	0.118694
9.158773	0.118694
9.165013	0.118694
9.171253	0.118694
9.177493	0.118694
9.183733	0.118694
9.189973	0.118694
9.196213	0.118694
9.202453	0.118694
9.208693	0.118694
9.214933	0.118694
9.221173	0.118694
9.227413	0.118694
9.233653	0.118694
9.239893	0.118694
9.246133	0.118694
9.252373	0.118694
9.258613	0.118694
9.264853	0.118694
9.271093	0.118694
9.277333	0.118694
9.283573	0.118694
9.289813	0.118694
9.296053	0.118694
9.302293	0.118694
9.308533	0.118694
9.314773	0.118694
9.321013	0.118694
9.327253	0.118694
9.333493	0.118694
9.339733	0.118694
9.345973	0.118694
9.352213	0.118694
9.358453	0.118694
9.364693	0.118694
9.370933	0.118694
9.377173	0.118694
9.383413	0.118694
9.389653	0.118694
9.395893	0.118694
9.402133	0.118694
9.408373	0.118694
9.414613	0.118694
9.420853	0.118694
9.427093	0.118694
9.433333	0.118694
9.439573	0.118694
9.445813	0.118694
9.452053	0.118694
9.458293	0.118694
9.464533	0.118694
9.470773	0.118694
9.477013	0.118694
9.483253	0.118694
9.489493	0.118694
9.495733	0.118694
9.501973	0.118694
9.508213	0.118694
9.514453	0.118694
9.520693	0.118694
9.526933	0.118694
9.533173	0.118694
9.539413	0.118694
9.545653	0.118694
9.551893	0.118694
9.558133	0.118694
9.564373	0.118694
9.570613	0.118694
9.576853	0.118694
9.583093	0.118694
9.589333	0.118694
9.595573	0.118694
9.601813	0.118694
9.608053	0.118694
9.614293	0.118694
9.620533	0.118694
9.626773	0.118694
9.633013	0.118694
9.639253	0.118694
9.645493	0.118694
9.651733	0.118694
9.657973	0.118694
9.664213	0.118694
9.670453	0.118694
9.676693	0.118694
9.682933	0.118694
9.689173	0.118694
9.695413	0.118694
9.701653	0.118694
9.707893	0.118694
9.714133	0.118694
9.720373	0.118694
9.726613	0.118694
9.732853	0.118694
9.739093	0.118694
9.745333	0.118694
9.751573	0.118694
9.757813	0.118694
9.764053	0.118694
9.770293	0.118694
9.776533	0.118694
9.782773	0.118694
9.789013	0.118694
9.795253	0.118694
9.801493	0.118694
9.807733	0.118694
9.813973	0.118694
9.820213	0.118694
9.826453	0.118694
9.832693	0.118694
9.838933	0.118694
9.845173	0.118694
9.851413	0.118694
9.857653	0.118694
9.863893	0.118694
9.870133	0.118694
9.876373	0.118694
9.882613	0.118694
9.888853	0.118694
9.895093	0.118694
9.901333	0.118694
9.907573	0.118694
9.913813	0.118694
9.920053	0.118694
9.926293	0.118694
9.932533	0.118694
9.938773	0.118694
9.945013	0.118694
9.951253	0.118694
9.957493	0.118694
9.963733	0.118694
9.969973	0.118694
9.976213	0.118694
9.982453	0.118694
9.988693	0.118694
9.994933	0.118694
10.001173	0.118694
10.007413	0.118694
10.013653	0.118694
10.019893	0.118694
10.026133	0.118694
10.032373	0.118694
10.038613	0.118694
10.044853	0.118694
10.051093	0.118694
10.057333	0.118694
10.063573	0.118694
10.069813	0.118694
10.076053	0.118694
10.082293	0.118694
10.088533	0.118694
10.094773	0.118694
10.101013	0.118694
10.107253	0.118694
10.113493	0.118694
10.119733	0.118694
10.125973	0.118694
10.132213	0.118694
10.138453	0.118694
10.144693	0.118694
10.150933	0.118694
10.157173	0.118694
10.163413	0.118694
10.169653	0.118694
10.175893	0.118694
10.182133	0.118694
10.188373	0.118694
10.194613	0.118694
10.200853	0.118694
10.207093	0.118694
10.213333	0.118694
10.219573	0.118694
10.225813	0.118694
10.232053	0.118694
10.238293	0.118694
10.244533	0.118694
10.250773	0.118694
10.257013	0.118694
10.263253	0.118694
10.269493	0.118694
10.275733	0.118694
10.281973	0.118694
10.288213	0.118694
10.294453	0.118694
10.300693	0.118694
10.306933	0.118694
10.313173	0.118694
10.319413	0.118694
10.325653	0.118694
10.331893	0.118694
10.338133	0.118694
10.344373	0.118694
10.350613	0.118694
10.356853	0.118694
10.363093	0.118694
10.369333	0.118694
10.375573	0.118694
10.381813	0.118694
10.388053	0.118694
10.394293	0.118694
10.400533	0.118694
10.406773	0.118694
10.413013	0.118694
10.419253	0.118694
10.425493	0.118694
10.431733	0.118694
10.437973	0.118694
10.444213	0.118694
10.450453	0.118694
10.456693	0.118694
10.462933	0.118694
10.469173	0.118694
10.475413	0.118694
10.481653	0.118694
10.487893	0.118694
10.494133	0.118694
10.500373	0.118694
10.506613	0.118694
10.512853	0.118694
10.519093	0.118694
10.525333	0.118694
10.531573	0.118694
10.537813	0.118694
10.544053	0.118694
10.550293	0.118694
10.556533	0.118694
10.562773	0.118694
10.569013	0.118694
10.575253	0.118694
10.581493	0.118694
10.587733	0.118694
10.593973	0.118694
10.600213	0.118694
10.606453	0.118694
10.612693	0.118694
10.618933	0.118694
10.625173	0.118694
10.631413	0.118694
10.637653	0.118694
10.643893	0.118694
10.650133	0.118694
10.656373	0.118694
10.662613	0.118694
10.668853	0.118694
10.675093	0.118694
10.681333	0.118694
10.687573	0.118694
10.693813	0.118694
10.700053	0.118694
10.706293	0.118694
10.712533	0.118694
10.718773	0.118694
10.725013	0.118694
10.731253	0.118694
10.737493	0.118694
10.743733	0.118694
10.749973	0.118694
10.756213	0.118694
10.762453	0.118694
10.768693	0.118694
10.774933	0.118694
10.781173	0.118694
10.787413	0.118694
10.793653	0.118694
10.799893	0.118694
10.806133	0.118694
10.812373	0.118694
10.818613	0.118694
10.824853	0.118694
10.831093	0.118694
10.837333	0.118694
10.843573	0.118694
10.849813	0.118694
10.856053	0.118694
10.862293	0.118694
10.868533	0.118694
10.874773	0.118694
10.881013	0.118694
10.887253	0.118694
10.893493	0.118694
10.899733	0.118694
10.905973	0.118694
10.912213	0.118694
10.918453	0.118694
10.924693	0.118694
10.930933	0.118694
10.937173	0.118694
10.943413	0.118694
10.949653	0.118694
10.955893	0.118694
10.962133	0.118694
10.968373	0.118694
10.974613	0.118694
10.980853	0.118694
10.987093	0.118694
10.993333	0.118694
10.999573	0.118694
11.005813	0.118694
11.012053	0.118694
11.018293	0.118694
11.024533	0.118694
11.030773	0.118694
11.037013	0.118694
11.043253	0.118694
11.049493	0.118694
11.055733	0.118694
11.061973	0.118694
11.068213	0.118694
11.074453	0.118694
11.080693	0.118694
11.086933	0.118694
11.093173	0.118694
11.099413	0.118694
11.105653	0.118694
11.111893	0.118694
11.118133	0.118694
11.124373	0.118694
11.130613	0.118694
11.136853	0.118694
11.143093	0.118694
11.149333	0.118694
11.155573	0.118694
11.161813	0.118694
11.168053	0.118694
11.174293	0.118694
11.180533	0.118694
11.186773	0.118694
11.193013	0.118694
11.199253	0.118694
11.205493	0.118694
11.211733	0.118694
11.217973	0.118694
11.224213	0.118694
11.230453	0.118694
11.236693	0.118694
11.242933	0.118694
11.249173	0.118694
11.255413	0.118694
11.261653	0.118694
11.267893	0.118694
11.274133	0.118694
11.280373	0.118694
11.286613	0.118694
11.292853	0.118694
11.299093	0.118694
11.305333	0.118694
11.311573	0.118694
11.317813	0.118694
11.324053	0.118694
11.330293	0.118694
11.336533	0.118694
11.342773	0.118694
11.349013	0.118694
11.355253	0.118694
11.361493	0.118694
11.367733	0.118694
11.373973	0.118694
11.380213	0.118694
11.386453	0.118694
11.392693	0.118694
11.398933	0.118694
11.405173	0.118694
11.411413	0.118694
11.417653	0.118694
11.423893	0.118694
11.430133	0.118694
11.436373	0.118694
11.442613	0.118694
11.448853	0.118694
11.455093	0.118694
11.461333	0.118694
11.467573	0.118694
11.473813	0.118694
11.480053	0.118694
11.486293	0.118694
11.492533	0.118694
11.498773	0.118694
11.505013	0.118694
11.511253	0.118694
11.517493	0.118694
11.523733	0.118694
11.529973	0.118694
11.536213	0.118694
11.542453	0.118694
11.548693	0.118694
11.554933	0.118694
11.561173	0.118694
11.567413	0.118694
11.573653	0.118694
11.579893	0.118694
11.586133	0.118694
11.592373	0.118694
11.598613	0.118694
11.604853	0.118694
11.611093	0.118694
11.617333	0.118694
11.623573	0.118694
11.629813	0.118694
11.636053	0.118694
11.642293	0.118694
11.648533	0.118694
11.654773	0.118694
11.661013	0.118694
11.667253	0.118694
11.673493	0.118694
11.679733	0.118694
11.685973	0.118694
11.692213	0.118694
11.698453	0.118694
11.704693	0.118694
11.710933	0.118694
11.717173	0.118694
11.723413	0.118694
11.729653	0.118694
11.735893	0.118694
11.742133	0.118694
11.748373	0.118694
11.754613	0.118694
11.760853	0.118694
11.767093	0.118694
11.773333	0.118694
11.779573	0.118694
11.785813	0.118694
11.792053	0.118694
11.798293	0.118694
11.804533	0.118694
11.810773	0.118694
11.817013	0.118694
11.823253	0.118694
11.829493	0.118694
11.835733	0.118694
11.841973	0.118694
11.848213	0.118694
11.854453	0.118694
11.860693	0.118694
11.866933	0.118694
11.873173	0.118694
11.879413	0.118694
11.885653	0.118694
11.891893	0.118694
11.898133	0.118694
11.904373	0.118694
11.910613	0.118694
11.916853	0.118694
11.923093	0.118694
11.929333	0.118694
11.935573	0.118694
11.941813	0.118694
11.948053	0.118694
11.954293	0.118694
11.960533	0.118694
11.966773	0.118694
11.973013	0.118694
11.979253	0.118694
11.985493	0.118694
11.991733	0.118694
11.997973	0.118694
