0 0.103272
1 0.122296
2 0.130616
3 0.145176
4 0.147256
5 0.161816
6 0.163896
7 0.190936
8 0.193016
9 0.195096
10 0.197176
11 0.224216
12 0.226296
13 0.228376
14 0.230456
15 0.282456
16 0.284536
17 0.286616
18 0.288696
19 0.290776
20 0.292856
21 0.294936
22 0.297016
23 0.349016
24 0.351096
25 0.353176
26 0.355256
27 0.357336
28 0.359416
29 0.361496
30 0.363576
31 0.440536
32 0.442616
33 0.444696
34 0.446776
35 0.448856
36 0.450936
37 0.453016
38 0.455096
39 0.457176
40 0.459256
41 0.461336
42 0.463416
43 0.515416
44 0.517496
45 0.519576
46 0.521656
47 0.523736
48 0.525816
49 0.527896
50 0.529976
51 0.606936
52 0.609016
53 0.611096
54 0.613176
55 0.615256
56 0.617336
57 0.619416
58 0.621496
59 0.623576
60 0.625656
61 0.627736
62 0.629816
63 0.681816
64 0.683896
65 0.685976
66 0.688056
67 0.690136
68 0.692216
69 0.694296
70 0.696376
71 0.773336
72 0.775416
73 0.777496
74 0.779576
75 0.781656
76 0.783736
77 0.785816
78 0.787896
79 0.789976
80 0.792056
81 0.794136
82 0.796216
83 0.848216
84 0.850296
85 0.852376
86 0.854456
87 0.856536
88 0.858616
89 0.860696
90 0.862776
91 0.939736
92 0.941816
93 0.943896
94 0.945976
95 0.948056
96 0.950136
97 0.952216
98 0.954296
99 0.956376
100 0.958456
101 0.960536
102 0.962616
103 1.014616
104 1.016696
105 1.018776
106 1.020856
107 1.022936
108 1.025016
109 1.027096
110 1.029176
111 1.106136
112 1.108216
113 1.110296
114 1.112376
115 1.114456
116 1.116536
117 1.118616
118 1.120696
119 1.122776
120 1.124856
121 1.126936
122 1.129016
123 1.181016
124 1.183096
125 1.185176
126 1.187256
127 1.189336
128 1.191416
129 1.193496
130 1.195576
131 1.272536
132 1.274616
133 1.276696
134 1.278776
135 1.280856
136 1.282936
137 1.285016
138 1.287096
139 1.289176
140 1.291256
141 1.293336
142 1.295416
143 1.347416
144 1.349496
145 1.351576
146 1.353656
147 1.355736
148 1.357816
149 1.359896
150 1.361976
151 1.438936
152 1.441016
153 1.443096
154 1.445176
155 1.447256
156 1.449336
157 1.451416
158 1.453496
159 1.455576
160 1.457656
161 1.459736
162 1.461816
163 1.513816
164 1.515896
165 1.517976
166 1.520056
167 1.522136
168 1.524216
169 1.526296
170 1.528376
171 1.605336
172 1.607416
173 1.609496
174 1.611576
175 1.613656
176 1.615736
177 1.617816
178 1.619896
179 1.621976
180 1.624056
181 1.626136
182 1.628216
183 1.680216
184 1.682296
185 1.684376
186 1.686456
187 1.688536
188 1.690616
189 1.692696
190 1.694776
191 1.771736
192 1.773816
193 1.775896
194 1.777976
195 1.780056
196 1.782136
197 1.784216
198 1.786296
199 1.788376
200 1.790456
201 1.792536
202 1.794616
203 1.846616
204 1.848696
205 1.850776
206 1.852856
207 1.854936
208 1.857016
209 1.859096
210 1.861176
211 1.938136
212 1.940216
213 1.942296
214 1.944376
215 1.946456
216 1.948536
217 1.950616
218 1.952696
219 1.954776
220 1.956856
221 1.958936
222 1.961016
223 2.013016
224 2.015096
225 2.017176
226 2.019256
227 2.021336
228 2.023416
229 2.025496
230 2.027576
231 2.104536
232 2.106616
233 2.108696
234 2.110776
235 2.112856
236 2.114936
237 2.117016
238 2.119096
239 2.121176
240 2.123256
241 2.125336
242 2.127416
243 2.179416
244 2.181496
245 2.183576
246 2.185656
247 2.187736
248 2.189816
249 2.191896
250 2.193976
251 2.270936
252 2.273016
253 2.275096
254 2.277176
255 2.279256
256 2.281336
257 2.283416
258 2.285496
259 2.287576
260 2.289656
261 2.291736
262 2.293816
263 2.345816
264 2.347896
265 2.349976
266 2.352056
267 2.354136
268 2.356216
269 2.358296
270 2.360376
271 2.437336
272 2.439416
273 2.441496
274 2.443576
275 2.445656
276 2.447736
277 2.449816
278 2.451896
279 2.453976
280 2.456056
281 2.458136
282 2.460216
283 2.512216
284 2.514296
285 2.516376
286 2.518456
287 2.520536
288 2.522616
289 2.524696
290 2.526776
291 2.603736
292 2.605816
293 2.607896
294 2.609976
295 2.612056
296 2.614136
297 2.616216
298 2.618296
299 2.620376
300 2.622456
301 2.624536
302 2.626616
303 2.678616
304 2.680696
305 2.682776
306 2.684856
307 2.686936
308 2.689016
309 2.691096
310 2.693176
311 2.770136
312 2.772216
313 2.774296
314 2.776376
315 2.778456
316 2.780536
317 2.782616
318 2.784696
319 2.786776
320 2.788856
321 2.790936
322 2.793016
323 2.845016
324 2.847096
325 2.849176
326 2.851256
327 2.853336
328 2.855416
329 2.857496
330 2.859576
331 2.936536
332 2.938616
333 2.940696
334 2.942776
335 2.944856
336 2.946936
337 2.949016
338 2.951096
339 2.953176
340 2.955256
341 2.957336
342 2.959416
343 3.011416
344 3.013496
345 3.015576
346 3.017656
347 3.019736
348 3.021816
349 3.023896
350 3.025976
351 3.102936
352 3.105016
353 3.107096
354 3.109176
355 3.111256
356 3.113336
357 3.115416
358 3.117496
359 3.119576
360 3.121656
361 3.123736
362 3.125816
363 3.177816
364 3.179896
365 3.181976
366 3.184056
367 3.186136
368 3.188216
369 3.190296
370 3.192376
371 3.269336
372 3.271416
373 3.273496
374 3.275576
375 3.277656
376 3.279736
377 3.281816
378 3.283896
379 3.285976
380 3.288056
381 3.290136
382 3.292216
383 3.344216
384 3.346296
385 3.348376
386 3.350456
387 3.352536
388 3.354616
389 3.356696
390 3.358776
391 3.435736
392 3.437816
393 3.439896
394 3.441976
395 3.444056
396 3.446136
397 3.448216
398 3.450296
399 3.452376
400 3.454456
401 3.456536
402 3.458616
403 3.510616
404 3.512696
405 3.514776
406 3.516856
407 3.518936
408 3.521016
409 3.523096
410 3.525176
411 3.602136
412 3.604216
413 3.606296
414 3.608376
415 3.610456
416 3.612536
417 3.614616
418 3.616696
419 3.618776
420 3.620856
421 3.622936
422 3.625016
423 3.677016
424 3.679096
425 3.681176
426 3.683256
427 3.685336
428 3.687416
429 3.689496
430 3.691576
431 3.768536
432 3.770616
433 3.772696
434 3.774776
435 3.776856
436 3.778936
437 3.781016
438 3.783096
439 3.785176
440 3.787256
441 3.789336
442 3.791416
443 3.843416
444 3.845496
445 3.847576
446 3.849656
447 3.851736
448 3.853816
449 3.855896
450 3.857976
451 3.934936
452 3.937016
453 3.939096
454 3.941176
455 3.943256
456 3.945336
457 3.947416
458 3.949496
459 3.951576
460 3.953656
461 3.955736
462 3.957816
463 4.009816
464 4.011896
465 4.013976
466 4.016056
467 4.018136
468 4.020216
469 4.022296
470 4.024376
473 4.084696
474 4.086776
475 4.088856
476 4.090936
477 4.093016
478 4.095096
479 4.097176
480 4.099256
481 4.101336
482 4.103416
483 4.155416
484 4.157496
485 4.159576
486 4.161656
471 4.180376
472 4.182456
487 4.184536
488 4.186616
489 4.188696
490 4.190776
471 4.205336
491 4.255256
492 4.259416
493 4.263576
494 4.267736
495 4.271896
496 4.273976
497 4.276056
498 4.278136
499 4.280216
500 4.282296
501 4.296856
502 4.346776
503 4.353016
504 4.357176
505 4.361336
506 4.363416
507 4.365496
508 4.367576
509 4.369656
510 4.371736
511 4.373816
512 4.388376
513 4.442456
514 4.450776
515 4.454936
516 4.459096
517 4.461176
518 4.463256
519 4.465336
520 4.467416
521 4.469496
522 4.471576
523 4.473656
524 4.488216
525 4.544376
526 4.552696
527 4.558936
528 4.563096
529 4.565176
530 4.567256
531 4.569336
532 4.571416
533 4.573496
534 4.575576
535 4.577656
536 4.579736
537 4.596376
538 4.654616
539 4.662936
540 4.671256
541 4.675416
542 4.677496
543 4.679576
544 4.681656
545 4.683736
546 4.685816
547 4.687896
548 4.689976
549 4.692056
550 4.694136
551 4.712856
552 4.773176
553 4.781496
554 4.789816
555 4.796056
556 4.798136
557 4.800216
558 4.802296
559 4.804376
560 4.806456
561 4.808536
562 4.810616
563 4.812696
564 4.814776
565 4.816856
566 4.837656
567 4.900056
568 4.908376
569 4.916696
570 4.925016
571 4.927096
572 4.929176
573 4.931256
574 4.933336
575 4.935416
576 4.937496
577 4.939576
578 4.941656
579 4.943736
580 4.945816
581 4.947896
582 4.970776
583 5.035256
584 5.043576
585 5.051896
586 5.060216
587 5.062296
588 5.064376
589 5.066456
590 5.068536
591 5.070616
592 5.072696
593 5.074776
594 5.076856
595 5.078936
596 5.081016
597 5.083096
598 5.085176
599 5.112216
600 5.178776
601 5.187096
602 5.195416
603 5.203736
604 5.205816
605 5.207896
606 5.209976
607 5.212056
608 5.214136
609 5.216216
610 5.218296
611 5.220376
612 5.222456
613 5.224536
614 5.226616
615 5.228696
616 5.230776
617 5.261976
618 5.328536
619 5.336856
620 5.345176
621 5.353496
622 5.355576
623 5.357656
624 5.359736
625 5.361816
626 5.363896
627 5.365976
628 5.368056
629 5.370136
630 5.372216
631 5.374296
632 5.376376
633 5.378456
634 5.380536
635 5.382616
636 5.417976
637 5.486616
638 5.494936
639 5.503256
640 5.511576
641 5.513656
642 5.515736
643 5.517816
644 5.519896
645 5.521976
646 5.524056
647 5.526136
648 5.528216
649 5.530296
650 5.532376
651 5.534456
652 5.536536
653 5.538616
654 5.540696
655 5.542776
656 5.582296
657 5.653016
658 5.661336
659 5.669656
660 5.677976
661 5.680056
662 5.682136
663 5.684216
664 5.686296
665 5.688376
666 5.690456
667 5.692536
668 5.694616
669 5.696696
670 5.698776
671 5.700856
672 5.702936
673 5.705016
674 5.707096
675 5.709176
676 5.748696
677 5.819416
678 5.827736
679 5.836056
680 5.844376
681 5.846456
682 5.848536
683 5.850616
684 5.852696
685 5.854776
686 5.856856
687 5.858936
688 5.861016
689 5.863096
690 5.865176
691 5.867256
692 5.869336
693 5.871416
694 5.873496
695 5.875576
696 5.915096
697 5.985816
698 5.994136
699 6.002456
700 6.010776
701 6.012856
702 6.014936
703 6.017016
704 6.019096
705 6.021176
706 6.023256
707 6.025336
708 6.027416
709 6.029496
710 6.031576
711 6.033656
712 6.035736
713 6.037816
714 6.039896
715 6.041976
716 6.081496
717 6.116856
718 6.121016
719 6.123096
720 6.125176
721 6.127256
722 6.129336
736 6.148056
737 6.162616
738 6.164696
739 6.166776
740 6.168856
741 6.170936
742 6.173016
723 6.179720
724 6.444744
725 6.468840
726 6.470920
727 6.502120
728 6.506280
729 6.510440
730 6.512520
731 6.549960
732 6.552040
733 6.556200
734 6.560360
735 6.562440
736 6.608200
737 6.610280
738 6.614440
739 6.616520
740 6.620680
743 6.622760
744 6.624840
745 6.626920
746 6.631080
747 6.633160
748 6.635240
749 6.674760
750 6.676840
751 6.685160
752 6.689320
753 6.691400
754 6.693480
755 6.695560
756 6.739240
757 6.741320
758 6.751720
759 6.755880
760 6.757960
761 6.760040
762 6.762120
763 6.764200
764 6.812040
765 6.814120
766 6.826600
767 6.830760
768 6.832840
769 6.834920
770 6.837000
771 6.839080
772 6.841160
773 6.893160
774 6.895240
775 6.909800
776 6.913960
777 6.916040
778 6.918120
779 6.920200
780 6.922280
781 6.924360
782 6.926440
783 6.980520
784 6.982600
785 6.997160
786 7.001320
787 7.003400
788 7.005480
789 7.007560
790 7.009640
791 7.011720
792 7.013800
793 7.015880
794 7.076200
795 7.078280
796 7.092840
797 7.097000
798 7.099080
799 7.101160
800 7.103240
801 7.105320
802 7.107400
803 7.109480
804 7.111560
805 7.176040
806 7.178120
807 7.180200
808 7.194760
809 7.201000
810 7.203080
811 7.205160
812 7.207240
813 7.209320
814 7.211400
815 7.213480
816 7.215560
817 7.284200
818 7.286280
819 7.288360
820 7.290440
821 7.305000
822 7.313320
823 7.315400
824 7.317480
825 7.319560
826 7.321640
827 7.323720
828 7.325800
829 7.327880
830 7.400680
831 7.402760
832 7.404840
833 7.406920
834 7.409000
835 7.423560
836 7.433960
837 7.436040
838 7.438120
839 7.440200
840 7.442280
841 7.444360
842 7.446440
843 7.448520
844 7.525480
845 7.527560
846 7.529640
847 7.531720
848 7.533800
849 7.535880
850 7.550440
851 7.560840
852 7.562920
853 7.565000
854 7.567080
855 7.569160
856 7.571240
857 7.573320
858 7.575400
859 7.631560
860 7.633640
861 7.635720
862 7.637800
863 7.639880
864 7.641960
865 7.644040
866 7.646120
867 7.656520
868 7.658600
869 7.660680
870 7.662760
871 7.664840
872 7.666920
873 7.669000
874 7.671080
875 7.718920
876 7.721000
877 7.723080
878 7.725160
879 7.727240
880 7.729320
881 7.731400
882 7.733480
885 7.743880
886 7.745960
887 7.748040
888 7.750120
889 7.752200
897 7.793800
898 7.795880
899 7.797960
900 7.808360
901 7.810440
883 7.963064
884 7.978088
885 7.980168
890 7.993112
891 7.995192
892 7.997272
893 7.999352
894 8.009288
895 8.011368
896 8.013448
897 8.015528
898 8.030552
899 8.032632
900 8.034712
902 8.036792
903 8.038872
904 8.040952
905 8.043032
906 8.045112
907 8.047192
908 8.072152
909 8.074232
910 8.076312
911 8.078392
912 8.080472
913 8.082552
914 8.105432
915 8.107512
916 8.109592
917 8.111672
918 8.113752
919 8.115832
920 8.117912
921 8.153272
922 8.157432
923 8.159512
924 8.161592
925 8.163672
926 8.165752
927 8.167832
928 8.169912
929 8.205272
930 8.209432
931 8.211512
932 8.213592
933 8.215672
934 8.217752
935 8.219832
936 8.221912
937 8.223992
938 8.265592
939 8.271832
940 8.273912
941 8.275992
942 8.278072
943 8.280152
944 8.282232
945 8.284312
946 8.286392
947 8.288472
948 8.330072
949 8.338392
950 8.340472
951 8.342552
952 8.344632
953 8.346712
954 8.348792
955 8.350872
956 8.352952
957 8.355032
958 8.357112
962 8.367512
963 8.369592
964 8.371672
965 8.373752
966 8.375832
959 8.411192
960 8.419512
961 8.421592
967 8.429912
968 8.431992
969 8.434072
970 8.436152
971 8.438232
959 8.440312
972 8.492312
973 8.494392
974 8.496472
975 8.498552
976 8.500632
977 8.502712
978 8.504792
979 8.506872
980 8.567192
981 8.569272
982 8.571352
983 8.573432
984 8.575512
985 8.577592
986 8.579672
987 8.581752
988 8.648312
989 8.650392
990 8.652472
991 8.654552
992 8.656632
993 8.658712
994 8.660792
995 8.662872
996 8.664952
997 8.725272
998 8.727352
999 8.729432
1000 8.731512
1001 8.733592
1002 8.735672
1003 8.737752
1004 8.739832
1005 8.741912
1006 8.743992
1007 8.808472
1008 8.810552
1009 8.812632
1010 8.814712
1011 8.816792
1012 8.818872
1013 8.820952
1014 8.823032
1015 8.825112
1016 8.827192
1017 8.829272
1018 8.899992
1019 8.902072
1020 8.904152
1021 8.906232
1022 8.908312
1023 8.910392
1024 8.912472
1025 8.914552
1026 8.916632
1027 8.918712
1028 8.920792
1029 8.922872
1030 8.999832
1031 9.001912
1032 9.003992
1033 9.006072
1034 9.008152
1035 9.010232
1036 9.012312
1037 9.014392
1038 9.016472
1039 9.018552
1040 9.020632
1041 9.022712
1042 9.105912
1043 9.107992
1044 9.110072
1045 9.112152
1046 9.114232
1047 9.116312
1048 9.118392
1049 9.120472
1050 9.122552
1051 9.124632
1052 9.126712
1053 9.128792
1054 9.130872
1055 9.220312
1056 9.222392
1057 9.224472
1058 9.226552
1059 9.228632
1060 9.230712
1061 9.232792
1062 9.234872
1063 9.236952
1064 9.239032
1065 9.241112
1066 9.243192
1067 9.245272
1068 9.247352
1069 9.343032
1070 9.345112
1071 9.347192
1072 9.349272
1073 9.351352
1074 9.353432
1075 9.355512
1076 9.357592
1077 9.359672
1078 9.361752
1079 9.363832
1080 9.365912
1081 9.367992
1082 9.370072
1083 9.372152
1084 9.474072
1085 9.476152
1086 9.478232
1087 9.480312
1088 9.482392
1089 9.484472
1090 9.486552
1091 9.488632
1092 9.490712
1093 9.492792
1094 9.494872
1095 9.496952
1096 9.499032
1097 9.501112
1098 9.503192
1099 9.505272
1100 9.613432
1101 9.615512
1102 9.617592
1103 9.619672
1104 9.621752
1105 9.623832
1106 9.625912
1107 9.627992
1108 9.630072
1109 9.632152
1110 9.634232
1111 9.636312
1117 9.736152
1118 9.738232
1119 9.740312
1120 9.742392
1121 9.744472
1130 9.829752
1131 9.831832
1112 9.833912
1113 10.088936
1114 10.103960
1115 10.106040
1116 10.118984
1117 10.121064
1118 10.123144
1119 10.125224
1122 10.134008
1123 10.136088
1124 10.138168
1125 10.140248
1126 10.142328
1127 10.144408
1128 10.153192
1129 10.157352
1130 10.159432
1131 10.161512
1132 10.163592
1133 10.168216
1134 10.174456
1135 10.176536
1136 10.178616
1137 10.180696
1138 10.182776
1139 10.184856
1140 10.195256
1141 10.197336
1142 10.199416
1143 10.201496
1144 10.203576
1145 10.205656
1146 10.207736
1147 10.228536
1148 10.230616
1149 10.232696
1150 10.234776
1151 10.236856
1152 10.238936
1153 10.241016
1154 10.243096
1155 10.257656
1156 10.259736
1157 10.261816
1158 10.263896
1159 10.265976
1160 10.268056
1161 10.270136
1162 10.272216
1163 10.293016
1164 10.295096
1165 10.297176
1166 10.299256
1167 10.301336
1168 10.303416
1169 10.305496
1170 10.307576
1171 10.309656
1172 10.336696
1173 10.338776
1174 10.340856
1175 10.342936
1176 10.345016
1177 10.347096
1178 10.349176
1179 10.351256
1180 10.353336
1181 10.355416
1182 10.392856
1183 10.394936
1184 10.397016
1185 10.399096
1186 10.401176
1187 10.403256
1188 10.405336
1189 10.407416
1190 10.409496
1191 10.411576
1192 10.413656
1193 10.469816
1194 10.471896
1195 10.473976
1196 10.476056
1197 10.478136
1198 10.480216
1199 10.482296
1200 10.484376
1201 10.486456
1202 10.488536
1203 10.490616
1204 10.492696
1205 10.540536
1206 10.542616
1207 10.544696
1208 10.546776
1209 10.548856
1210 10.550936
1211 10.553016
1212 10.555096
1213 10.557176
1214 10.559256
1215 10.561336
1216 10.563416
1217 10.565496
1218 10.617496
1219 10.619576
1220 10.621656
1221 10.623736
1222 10.625816
1223 10.627896
1224 10.629976
1225 10.632056
1226 10.634136
1227 10.636216
1228 10.638296
1229 10.640376
1230 10.642456
1231 10.644536
1232 10.702776
1233 10.704856
1234 10.706936
1235 10.709016
1236 10.711096
1237 10.713176
1238 10.715256
1239 10.717336
1240 10.719416
1241 10.721496
1242 10.723576
1243 10.725656
1244 10.727736
1245 10.729816
1246 10.731896
1247 10.796376
1248 10.798456
1249 10.800536
1250 10.802616
1251 10.804696
1252 10.806776
1253 10.808856
1254 10.810936
1255 10.813016
1256 10.815096
1257 10.817176
1258 10.819256
1259 10.821336
1260 10.823416
1261 10.825496
1262 10.827576
1263 10.896216
1264 10.898296
1265 10.900376
1266 10.902456
1267 10.904536
1268 10.906616
1269 10.908696
1270 10.910776
1271 10.912856
1272 10.914936
1273 10.917016
1274 10.919096
1275 10.921176
1276 10.923256
1277 10.925336
1278 10.927416
1279 10.929496
1280 11.004376
1281 11.006456
1282 11.008536
1283 11.010616
1284 11.012696
1285 11.014776
1286 11.016856
1287 11.018936
1288 11.021016
1289 11.023096
1290 11.025176
1291 11.027256
1292 11.029336
1293 11.031416
1294 11.033496
1295 11.035576
1296 11.037656
1297 11.039736
1298 11.118776
1299 11.120856
1300 11.122936
1301 11.125016
1302 11.127096
1303 11.129176
1304 11.131256
1305 11.133336
1306 11.135416
1307 11.137496
1308 11.139576
1309 11.141656
1310 11.143736
1311 11.145816
1312 11.147896
1313 11.149976
1314 11.152056
1315 11.154136
1316 11.156216
1317 11.241496
1318 11.243576
1319 11.245656
1320 11.247736
1321 11.249816
1322 11.251896
1323 11.253976
1324 11.256056
1325 11.258136
1326 11.260216
1327 11.262296
1328 11.264376
1329 11.266456
1330 11.268536
1331 11.270616
1332 11.272696
1333 11.274776
1334 11.276856
1335 11.278936
1336 11.281016
1337 11.372536
1338 11.374616
1339 11.376696
1340 11.378776
1341 11.380856
1342 11.382936
1343 11.385016
1344 11.387096
1345 11.389176
1346 11.391256
1347 11.393336
1348 11.395416
1349 11.397496
1350 11.399576
1351 11.401656
1352 11.403736
1353 11.405816
1354 11.407896
1355 11.409976
1356 11.412056
1357 11.509816
1358 11.511896
1359 11.513976
1360 11.516056
1361 11.518136
1377 11.622136
1378 11.624216
1379 11.626296
1380 11.628376
1381 11.630456
1362 11.738616
1363 12.058936
1364 12.073960
1365 12.076040
1366 12.088984
1367 12.091064
1368 12.093144
1369 12.095224
1370 12.104008
1371 12.106088
1372 12.108168
1373 12.110248
1374 12.112328
1375 12.119032
1376 12.121112
1377 12.123192
1378 12.125272
1379 12.127352
1380 12.129432
