0.100000	0.000000
0.114773	0.000000
0.129547	-0.000001
0.129547	0.002000
0.129547	0.002000
0.144320	-0.000506
0.146320	0.002000
0.148320	0.002000
0.162587	-0.004267
0.162587	0.002000
0.166587	0.002000
0.166587	0.002000
0.170587	0.000000
0.170587	-0.008000
0.180587	0.006000
0.182587	0.002000
0.188587	0.002000
0.190587	0.000000
0.194587	0.000000
0.194587	0.002000
0.206587	0.014000
0.214587	-0.000000
0.216587	-0.016000
0.220587	0.012000
0.222587	0.002000
0.242587	0.002000
0.248587	0.002000
0.256587	-0.020000
0.256587	0.002000
0.258587	0.002000
0.262587	0.010000
0.280587	-0.006000
0.280587	-0.005200
0.280587	0.002000
0.284587	0.000000
0.298587	0.010000
0.314587	-0.006000
0.316587	0.000000
0.320587	-0.002000
0.344587	-0.004000
0.354587	-0.004000
0.356587	0.000000
0.358587	0.004000
0.378587	-0.008000
0.384587	0.000000
0.386587	0.000000
0.392587	0.012000
0.404587	-0.010000
0.410587	-0.002000
0.412587	0.000000
0.430587	-0.004000
0.432587	0.002000
0.436587	0.000000
0.438587	0.000000
0.452587	-0.004000
0.456587	-0.002000
0.460587	0.000000
0.462587	0.002000
0.472587	0.014000
0.474587	0.000000
0.478587	0.000000
0.482587	0.000000
0.506587	-0.000000
0.508587	0.002000
0.512587	-0.002000
0.516587	0.002000
0.540587	-0.006000
0.544587	-0.002000
0.546587	0.002000
0.552587	-0.002000
0.570587	-0.002000
0.572587	0.000000
0.576587	0.000000
0.580587	0.002000
0.596587	-0.002000
0.598587	0.000000
0.602587	0.002000
0.608587	0.000000
0.622587	-0.004000
0.624587	0.002000
0.630587	-0.000000
0.636587	0.000000
0.646587	0.000000
0.650587	0.002000
0.656587	0.000000
0.662587	0.000000
0.672587	0.000000
0.678587	0.000000
0.684587	0.000000
0.690587	0.000000
0.700587	0.000000
0.706587	-0.002000
0.712587	0.002000
0.718587	0.000000
0.728587	0.006000
0.732587	-0.002000
0.740587	0.000000
0.746587	0.000000
0.762587	0.002000
0.764587	0.000000
0.772587	-0.006000
0.778587	0.004000
0.796587	-0.002000
0.798587	0.002000
0.800587	-0.010000
0.810587	0.006000
0.826587	-0.002000
0.830587	-0.002000
0.830587	0.002000
0.838587	0.000000
0.852587	0.002000
0.854587	-0.004000
0.856587	0.006000
0.864587	-0.004000
0.880587	0.002000
0.880587	-0.004000
0.886587	0.004000
0.890587	0.000000
0.908587	-0.006000
0.908587	0.002000
0.914587	0.004000
0.918587	0.000000
0.930587	-0.002000
0.932587	0.002000
0.942587	-0.002000
0.946587	0.002000
0.956587	-0.002000
0.960587	0.002000
0.968587	-0.002000
0.974587	0.002000
0.982587	0.012000
0.988587	-0.002000
0.994587	-0.002000
1.002587	0.000000
1.022587	-0.008000
1.026587	0.000000
1.030587	0.000000
1.038587	0.000000
1.050587	0.004000
1.054587	-0.002000
1.058587	-0.008000
1.066587	0.006000
1.082587	-0.002000
1.084587	0.000000
1.084587	0.002000
1.094587	-0.002000
1.108587	0.000000
1.110587	0.000000
1.112587	0.004000
1.120587	-0.002000
1.134587	-0.002000
1.136587	0.002000
1.142587	0.000000
1.148587	0.006000
1.160587	-0.010000
1.164587	0.002000
1.170587	0.002000
1.182587	0.002000
1.184587	0.000000
1.190587	-0.002000
1.198587	-0.002000
1.212587	0.000000
1.214587	0.002000
1.218587	-0.002000
1.224587	0.002000
1.238587	0.006000
1.242587	-0.002000
1.244587	0.000000
1.252587	-0.002000
1.272587	0.000000
1.274587	0.002000
1.276587	0.000000
1.282587	0.002000
1.302587	-0.002000
1.306587	-0.002000
1.308587	0.000000
1.316587	-0.002000
1.334587	-0.002000
1.336587	0.000000
1.338587	0.002000
1.344587	0.000000
1.360587	-0.004000
1.362587	0.002000
1.366587	0.002000
1.372587	0.002000
1.384587	-0.006000
1.388587	0.002000
1.394587	0.000000
1.402587	0.000000
1.408587	0.002000
1.414587	0.000000
1.420587	0.000000
1.428587	-0.002000
1.436587	0.000000
1.442587	0.002000
1.448587	0.000000
1.454587	0.000000
1.462587	-0.002000
1.470587	0.002000
1.476587	0.004000
1.482587	0.000000
1.488587	-0.002000
1.498587	0.000000
1.508587	0.006000
1.514587	0.000000
1.518587	-0.002000
1.528587	0.000000
1.544587	-0.002000
1.550587	-0.002000
1.552587	0.000000
1.562587	-0.002000
1.576587	-0.000000
1.580587	-0.002000
1.582587	0.002000
1.590587	0.000000
1.604587	0.000000
1.606587	-0.006000
1.610587	0.004000
1.618587	0.002000
1.632587	-0.002000
1.632587	-0.006000
1.636587	0.006000
1.646587	0.004000
1.658587	-0.008000
1.658587	0.002000
1.662587	0.000000
1.676587	0.006000
1.680587	0.000000
1.682587	0.000000
1.686587	-0.002000
1.706587	-0.002000
1.710587	0.000000
1.712587	0.002000
1.714587	0.000000
1.732587	0.004000
1.736587	-0.002000
1.740587	0.002000
1.742587	0.002000
1.764587	-0.002000
1.766587	0.002000
1.772587	0.000000
1.776587	0.000000
1.796587	-0.004000
1.800587	0.000000
1.806587	-0.002000
1.810587	0.000000
1.826587	-0.002000
1.830587	0.000000
1.834587	0.000000
1.838587	0.002000
1.852587	0.000000
1.856587	-0.002000
1.860587	0.002000
1.866587	0.000000
1.880587	-0.004000
1.882587	0.002000
1.888587	0.002000
1.894587	0.000000
1.904587	-0.004000
1.908587	0.000000
1.916587	0.002000
1.922587	0.000000
1.928587	0.002000
1.932587	0.002000
1.942587	-0.002000
1.948587	0.002000
1.956587	0.000000
1.962587	-0.002000
1.970587	0.002000
1.978587	0.012000
1.986587	-0.004000
1.990587	0.000000
2.000587	-0.002000
2.020587	-0.006000
2.024587	0.000000
2.028587	0.000000
2.036587	0.000000
2.050587	-0.000000
2.054587	-0.002000
2.058587	0.002000
2.066587	-0.004000
2.080587	0.000000
2.082587	-0.000000
2.088587	0.002000
2.092587	0.000000
2.106587	0.004000
2.108587	-0.006000
2.116587	0.004000
2.120587	-0.002000
2.138587	-0.002000
2.138587	0.002000
2.146587	-0.002000
2.148587	0.000000
2.164587	-0.002000
2.166587	0.002000
2.172587	0.000000
2.174587	0.002000
2.188587	-0.002000
2.192587	-0.000000
2.198587	0.002000
2.202587	0.000000
2.214587	0.000000
2.218587	0.000000
2.226587	0.000000
2.230587	0.000000
2.242587	0.010000
2.246587	-0.002000
2.254587	0.000000
2.258587	0.000000
2.280587	-0.008000
2.282587	0.002000
2.290587	-0.002000
2.294587	0.002000
2.308587	-0.002000
2.312587	0.000000
2.318587	0.000000
2.324587	0.000000
2.336587	-0.002000
2.340587	0.000000
2.346587	0.002000
2.352587	0.000000
2.362587	0.004000
2.366587	-0.008000
2.374587	0.004000
2.380587	0.000000
2.394587	-0.002000
2.394587	-0.004000
2.402587	0.006000
2.408587	0.004000
2.420587	-0.008000
2.420587	0.002000
2.430587	0.000000
2.440587	0.000000
2.444587	0.000000
2.446587	0.004000
2.456587	-0.002000
2.466587	-0.002000
2.470587	0.000000
2.476587	0.002000
2.484587	0.000000
2.492587	0.006000
2.496587	0.000000
2.504587	-0.002000
2.512587	-0.002000
2.526587	0.004000
2.530587	0.000000
2.536587	-0.004000
2.542587	0.002000
2.560587	0.002000
2.564587	-0.002000
2.566587	-0.008000
2.574587	0.004000
2.594587	-0.004000
2.596587	0.002000
2.596587	0.002000
2.602587	-0.002000
2.618587	0.002000
2.622587	-0.002000
2.624587	0.004000
2.628587	-0.002000
2.646587	-0.006000
2.648587	0.004000
2.654587	0.000000
2.656587	0.004000
2.668587	-0.006000
2.674587	0.000000
2.680587	0.002000
2.686587	0.000000
2.692587	0.002000
2.698587	0.000000
2.706587	0.000000
2.712587	0.000000
2.720587	0.000000
2.726587	0.000000
2.734587	0.000000
2.740587	0.008000
2.748587	-0.004000
2.754587	0.000000
2.762587	0.000000
2.776587	0.000000
2.780587	-0.002000
2.786587	-0.002000
2.794587	0.006000
2.808587	-0.002000
2.810587	0.000000
2.814587	-0.008000
2.828587	0.004000
2.840587	0.002000
2.842587	0.000000
2.842587	-0.006000
2.856587	0.004000
2.870587	-0.004000
2.872587	0.004000
2.872587	0.002000
2.884587	0.002000
2.894587	-0.006000
2.900587	0.002000
2.902587	0.002000
2.916587	-0.006000
2.920587	0.002000
2.928587	0.002000
2.932587	0.000000
2.940587	-0.000000
2.946587	0.000000
2.956587	0.000000
2.960587	0.000000
2.968587	0.000000
2.974587	0.000000
2.984587	0.000000
2.988587	0.000000
2.996587	0.010000
3.002587	-0.002000
3.012587	0.000000
3.016587	0.000000
3.034587	-0.004000
3.038587	-0.002000
3.048587	0.000000
3.052587	0.000000
3.066587	-0.002000
3.068587	0.002000
3.078587	-0.002000
3.082587	0.000000
3.094587	0.000000
3.098587	-0.006000
3.106587	0.006000
3.110587	0.000000
3.122587	0.000000
3.122587	-0.004000
3.134587	0.002000
3.138587	0.006000
3.150587	-0.008000
3.150587	0.002000
3.160587	0.010000
3.170587	-0.012000
3.174587	0.002000
3.176587	0.004000
3.196587	-0.002000
3.196587	0.002000
3.200587	-0.002000
3.206587	0.000000
3.224587	0.000000
3.226587	0.002000
3.228587	-0.000000
3.234587	-0.002000
3.252587	0.006000
3.256587	-0.002000
3.258587	0.000000
3.262587	0.000000
3.286587	0.004000
3.288587	0.000000
3.290587	0.000000
3.294587	0.000000
3.322587	-0.010000
3.324587	0.002000
3.326587	0.000000
3.330587	0.000000
3.348587	0.000000
3.352587	-0.002000
3.354587	0.002000
3.358587	0.000000
3.376587	0.000000
3.378587	-0.000000
3.382587	0.000000
3.386587	0.000000
3.404587	0.000000
3.406587	-0.000000
3.410587	0.000000
3.414587	0.000000
3.432587	-0.004000
3.434587	0.002000
3.438587	0.000000
3.442587	0.002000
3.456587	0.000000
3.460587	0.000000
3.464587	0.000000
3.470587	0.000000
3.484587	-0.002000
3.488587	0.000000
3.492587	0.000000
3.498587	0.002000
3.510587	0.008000
3.514587	-0.002000
3.518587	0.000000
3.526587	0.000000
3.546587	0.000000
3.548587	0.000000
3.552587	-0.002000
3.560587	0.000000
3.580587	-0.002000
3.582587	-0.000000
3.584587	-0.008000
3.592587	0.004000
3.610587	-0.002000
3.612587	0.002000
3.612587	0.002000
3.618587	-0.002000
3.634587	0.000000
3.638587	0.000000
3.640587	0.002000
3.644587	0.000000
3.660587	-0.004000
3.664587	0.000000
3.668587	0.000000
3.672587	0.002000
3.684587	-0.002000
3.688587	0.000000
3.692587	0.002000
3.698587	0.002000
3.708587	0.000000
3.712587	0.000000
3.718587	0.000000
3.726587	0.000000
3.736587	0.000000
3.740587	0.000000
3.746587	0.000000
3.754587	0.000000
3.764587	0.008000
3.768587	-0.002000
3.774587	0.000000
3.782587	0.000000
3.800587	-0.006000
3.802587	0.002000
3.808587	-0.000000
3.816587	0.000000
3.828587	0.000000
3.832587	0.000000
3.838587	-0.002000
3.846587	0.000000
3.858587	0.000000
3.862587	-0.002000
3.866587	0.000000
3.874587	0.002000
3.886587	0.002000
3.888587	-0.004000
3.892587	0.002000
3.902587	-0.002000
3.916587	0.000000
3.916587	0.002000
3.920587	0.000000
3.928587	-0.002000
3.942587	-0.002000
3.944587	0.002000
3.948587	0.000000
3.954587	0.002000
3.966587	0.000000
3.970587	0.000000
3.974587	0.000000
3.982587	0.000000
3.994587	-0.002000
3.998587	0.000000
4.002587	-0.000000
4.010587	0.002000
4.020587	0.010000
4.024587	-0.002000
4.028587	0.000000
4.038587	-0.002000
4.058587	-0.002000
4.060587	0.000000
4.064587	-0.002000
4.072587	-0.002000
4.090587	0.002000
4.092587	0.000000
4.094587	-0.008000
4.100587	0.006000
4.120587	-0.004000
4.122587	0.002000
4.122587	0.002000
4.128587	-0.002000
4.144587	0.002000
4.148587	-0.002000
4.150587	0.004000
4.154587	-0.002000
4.172587	-0.006000
4.174587	0.004000
4.180587	-0.000000
4.182587	0.004000
4.194587	-0.006000
4.200587	0.000000
4.206587	0.000000
4.212587	0.002000
4.218587	0.002000
4.224587	0.000000
4.230587	0.000000
4.238587	0.000000
4.246587	-0.002000
4.252587	0.002000
4.258587	0.000000
4.266587	0.004000
4.272587	0.000000
4.280587	0.000000
4.286587	0.000000
4.298587	0.002000
4.304587	-0.002000
4.312587	0.002000
4.318587	-0.000000
4.332587	-0.004000
4.336587	0.000000
4.346587	-0.002000
4.352587	0.000000
4.362587	-0.000000
4.366587	-0.002000
4.374587	0.002000
4.380587	-0.000000
4.390587	-0.004000
4.392587	0.002000
4.402587	0.000000
4.408587	0.008000
4.414587	-0.012000
4.418587	0.006000
4.428587	-0.002000
4.442587	-0.004000
4.442587	0.002000
4.446587	0.002000
4.454587	0.000000
4.464587	0.002000
4.466587	0.000000
4.472587	0.000000
4.480587	-0.002000
4.492587	0.002000
4.494587	0.002000
4.500587	-0.002000
4.506587	0.000000
4.520587	0.006000
4.524587	-0.002000
4.528587	0.000000
4.534587	0.000000
4.554587	-0.002000
4.556587	0.002000
4.560587	-0.002000
4.566587	0.002000
4.584587	0.002000
4.588587	-0.002000
4.590587	-0.008000
4.598587	0.004000
4.618587	-0.004000
4.620587	0.002000
4.620587	0.002000
4.626587	0.000000
4.642587	0.000000
4.646587	-0.002000
4.648587	0.004000
4.654587	-0.002000
4.670587	-0.004000
4.672587	0.002000
4.678587	0.002000
4.682587	0.000000
4.694587	-0.004000
4.698587	0.002000
4.706587	0.002000
4.710587	-0.000000
4.718587	0.000000
4.724587	-0.002000
4.734587	0.002000
4.738587	0.000000
4.746587	-0.002000
4.750587	0.002000
4.762587	0.000000
4.766587	-0.000000
4.772587	0.012000
4.778587	-0.002000
4.790587	-0.004000
4.794587	0.002000
4.812587	-0.006000
4.816587	-0.002000
4.824587	0.000000
4.830587	0.002000
4.842587	-0.002000
4.844587	0.002000
4.852587	-0.004000
4.860587	0.002000
4.870587	-0.000000
4.874587	-0.002000
4.878587	0.002000
4.888587	-0.002000
4.898587	0.004000
4.900587	-0.006000
4.906587	0.004000
4.914587	-0.002000
4.928587	-0.004000
4.928587	0.004000
4.934587	0.002000
4.940587	0.000000
4.950587	-0.002000
4.954587	0.002000
4.962587	-0.002000
4.968587	0.002000
4.976587	0.000000
4.982587	0.000000
4.988587	0.000000
4.996587	0.000000
5.004587	0.000000
5.010587	-0.000000
5.016587	0.000000
5.024587	-0.002000
5.032587	0.012000
5.038587	-0.002000
5.044587	0.000000
5.050587	-0.000000
5.070587	-0.004000
5.074587	-0.002000
5.080587	-0.002000
5.086587	0.002000
5.102587	-0.002000
5.104587	0.002000
5.108587	-0.002000
5.116587	0.000000
5.130587	-0.002000
5.134587	0.000000
5.136587	0.004000
5.144587	-0.002000
5.156587	0.002000
5.160587	-0.006000
5.166587	0.004000
5.172587	0.000000
5.186587	0.002000
5.186587	-0.006000
5.194587	0.006000
5.200587	-0.002000
5.216587	-0.006000
5.216587	0.002000
5.224587	0.000000
5.228587	0.002000
5.238587	0.000000
5.240587	0.002000
5.248587	-0.002000
5.254587	0.002000
5.264587	-0.002000
5.268587	0.002000
5.274587	0.000000
5.282587	0.000000
5.290587	0.008000
5.296587	-0.002000
5.302587	-0.000000
5.310587	-0.002000
5.326587	0.000000
5.330587	-0.002000
5.336587	0.002000
5.342587	-0.002000
5.358587	-0.002000
5.360587	0.002000
5.368587	-0.004000
5.372587	0.002000
5.386587	-0.002000
5.390587	-0.002000
5.394587	0.002000
5.400587	0.000000
5.412587	-0.000000
5.414587	0.002000
5.420587	-0.000000
5.426587	0.004000
5.438587	-0.006000
5.442587	0.002000
5.448587	0.008000
5.458587	-0.014000
5.464587	0.004000
5.470587	0.000000
5.484587	-0.002000
5.484587	0.002000
5.490587	0.002000
5.496587	0.000000
5.508587	-0.002000
5.510587	0.000000
5.518587	0.000000
5.524587	0.002000
5.534587	0.004000
5.536587	0.000000
5.544587	-0.002000
5.552587	0.002000
5.566587	0.002000
5.568587	0.002000
5.574587	-0.004000
5.584587	0.000000
5.600587	0.002000
5.604587	-0.002000
5.606587	-0.008000
5.616587	0.002000
5.634587	-0.002000
5.636587	0.000000
5.636587	0.004000
5.642587	-0.002000
5.658587	-0.004000
5.660587	0.004000
5.664587	-0.000000
5.668587	0.006000
5.680587	-0.006000
5.686587	0.002000
5.690587	0.000000
5.700587	-0.004000
5.706587	0.000000
5.714587	0.002000
5.718587	0.000000
5.724587	0.002000
5.730587	0.000000
5.740587	-0.002000
5.744587	0.002000
5.752587	0.000000
5.758587	0.000000
5.766587	0.000000
5.772587	0.000000
5.780587	0.008000
5.786587	-0.002000
5.794587	-0.002000
5.800587	0.000000
5.816587	0.000000
5.820587	0.000000
5.826587	-0.002000
5.832587	0.004000
5.848587	-0.004000
5.852587	-0.002000
5.856587	-0.000000
5.866587	0.000000
5.878587	0.000000
5.880587	-0.000000
5.884587	0.000000
5.894587	0.000000
5.906587	0.002000
5.908587	-0.004000
5.912587	0.002000
5.922587	-0.002000
5.936587	-0.002000
5.936587	0.006000
5.940587	-0.002000
5.948587	0.004000
5.960587	-0.008000
5.966587	0.004000
5.968587	-0.000000
5.980587	-0.004000
5.984587	0.002000
5.994587	0.000000
5.996587	0.004000
6.004587	-0.002000
6.010587	-0.002000
6.020587	0.000000
6.026587	0.002000
6.032587	0.006000
6.036587	0.000000
6.046587	-0.004000
6.054587	0.002000
6.066587	0.002000
6.070587	0.000000
6.076587	-0.004000
6.086587	0.002000
6.100587	0.002000
6.104587	-0.002000
6.106587	-0.008000
6.118587	0.004000
6.134587	-0.004000
6.136587	0.002000
6.136587	0.002000
6.146587	-0.000000
6.158587	0.002000
6.162587	-0.006000
6.164587	0.006000
6.174587	-0.002000
6.188587	-0.000000
6.188587	-0.004000
6.194587	0.004000
6.202587	-0.002000
6.216587	-0.002000
6.216587	0.002000
6.222587	0.002000
6.228587	-0.000000
6.240587	-0.002000
6.242587	0.002000
6.250587	-0.002000
6.256587	0.002000
6.266587	-0.000000
6.270587	0.000000
6.276587	-0.000000
6.284587	0.000000
6.294587	0.010000
6.298587	-0.002000
6.304587	0.000000
6.312587	-0.002000
6.332587	-0.006000
6.334587	0.002000
6.340587	0.000000
6.346587	-0.002000
6.360587	0.000000
6.364587	-0.000000
6.370587	0.000000
6.374587	0.000000
6.388587	-0.002000
6.392587	-0.002000
6.398587	0.004000
6.402587	0.006000
6.414587	-0.008000
6.416587	0.002000
6.426587	0.006000
6.436587	-0.008000
6.440587	0.000000
6.444587	0.002000
6.460587	-0.006000
6.462587	0.004000
6.466587	0.000000
6.472587	0.002000
6.482587	-0.002000
6.488587	-0.000000
6.492587	0.002000
6.500587	0.000000
6.508587	0.000000
6.514587	-0.002000
6.520587	0.002000
6.528587	0.000000
6.536587	0.006000
6.540587	0.000000
6.548587	-0.002000
6.556587	-0.002000
6.570587	0.004000
6.574587	-0.000000
6.580587	-0.004000
6.586587	0.002000
6.604587	0.002000
6.608587	-0.002000
6.610587	-0.008000
6.618587	0.004000
6.638587	-0.004000
6.640587	0.002000
6.640587	0.002000
6.646587	-0.000000
6.662587	0.000000
6.666587	-0.002000
6.668587	0.004000
6.674587	-0.002000
6.690587	-0.004000
6.692587	0.002000
6.698587	0.002000
6.702587	-0.000000
6.714587	-0.004000
6.718587	0.002000
6.726587	0.002000
6.730587	0.000000
6.738587	0.000000
6.744587	-0.002000
6.754587	0.002000
6.758587	-0.000000
6.766587	-0.002000
6.770587	0.002000
6.782587	-0.000000
6.786587	0.000000
6.792587	0.012000
6.798587	-0.002000
6.810587	-0.004000
6.814587	0.002000
6.832587	-0.006000
6.836587	-0.002000
6.844587	0.000000
6.850587	0.002000
6.862587	-0.002000
6.864587	0.002000
6.872587	-0.004000
6.880587	0.002000
6.890587	0.000000
6.894587	-0.002000
6.898587	0.002000
6.908587	-0.002000
6.918587	0.004000
6.920587	-0.006000
6.926587	0.004000
6.934587	-0.002000
6.948587	-0.004000
6.948587	0.004000
6.954587	0.002000
6.960587	0.000000
6.970587	-0.002000
6.974587	0.002000
6.982587	-0.002000
6.988587	0.002000
6.996587	0.000000
7.002587	-0.000000
7.008587	0.000000
7.016587	0.000000
7.024587	0.000000
7.030587	0.000000
7.036587	0.000000
7.044587	-0.002000
7.052587	0.012000
7.058587	-0.002000
7.064587	0.000000
7.070587	0.000000
7.090587	-0.004000
7.094587	-0.002000
7.100587	-0.002000
7.106587	0.002000
7.122587	-0.002000
7.124587	0.002000
7.128587	-0.002000
7.136587	0.000000
7.150587	-0.002000
7.154587	-0.000000
7.156587	0.004000
7.164587	-0.002000
7.176587	0.002000
7.180587	-0.006000
7.186587	0.004000
7.192587	0.000000
7.206587	0.002000
7.206587	-0.006000
7.214587	0.006000
7.220587	-0.002000
7.236587	-0.006000
7.236587	0.002000
7.244587	0.000000
7.248587	0.002000
7.258587	-0.000000
7.260587	0.002000
7.268587	-0.002000
7.274587	0.002000
7.284587	-0.002000
7.288587	0.002000
7.294587	0.000000
7.302587	0.000000
7.310587	0.008000
7.316587	-0.002000
7.322587	0.000000
7.330587	-0.002000
7.346587	0.000000
7.350587	-0.002000
7.356587	0.002000
7.362587	-0.002000
7.378587	-0.002000
7.380587	0.002000
7.388587	-0.004000
7.392587	0.002000
7.406587	-0.002000
7.410587	-0.002000
7.414587	0.002000
7.420587	0.000000
7.432587	0.000000
7.434587	0.002000
7.440587	0.000000
7.446587	0.004000
7.458587	-0.006000
7.462587	0.002000
7.468587	0.008000
7.478587	-0.014000
7.484587	0.004000
7.490587	0.000000
7.504587	-0.002000
7.504587	0.002000
7.510587	0.002000
7.516587	0.000000
7.528587	-0.002000
7.530587	0.000000
7.538587	0.000000
7.544587	0.002000
7.554587	0.004000
7.556587	0.000000
7.564587	-0.002000
7.572587	0.002000
7.586587	0.002000
7.588587	0.002000
7.594587	-0.004000
7.604587	0.000000
7.620587	0.002000
7.624587	-0.002000
7.626587	-0.008000
7.636587	0.002000
7.654587	-0.002000
7.656587	0.000000
7.656587	0.004000
7.662587	-0.002000
7.678587	-0.004000
7.680587	0.004000
7.684587	0.000000
7.688587	0.006000
7.700587	-0.006000
7.706587	0.002000
7.710587	-0.000000
7.720587	-0.004000
7.726587	0.000000
7.734587	0.002000
7.738587	0.000000
7.744587	0.002000
7.750587	0.000000
7.760587	-0.002000
7.764587	0.002000
7.772587	0.000000
7.778587	0.000000
7.786587	0.000000
7.792587	-0.000000
7.800587	0.008000
7.806587	-0.002000
7.814587	-0.002000
7.820587	0.000000
7.836587	0.000000
7.840587	0.000000
7.846587	-0.002000
7.852587	0.004000
7.868587	-0.004000
7.872587	-0.002000
7.876587	0.000000
7.886587	0.000000
7.898587	0.000000
7.900587	0.000000
7.904587	-0.000000
7.914587	0.000000
7.926587	0.002000
7.928587	-0.004000
7.932587	0.002000
7.942587	-0.002000
7.956587	-0.002000
7.956587	0.006000
7.960587	-0.002000
7.968587	0.004000
7.980587	-0.008000
7.986587	0.004000
7.988587	-0.000000
8.000587	-0.004000
8.004587	0.002000
8.014587	0.000000
8.016587	0.004000
8.024587	-0.002000
8.030587	-0.002000
8.040587	0.002000
8.046587	-0.000000
8.052587	0.006000
8.056587	0.000000
8.068587	-0.002000
8.074587	0.000000
8.086587	0.002000
8.090587	0.000000
8.100587	-0.002000
8.106587	0.000000
8.120587	0.000000
8.124587	-0.002000
8.132587	-0.002000
8.138587	0.000000
8.152587	-0.002000
8.154587	0.002000
8.160587	0.000000
8.166587	0.000000
8.178587	0.002000
8.182587	-0.006000
8.188587	0.004000
8.194587	0.000000
8.208587	0.000000
8.208587	-0.004000
8.216587	0.004000
8.222587	-0.002000
8.236587	-0.002000
8.236587	0.002000
8.244587	0.000000
8.248587	0.002000
8.260587	-0.002000
8.262587	0.002000
8.270587	-0.002000
8.276587	0.002000
8.286587	-0.000000
8.290587	0.000000
8.296587	-0.000000
8.304587	0.000000
8.314587	0.010000
8.318587	-0.002000
8.324587	0.000000
8.332587	-0.002000
8.352587	-0.006000
8.354587	0.002000
8.360587	0.000000
8.366587	-0.002000
8.380587	0.000000
8.384587	0.000000
8.390587	0.000000
8.394587	0.000000
8.408587	-0.002000
8.412587	-0.002000
8.418587	0.004000
8.422587	0.006000
8.434587	-0.008000
8.436587	0.002000
8.446587	0.006000
8.456587	-0.008000
8.460587	0.000000
8.464587	0.002000
8.480587	-0.006000
8.482587	0.004000
8.486587	0.000000
8.492587	0.002000
8.502587	-0.002000
8.508587	0.000000
8.512587	0.002000
8.520587	-0.000000
8.528587	0.000000
8.534587	-0.002000
8.540587	0.002000
8.548587	0.000000
8.556587	0.006000
8.560587	0.000000
8.568587	-0.002000
8.576587	-0.002000
8.590587	0.004000
8.594587	-0.000000
8.600587	-0.004000
8.606587	0.002000
8.624587	0.002000
8.628587	-0.002000
8.630587	-0.008000
8.638587	0.004000
8.658587	-0.004000
8.660587	0.002000
8.660587	0.002000
8.666587	0.000000
8.682587	0.000000
8.686587	-0.002000
8.688587	0.004000
8.694587	-0.002000
8.710587	-0.004000
8.712587	0.002000
8.718587	0.002000
8.722587	-0.000000
8.734587	-0.004000
8.738587	0.002000
8.746587	0.002000
8.750587	0.000000
8.758587	0.000000
8.764587	-0.002000
8.774587	0.002000
8.778587	0.000000
8.786587	-0.002000
8.790587	0.002000
8.802587	-0.000000
8.806587	0.000000
8.812587	0.012000
8.818587	-0.002000
8.830587	-0.004000
8.834587	0.002000
8.852587	-0.006000
8.856587	-0.002000
8.864587	0.000000
8.870587	0.002000
8.882587	-0.002000
8.884587	0.002000
8.892587	-0.004000
8.900587	0.002000
8.910587	0.000000
8.914587	-0.002000
8.918587	0.002000
8.928587	-0.002000
8.938587	0.004000
8.940587	-0.006000
8.946587	0.004000
8.954587	-0.002000
8.968587	-0.004000
8.968587	0.004000
8.974587	0.002000
8.980587	0.000000
8.990587	-0.002000
8.994587	0.002000
9.002587	-0.002000
9.008587	0.002000
9.016587	0.000000
9.022587	0.000000
9.028587	0.000000
9.036587	-0.000000
9.044587	0.000000
9.050587	0.000000
9.056587	0.000000
9.064587	-0.002000
9.072587	0.012000
9.078587	-0.002000
9.084587	0.000000
9.090587	0.000000
9.110587	-0.004000
9.114587	-0.002000
9.120587	-0.002000
9.126587	0.002000
9.142587	-0.002000
9.144587	0.002000
9.148587	-0.002000
9.156587	0.000000
9.170587	-0.002000
9.174587	-0.000000
9.176587	0.004000
9.184587	-0.002000
9.196587	0.002000
9.200587	-0.006000
9.206587	0.004000
9.212587	0.000000
9.226587	0.002000
9.226587	-0.006000
9.234587	0.006000
9.240587	-0.002000
9.256587	-0.006000
9.256587	0.002000
9.264587	-0.000000
9.268587	0.002000
9.278587	0.000000
9.280587	0.002000
9.288587	-0.002000
9.294587	0.002000
9.304587	-0.002000
9.308587	0.002000
9.314587	0.000000
9.322587	0.000000
9.330587	0.008000
9.336587	-0.002000
9.342587	0.000000
9.350587	-0.002000
9.366587	0.000000
9.370587	-0.002000
9.376587	0.002000
9.382587	-0.002000
9.398587	-0.002000
9.400587	0.002000
9.408587	-0.004000
9.412587	0.002000
9.426587	-0.002000
9.430587	-0.002000
9.434587	0.002000
9.440587	0.000000
9.452587	0.000000
9.454587	0.002000
9.460587	0.000000
9.466587	0.004000
9.478587	-0.006000
9.482587	0.002000
9.488587	0.008000
9.498587	-0.014000
9.504587	0.004000
9.510587	0.000000
9.524587	-0.002000
9.524587	0.002000
9.530587	0.002000
9.536587	0.000000
9.548587	-0.002000
9.550587	0.000000
9.558587	0.000000
9.564587	0.002000
9.574587	0.004000
9.576587	0.000000
9.584587	-0.002000
9.592587	0.002000
9.606587	0.002000
9.608587	0.002000
9.614587	-0.004000
9.624587	0.000000
9.640587	0.002000
9.644587	-0.002000
9.646587	-0.008000
9.656587	0.002000
9.674587	-0.002000
9.676587	0.000000
9.676587	0.004000
9.682587	-0.002000
9.698587	-0.004000
9.700587	0.004000
9.704587	0.000000
9.708587	0.006000
9.720587	-0.006000
9.726587	0.002000
9.730587	0.000000
9.740587	-0.002000
9.746587	0.000000
9.754587	0.002000
9.758587	0.000000
9.766587	0.000000
9.772587	0.002000
9.782587	-0.002000
9.786587	0.002000
9.794587	0.000000
9.802587	0.000000
9.810587	0.000000
9.816587	0.000000
9.824587	0.014000
9.832587	-0.004000
9.840587	-0.002000
9.846587	0.000000
9.868587	-0.002000
9.872587	0.000000
9.878587	-0.004000
9.884587	0.002000
9.904587	-0.004000
9.908587	-0.002000
9.910587	0.000000
9.918587	0.000000
9.934587	0.000000
9.936587	0.000000
9.938587	0.002000
9.946587	-0.004000
9.962587	-0.002000
9.964587	0.004000
9.968587	0.000000
9.972587	-0.002000
9.986587	0.002000
9.992587	0.002000
9.996587	0.000000
9.998587	0.000000
10.014587	-0.006000
10.022587	0.004000
10.026587	0.000000
10.028587	0.002000
10.038587	-0.002000
10.050587	0.002000
10.054587	0.000000
10.058587	0.000000
10.066587	-0.002000
10.080587	-0.004000
10.084587	-0.002000
10.088587	0.000000
10.094587	0.008000
10.104587	0.010000
10.106587	0.000000
10.110587	-0.002000
10.124587	-0.002000
10.144587	-0.002000
10.146587	0.000000
10.148587	0.000000
10.160587	-0.004000
10.178587	-0.002000
10.180587	0.000000
10.182587	0.000000
10.190587	-0.000000
10.206587	0.006000
10.208587	0.000000
10.210587	-0.006000
10.218587	0.000000
10.240587	0.000000
10.242587	0.002000
10.242587	0.002000
10.246587	-0.002000
10.268587	0.000000
10.272587	0.002000
10.274587	0.000000
10.276587	0.000000
10.298587	0.002000
10.304587	-0.004000
10.306587	0.002000
10.308587	0.000000
10.332587	0.000000
10.334587	0.000000
10.338587	-0.002000
10.340587	0.000000
10.364587	-0.008000
10.366587	-0.000000
10.368587	0.000000
10.370587	0.010000
10.386587	0.008000
10.388587	0.000000
10.390587	0.000000
10.402587	-0.004000
10.426587	-0.004000
10.428587	0.000000
10.430587	0.000000
10.438587	-0.002000
10.458587	0.000000
10.460587	-0.000000
10.462587	0.000000
10.468587	-0.002000
10.488587	0.002000
10.490587	0.000000
10.492587	-0.000000
10.496587	0.000000
10.518587	-0.006000
10.520587	0.000000
10.522587	0.004000
10.526587	0.002000
10.542587	0.004000
10.544587	-0.008000
10.550587	0.004000
10.556587	0.000000
10.576587	-0.006000
10.576587	-0.002000
10.580587	0.002000
10.586587	0.002000
10.600587	0.002000
10.600587	0.002000
10.604587	0.000000
10.612587	0.000000
10.628587	0.000000
10.630587	0.002000
10.634587	-0.002000
10.642587	-0.002000
10.658587	0.014000
10.662587	-0.002000
10.664587	0.000000
10.670587	-0.002000
10.700587	-0.008000
10.702587	0.000000
10.704587	-0.000000
10.708587	0.002000
10.730587	-0.002000
10.732587	0.000000
10.734587	0.000000
10.740587	0.000000
10.760587	-0.002000
10.762587	0.000000
10.764587	0.002000
10.770587	0.000000
10.788587	-0.002000
10.790587	0.000000
10.794587	0.002000
10.800587	0.000000
10.816587	0.004000
10.818587	-0.006000
10.824587	0.004000
10.830587	-0.002000
10.850587	-0.000000
10.850587	0.002000
10.856587	-0.002000
10.860587	-0.002000
10.880587	0.004000
10.882587	0.000000
10.886587	-0.002000
10.888587	0.002000
10.912587	-0.008000
10.914587	0.002000
10.916587	-0.000000
10.920587	-0.002000
10.936587	0.018000
10.940587	-0.002000
10.942587	0.000000
10.944587	-0.000000
10.978587	0.002000
10.980587	-0.000000
10.982587	0.000000
10.984587	-0.014000
11.020587	-0.000000
11.022587	0.000000
11.024587	0.000000
11.024587	0.002000
11.048587	-0.004000
11.050587	0.000000
11.052587	0.006000
11.054587	0.000000
11.074587	0.000000
11.076587	0.000000
11.084587	-0.004000
11.086587	0.000000
11.106587	0.002000
11.108587	0.002000
11.112587	-0.002000
11.114587	0.002000
11.136587	0.000000
11.140587	-0.002000
11.142587	0.002000
11.146587	-0.002000
11.168587	0.000000
11.170587	0.000000
11.174587	-0.002000
11.176587	0.000000
11.198587	-0.008000
11.200587	0.000000
11.202587	0.010000
11.204587	0.002000
11.218587	0.002000
11.220587	0.002000
11.232587	-0.002000
11.236587	0.002000
11.252587	-0.004000
11.256587	0.000000
11.266587	-0.002000
11.272587	0.002000
11.284587	0.000000
11.288587	0.000000
11.296587	-0.004000
11.304587	0.002000
11.316587	-0.000000
11.320587	-0.002000
11.324587	0.000000
11.334587	-0.000000
11.346587	0.006000
11.348587	-0.006000
11.352587	0.004000
11.362587	-0.002000
11.380587	-0.000000
11.380587	0.004000
11.384587	-0.002000
11.392587	-0.004000
11.410587	0.004000
11.414587	-0.002000
11.416587	0.000000
11.420587	-0.002000
11.442587	0.002000
11.444587	0.002000
11.446587	0.000000
11.448587	0.000000
11.472587	-0.010000
11.476587	0.000000
11.478587	0.000000
11.480587	0.010000
11.494587	0.006000
11.498587	0.000000
11.500587	0.000000
11.512587	-0.004000
11.532587	0.000000
11.536587	-0.000000
11.538587	0.000000
11.546587	-0.002000
11.566587	-0.002000
11.570587	0.000000
11.572587	-0.000000
11.578587	-0.002000
11.596587	0.002000
11.600587	-0.002000
11.602587	0.002000
11.606587	0.000000
11.626587	-0.002000
11.628587	0.000000
11.632587	0.000000
11.636587	0.002000
11.654587	0.004000
11.656587	-0.006000
11.660587	0.004000
11.666587	-0.002000
11.688587	-0.000000
11.688587	0.002000
11.692587	-0.002000
11.696587	0.000000
11.718587	0.000000
11.720587	-0.000000
11.722587	0.000000
11.726587	-0.002000
11.748587	-0.002000
11.750587	0.000000
11.752587	0.000000
11.754587	0.006000
11.774587	0.008000
11.776587	0.000000
11.778587	0.000000
11.786587	-0.002000
11.814587	-0.006000
11.816587	0.000000
11.818587	0.000000
11.824587	0.000000
11.846587	-0.002000
11.848587	-0.000000
11.850587	0.000000
11.856587	0.000000
11.876587	0.004000
11.878587	0.000000
11.880587	-0.006000
11.886587	0.002000
11.910587	-0.004000
11.912587	0.004000
11.912587	0.002000
11.916587	-0.002000
11.936587	-0.002000
11.942587	0.002000
11.944587	0.002000
11.946587	0.000000
11.964587	-0.002000
11.972587	0.002000
11.976587	-0.002000
11.978587	0.000000
11.994587	0.000000
