0.100000	0.014000
0.120240	0.012640
0.139120	0.014747
0.139120	0.022907
0.139120	0.033147
0.160107	0.022400
0.168267	0.022400
0.178507	0.022400
0.188747	0.022400
0.188747	0.032640
0.196907	0.034720
0.196907	0.044960
0.207147	0.040800
0.207147	0.046880
0.217387	0.042720
0.227627	0.040640
0.237867	0.038560
0.248107	0.036480
0.254187	0.038560
0.260267	0.040640
0.274507	0.034560
0.282667	0.034560
0.290827	0.034560
0.298987	0.034560
0.307147	0.034560
0.315307	0.034560
0.323467	0.034560
0.331627	0.034560
0.339787	0.034560
0.347947	0.034560
0.356107	0.034560
0.364267	0.034560
0.372427	0.034560
0.380587	0.034560
0.388747	0.034560
0.396907	0.034560
0.405067	0.034560
0.413227	0.034560
0.421387	0.034560
0.429547	0.034560
0.437707	0.034560
0.445867	0.034560
0.454027	0.034560
0.462187	0.034560
0.470347	0.034560
0.478507	0.034560
0.486667	0.034560
0.494827	0.034560
0.502987	0.034560
0.511147	0.034560
0.519307	0.034560
0.527467	0.034560
0.535627	0.034560
0.543787	0.034560
0.551947	0.034560
0.560107	0.034560
0.568267	0.034560
0.576427	0.034560
0.584587	0.034560
0.592747	0.034560
0.600907	0.034560
0.609067	0.034560
0.617227	0.034560
0.625387	0.034560
0.633547	0.034560
0.641707	0.034560
0.649867	0.034560
0.658027	0.034560
0.666187	0.034560
0.674347	0.034560
0.682507	0.034560
0.690667	0.034560
0.698827	0.034560
0.706987	0.034560
0.715147	0.034560
0.723307	0.034560
0.731467	0.034560
0.739627	0.034560
0.747787	0.034560
0.755947	0.034560
0.764107	0.034560
0.772267	0.034560
0.780427	0.034560
0.788587	0.034560
0.796747	0.034560
0.804907	0.034560
0.813067	0.034560
0.821227	0.034560
0.829387	0.034560
0.837547	0.034560
0.845707	0.034560
0.853867	0.034560
0.862027	0.034560
0.870187	0.034560
0.878347	0.034560
0.886507	0.034560
0.894667	0.034560
0.902827	0.034560
0.910987	0.034560
0.919147	0.034560
0.927307	0.034560
0.935467	0.034560
0.943627	0.034560
0.951787	0.034560
0.959947	0.034560
0.968107	0.034560
0.976267	0.034560
0.984427	0.034560
0.992587	0.034560
1.000747	0.034560
1.008907	0.034560
1.017067	0.034560
1.025227	0.034560
1.033387	0.034560
1.041547	0.034560
1.049707	0.034560
1.057867	0.034560
1.066027	0.034560
1.074187	0.034560
1.082347	0.034560
1.090507	0.034560
1.098667	0.034560
1.106827	0.034560
1.114987	0.034560
1.123147	0.034560
1.131307	0.034560
1.139467	0.034560
1.147627	0.034560
1.155787	0.034560
1.163947	0.034560
1.172107	0.034560
1.180267	0.034560
1.188427	0.034560
1.196587	0.034560
1.204747	0.034560
1.212907	0.034560
1.221067	0.034560
1.229227	0.034560
1.237387	0.034560
1.245547	0.034560
1.253707	0.034560
1.261867	0.034560
1.270027	0.034560
1.278187	0.034560
1.286347	0.034560
1.294507	0.034560
1.302667	0.034560
1.310827	0.034560
1.318987	0.034560
1.327147	0.034560
1.335307	0.034560
1.343467	0.034560
1.351627	0.034560
1.359787	0.034560
1.367947	0.034560
1.376107	0.034560
1.384267	0.034560
1.392427	0.034560
1.400587	0.034560
1.408747	0.034560
1.416907	0.034560
1.425067	0.034560
1.433227	0.034560
1.441387	0.034560
1.449547	0.034560
1.457707	0.034560
1.465867	0.034560
1.474027	0.034560
1.482187	0.034560
1.490347	0.034560
1.498507	0.034560
1.506667	0.034560
1.514827	0.034560
1.522987	0.034560
1.531147	0.034560
1.539307	0.034560
1.547467	0.034560
1.555627	0.034560
1.563787	0.034560
1.571947	0.034560
1.580107	0.034560
1.588267	0.034560
1.596427	0.034560
1.604587	0.034560
1.612747	0.034560
1.620907	0.034560
1.629067	0.034560
1.637227	0.034560
1.645387	0.034560
1.653547	0.034560
1.661707	0.034560
1.669867	0.034560
1.678027	0.034560
1.686187	0.034560
1.694347	0.034560
1.702507	0.034560
1.710667	0.034560
1.718827	0.034560
1.726987	0.034560
1.735147	0.034560
1.743307	0.034560
1.751467	0.034560
1.759627	0.034560
1.767787	0.034560
1.775947	0.034560
1.784107	0.034560
1.792267	0.034560
1.800427	0.034560
1.808587	0.034560
1.816747	0.034560
1.824907	0.034560
1.833067	0.034560
1.841227	0.034560
1.849387	0.034560
1.857547	0.034560
1.865707	0.034560
1.873867	0.034560
1.882027	0.034560
1.890187	0.034560
1.898347	0.034560
1.906507	0.034560
1.914667	0.034560
1.922827	0.034560
1.930987	0.034560
1.939147	0.034560
1.947307	0.034560
1.955467	0.034560
1.963627	0.034560
1.971787	0.034560
1.979947	0.034560
1.988107	0.034560
1.996267	0.034560
2.004427	0.034560
2.012587	0.034560
2.020747	0.034560
2.028907	0.034560
2.037067	0.034560
2.045227	0.034560
2.053387	0.034560
2.061547	0.034560
2.069707	0.034560
2.077867	0.034560
2.086027	0.034560
2.094187	0.034560
2.102347	0.034560
2.110507	0.034560
2.118667	0.034560
2.126827	0.034560
2.134987	0.034560
2.143147	0.034560
2.151307	0.034560
2.159467	0.034560
2.167627	0.034560
2.175787	0.034560
2.183947	0.034560
2.192107	0.034560
2.200267	0.034560
2.208427	0.034560
2.216587	0.034560
2.224747	0.034560
2.232907	0.034560
2.241067	0.034560
2.249227	0.034560
2.257387	0.034560
2.265547	0.034560
2.273707	0.034560
2.281867	0.034560
2.290027	0.034560
2.298187	0.034560
2.306347	0.034560
2.314507	0.034560
2.322667	0.034560
2.330827	0.034560
2.338987	0.034560
2.347147	0.034560
2.355307	0.034560
2.363467	0.034560
2.371627	0.034560
2.379787	0.034560
2.387947	0.034560
2.396107	0.034560
2.404267	0.034560
2.412427	0.034560
2.420587	0.034560
2.428747	0.034560
2.436907	0.034560
2.445067	0.034560
2.453227	0.034560
2.461387	0.034560
2.469547	0.034560
2.477707	0.034560
2.485867	0.034560
2.494027	0.034560
2.502187	0.034560
2.510347	0.034560
2.518507	0.034560
2.526667	0.034560
2.534827	0.034560
2.542987	0.034560
2.551147	0.034560
2.559307	0.034560
2.567467	0.034560
2.575627	0.034560
2.583787	0.034560
2.591947	0.034560
2.600107	0.034560
2.608267	0.034560
2.616427	0.034560
2.624587	0.034560
2.632747	0.034560
2.640907	0.034560
2.649067	0.034560
2.657227	0.034560
2.665387	0.034560
2.673547	0.034560
2.681707	0.034560
2.689867	0.034560
2.698027	0.034560
2.706187	0.034560
2.714347	0.034560
2.722507	0.034560
2.730667	0.034560
2.738827	0.034560
2.746987	0.034560
2.755147	0.034560
2.763307	0.034560
2.771467	0.034560
2.779627	0.034560
2.787787	0.034560
2.795947	0.034560
2.804107	0.034560
2.812267	0.034560
2.820427	0.034560
2.828587	0.034560
2.836747	0.034560
2.844907	0.034560
2.853067	0.034560
2.861227	0.034560
2.869387	0.034560
2.877547	0.034560
2.885707	0.034560
2.893867	0.034560
2.902027	0.034560
2.910187	0.034560
2.918347	0.034560
2.926507	0.034560
2.934667	0.034560
2.942827	0.034560
2.950987	0.034560
2.959147	0.034560
2.967307	0.034560
2.975467	0.034560
2.983627	0.034560
2.991787	0.034560
2.999947	0.034560
3.008107	0.034560
3.016267	0.034560
3.024427	0.034560
3.032587	0.034560
3.040747	0.034560
3.048907	0.034560
3.057067	0.034560
3.065227	0.034560
3.073387	0.034560
3.081547	0.034560
3.089707	0.034560
3.097867	0.034560
3.106027	0.034560
3.114187	0.034560
3.122347	0.034560
3.130507	0.034560
3.138667	0.034560
3.146827	0.034560
3.154987	0.034560
3.163147	0.034560
3.171307	0.034560
3.179467	0.034560
3.187627	0.034560
3.195787	0.034560
3.203947	0.034560
3.212107	0.034560
3.220267	0.034560
3.228427	0.034560
3.236587	0.034560
3.244747	0.034560
3.252907	0.034560
3.261067	0.034560
3.269227	0.034560
3.277387	0.034560
3.285547	0.034560
3.293707	0.034560
3.301867	0.034560
3.310027	0.034560
3.318187	0.034560
3.326347	0.034560
3.334507	0.034560
3.342667	0.034560
3.350827	0.034560
3.358987	0.034560
3.367147	0.034560
3.375307	0.034560
3.383467	0.034560
3.391627	0.034560
3.399787	0.034560
3.407947	0.034560
3.416107	0.034560
3.424267	0.034560
3.432427	0.034560
3.440587	0.034560
3.448747	0.034560
3.456907	0.034560
3.465067	0.034560
3.473227	0.034560
3.481387	0.034560
3.489547	0.034560
3.497707	0.034560
3.505867	0.034560
3.514027	0.034560
3.522187	0.034560
3.530347	0.034560
3.538507	0.034560
3.546667	0.034560
3.554827	0.034560
3.562987	0.034560
3.571147	0.034560
3.579307	0.034560
3.587467	0.034560
3.595627	0.034560
3.603787	0.034560
3.611947	0.034560
3.620107	0.034560
3.628267	0.034560
3.636427	0.034560
3.644587	0.034560
3.652747	0.034560
3.660907	0.034560
3.669067	0.034560
3.677227	0.034560
3.685387	0.034560
3.693547	0.034560
3.701707	0.034560
3.709867	0.034560
3.718027	0.034560
3.726187	0.034560
3.734347	0.034560
3.742507	0.034560
3.750667	0.034560
3.758827	0.034560
3.766987	0.034560
3.775147	0.034560
3.783307	0.034560
3.791467	0.034560
3.799627	0.034560
3.807787	0.034560
3.815947	0.034560
3.824107	0.034560
3.832267	0.034560
3.840427	0.034560
3.848587	0.034560
3.856747	0.034560
3.864907	0.034560
3.873067	0.034560
3.881227	0.034560
3.889387	0.034560
3.897547	0.034560
3.905707	0.034560
3.913867	0.034560
3.922027	0.034560
3.930187	0.034560
3.938347	0.034560
3.946507	0.034560
3.954667	0.034560
3.962827	0.034560
3.970987	0.034560
3.979147	0.034560
3.987307	0.034560
3.995467	0.034560
4.003627	0.034560
4.011787	0.034560
4.019947	0.034560
4.028107	0.034560
4.036267	0.034560
4.044427	0.034560
4.052587	0.034560
4.060747	0.034560
4.068907	0.034560
4.077067	0.034560
4.085227	0.034560
4.093387	0.034560
4.101547	0.034560
4.109707	0.034560
4.117867	0.034560
4.126027	0.034560
4.134187	0.034560
4.142347	0.034560
4.150507	0.034560
4.158667	0.034560
4.166827	0.034560
4.174987	0.034560
4.183147	0.034560
4.191307	0.034560
4.199467	0.034560
4.207627	0.034560
4.215787	0.034560
4.223947	0.034560
4.232107	0.034560
4.240267	0.034560
4.248427	0.034560
4.256587	0.034560
4.264747	0.034560
4.272907	0.034560
4.281067	0.034560
4.289227	0.034560
4.297387	0.034560
4.305547	0.034560
4.313707	0.034560
4.321867	0.034560
4.330027	0.034560
4.338187	0.034560
4.346347	0.034560
4.354507	0.034560
4.362667	0.034560
4.370827	0.034560
4.378987	0.034560
4.387147	0.034560
4.395307	0.034560
4.403467	0.034560
4.411627	0.034560
4.419787	0.034560
4.427947	0.034560
4.436107	0.034560
4.444267	0.034560
4.452427	0.034560
4.460587	0.034560
4.468747	0.034560
4.476907	0.034560
4.485067	0.034560
4.493227	0.034560
4.501387	0.034560
4.509547	0.034560
4.517707	0.034560
4.525867	0.034560
4.534027	0.034560
4.542187	0.034560
4.550347	0.034560
4.558507	0.034560
4.566667	0.034560
4.574827	0.034560
4.582987	0.034560
4.591147	0.034560
4.599307	0.034560
4.607467	0.034560
4.615627	0.034560
4.623787	0.034560
4.631947	0.034560
4.640107	0.034560
4.648267	0.034560
4.656427	0.034560
4.664587	0.034560
4.672747	0.034560
4.680907	0.034560
4.689067	0.034560
4.697227	0.034560
4.705387	0.034560
4.713547	0.034560
4.721707	0.034560
4.729867	0.034560
4.738027	0.034560
4.746187	0.034560
4.754347	0.034560
4.762507	0.034560
4.770667	0.034560
4.778827	0.034560
4.786987	0.034560
4.795147	0.034560
4.803307	0.034560
4.811467	0.034560
4.819627	0.034560
4.827787	0.034560
4.835947	0.034560
4.844107	0.034560
4.852267	0.034560
4.860427	0.034560
4.868587	0.034560
4.876747	0.034560
4.884907	0.034560
4.893067	0.034560
4.901227	0.034560
4.909387	0.034560
4.917547	0.034560
4.925707	0.034560
4.933867	0.034560
4.942027	0.034560
4.950187	0.034560
4.958347	0.034560
4.966507	0.034560
4.974667	0.034560
4.982827	0.034560
4.990987	0.034560
4.999147	0.034560
5.007307	0.034560
5.015467	0.034560
5.023627	0.034560
5.031787	0.034560
5.039947	0.034560
5.048107	0.034560
5.056267	0.034560
5.064427	0.034560
5.072587	0.034560
5.080747	0.034560
5.088907	0.034560
5.097067	0.034560
5.105227	0.034560
5.113387	0.034560
5.121547	0.034560
5.129707	0.034560
5.137867	0.034560
5.146027	0.034560
5.154187	0.034560
5.162347	0.034560
5.170507	0.034560
5.178667	0.034560
5.186827	0.034560
5.194987	0.034560
5.203147	0.034560
5.211307	0.034560
5.219467	0.034560
5.227627	0.034560
5.235787	0.034560
5.243947	0.034560
5.252107	0.034560
5.260267	0.034560
5.268427	0.034560
5.276587	0.034560
5.284747	0.034560
5.292907	0.034560
5.301067	0.034560
5.309227	0.034560
5.317387	0.034560
5.325547	0.034560
5.333707	0.034560
5.341867	0.034560
5.350027	0.034560
5.358187	0.034560
5.366347	0.034560
5.374507	0.034560
5.382667	0.034560
5.390827	0.034560
5.398987	0.034560
5.407147	0.034560
5.415307	0.034560
5.423467	0.034560
5.431627	0.034560
5.439787	0.034560
5.447947	0.034560
5.456107	0.034560
5.464267	0.034560
5.472427	0.034560
5.480587	0.034560
5.488747	0.034560
5.496907	0.034560
5.505067	0.034560
5.513227	0.034560
5.521387	0.034560
5.529547	0.034560
5.537707	0.034560
5.545867	0.034560
5.554027	0.034560
5.562187	0.034560
5.570347	0.034560
5.578507	0.034560
5.586667	0.034560
5.594827	0.034560
5.602987	0.034560
5.611147	0.034560
5.619307	0.034560
5.627467	0.034560
5.635627	0.034560
5.643787	0.034560
5.651947	0.034560
5.660107	0.034560
5.668267	0.034560
5.676427	0.034560
5.684587	0.034560
5.692747	0.034560
5.700907	0.034560
5.709067	0.034560
5.717227	0.034560
5.725387	0.034560
5.733547	0.034560
5.741707	0.034560
5.749867	0.034560
5.758027	0.034560
5.766187	0.034560
5.774347	0.034560
5.782507	0.034560
5.790667	0.034560
5.798827	0.034560
5.806987	0.034560
5.815147	0.034560
5.823307	0.034560
5.831467	0.034560
5.839627	0.034560
5.847787	0.034560
5.855947	0.034560
5.864107	0.034560
5.872267	0.034560
5.880427	0.034560
5.888587	0.034560
5.896747	0.034560
5.904907	0.034560
5.913067	0.034560
5.921227	0.034560
5.929387	0.034560
5.937547	0.034560
5.945707	0.034560
5.953867	0.034560
5.962027	0.034560
5.970187	0.034560
5.978347	0.034560
5.986507	0.034560
5.994667	0.034560
6.002827	0.034560
6.010987	0.034560
6.019147	0.034560
6.027307	0.034560
6.035467	0.034560
6.043627	0.034560
6.051787	0.034560
6.059947	0.034560
6.068107	0.034560
6.076267	0.034560
6.084427	0.034560
6.092587	0.034560
6.100747	0.034560
6.108907	0.034560
6.117067	0.034560
6.125227	0.034560
6.133387	0.034560
6.141547	0.034560
6.149707	0.034560
6.157867	0.034560
6.166027	0.034560
6.174187	0.034560
6.182347	0.034560
6.190507	0.034560
6.198667	0.034560
6.206827	0.034560
6.214987	0.034560
6.223147	0.034560
6.231307	0.034560
6.239467	0.034560
6.247627	0.034560
6.255787	0.034560
6.263947	0.034560
6.272107	0.034560
6.280267	0.034560
6.288427	0.034560
6.296587	0.034560
6.304747	0.034560
6.312907	0.034560
6.321067	0.034560
6.329227	0.034560
6.337387	0.034560
6.345547	0.034560
6.353707	0.034560
6.361867	0.034560
6.370027	0.034560
6.378187	0.034560
6.386347	0.034560
6.394507	0.034560
6.402667	0.034560
6.410827	0.034560
6.418987	0.034560
6.427147	0.034560
6.435307	0.034560
6.443467	0.034560
6.451627	0.034560
6.459787	0.034560
6.467947	0.034560
6.476107	0.034560
6.484267	0.034560
6.492427	0.034560
6.500587	0.034560
6.508747	0.034560
6.516907	0.034560
6.525067	0.034560
6.533227	0.034560
6.541387	0.034560
6.549547	0.034560
6.557707	0.034560
6.565867	0.034560
6.574027	0.034560
6.582187	0.034560
6.590347	0.034560
6.598507	0.034560
6.606667	0.034560
6.614827	0.034560
6.622987	0.034560
6.631147	0.034560
6.639307	0.034560
6.647467	0.034560
6.655627	0.034560
6.663787	0.034560
6.671947	0.034560
6.680107	0.034560
6.688267	0.034560
6.696427	0.034560
6.704587	0.034560
6.712747	0.034560
6.720907	0.034560
6.729067	0.034560
6.737227	0.034560
6.745387	0.034560
6.753547	0.034560
6.761707	0.034560
6.769867	0.034560
6.778027	0.034560
6.786187	0.034560
6.794347	0.034560
6.802507	0.034560
6.810667	0.034560
6.818827	0.034560
6.826987	0.034560
6.835147	0.034560
6.843307	0.034560
6.851467	0.034560
6.859627	0.034560
6.867787	0.034560
6.875947	0.034560
6.884107	0.034560
6.892267	0.034560
6.900427	0.034560
6.908587	0.034560
6.916747	0.034560
6.924907	0.034560
6.933067	0.034560
6.941227	0.034560
6.949387	0.034560
6.957547	0.034560
6.965707	0.034560
6.973867	0.034560
6.982027	0.034560
6.990187	0.034560
6.998347	0.034560
7.006507	0.034560
7.014667	0.034560
7.022827	0.034560
7.030987	0.034560
7.039147	0.034560
7.047307	0.034560
7.055467	0.034560
7.063627	0.034560
7.071787	0.034560
7.079947	0.034560
7.088107	0.034560
7.096267	0.034560
7.104427	0.034560
7.112587	0.034560
7.120747	0.034560
7.128907	0.034560
7.137067	0.034560
7.145227	0.034560
7.153387	0.034560
7.161547	0.034560
7.169707	0.034560
7.177867	0.034560
7.186027	0.034560
7.194187	0.034560
7.202347	0.034560
7.210507	0.034560
7.218667	0.034560
7.226827	0.034560
7.234987	0.034560
7.243147	0.034560
7.251307	0.034560
7.259467	0.034560
7.267627	0.034560
7.275787	0.034560
7.283947	0.034560
7.292107	0.034560
7.300267	0.034560
7.308427	0.034560
7.316587	0.034560
7.324747	0.034560
7.332907	0.034560
7.341067	0.034560
7.349227	0.034560
7.357387	0.034560
7.365547	0.034560
7.373707	0.034560
7.381867	0.034560
7.390027	0.034560
7.398187	0.034560
7.406347	0.034560
7.414507	0.034560
7.422667	0.034560
7.430827	0.034560
7.438987	0.034560
7.447147	0.034560
7.455307	0.034560
7.463467	0.034560
7.471627	0.034560
7.479787	0.034560
7.487947	0.034560
7.496107	0.034560
7.504267	0.034560
7.512427	0.034560
7.520587	0.034560
7.528747	0.034560
7.536907	0.034560
7.545067	0.034560
7.553227	0.034560
7.561387	0.034560
7.569547	0.034560
7.577707	0.034560
7.585867	0.034560
7.594027	0.034560
7.602187	0.034560
7.610347	0.034560
7.618507	0.034560
7.626667	0.034560
7.634827	0.034560
7.642987	0.034560
7.651147	0.034560
7.659307	0.034560
7.667467	0.034560
7.675627	0.034560
7.683787	0.034560
7.691947	0.034560
7.700107	0.034560
7.708267	0.034560
7.716427	0.034560
7.724587	0.034560
7.732747	0.034560
7.740907	0.034560
7.749067	0.034560
7.757227	0.034560
7.765387	0.034560
7.773547	0.034560
7.781707	0.034560
7.789867	0.034560
7.798027	0.034560
7.806187	0.034560
7.814347	0.034560
7.822507	0.034560
7.830667	0.034560
7.838827	0.034560
7.846987	0.034560
7.855147	0.034560
7.863307	0.034560
7.871467	0.034560
7.879627	0.034560
7.887787	0.034560
7.895947	0.034560
7.904107	0.034560
7.912267	0.034560
7.920427	0.034560
7.928587	0.034560
7.936747	0.034560
7.944907	0.034560
7.953067	0.034560
7.961227	0.034560
7.969387	0.034560
7.977547	0.034560
7.985707	0.034560
7.993867	0.034560
8.002027	0.034560
8.010187	0.034560
8.018347	0.034560
8.026507	0.034560
8.034667	0.034560
8.042827	0.034560
8.050987	0.034560
8.059147	0.034560
8.067307	0.034560
8.075467	0.034560
8.083627	0.034560
8.091787	0.034560
8.099947	0.034560
8.108107	0.034560
8.116267	0.034560
8.124427	0.034560
8.132587	0.034560
8.140747	0.034560
8.148907	0.034560
8.157067	0.034560
8.165227	0.034560
8.173387	0.034560
8.181547	0.034560
8.189707	0.034560
8.197867	0.034560
8.206027	0.034560
8.214187	0.034560
8.222347	0.034560
8.230507	0.034560
8.238667	0.034560
8.246827	0.034560
8.254987	0.034560
8.263147	0.034560
8.271307	0.034560
8.279467	0.034560
8.287627	0.034560
8.295787	0.034560
8.303947	0.034560
8.312107	0.034560
8.320267	0.034560
8.328427	0.034560
8.336587	0.034560
8.344747	0.034560
8.352907	0.034560
8.361067	0.034560
8.369227	0.034560
8.377387	0.034560
8.385547	0.034560
8.393707	0.034560
8.401867	0.034560
8.410027	0.034560
8.418187	0.034560
8.426347	0.034560
8.434507	0.034560
8.442667	0.034560
8.450827	0.034560
8.458987	0.034560
8.467147	0.034560
8.475307	0.034560
8.483467	0.034560
8.491627	0.034560
8.499787	0.034560
8.507947	0.034560
8.516107	0.034560
8.524267	0.034560
8.532427	0.034560
8.540587	0.034560
8.548747	0.034560
8.556907	0.034560
8.565067	0.034560
8.573227	0.034560
8.581387	0.034560
8.589547	0.034560
8.597707	0.034560
8.605867	0.034560
8.614027	0.034560
8.622187	0.034560
8.630347	0.034560
8.638507	0.034560
8.646667	0.034560
8.654827	0.034560
8.662987	0.034560
8.671147	0.034560
8.679307	0.034560
8.687467	0.034560
8.695627	0.034560
8.703787	0.034560
8.711947	0.034560
8.720107	0.034560
8.728267	0.034560
8.736427	0.034560
8.744587	0.034560
8.752747	0.034560
8.760907	0.034560
8.769067	0.034560
8.777227	0.034560
8.785387	0.034560
8.793547	0.034560
8.801707	0.034560
8.809867	0.034560
8.818027	0.034560
8.826187	0.034560
8.834347	0.034560
8.842507	0.034560
8.850667	0.034560
8.858827	0.034560
8.866987	0.034560
8.875147	0.034560
8.883307	0.034560
8.891467	0.034560
8.899627	0.034560
8.907787	0.034560
8.915947	0.034560
8.924107	0.034560
8.932267	0.034560
8.940427	0.034560
8.948587	0.034560
8.956747	0.034560
8.964907	0.034560
8.973067	0.034560
8.981227	0.034560
8.989387	0.034560
8.997547	0.034560
9.005707	0.034560
9.013867	0.034560
9.022027	0.034560
9.030187	0.034560
9.038347	0.034560
9.046507	0.034560
9.054667	0.034560
9.062827	0.034560
9.070987	0.034560
9.079147	0.034560
9.087307	0.034560
9.095467	0.034560
9.103627	0.034560
9.111787	0.034560
9.119947	0.034560
9.128107	0.034560
9.136267	0.034560
9.144427	0.034560
9.152587	0.034560
9.160747	0.034560
9.168907	0.034560
9.177067	0.034560
9.185227	0.034560
9.193387	0.034560
9.201547	0.034560
9.209707	0.034560
9.217867	0.034560
9.226027	0.034560
9.234187	0.034560
9.242347	0.034560
9.250507	0.034560
9.258667	0.034560
9.266827	0.034560
9.274987	0.034560
9.283147	0.034560
9.291307	0.034560
9.299467	0.034560
9.307627	0.034560
9.315787	0.034560
9.323947	0.034560
9.332107	0.034560
9.340267	0.034560
9.348427	0.034560
9.356587	0.034560
9.364747	0.034560
9.372907	0.034560
9.381067	0.034560
9.389227	0.034560
9.397387	0.034560
9.405547	0.034560
9.413707	0.034560
9.421867	0.034560
9.430027	0.034560
9.438187	0.034560
9.446347	0.034560
9.454507	0.034560
9.462667	0.034560
9.470827	0.034560
9.478987	0.034560
9.487147	0.034560
9.495307	0.034560
9.503467	0.034560
9.511627	0.034560
9.519787	0.034560
9.527947	0.034560
9.536107	0.034560
9.544267	0.034560
9.552427	0.034560
9.560587	0.034560
9.568747	0.034560
9.576907	0.034560
9.585067	0.034560
9.593227	0.034560
9.601387	0.034560
9.609547	0.034560
9.617707	0.034560
9.625867	0.034560
9.634027	0.034560
9.642187	0.034560
9.650347	0.034560
9.658507	0.034560
9.666667	0.034560
9.674827	0.034560
9.682987	0.034560
9.691147	0.034560
9.699307	0.034560
9.707467	0.034560
9.715627	0.034560
9.723787	0.034560
9.731947	0.034560
9.740107	0.034560
9.748267	0.034560
9.756427	0.034560
9.764587	0.034560
9.772747	0.034560
9.780907	0.034560
9.789067	0.034560
9.797227	0.034560
9.805387	0.034560
9.813547	0.034560
9.821707	0.034560
9.829867	0.034560
9.838027	0.034560
9.846187	0.034560
9.854347	0.034560
9.862507	0.034560
9.870667	0.034560
9.878827	0.034560
9.886987	0.034560
9.895147	0.034560
9.903307	0.034560
9.911467	0.034560
9.919627	0.034560
9.927787	0.034560
9.935947	0.034560
9.944107	0.034560
9.952267	0.034560
9.960427	0.034560
9.968587	0.034560
9.976747	0.034560
9.984907	0.034560
9.993067	0.034560
10.001227	0.034560
10.009387	0.034560
10.017547	0.034560
10.025707	0.034560
10.033867	0.034560
10.042027	0.034560
10.050187	0.034560
10.058347	0.034560
10.066507	0.034560
10.074667	0.034560
10.082827	0.034560
10.090987	0.034560
10.099147	0.034560
10.107307	0.034560
10.115467	0.034560
10.123627	0.034560
10.131787	0.034560
10.139947	0.034560
10.148107	0.034560
10.156267	0.034560
10.164427	0.034560
10.172587	0.034560
10.180747	0.034560
10.188907	0.034560
10.197067	0.034560
10.205227	0.034560
10.213387	0.034560
10.221547	0.034560
10.229707	0.034560
10.237867	0.034560
10.246027	0.034560
10.254187	0.034560
10.262347	0.034560
10.270507	0.034560
10.278667	0.034560
10.286827	0.034560
10.294987	0.034560
10.303147	0.034560
10.311307	0.034560
10.319467	0.034560
10.327627	0.034560
10.335787	0.034560
10.343947	0.034560
10.352107	0.034560
10.360267	0.034560
10.368427	0.034560
10.376587	0.034560
10.384747	0.034560
10.392907	0.034560
10.401067	0.034560
10.409227	0.034560
10.417387	0.034560
10.425547	0.034560
10.433707	0.034560
10.441867	0.034560
10.450027	0.034560
10.458187	0.034560
10.466347	0.034560
10.474507	0.034560
10.482667	0.034560
10.490827	0.034560
10.498987	0.034560
10.507147	0.034560
10.515307	0.034560
10.523467	0.034560
10.531627	0.034560
10.539787	0.034560
10.547947	0.034560
10.556107	0.034560
10.564267	0.034560
10.572427	0.034560
10.580587	0.034560
10.588747	0.034560
10.596907	0.034560
10.605067	0.034560
10.613227	0.034560
10.621387	0.034560
10.629547	0.034560
10.637707	0.034560
10.645867	0.034560
10.654027	0.034560
10.662187	0.034560
10.670347	0.034560
10.678507	0.034560
10.686667	0.034560
10.694827	0.034560
10.702987	0.034560
10.711147	0.034560
10.719307	0.034560
10.727467	0.034560
10.735627	0.034560
10.743787	0.034560
10.751947	0.034560
10.760107	0.034560
10.768267	0.034560
10.776427	0.034560
10.784587	0.034560
10.792747	0.034560
10.800907	0.034560
10.809067	0.034560
10.817227	0.034560
10.825387	0.034560
10.833547	0.034560
10.841707	0.034560
10.849867	0.034560
10.858027	0.034560
10.866187	0.034560
10.874347	0.034560
10.882507	0.034560
10.890667	0.034560
10.898827	0.034560
10.906987	0.034560
10.915147	0.034560
10.923307	0.034560
10.931467	0.034560
10.939627	0.034560
10.947787	0.034560
10.955947	0.034560
10.964107	0.034560
10.972267	0.034560
10.980427	0.034560
10.988587	0.034560
10.996747	0.034560
11.004907	0.034560
11.013067	0.034560
11.021227	0.034560
11.029387	0.034560
11.037547	0.034560
11.045707	0.034560
11.053867	0.034560
11.062027	0.034560
11.070187	0.034560
11.078347	0.034560
11.086507	0.034560
11.094667	0.034560
11.102827	0.034560
11.110987	0.034560
11.119147	0.034560
11.127307	0.034560
11.135467	0.034560
11.143627	0.034560
11.151787	0.034560
11.159947	0.034560
11.168107	0.034560
11.176267	0.034560
11.184427	0.034560
11.192587	0.034560
11.200747	0.034560
11.208907	0.034560
11.217067	0.034560
11.225227	0.034560
11.233387	0.034560
11.241547	0.034560
11.249707	0.034560
11.257867	0.034560
11.266027	0.034560
11.274187	0.034560
11.282347	0.034560
11.290507	0.034560
11.298667	0.034560
11.306827	0.034560
11.314987	0.034560
11.323147	0.034560
11.331307	0.034560
11.339467	0.034560
11.347627	0.034560
11.355787	0.034560
11.363947	0.034560
11.372107	0.034560
11.380267	0.034560
11.388427	0.034560
11.396587	0.034560
11.404747	0.034560
11.412907	0.034560
11.421067	0.034560
11.429227	0.034560
11.437387	0.034560
11.445547	0.034560
11.453707	0.034560
11.461867	0.034560
11.470027	0.034560
11.478187	0.034560
11.486347	0.034560
11.494507	0.034560
11.502667	0.034560
11.510827	0.034560
11.518987	0.034560
11.527147	0.034560
11.535307	0.034560
11.543467	0.034560
11.551627	0.034560
11.559787	0.034560
11.567947	0.034560
11.576107	0.034560
11.584267	0.034560
11.592427	0.034560
11.600587	0.034560
11.608747	0.034560
11.616907	0.034560
11.625067	0.034560
11.633227	0.034560
11.641387	0.034560
11.649547	0.034560
11.657707	0.034560
11.665867	0.034560
11.674027	0.034560
11.682187	0.034560
11.690347	0.034560
11.698507	0.034560
11.706667	0.034560
11.714827	0.034560
11.722987	0.034560
11.731147	0.034560
11.739307	0.034560
11.747467	0.034560
11.755627	0.034560
11.763787	0.034560
11.771947	0.034560
11.780107	0.034560
11.788267	0.034560
11.796427	0.034560
11.804587	0.034560
11.812747	0.034560
11.820907	0.034560
11.829067	0.034560
11.837227	0.034560
11.845387	0.034560
11.853547	0.034560
11.861707	0.034560
11.869867	0.034560
11.878027	0.034560
11.886187	0.034560
11.894347	0.034560
11.902507	0.034560
11.910667	0.034560
11.918827	0.034560
11.926987	0.034560
11.935147	0.034560
11.943307	0.034560
11.951467	0.034560
11.959627	0.034560
11.967787	0.034560
11.975947	0.034560
11.984107	0.034560
11.992267	0.034560
