0 0.107000
1 0.125880
2 0.144787
3 0.155027
4 0.163187
5 0.173427
6 0.183667
7 0.191827
8 0.202067
9 0.210227
10 0.220467
11 0.230707
12 0.238867
13 0.244947
14 0.251027
15 0.259187
16 0.267347
17 0.275507
18 0.283667
19 0.291827
20 0.299987
21 0.308147
22 0.316307
23 0.324467
24 0.332627
25 0.340787
26 0.348947
27 0.357107
28 0.365267
29 0.373427
30 0.381587
31 0.389747
32 0.397907
33 0.406067
34 0.414227
35 0.422387
36 0.430547
37 0.438707
38 0.446867
39 0.455027
40 0.463187
41 0.471347
42 0.479507
43 0.487667
44 0.495827
45 0.503987
46 0.512147
47 0.520307
48 0.528467
49 0.536627
50 0.544787
51 0.552947
52 0.561107
53 0.569267
54 0.577427
55 0.585587
56 0.593747
57 0.601907
58 0.610067
59 0.618227
60 0.626387
61 0.634547
62 0.642707
63 0.650867
64 0.659027
65 0.667187
66 0.675347
67 0.683507
68 0.691667
69 0.699827
70 0.707987
71 0.716147
72 0.724307
73 0.732467
74 0.740627
75 0.748787
76 0.756947
77 0.765107
78 0.773267
79 0.781427
80 0.789587
81 0.797747
82 0.805907
83 0.814067
84 0.822227
85 0.830387
86 0.838547
87 0.846707
88 0.854867
89 0.863027
90 0.871187
91 0.879347
92 0.887507
93 0.895667
94 0.903827
95 0.911987
96 0.920147
97 0.928307
98 0.936467
99 0.944627
100 0.952787
101 0.960947
102 0.969107
103 0.977267
104 0.985427
105 0.993587
106 1.001747
107 1.009907
108 1.018067
109 1.026227
110 1.034387
111 1.042547
112 1.050707
113 1.058867
114 1.067027
115 1.075187
116 1.083347
117 1.091507
118 1.099667
119 1.107827
120 1.115987
121 1.124147
122 1.132307
123 1.140467
124 1.148627
125 1.156787
126 1.164947
127 1.173107
128 1.181267
129 1.189427
130 1.197587
131 1.205747
132 1.213907
133 1.222067
134 1.230227
135 1.238387
136 1.246547
137 1.254707
138 1.262867
139 1.271027
140 1.279187
141 1.287347
142 1.295507
143 1.303667
144 1.311827
145 1.319987
146 1.328147
147 1.336307
148 1.344467
149 1.352627
150 1.360787
151 1.368947
152 1.377107
153 1.385267
154 1.393427
155 1.401587
156 1.409747
157 1.417907
158 1.426067
159 1.434227
160 1.442387
161 1.450547
162 1.458707
163 1.466867
164 1.475027
165 1.483187
166 1.491347
167 1.499507
168 1.507667
169 1.515827
170 1.523987
171 1.532147
172 1.540307
173 1.548467
174 1.556627
175 1.564787
176 1.572947
177 1.581107
178 1.589267
179 1.597427
180 1.605587
181 1.613747
182 1.621907
183 1.630067
184 1.638227
185 1.646387
186 1.654547
187 1.662707
188 1.670867
189 1.679027
190 1.687187
191 1.695347
192 1.703507
193 1.711667
194 1.719827
195 1.727987
196 1.736147
197 1.744307
198 1.752467
199 1.760627
200 1.768787
201 1.776947
202 1.785107
203 1.793267
204 1.801427
205 1.809587
206 1.817747
207 1.825907
208 1.834067
209 1.842227
210 1.850387
211 1.858547
212 1.866707
213 1.874867
214 1.883027
215 1.891187
216 1.899347
217 1.907507
218 1.915667
219 1.923827
220 1.931987
221 1.940147
222 1.948307
223 1.956467
224 1.964627
225 1.972787
226 1.980947
227 1.989107
228 1.997267
229 2.005427
230 2.013587
231 2.021747
232 2.029907
233 2.038067
234 2.046227
235 2.054387
236 2.062547
237 2.070707
238 2.078867
239 2.087027
240 2.095187
241 2.103347
242 2.111507
243 2.119667
244 2.127827
245 2.135987
246 2.144147
247 2.152307
248 2.160467
249 2.168627
250 2.176787
251 2.184947
252 2.193107
253 2.201267
254 2.209427
255 2.217587
256 2.225747
257 2.233907
258 2.242067
259 2.250227
260 2.258387
261 2.266547
262 2.274707
263 2.282867
264 2.291027
265 2.299187
266 2.307347
267 2.315507
268 2.323667
269 2.331827
270 2.339987
271 2.348147
272 2.356307
273 2.364467
274 2.372627
275 2.380787
276 2.388947
277 2.397107
278 2.405267
279 2.413427
280 2.421587
281 2.429747
282 2.437907
283 2.446067
284 2.454227
285 2.462387
286 2.470547
287 2.478707
288 2.486867
289 2.495027
290 2.503187
291 2.511347
292 2.519507
293 2.527667
294 2.535827
295 2.543987
296 2.552147
297 2.560307
298 2.568467
299 2.576627
300 2.584787
301 2.592947
302 2.601107
303 2.609267
304 2.617427
305 2.625587
306 2.633747
307 2.641907
308 2.650067
309 2.658227
310 2.666387
311 2.674547
312 2.682707
313 2.690867
314 2.699027
315 2.707187
316 2.715347
317 2.723507
318 2.731667
319 2.739827
320 2.747987
321 2.756147
322 2.764307
323 2.772467
324 2.780627
325 2.788787
326 2.796947
327 2.805107
328 2.813267
329 2.821427
330 2.829587
331 2.837747
332 2.845907
333 2.854067
334 2.862227
335 2.870387
336 2.878547
337 2.886707
338 2.894867
339 2.903027
340 2.911187
341 2.919347
342 2.927507
343 2.935667
344 2.943827
345 2.951987
346 2.960147
347 2.968307
348 2.976467
349 2.984627
350 2.992787
351 3.000947
352 3.009107
353 3.017267
354 3.025427
355 3.033587
356 3.041747
357 3.049907
358 3.058067
359 3.066227
360 3.074387
361 3.082547
362 3.090707
363 3.098867
364 3.107027
365 3.115187
366 3.123347
367 3.131507
368 3.139667
369 3.147827
370 3.155987
371 3.164147
372 3.172307
373 3.180467
374 3.188627
375 3.196787
376 3.204947
377 3.213107
378 3.221267
379 3.229427
380 3.237587
381 3.245747
382 3.253907
383 3.262067
384 3.270227
385 3.278387
386 3.286547
387 3.294707
388 3.302867
389 3.311027
390 3.319187
391 3.327347
392 3.335507
393 3.343667
394 3.351827
395 3.359987
396 3.368147
397 3.376307
398 3.384467
399 3.392627
400 3.400787
401 3.408947
402 3.417107
403 3.425267
404 3.433427
405 3.441587
406 3.449747
407 3.457907
408 3.466067
409 3.474227
410 3.482387
411 3.490547
412 3.498707
413 3.506867
414 3.515027
415 3.523187
416 3.531347
417 3.539507
418 3.547667
419 3.555827
420 3.563987
421 3.572147
422 3.580307
423 3.588467
424 3.596627
425 3.604787
426 3.612947
427 3.621107
428 3.629267
429 3.637427
430 3.645587
431 3.653747
432 3.661907
433 3.670067
434 3.678227
435 3.686387
436 3.694547
437 3.702707
438 3.710867
439 3.719027
440 3.727187
441 3.735347
442 3.743507
443 3.751667
444 3.759827
445 3.767987
446 3.776147
447 3.784307
448 3.792467
449 3.800627
450 3.808787
451 3.816947
452 3.825107
453 3.833267
454 3.841427
455 3.849587
456 3.857747
457 3.865907
458 3.874067
459 3.882227
460 3.890387
461 3.898547
462 3.906707
463 3.914867
464 3.923027
465 3.931187
466 3.939347
467 3.947507
468 3.955667
469 3.963827
470 3.971987
471 3.980147
472 3.988307
473 3.996467
474 4.004627
475 4.012787
476 4.020947
477 4.029107
478 4.037267
479 4.045427
480 4.053587
481 4.061747
482 4.069907
483 4.078067
484 4.086227
485 4.094387
486 4.102547
487 4.110707
488 4.118867
489 4.127027
490 4.135187
491 4.143347
492 4.151507
493 4.159667
494 4.167827
495 4.175987
496 4.184147
497 4.192307
498 4.200467
499 4.208627
500 4.216787
501 4.224947
502 4.233107
503 4.241267
504 4.249427
505 4.257587
506 4.265747
507 4.273907
508 4.282067
509 4.290227
510 4.298387
511 4.306547
512 4.314707
513 4.322867
514 4.331027
515 4.339187
516 4.347347
517 4.355507
518 4.363667
519 4.371827
520 4.379987
521 4.388147
522 4.396307
523 4.404467
524 4.412627
525 4.420787
526 4.428947
527 4.437107
528 4.445267
529 4.453427
530 4.461587
531 4.469747
532 4.477907
533 4.486067
534 4.494227
535 4.502387
536 4.510547
537 4.518707
538 4.526867
539 4.535027
540 4.543187
541 4.551347
542 4.559507
543 4.567667
544 4.575827
545 4.583987
546 4.592147
547 4.600307
548 4.608467
549 4.616627
550 4.624787
551 4.632947
552 4.641107
553 4.649267
554 4.657427
555 4.665587
556 4.673747
557 4.681907
558 4.690067
559 4.698227
560 4.706387
561 4.714547
562 4.722707
563 4.730867
564 4.739027
565 4.747187
566 4.755347
567 4.763507
568 4.771667
569 4.779827
570 4.787987
571 4.796147
572 4.804307
573 4.812467
574 4.820627
575 4.828787
576 4.836947
577 4.845107
578 4.853267
579 4.861427
580 4.869587
581 4.877747
582 4.885907
583 4.894067
584 4.902227
585 4.910387
586 4.918547
587 4.926707
588 4.934867
589 4.943027
590 4.951187
591 4.959347
592 4.967507
593 4.975667
594 4.983827
595 4.991987
596 5.000147
597 5.008307
598 5.016467
599 5.024627
600 5.032787
601 5.040947
602 5.049107
603 5.057267
604 5.065427
605 5.073587
606 5.081747
607 5.089907
608 5.098067
609 5.106227
610 5.114387
611 5.122547
612 5.130707
613 5.138867
614 5.147027
615 5.155187
616 5.163347
617 5.171507
618 5.179667
619 5.187827
620 5.195987
621 5.204147
622 5.212307
623 5.220467
624 5.228627
625 5.236787
626 5.244947
627 5.253107
628 5.261267
629 5.269427
630 5.277587
631 5.285747
632 5.293907
633 5.302067
634 5.310227
635 5.318387
636 5.326547
637 5.334707
638 5.342867
639 5.351027
640 5.359187
641 5.367347
642 5.375507
643 5.383667
644 5.391827
645 5.399987
646 5.408147
647 5.416307
648 5.424467
649 5.432627
650 5.440787
651 5.448947
652 5.457107
653 5.465267
654 5.473427
655 5.481587
656 5.489747
657 5.497907
658 5.506067
659 5.514227
660 5.522387
661 5.530547
662 5.538707
663 5.546867
664 5.555027
665 5.563187
666 5.571347
667 5.579507
668 5.587667
669 5.595827
670 5.603987
671 5.612147
672 5.620307
673 5.628467
674 5.636627
675 5.644787
676 5.652947
677 5.661107
678 5.669267
679 5.677427
680 5.685587
681 5.693747
682 5.701907
683 5.710067
684 5.718227
685 5.726387
686 5.734547
687 5.742707
688 5.750867
689 5.759027
690 5.767187
691 5.775347
692 5.783507
693 5.791667
694 5.799827
695 5.807987
696 5.816147
697 5.824307
698 5.832467
699 5.840627
700 5.848787
701 5.856947
702 5.865107
703 5.873267
704 5.881427
705 5.889587
706 5.897747
707 5.905907
708 5.914067
709 5.922227
710 5.930387
711 5.938547
712 5.946707
713 5.954867
714 5.963027
715 5.971187
716 5.979347
717 5.987507
718 5.995667
719 6.003827
720 6.011987
721 6.020147
722 6.028307
723 6.036467
724 6.044627
725 6.052787
726 6.060947
727 6.069107
728 6.077267
729 6.085427
730 6.093587
731 6.101747
732 6.109907
733 6.118067
734 6.126227
735 6.134387
736 6.142547
737 6.150707
738 6.158867
739 6.167027
740 6.175187
741 6.183347
742 6.191507
743 6.199667
744 6.207827
745 6.215987
746 6.224147
747 6.232307
748 6.240467
749 6.248627
750 6.256787
751 6.264947
752 6.273107
753 6.281267
754 6.289427
755 6.297587
756 6.305747
757 6.313907
758 6.322067
759 6.330227
760 6.338387
761 6.346547
762 6.354707
763 6.362867
764 6.371027
765 6.379187
766 6.387347
767 6.395507
768 6.403667
769 6.411827
770 6.419987
771 6.428147
772 6.436307
773 6.444467
774 6.452627
775 6.460787
776 6.468947
777 6.477107
778 6.485267
779 6.493427
780 6.501587
781 6.509747
782 6.517907
783 6.526067
784 6.534227
785 6.542387
786 6.550547
787 6.558707
788 6.566867
789 6.575027
790 6.583187
791 6.591347
792 6.599507
793 6.607667
794 6.615827
795 6.623987
796 6.632147
797 6.640307
798 6.648467
799 6.656627
800 6.664787
801 6.672947
802 6.681107
803 6.689267
804 6.697427
805 6.705587
806 6.713747
807 6.721907
808 6.730067
809 6.738227
810 6.746387
811 6.754547
812 6.762707
813 6.770867
814 6.779027
815 6.787187
816 6.795347
817 6.803507
818 6.811667
819 6.819827
820 6.827987
821 6.836147
822 6.844307
823 6.852467
824 6.860627
825 6.868787
826 6.876947
827 6.885107
828 6.893267
829 6.901427
830 6.909587
831 6.917747
832 6.925907
833 6.934067
834 6.942227
835 6.950387
836 6.958547
837 6.966707
838 6.974867
839 6.983027
840 6.991187
841 6.999347
842 7.007507
843 7.015667
844 7.023827
845 7.031987
846 7.040147
847 7.048307
848 7.056467
849 7.064627
850 7.072787
851 7.080947
852 7.089107
853 7.097267
854 7.105427
855 7.113587
856 7.121747
857 7.129907
858 7.138067
859 7.146227
860 7.154387
861 7.162547
862 7.170707
863 7.178867
864 7.187027
865 7.195187
866 7.203347
867 7.211507
868 7.219667
869 7.227827
870 7.235987
871 7.244147
872 7.252307
873 7.260467
874 7.268627
875 7.276787
876 7.284947
877 7.293107
878 7.301267
879 7.309427
880 7.317587
881 7.325747
882 7.333907
883 7.342067
884 7.350227
885 7.358387
886 7.366547
887 7.374707
888 7.382867
889 7.391027
890 7.399187
891 7.407347
892 7.415507
893 7.423667
894 7.431827
895 7.439987
896 7.448147
897 7.456307
898 7.464467
899 7.472627
900 7.480787
901 7.488947
902 7.497107
903 7.505267
904 7.513427
905 7.521587
906 7.529747
907 7.537907
908 7.546067
909 7.554227
910 7.562387
911 7.570547
912 7.578707
913 7.586867
914 7.595027
915 7.603187
916 7.611347
917 7.619507
918 7.627667
919 7.635827
920 7.643987
921 7.652147
922 7.660307
923 7.668467
924 7.676627
925 7.684787
926 7.692947
927 7.701107
928 7.709267
929 7.717427
930 7.725587
931 7.733747
932 7.741907
933 7.750067
934 7.758227
935 7.766387
936 7.774547
937 7.782707
938 7.790867
939 7.799027
940 7.807187
941 7.815347
942 7.823507
943 7.831667
944 7.839827
945 7.847987
946 7.856147
947 7.864307
948 7.872467
949 7.880627
950 7.888787
951 7.896947
952 7.905107
953 7.913267
954 7.921427
955 7.929587
956 7.937747
957 7.945907
958 7.954067
959 7.962227
960 7.970387
961 7.978547
962 7.986707
963 7.994867
964 8.003027
965 8.011187
966 8.019347
967 8.027507
968 8.035667
969 8.043827
970 8.051987
971 8.060147
972 8.068307
973 8.076467
974 8.084627
975 8.092787
976 8.100947
977 8.109107
978 8.117267
979 8.125427
980 8.133587
981 8.141747
982 8.149907
983 8.158067
984 8.166227
985 8.174387
986 8.182547
987 8.190707
988 8.198867
989 8.207027
990 8.215187
991 8.223347
992 8.231507
993 8.239667
994 8.247827
995 8.255987
996 8.264147
997 8.272307
998 8.280467
999 8.288627
1000 8.296787
1001 8.304947
1002 8.313107
1003 8.321267
1004 8.329427
1005 8.337587
1006 8.345747
1007 8.353907
1008 8.362067
1009 8.370227
1010 8.378387
1011 8.386547
1012 8.394707
1013 8.402867
1014 8.411027
1015 8.419187
1016 8.427347
1017 8.435507
1018 8.443667
1019 8.451827
1020 8.459987
1021 8.468147
1022 8.476307
1023 8.484467
1024 8.492627
1025 8.500787
1026 8.508947
1027 8.517107
1028 8.525267
1029 8.533427
1030 8.541587
1031 8.549747
1032 8.557907
1033 8.566067
1034 8.574227
1035 8.582387
1036 8.590547
1037 8.598707
1038 8.606867
1039 8.615027
1040 8.623187
1041 8.631347
1042 8.639507
1043 8.647667
1044 8.655827
1045 8.663987
1046 8.672147
1047 8.680307
1048 8.688467
1049 8.696627
1050 8.704787
1051 8.712947
1052 8.721107
1053 8.729267
1054 8.737427
1055 8.745587
1056 8.753747
1057 8.761907
1058 8.770067
1059 8.778227
1060 8.786387
1061 8.794547
1062 8.802707
1063 8.810867
1064 8.819027
1065 8.827187
1066 8.835347
1067 8.843507
1068 8.851667
1069 8.859827
1070 8.867987
1071 8.876147
1072 8.884307
1073 8.892467
1074 8.900627
1075 8.908787
1076 8.916947
1077 8.925107
1078 8.933267
1079 8.941427
1080 8.949587
1081 8.957747
1082 8.965907
1083 8.974067
1084 8.982227
1085 8.990387
1086 8.998547
1087 9.006707
1088 9.014867
1089 9.023027
1090 9.031187
1091 9.039347
1092 9.047507
1093 9.055667
1094 9.063827
1095 9.071987
1096 9.080147
1097 9.088307
1098 9.096467
1099 9.104627
1100 9.112787
1101 9.120947
1102 9.129107
1103 9.137267
1104 9.145427
1105 9.153587
1106 9.161747
1107 9.169907
1108 9.178067
1109 9.186227
1110 9.194387
1111 9.202547
1112 9.210707
1113 9.218867
1114 9.227027
1115 9.235187
1116 9.243347
1117 9.251507
1118 9.259667
1119 9.267827
1120 9.275987
1121 9.284147
1122 9.292307
1123 9.300467
1124 9.308627
1125 9.316787
1126 9.324947
1127 9.333107
1128 9.341267
1129 9.349427
1130 9.357587
1131 9.365747
1132 9.373907
1133 9.382067
1134 9.390227
1135 9.398387
1136 9.406547
1137 9.414707
1138 9.422867
1139 9.431027
1140 9.439187
1141 9.447347
1142 9.455507
1143 9.463667
1144 9.471827
1145 9.479987
1146 9.488147
1147 9.496307
1148 9.504467
1149 9.512627
1150 9.520787
1151 9.528947
1152 9.537107
1153 9.545267
1154 9.553427
1155 9.561587
1156 9.569747
1157 9.577907
1158 9.586067
1159 9.594227
1160 9.602387
1161 9.610547
1162 9.618707
1163 9.626867
1164 9.635027
1165 9.643187
1166 9.651347
1167 9.659507
1168 9.667667
1169 9.675827
1170 9.683987
1171 9.692147
1172 9.700307
1173 9.708467
1174 9.716627
1175 9.724787
1176 9.732947
1177 9.741107
1178 9.749267
1179 9.757427
1180 9.765587
1181 9.773747
1182 9.781907
1183 9.790067
1184 9.798227
1185 9.806387
1186 9.814547
1187 9.822707
1188 9.830867
1189 9.839027
1190 9.847187
1191 9.855347
1192 9.863507
1193 9.871667
1194 9.879827
1195 9.887987
1196 9.896147
1197 9.904307
1198 9.912467
1199 9.920627
1200 9.928787
1201 9.936947
1202 9.945107
1203 9.953267
1204 9.961427
1205 9.969587
1206 9.977747
1207 9.985907
1208 9.994067
1209 10.002227
1210 10.010387
1211 10.018547
1212 10.026707
1213 10.034867
1214 10.043027
1215 10.051187
1216 10.059347
1217 10.067507
1218 10.075667
1219 10.083827
1220 10.091987
1221 10.100147
1222 10.108307
1223 10.116467
1224 10.124627
1225 10.132787
1226 10.140947
1227 10.149107
1228 10.157267
1229 10.165427
1230 10.173587
1231 10.181747
1232 10.189907
1233 10.198067
1234 10.206227
1235 10.214387
1236 10.222547
1237 10.230707
1238 10.238867
1239 10.247027
1240 10.255187
1241 10.263347
1242 10.271507
1243 10.279667
1244 10.287827
1245 10.295987
1246 10.304147
1247 10.312307
1248 10.320467
1249 10.328627
1250 10.336787
1251 10.344947
1252 10.353107
1253 10.361267
1254 10.369427
1255 10.377587
1256 10.385747
1257 10.393907
1258 10.402067
1259 10.410227
1260 10.418387
1261 10.426547
1262 10.434707
1263 10.442867
1264 10.451027
1265 10.459187
1266 10.467347
1267 10.475507
1268 10.483667
1269 10.491827
1270 10.499987
1271 10.508147
1272 10.516307
1273 10.524467
1274 10.532627
1275 10.540787
1276 10.548947
1277 10.557107
1278 10.565267
1279 10.573427
1280 10.581587
1281 10.589747
1282 10.597907
1283 10.606067
1284 10.614227
1285 10.622387
1286 10.630547
1287 10.638707
1288 10.646867
1289 10.655027
1290 10.663187
1291 10.671347
1292 10.679507
1293 10.687667
1294 10.695827
1295 10.703987
1296 10.712147
1297 10.720307
1298 10.728467
1299 10.736627
1300 10.744787
1301 10.752947
1302 10.761107
1303 10.769267
1304 10.777427
1305 10.785587
1306 10.793747
1307 10.801907
1308 10.810067
1309 10.818227
1310 10.826387
1311 10.834547
1312 10.842707
1313 10.850867
1314 10.859027
1315 10.867187
1316 10.875347
1317 10.883507
1318 10.891667
1319 10.899827
1320 10.907987
1321 10.916147
1322 10.924307
1323 10.932467
1324 10.940627
1325 10.948787
1326 10.956947
1327 10.965107
1328 10.973267
1329 10.981427
1330 10.989587
1331 10.997747
1332 11.005907
1333 11.014067
1334 11.022227
1335 11.030387
1336 11.038547
1337 11.046707
1338 11.054867
1339 11.063027
1340 11.071187
1341 11.079347
1342 11.087507
1343 11.095667
1344 11.103827
1345 11.111987
1346 11.120147
1347 11.128307
1348 11.136467
1349 11.144627
1350 11.152787
1351 11.160947
1352 11.169107
1353 11.177267
1354 11.185427
1355 11.193587
1356 11.201747
1357 11.209907
1358 11.218067
1359 11.226227
1360 11.234387
1361 11.242547
1362 11.250707
1363 11.258867
1364 11.267027
1365 11.275187
1366 11.283347
1367 11.291507
1368 11.299667
1369 11.307827
1370 11.315987
1371 11.324147
1372 11.332307
1373 11.340467
1374 11.348627
1375 11.356787
1376 11.364947
1377 11.373107
1378 11.381267
1379 11.389427
1380 11.397587
1381 11.405747
1382 11.413907
1383 11.422067
1384 11.430227
1385 11.438387
1386 11.446547
1387 11.454707
1388 11.462867
1389 11.471027
1390 11.479187
1391 11.487347
1392 11.495507
1393 11.503667
1394 11.511827
1395 11.519987
1396 11.528147
1397 11.536307
1398 11.544467
1399 11.552627
1400 11.560787
1401 11.568947
1402 11.577107
1403 11.585267
1404 11.593427
1405 11.601587
1406 11.609747
1407 11.617907
1408 11.626067
1409 11.634227
1410 11.642387
1411 11.650547
1412 11.658707
1413 11.666867
1414 11.675027
1415 11.683187
1416 11.691347
1417 11.699507
1418 11.707667
1419 11.715827
1420 11.723987
1421 11.732147
1422 11.740307
1423 11.748467
1424 11.756627
1425 11.764787
1426 11.772947
1427 11.781107
1428 11.789267
1429 11.797427
1430 11.805587
1431 11.813747
1432 11.821907
1433 11.830067
1434 11.838227
1435 11.846387
1436 11.854547
1437 11.862707
1438 11.870867
1439 11.879027
1440 11.887187
1441 11.895347
1442 11.903507
1443 11.911667
1444 11.919827
1445 11.927987
1446 11.936147
1447 11.944307
1448 11.952467
1449 11.960627
1450 11.968787
1451 11.976947
1452 11.985107
1453 11.993267
1454 12.001427
1455 12.009587
1456 12.017747
1457 12.025907
