0 0.103027
1 0.115907
2 0.117987
3 0.130787
4 0.132867
5 0.134947
6 0.137027
7 0.146787
8 0.150867
9 0.159027
10 0.165187
11 0.171347
12 0.179507
13 0.187667
14 0.193827
15 0.199987
16 0.208147
17 0.212227
18 0.218387
19 0.222467
20 0.228627
21 0.232707
22 0.253027
23 0.257107
24 0.261187
25 0.265267
26 0.269347
27 0.293827
28 0.297907
29 0.301987
30 0.306067
31 0.310147
32 0.334627
33 0.338707
34 0.342787
35 0.346867
36 0.350947
37 0.375427
38 0.379507
39 0.383587
40 0.387667
41 0.391747
42 0.416227
43 0.420307
44 0.424387
45 0.428467
46 0.432547
47 0.457027
48 0.461107
49 0.465187
50 0.469267
51 0.473347
52 0.497827
53 0.501907
54 0.505987
55 0.510067
56 0.514147
57 0.542707
58 0.550867
59 0.559027
60 0.567187
61 0.575347
62 0.579427
63 0.583507
64 0.587587
65 0.591667
66 0.595747
67 0.620227
68 0.624307
69 0.628387
70 0.632467
71 0.636547
72 0.661027
73 0.665107
74 0.669187
75 0.673267
76 0.677347
77 0.705907
78 0.714067
79 0.722227
80 0.730387
81 0.738547
82 0.742627
83 0.746707
84 0.750787
85 0.754867
86 0.758947
87 0.783427
88 0.787507
89 0.791587
90 0.795667
91 0.799747
92 0.824227
93 0.828307
94 0.832387
95 0.836467
96 0.840547
97 0.869107
98 0.877267
99 0.885427
100 0.893587
101 0.901747
102 0.905827
103 0.909907
104 0.913987
105 0.918067
106 0.922147
107 0.950707
108 0.958867
109 0.967027
110 0.975187
111 0.983347
112 0.987427
113 0.991507
114 0.995587
115 0.999667
116 1.003747
117 1.032307
118 1.040467
119 1.048627
120 1.056787
121 1.064947
122 1.069027
123 1.073107
124 1.077187
125 1.081267
126 1.085347
127 1.113907
128 1.122067
129 1.130227
130 1.138387
131 1.146547
132 1.150627
133 1.154707
134 1.158787
135 1.162867
136 1.166947
137 1.195507
138 1.203667
139 1.211827
140 1.219987
141 1.228147
142 1.232227
143 1.236307
144 1.240387
145 1.244467
146 1.248547
147 1.277107
148 1.285267
149 1.293427
150 1.301587
151 1.309747
152 1.313827
153 1.317907
154 1.321987
155 1.326067
156 1.330147
157 1.358707
158 1.366867
159 1.375027
160 1.383187
161 1.391347
162 1.395427
163 1.399507
164 1.403587
165 1.407667
166 1.411747
167 1.440307
168 1.448467
169 1.456627
170 1.464787
171 1.472947
172 1.477027
173 1.481107
174 1.485187
175 1.489267
176 1.493347
177 1.521907
178 1.530067
179 1.538227
180 1.546387
181 1.554547
182 1.558627
183 1.562707
184 1.566787
185 1.570867
186 1.574947
187 1.603507
188 1.611667
189 1.619827
190 1.627987
191 1.636147
192 1.640227
193 1.644307
194 1.648387
195 1.652467
196 1.656547
197 1.685107
198 1.693267
199 1.701427
200 1.709587
201 1.717747
202 1.721827
203 1.725907
204 1.729987
205 1.734067
206 1.738147
207 1.766707
208 1.774867
209 1.783027
210 1.791187
211 1.799347
212 1.803427
213 1.807507
214 1.811587
215 1.815667
216 1.819747
217 1.848307
218 1.856467
219 1.864627
220 1.872787
221 1.880947
222 1.885027
223 1.889107
224 1.893187
225 1.897267
226 1.901347
227 1.929907
228 1.938067
229 1.946227
230 1.954387
231 1.962547
232 1.966627
233 1.970707
234 1.974787
235 1.978867
236 1.982947
237 2.011507
238 2.019667
239 2.027827
240 2.035987
241 2.044147
242 2.048227
243 2.052307
244 2.056387
245 2.060467
246 2.064547
247 2.093107
248 2.101267
249 2.109427
250 2.117587
251 2.125747
252 2.129827
253 2.133907
254 2.137987
255 2.142067
256 2.146147
257 2.174707
258 2.182867
259 2.191027
260 2.199187
261 2.207347
262 2.211427
263 2.215507
264 2.219587
265 2.223667
266 2.227747
267 2.256307
268 2.264467
269 2.272627
270 2.280787
271 2.288947
272 2.293027
273 2.297107
274 2.301187
275 2.305267
276 2.309347
277 2.337907
278 2.346067
279 2.354227
280 2.362387
281 2.370547
282 2.374627
283 2.378707
284 2.382787
285 2.386867
286 2.390947
287 2.419507
288 2.427667
289 2.435827
290 2.443987
291 2.452147
292 2.456227
293 2.460307
294 2.464387
295 2.468467
296 2.472547
297 2.501107
298 2.509267
299 2.517427
300 2.525587
301 2.533747
302 2.537827
303 2.541907
304 2.545987
305 2.550067
306 2.554147
307 2.582707
308 2.590867
309 2.599027
310 2.607187
311 2.615347
312 2.619427
313 2.623507
314 2.627587
315 2.631667
316 2.635747
317 2.664307
318 2.672467
319 2.680627
320 2.688787
321 2.696947
322 2.701027
323 2.705107
324 2.709187
325 2.713267
326 2.717347
327 2.745907
328 2.754067
329 2.762227
330 2.770387
331 2.778547
332 2.782627
333 2.786707
334 2.790787
335 2.794867
336 2.798947
337 2.827507
338 2.835667
339 2.843827
340 2.851987
341 2.860147
342 2.864227
343 2.868307
344 2.872387
345 2.876467
346 2.880547
347 2.909107
348 2.917267
349 2.925427
350 2.933587
351 2.941747
352 2.945827
353 2.949907
354 2.953987
355 2.958067
356 2.962147
357 2.990707
358 2.998867
359 3.007027
360 3.015187
361 3.023347
362 3.027427
363 3.031507
364 3.035587
365 3.039667
366 3.043747
367 3.072307
368 3.080467
369 3.088627
370 3.096787
371 3.104947
372 3.109027
373 3.113107
374 3.117187
375 3.121267
376 3.125347
377 3.153907
378 3.162067
379 3.170227
380 3.178387
381 3.186547
382 3.190627
383 3.194707
384 3.198787
385 3.202867
386 3.206947
387 3.235507
388 3.243667
389 3.251827
390 3.259987
391 3.268147
392 3.272227
393 3.276307
394 3.280387
395 3.284467
396 3.288547
397 3.317107
398 3.325267
399 3.333427
400 3.341587
401 3.349747
402 3.353827
403 3.357907
404 3.361987
405 3.366067
406 3.370147
407 3.398707
408 3.406867
409 3.415027
410 3.423187
411 3.431347
412 3.435427
413 3.439507
414 3.443587
415 3.447667
416 3.451747
417 3.480307
418 3.488467
419 3.496627
420 3.504787
421 3.512947
422 3.517027
423 3.521107
424 3.525187
425 3.529267
426 3.533347
427 3.561907
428 3.570067
429 3.578227
430 3.586387
431 3.594547
432 3.598627
433 3.602707
434 3.606787
435 3.610867
436 3.614947
437 3.643507
438 3.651667
439 3.659827
440 3.667987
441 3.676147
442 3.680227
443 3.684307
444 3.688387
445 3.692467
446 3.696547
447 3.725107
448 3.733267
449 3.741427
450 3.749587
451 3.757747
452 3.761827
453 3.765907
454 3.769987
455 3.774067
456 3.778147
457 3.806707
458 3.814867
459 3.823027
460 3.831187
461 3.839347
462 3.843427
463 3.847507
464 3.851587
465 3.855667
466 3.859747
467 3.888307
468 3.896467
469 3.904627
470 3.912787
471 3.920947
472 3.925027
473 3.929107
474 3.933187
475 3.937267
476 3.941347
477 3.969907
478 3.978067
479 3.986227
480 3.994387
481 4.002547
482 4.006627
483 4.010707
484 4.014787
485 4.018867
486 4.022947
487 4.051507
488 4.059667
489 4.067827
490 4.075987
491 4.084147
492 4.088227
493 4.092307
494 4.096387
495 4.100467
496 4.104547
497 4.133107
498 4.141267
499 4.149427
500 4.157587
501 4.165747
502 4.169827
503 4.173907
504 4.177987
505 4.182067
506 4.186147
507 4.214707
508 4.222867
509 4.231027
510 4.239187
511 4.247347
512 4.251427
513 4.255507
514 4.259587
515 4.263667
516 4.267747
517 4.296307
518 4.304467
519 4.312627
520 4.320787
521 4.328947
522 4.333027
523 4.337107
524 4.341187
525 4.345267
526 4.349347
527 4.377907
528 4.386067
529 4.394227
530 4.402387
531 4.410547
532 4.414627
533 4.418707
534 4.422787
535 4.426867
536 4.430947
537 4.459507
538 4.467667
539 4.475827
540 4.483987
541 4.492147
542 4.496227
543 4.500307
544 4.504387
545 4.508467
546 4.512547
547 4.541107
548 4.549267
549 4.557427
550 4.565587
551 4.573747
552 4.577827
553 4.581907
554 4.585987
555 4.590067
556 4.594147
557 4.622707
558 4.630867
559 4.639027
560 4.647187
561 4.655347
562 4.659427
563 4.663507
564 4.667587
565 4.671667
566 4.675747
567 4.704307
568 4.712467
569 4.720627
570 4.728787
571 4.736947
572 4.741027
573 4.745107
574 4.749187
575 4.753267
576 4.757347
577 4.785907
578 4.794067
579 4.802227
580 4.810387
581 4.818547
582 4.822627
583 4.826707
584 4.830787
585 4.834867
586 4.838947
587 4.867507
588 4.875667
589 4.883827
590 4.891987
591 4.900147
592 4.904227
593 4.908307
594 4.912387
595 4.916467
596 4.920547
597 4.949107
598 4.957267
599 4.965427
600 4.973587
601 4.981747
602 4.985827
603 4.989907
604 4.993987
605 4.998067
606 5.002147
607 5.030707
608 5.038867
609 5.047027
610 5.055187
611 5.063347
612 5.067427
613 5.071507
614 5.075587
615 5.079667
616 5.083747
617 5.112307
618 5.120467
619 5.128627
620 5.136787
621 5.144947
622 5.149027
623 5.153107
624 5.157187
625 5.161267
626 5.165347
627 5.193907
628 5.202067
629 5.210227
630 5.218387
631 5.226547
632 5.230627
633 5.234707
634 5.238787
635 5.242867
636 5.246947
637 5.275507
638 5.283667
639 5.291827
640 5.299987
641 5.308147
642 5.312227
643 5.316307
644 5.320387
645 5.324467
646 5.328547
647 5.357107
648 5.365267
649 5.373427
650 5.381587
651 5.389747
652 5.393827
653 5.397907
654 5.401987
655 5.406067
656 5.410147
657 5.438707
658 5.446867
659 5.455027
660 5.463187
661 5.471347
662 5.475427
663 5.479507
664 5.483587
665 5.487667
666 5.491747
667 5.520307
668 5.528467
669 5.536627
670 5.544787
671 5.552947
672 5.557027
673 5.561107
674 5.565187
675 5.569267
676 5.573347
677 5.601907
678 5.610067
679 5.618227
680 5.626387
681 5.634547
682 5.638627
683 5.642707
684 5.646787
685 5.650867
686 5.654947
687 5.683507
688 5.691667
689 5.699827
690 5.707987
691 5.716147
692 5.720227
693 5.724307
694 5.728387
695 5.732467
696 5.736547
697 5.765107
698 5.773267
699 5.781427
700 5.789587
701 5.797747
702 5.801827
703 5.805907
704 5.809987
705 5.814067
706 5.818147
707 5.846707
708 5.854867
709 5.863027
710 5.871187
711 5.879347
712 5.883427
713 5.887507
714 5.891587
715 5.895667
716 5.899747
717 5.928307
718 5.936467
719 5.944627
720 5.952787
721 5.960947
722 5.965027
723 5.969107
724 5.973187
725 5.977267
726 5.981347
727 6.009907
728 6.018067
729 6.026227
730 6.034387
731 6.042547
732 6.046627
733 6.050707
734 6.054787
735 6.058867
736 6.062947
737 6.091507
738 6.099667
739 6.107827
740 6.115987
741 6.124147
742 6.128227
743 6.132307
744 6.136387
745 6.140467
746 6.144547
747 6.173107
748 6.181267
749 6.189427
750 6.197587
751 6.205747
752 6.209827
753 6.213907
754 6.217987
755 6.222067
756 6.226147
757 6.254707
758 6.262867
759 6.271027
760 6.279187
761 6.287347
762 6.291427
763 6.295507
764 6.299587
765 6.303667
766 6.307747
767 6.336307
768 6.344467
769 6.352627
770 6.360787
771 6.368947
772 6.373027
773 6.377107
774 6.381187
775 6.385267
776 6.389347
777 6.417907
778 6.426067
779 6.434227
780 6.442387
781 6.450547
782 6.454627
783 6.458707
784 6.462787
785 6.466867
786 6.470947
787 6.499507
788 6.507667
789 6.515827
790 6.523987
791 6.532147
792 6.536227
793 6.540307
794 6.544387
795 6.548467
796 6.552547
797 6.581107
798 6.589267
799 6.597427
800 6.605587
801 6.613747
802 6.617827
803 6.621907
804 6.625987
805 6.630067
806 6.634147
807 6.662707
808 6.670867
809 6.679027
810 6.687187
811 6.695347
812 6.699427
813 6.703507
814 6.707587
815 6.711667
816 6.715747
817 6.744307
818 6.752467
819 6.760627
820 6.768787
821 6.776947
822 6.781027
823 6.785107
824 6.789187
825 6.793267
826 6.797347
827 6.825907
828 6.834067
829 6.842227
830 6.850387
831 6.858547
832 6.862627
833 6.866707
834 6.870787
835 6.874867
836 6.878947
837 6.907507
838 6.915667
839 6.923827
840 6.931987
841 6.940147
842 6.944227
843 6.948307
844 6.952387
845 6.956467
846 6.960547
847 6.989107
848 6.997267
849 7.005427
850 7.013587
851 7.021747
852 7.025827
853 7.029907
854 7.033987
855 7.038067
856 7.042147
857 7.070707
858 7.078867
859 7.087027
860 7.095187
861 7.103347
862 7.107427
863 7.111507
864 7.115587
865 7.119667
866 7.123747
867 7.152307
868 7.160467
869 7.168627
870 7.176787
871 7.184947
872 7.189027
873 7.193107
874 7.197187
875 7.201267
876 7.205347
877 7.233907
878 7.242067
879 7.250227
880 7.258387
881 7.266547
882 7.270627
883 7.274707
884 7.278787
885 7.282867
886 7.286947
887 7.315507
888 7.323667
889 7.331827
890 7.339987
891 7.348147
892 7.352227
893 7.356307
894 7.360387
895 7.364467
896 7.368547
897 7.397107
898 7.405267
899 7.413427
900 7.421587
901 7.429747
902 7.433827
903 7.437907
904 7.441987
905 7.446067
906 7.450147
907 7.478707
908 7.486867
909 7.495027
910 7.503187
911 7.511347
912 7.515427
913 7.519507
914 7.523587
915 7.527667
916 7.531747
917 7.560307
918 7.568467
919 7.576627
920 7.584787
921 7.592947
922 7.597027
923 7.601107
924 7.605187
925 7.609267
926 7.613347
927 7.641907
928 7.650067
929 7.658227
930 7.666387
931 7.674547
932 7.678627
933 7.682707
934 7.686787
935 7.690867
936 7.694947
937 7.723507
938 7.731667
939 7.739827
940 7.747987
941 7.756147
942 7.760227
943 7.764307
944 7.768387
945 7.772467
946 7.776547
947 7.805107
948 7.813267
949 7.821427
950 7.829587
951 7.837747
952 7.841827
953 7.845907
954 7.849987
955 7.854067
956 7.858147
957 7.886707
958 7.894867
959 7.903027
960 7.911187
961 7.919347
962 7.923427
963 7.927507
964 7.931587
965 7.935667
966 7.939747
967 7.968307
968 7.976467
969 7.984627
970 7.992787
971 8.000947
972 8.005027
973 8.009107
974 8.013187
975 8.017267
976 8.021347
977 8.049907
978 8.058067
979 8.066227
980 8.074387
981 8.082547
982 8.086627
983 8.090707
984 8.094787
985 8.098867
986 8.102947
987 8.131507
988 8.139667
989 8.147827
990 8.155987
991 8.164147
992 8.168227
993 8.172307
994 8.176387
995 8.180467
996 8.184547
997 8.213107
998 8.221267
999 8.229427
1000 8.237587
1001 8.245747
1002 8.249827
1003 8.253907
1004 8.257987
1005 8.262067
1006 8.266147
1007 8.294707
1008 8.302867
1009 8.311027
1010 8.319187
1011 8.327347
1012 8.331427
1013 8.335507
1014 8.339587
1015 8.343667
1016 8.347747
1017 8.376307
1018 8.384467
1019 8.392627
1020 8.400787
1021 8.408947
1022 8.413027
1023 8.417107
1024 8.421187
1025 8.425267
1026 8.429347
1027 8.457907
1028 8.466067
1029 8.474227
1030 8.482387
1031 8.490547
1032 8.494627
1033 8.498707
1034 8.502787
1035 8.506867
1036 8.510947
1037 8.539507
1038 8.547667
1039 8.555827
1040 8.563987
1041 8.572147
1042 8.576227
1043 8.580307
1044 8.584387
1045 8.588467
1046 8.592547
1047 8.621107
1048 8.629267
1049 8.637427
1050 8.645587
1051 8.653747
1052 8.657827
1053 8.661907
1054 8.665987
1055 8.670067
1056 8.674147
1057 8.702707
1058 8.710867
1059 8.719027
1060 8.727187
1061 8.735347
1062 8.739427
1063 8.743507
1064 8.747587
1065 8.751667
1066 8.755747
1067 8.784307
1068 8.792467
1069 8.800627
1070 8.808787
1071 8.816947
1072 8.821027
1073 8.825107
1074 8.829187
1075 8.833267
1076 8.837347
1077 8.865907
1078 8.874067
1079 8.882227
1080 8.890387
1081 8.898547
1082 8.902627
1083 8.906707
1084 8.910787
1085 8.914867
1086 8.918947
1087 8.947507
1088 8.955667
1089 8.963827
1090 8.971987
1091 8.980147
1092 8.984227
1093 8.988307
1094 8.992387
1095 8.996467
1096 9.000547
1097 9.029107
1098 9.037267
1099 9.045427
1100 9.053587
1101 9.061747
1102 9.065827
1103 9.069907
1104 9.073987
1105 9.078067
1106 9.082147
1107 9.110707
1108 9.118867
1109 9.127027
1110 9.135187
1111 9.143347
1112 9.147427
1113 9.151507
1114 9.155587
1115 9.159667
1116 9.163747
1117 9.192307
1118 9.200467
1119 9.208627
1120 9.216787
1121 9.224947
1122 9.229027
1123 9.233107
1124 9.237187
1125 9.241267
1126 9.245347
1127 9.273907
1128 9.282067
1129 9.290227
1130 9.298387
1131 9.306547
1132 9.310627
1133 9.314707
1134 9.318787
1135 9.322867
1136 9.326947
1137 9.355507
1138 9.363667
1139 9.371827
1140 9.379987
1141 9.388147
1142 9.392227
1143 9.396307
1144 9.400387
1145 9.404467
1146 9.408547
1147 9.437107
1148 9.445267
1149 9.453427
1150 9.461587
1151 9.469747
1152 9.473827
1153 9.477907
1154 9.481987
1155 9.486067
1156 9.490147
1157 9.518707
1158 9.526867
1159 9.535027
1160 9.543187
1161 9.551347
1162 9.555427
1163 9.559507
1164 9.563587
1165 9.567667
1166 9.571747
1167 9.600307
1168 9.608467
1169 9.616627
1170 9.624787
1171 9.632947
1172 9.637027
1173 9.641107
1174 9.645187
1175 9.649267
1176 9.653347
1177 9.681907
1178 9.690067
1179 9.698227
1180 9.706387
1181 9.714547
1182 9.718627
1183 9.722707
1184 9.726787
1185 9.730867
1186 9.734947
1187 9.763507
1188 9.771667
1189 9.779827
1190 9.787987
1191 9.796147
1192 9.800227
1193 9.804307
1194 9.808387
1195 9.812467
1196 9.816547
1197 9.845107
1198 9.853267
1199 9.861427
1200 9.869587
1201 9.877747
1202 9.881827
1203 9.885907
1204 9.889987
1205 9.894067
1206 9.898147
1207 9.926707
1208 9.934867
1209 9.943027
1210 9.951187
1211 9.959347
1212 9.963427
1213 9.967507
1214 9.971587
1215 9.975667
1216 9.979747
1217 10.008307
1218 10.016467
1219 10.024627
1220 10.032787
1221 10.040947
1222 10.045027
1223 10.049107
1224 10.053187
1225 10.057267
1226 10.061347
1227 10.089907
1228 10.098067
1229 10.106227
1230 10.114387
1231 10.122547
1232 10.126627
1233 10.130707
1234 10.134787
1235 10.138867
1236 10.142947
1237 10.171507
1238 10.179667
1239 10.187827
1240 10.195987
1241 10.204147
1242 10.208227
1243 10.212307
1244 10.216387
1245 10.220467
1246 10.224547
1247 10.253107
1248 10.261267
1249 10.269427
1250 10.277587
1251 10.285747
1252 10.289827
1253 10.293907
1254 10.297987
1255 10.302067
1256 10.306147
1257 10.334707
1258 10.342867
1259 10.351027
1260 10.359187
1261 10.367347
1262 10.371427
1263 10.375507
1264 10.379587
1265 10.383667
1266 10.387747
1267 10.416307
1268 10.424467
1269 10.432627
1270 10.440787
1271 10.448947
1272 10.453027
1273 10.457107
1274 10.461187
1275 10.465267
1276 10.469347
1277 10.497907
1278 10.506067
1279 10.514227
1280 10.522387
1281 10.530547
1282 10.534627
1283 10.538707
1284 10.542787
1285 10.546867
1286 10.550947
1287 10.579507
1288 10.587667
1289 10.595827
1290 10.603987
1291 10.612147
1292 10.616227
1293 10.620307
1294 10.624387
1295 10.628467
1296 10.632547
1297 10.661107
1298 10.669267
1299 10.677427
1300 10.685587
1301 10.693747
1302 10.697827
1303 10.701907
1304 10.705987
1305 10.710067
1306 10.714147
1307 10.742707
1308 10.750867
1309 10.759027
1310 10.767187
1311 10.775347
1312 10.779427
1313 10.783507
1314 10.787587
1315 10.791667
1316 10.795747
1317 10.824307
1318 10.832467
1319 10.840627
1320 10.848787
1321 10.856947
1322 10.861027
1323 10.865107
1324 10.869187
1325 10.873267
1326 10.877347
1327 10.905907
1328 10.914067
1329 10.922227
1330 10.930387
1331 10.938547
1332 10.942627
1333 10.946707
1334 10.950787
1335 10.954867
1336 10.958947
1337 10.987507
1338 10.995667
1339 11.003827
1340 11.011987
1341 11.020147
1342 11.024227
1343 11.028307
1344 11.032387
1345 11.036467
1346 11.040547
1347 11.069107
1348 11.077267
1349 11.085427
1350 11.093587
1351 11.101747
1352 11.105827
1353 11.109907
1354 11.113987
1355 11.118067
1356 11.122147
1357 11.150707
1358 11.158867
1359 11.167027
1360 11.175187
1361 11.183347
1362 11.187427
1363 11.191507
1364 11.195587
1365 11.199667
1366 11.203747
1367 11.232307
1368 11.240467
1369 11.248627
1370 11.256787
1371 11.264947
1372 11.269027
1373 11.273107
1374 11.277187
1375 11.281267
1376 11.285347
1377 11.313907
1378 11.322067
1379 11.330227
1380 11.338387
1381 11.346547
1382 11.350627
1383 11.354707
1384 11.358787
1385 11.362867
1386 11.366947
1387 11.395507
1388 11.403667
1389 11.411827
1390 11.419987
1391 11.428147
1392 11.432227
1393 11.436307
1394 11.440387
1395 11.444467
1396 11.448547
1397 11.477107
1398 11.485267
1399 11.493427
1400 11.501587
1401 11.509747
1402 11.513827
1403 11.517907
1404 11.521987
1405 11.526067
1406 11.530147
1407 11.558707
1408 11.566867
1409 11.575027
1410 11.583187
1411 11.591347
1412 11.595427
1413 11.599507
1414 11.603587
1415 11.607667
1416 11.611747
1417 11.640307
1418 11.648467
1419 11.656627
1420 11.664787
1421 11.672947
1422 11.677027
1423 11.681107
1424 11.685187
1425 11.689267
1426 11.693347
1427 11.721907
1428 11.730067
1429 11.738227
1430 11.746387
1431 11.754547
1432 11.758627
1433 11.762707
1434 11.766787
1435 11.770867
1436 11.774947
1437 11.803507
1438 11.811667
1439 11.819827
1440 11.827987
1441 11.836147
1442 11.840227
1443 11.844307
1444 11.848387
1445 11.852467
1446 11.856547
1447 11.885107
1448 11.893267
1449 11.901427
1450 11.909587
1451 11.917747
1452 11.921827
1453 11.925907
1454 11.929987
1455 11.934067
1456 11.938147
1457 11.966707
1458 11.974867
1459 11.983027
1460 11.991187
1461 11.999347
1462 12.003427
1463 12.007507
1464 12.011587
1465 12.015667
1466 12.019747
1467 12.038307
1468 12.042467
1469 12.046627
1470 12.050787
1471 12.054947
1472 12.057027
1473 12.059107
1474 12.061187
1475 12.063267
1476 12.065347
1477 12.079907
1478 12.084067
1479 12.088227
