0 0.103320
1 0.123800
2 0.132120
3 0.144360
4 0.150600
5 0.161000
6 0.167240
7 0.175560
8 0.181800
9 0.190120
10 0.198440
11 0.208840
12 0.215080
13 0.223400
14 0.231720
15 0.240040
16 0.248360
17 0.256680
18 0.265000
19 0.273320
20 0.281640
21 0.292040
22 0.300360
23 0.308680
24 0.317000
25 0.323240
26 0.333640
27 0.341960
28 0.350280
29 0.358600
30 0.364840
31 0.375240
32 0.383560
33 0.391880
34 0.400200
35 0.406440
36 0.416840
37 0.425160
38 0.433480
39 0.439720
40 0.448040
41 0.458440
42 0.466760
43 0.475080
44 0.483400
45 0.489640
46 0.500040
47 0.508360
48 0.516680
49 0.525000
50 0.531240
51 0.541640
52 0.549960
53 0.558280
54 0.566600
55 0.572840
56 0.583240
57 0.591560
58 0.599880
59 0.606120
60 0.614440
61 0.624840
62 0.633160
63 0.641480
64 0.649800
65 0.656040
66 0.664360
67 0.672680
68 0.681000
69 0.689320
70 0.697640
71 0.708040
72 0.716360
73 0.724680
74 0.733000
75 0.739240
76 0.749640
77 0.757960
78 0.766280
79 0.772520
80 0.780840
81 0.791240
82 0.799560
83 0.807880
84 0.816200
85 0.822440
86 0.830760
87 0.839080
88 0.847400
89 0.855720
90 0.864040
91 0.874440
92 0.882760
93 0.891080
94 0.899400
95 0.905640
96 0.916040
97 0.924360
98 0.932680
99 0.938920
100 0.947240
101 0.957640
102 0.965960
103 0.974280
104 0.982600
105 0.988840
106 0.997160
107 1.005480
108 1.013800
109 1.022120
110 1.030440
111 1.040840
112 1.049160
113 1.057480
114 1.065800
115 1.072040
116 1.080360
117 1.088680
118 1.097000
119 1.105320
120 1.113640
121 1.124040
122 1.132360
123 1.140680
124 1.149000
125 1.155240
126 1.163560
127 1.171880
128 1.180200
129 1.188520
130 1.196840
131 1.207240
132 1.215560
133 1.223880
134 1.232200
135 1.238440
136 1.246760
137 1.255080
138 1.263400
139 1.271720
140 1.280040
141 1.290440
142 1.298760
143 1.307080
144 1.315400
145 1.321640
146 1.329960
147 1.338280
148 1.346600
149 1.354920
150 1.363240
151 1.373640
152 1.381960
153 1.390280
154 1.398600
155 1.404840
156 1.413160
157 1.421480
158 1.429800
159 1.438120
160 1.446440
161 1.456840
162 1.465160
163 1.473480
164 1.481800
165 1.488040
166 1.496360
167 1.504680
168 1.513000
169 1.521320
170 1.529640
171 1.540040
172 1.548360
173 1.556680
174 1.565000
175 1.571240
176 1.579560
177 1.587880
178 1.596200
179 1.604520
180 1.612840
181 1.623240
182 1.631560
183 1.639880
184 1.648200
185 1.654440
186 1.662760
187 1.671080
188 1.679400
189 1.687720
190 1.696040
191 1.706440
192 1.714760
193 1.723080
194 1.731400
195 1.737640
196 1.745960
197 1.754280
198 1.762600
199 1.770920
200 1.779240
201 1.789640
202 1.797960
203 1.806280
204 1.814600
205 1.820840
206 1.829160
207 1.837480
208 1.845800
209 1.854120
210 1.862440
211 1.872840
212 1.881160
213 1.889480
214 1.897800
215 1.904040
216 1.912360
217 1.920680
218 1.929000
219 1.937320
220 1.945640
221 1.956040
222 1.964360
223 1.972680
224 1.981000
225 1.987240
226 1.995560
227 2.003880
228 2.012200
229 2.020520
230 2.028840
231 2.039240
232 2.047560
233 2.055880
234 2.064200
235 2.070440
236 2.078760
237 2.087080
238 2.095400
239 2.103720
240 2.112040
241 2.122440
242 2.130760
243 2.139080
244 2.147400
245 2.153640
246 2.161960
247 2.170280
248 2.178600
249 2.186920
250 2.195240
251 2.205640
252 2.213960
253 2.222280
254 2.230600
255 2.236840
256 2.245160
257 2.253480
258 2.261800
259 2.270120
260 2.278440
261 2.288840
262 2.297160
263 2.305480
264 2.313800
265 2.320040
266 2.328360
267 2.336680
268 2.345000
269 2.353320
270 2.361640
271 2.372040
272 2.380360
273 2.388680
274 2.397000
275 2.403240
276 2.411560
277 2.419880
278 2.428200
279 2.436520
280 2.444840
281 2.455240
282 2.463560
283 2.471880
284 2.480200
285 2.486440
286 2.494760
287 2.503080
288 2.511400
289 2.519720
290 2.528040
291 2.538440
292 2.546760
293 2.555080
294 2.563400
295 2.569640
296 2.577960
297 2.586280
298 2.594600
299 2.602920
300 2.611240
301 2.621640
302 2.629960
303 2.638280
304 2.646600
305 2.652840
306 2.661160
307 2.669480
308 2.677800
309 2.686120
310 2.694440
311 2.704840
312 2.713160
313 2.721480
314 2.729800
315 2.736040
316 2.744360
317 2.752680
318 2.761000
319 2.769320
320 2.777640
321 2.788040
322 2.796360
323 2.804680
324 2.813000
325 2.819240
326 2.827560
327 2.835880
328 2.844200
329 2.852520
330 2.860840
331 2.871240
332 2.879560
333 2.887880
334 2.896200
335 2.902440
336 2.910760
337 2.919080
338 2.927400
339 2.935720
340 2.944040
341 2.954440
342 2.962760
343 2.971080
344 2.979400
345 2.985640
346 2.993960
347 3.002280
348 3.010600
349 3.018920
350 3.027240
351 3.037640
352 3.045960
353 3.054280
354 3.062600
355 3.068840
356 3.077160
357 3.085480
358 3.093800
359 3.102120
360 3.110440
361 3.120840
362 3.129160
363 3.137480
364 3.145800
365 3.152040
366 3.160360
367 3.168680
368 3.177000
369 3.185320
370 3.193640
371 3.204040
372 3.212360
373 3.220680
374 3.229000
375 3.235240
376 3.243560
377 3.251880
378 3.260200
379 3.268520
380 3.276840
381 3.287240
382 3.295560
383 3.303880
384 3.312200
385 3.318440
386 3.326760
387 3.335080
388 3.343400
389 3.351720
390 3.360040
391 3.370440
392 3.378760
393 3.387080
394 3.395400
395 3.401640
396 3.409960
397 3.418280
398 3.426600
399 3.434920
400 3.443240
401 3.453640
402 3.461960
403 3.470280
404 3.478600
405 3.484840
406 3.493160
407 3.501480
408 3.509800
409 3.518120
410 3.526440
411 3.536840
412 3.545160
413 3.553480
414 3.561800
415 3.568040
416 3.576360
417 3.584680
418 3.593000
419 3.601320
420 3.609640
421 3.620040
422 3.628360
423 3.636680
424 3.645000
425 3.651240
426 3.659560
427 3.667880
428 3.676200
429 3.684520
430 3.692840
431 3.703240
432 3.711560
433 3.719880
434 3.728200
435 3.734440
436 3.742760
437 3.751080
438 3.759400
439 3.767720
440 3.776040
441 3.786440
442 3.794760
443 3.803080
444 3.811400
445 3.817640
446 3.825960
447 3.834280
448 3.842600
449 3.850920
450 3.859240
451 3.869640
452 3.877960
453 3.886280
454 3.894600
455 3.900840
456 3.909160
457 3.917480
458 3.925800
459 3.934120
460 3.942440
461 3.952840
462 3.961160
463 3.969480
464 3.977800
465 3.984040
466 3.992360
467 4.000680
468 4.009000
469 4.017320
470 4.025640
471 4.036040
472 4.044360
473 4.052680
474 4.061000
475 4.067240
476 4.075560
477 4.083880
478 4.092200
479 4.100520
480 4.108840
481 4.119240
482 4.127560
483 4.135880
484 4.144200
485 4.150440
486 4.158760
487 4.167080
488 4.175400
489 4.183720
490 4.192040
491 4.202440
492 4.210760
493 4.219080
494 4.227400
495 4.233640
496 4.241960
497 4.250280
498 4.258600
499 4.266920
500 4.275240
501 4.285640
502 4.293960
503 4.302280
504 4.310600
505 4.316840
506 4.325160
507 4.333480
508 4.341800
509 4.350120
510 4.358440
511 4.368840
512 4.377160
513 4.385480
514 4.393800
515 4.400040
516 4.408360
517 4.416680
518 4.425000
519 4.433320
520 4.441640
521 4.452040
522 4.460360
523 4.468680
524 4.477000
525 4.483240
526 4.491560
527 4.499880
528 4.508200
529 4.516520
530 4.524840
531 4.535240
532 4.543560
533 4.551880
534 4.560200
535 4.566440
536 4.574760
537 4.583080
538 4.591400
539 4.599720
540 4.608040
541 4.618440
542 4.626760
543 4.635080
544 4.643400
545 4.649640
546 4.657960
547 4.666280
548 4.674600
549 4.682920
550 4.691240
551 4.701640
552 4.709960
553 4.718280
554 4.726600
555 4.732840
556 4.741160
557 4.749480
558 4.757800
559 4.766120
560 4.774440
561 4.784840
562 4.793160
563 4.801480
564 4.809800
565 4.816040
566 4.824360
567 4.832680
568 4.841000
569 4.849320
570 4.857640
571 4.868040
572 4.876360
573 4.884680
574 4.893000
575 4.899240
576 4.907560
577 4.915880
578 4.924200
579 4.932520
580 4.940840
581 4.951240
582 4.959560
583 4.967880
584 4.976200
585 4.982440
586 4.990760
587 4.999080
588 5.007400
589 5.015720
590 5.024040
591 5.034440
592 5.042760
593 5.051080
594 5.059400
595 5.065640
596 5.073960
597 5.082280
598 5.090600
599 5.098920
600 5.107240
601 5.117640
602 5.125960
603 5.134280
604 5.142600
605 5.148840
606 5.157160
607 5.165480
608 5.173800
609 5.182120
610 5.190440
611 5.200840
612 5.209160
613 5.217480
614 5.225800
615 5.232040
616 5.240360
617 5.248680
618 5.257000
619 5.265320
620 5.273640
621 5.284040
622 5.292360
623 5.300680
624 5.309000
625 5.315240
626 5.323560
627 5.331880
628 5.340200
629 5.348520
630 5.356840
631 5.367240
632 5.375560
633 5.383880
634 5.392200
635 5.398440
636 5.406760
637 5.415080
638 5.423400
639 5.431720
640 5.440040
641 5.450440
642 5.458760
643 5.467080
644 5.475400
645 5.481640
646 5.489960
647 5.498280
648 5.506600
649 5.514920
650 5.523240
651 5.533640
652 5.541960
653 5.550280
654 5.558600
655 5.564840
656 5.573160
657 5.581480
658 5.589800
659 5.598120
660 5.606440
661 5.616840
662 5.625160
663 5.633480
664 5.641800
665 5.648040
666 5.656360
667 5.664680
668 5.673000
669 5.681320
670 5.689640
671 5.700040
672 5.708360
673 5.716680
674 5.725000
675 5.731240
676 5.739560
677 5.747880
678 5.756200
679 5.764520
680 5.772840
681 5.783240
682 5.791560
683 5.799880
684 5.808200
685 5.814440
686 5.822760
687 5.831080
688 5.839400
689 5.847720
690 5.856040
691 5.866440
692 5.874760
693 5.883080
694 5.891400
695 5.897640
696 5.905960
697 5.914280
698 5.922600
699 5.930920
700 5.939240
701 5.949640
702 5.957960
703 5.966280
704 5.974600
705 5.980840
706 5.989160
707 5.997480
708 6.005800
709 6.014120
710 6.022440
711 6.032840
712 6.041160
713 6.049480
714 6.057800
715 6.064040
716 6.072360
717 6.080680
718 6.089000
719 6.097320
720 6.105640
721 6.116040
722 6.124360
723 6.132680
724 6.141000
725 6.147240
726 6.155560
727 6.163880
728 6.172200
729 6.180520
730 6.188840
731 6.199240
732 6.207560
733 6.215880
734 6.224200
735 6.230440
736 6.238760
737 6.247080
738 6.255400
739 6.263720
740 6.272040
741 6.282440
742 6.290760
743 6.299080
744 6.307400
745 6.313640
746 6.321960
747 6.330280
748 6.338600
749 6.346920
750 6.355240
751 6.365640
752 6.373960
753 6.382280
754 6.390600
755 6.396840
756 6.405160
757 6.413480
758 6.421800
759 6.430120
760 6.438440
761 6.448840
762 6.457160
763 6.465480
764 6.473800
765 6.480040
766 6.488360
767 6.496680
768 6.505000
769 6.513320
770 6.521640
771 6.532040
772 6.540360
773 6.548680
774 6.557000
775 6.563240
776 6.571560
777 6.579880
778 6.588200
779 6.596520
780 6.604840
781 6.615240
782 6.623560
783 6.631880
784 6.640200
785 6.646440
786 6.654760
787 6.663080
788 6.671400
789 6.679720
790 6.688040
791 6.698440
792 6.706760
793 6.715080
794 6.723400
795 6.729640
796 6.737960
797 6.746280
798 6.754600
799 6.762920
800 6.771240
801 6.781640
802 6.789960
803 6.798280
804 6.806600
805 6.812840
806 6.821160
807 6.829480
808 6.837800
809 6.846120
810 6.854440
811 6.864840
812 6.873160
813 6.881480
814 6.889800
815 6.896040
816 6.904360
817 6.912680
818 6.921000
819 6.929320
820 6.937640
821 6.948040
822 6.956360
823 6.964680
824 6.973000
825 6.979240
826 6.987560
827 6.995880
828 7.004200
829 7.012520
830 7.020840
831 7.031240
832 7.039560
833 7.047880
834 7.056200
835 7.062440
836 7.070760
837 7.079080
838 7.087400
839 7.095720
840 7.104040
841 7.114440
842 7.122760
843 7.131080
844 7.139400
845 7.145640
846 7.153960
847 7.162280
848 7.170600
849 7.178920
850 7.187240
851 7.197640
852 7.205960
853 7.214280
854 7.222600
855 7.228840
856 7.237160
857 7.245480
858 7.253800
859 7.262120
860 7.270440
861 7.280840
862 7.289160
863 7.297480
864 7.305800
865 7.312040
866 7.320360
867 7.328680
868 7.337000
869 7.345320
870 7.353640
871 7.364040
872 7.372360
873 7.380680
874 7.389000
875 7.395240
876 7.403560
877 7.411880
878 7.420200
879 7.428520
880 7.436840
881 7.447240
882 7.455560
883 7.463880
884 7.472200
885 7.478440
886 7.486760
887 7.495080
888 7.503400
889 7.511720
890 7.520040
891 7.530440
892 7.538760
893 7.547080
894 7.555400
895 7.561640
896 7.569960
897 7.578280
898 7.586600
899 7.594920
900 7.603240
901 7.613640
902 7.621960
903 7.630280
904 7.638600
905 7.644840
906 7.653160
907 7.661480
908 7.669800
909 7.678120
910 7.686440
911 7.696840
912 7.705160
913 7.713480
914 7.721800
915 7.728040
916 7.736360
917 7.744680
918 7.753000
919 7.761320
920 7.769640
921 7.780040
922 7.788360
923 7.796680
924 7.805000
925 7.811240
926 7.819560
927 7.827880
928 7.836200
929 7.844520
930 7.852840
931 7.863240
932 7.871560
933 7.879880
934 7.888200
935 7.894440
936 7.902760
937 7.911080
938 7.919400
939 7.927720
940 7.936040
941 7.946440
942 7.954760
943 7.963080
944 7.971400
945 7.977640
946 7.985960
947 7.994280
948 8.002600
949 8.010920
950 8.019240
951 8.029640
952 8.037960
953 8.046280
954 8.054600
955 8.060840
956 8.069160
957 8.077480
958 8.085800
959 8.094120
960 8.102440
961 8.112840
962 8.121160
963 8.129480
964 8.137800
965 8.144040
966 8.152360
967 8.160680
968 8.169000
969 8.177320
970 8.185640
971 8.196040
972 8.204360
973 8.212680
974 8.221000
975 8.227240
976 8.235560
977 8.243880
978 8.252200
979 8.260520
980 8.268840
981 8.279240
982 8.287560
983 8.295880
984 8.304200
985 8.310440
986 8.318760
987 8.327080
988 8.335400
989 8.343720
990 8.352040
991 8.362440
992 8.370760
993 8.379080
994 8.387400
995 8.393640
996 8.401960
997 8.410280
998 8.418600
999 8.426920
1000 8.435240
1001 8.445640
1002 8.453960
1003 8.462280
1004 8.470600
1005 8.476840
1006 8.485160
1007 8.493480
1008 8.501800
1009 8.510120
1010 8.518440
1011 8.528840
1012 8.537160
1013 8.545480
1014 8.553800
1015 8.560040
1016 8.568360
1017 8.576680
1018 8.585000
1019 8.593320
1020 8.601640
1021 8.612040
1022 8.620360
1023 8.628680
1024 8.637000
1025 8.643240
1026 8.651560
1027 8.659880
1028 8.668200
1029 8.676520
1030 8.684840
1031 8.695240
1032 8.703560
1033 8.711880
1034 8.720200
1035 8.726440
1036 8.734760
1037 8.743080
1038 8.751400
1039 8.759720
1040 8.768040
1041 8.778440
1042 8.786760
1043 8.795080
1044 8.803400
1045 8.809640
1046 8.817960
1047 8.826280
1048 8.834600
1049 8.842920
1050 8.851240
1051 8.861640
1052 8.869960
1053 8.878280
1054 8.886600
1055 8.892840
1056 8.901160
1057 8.909480
1058 8.917800
1059 8.926120
1060 8.934440
1061 8.944840
1062 8.953160
1063 8.961480
1064 8.969800
1065 8.976040
1066 8.984360
1067 8.992680
1068 9.001000
1069 9.009320
1070 9.017640
1071 9.028040
1072 9.036360
1073 9.044680
1074 9.053000
1075 9.059240
1076 9.067560
1077 9.075880
1078 9.084200
1079 9.092520
1080 9.100840
1081 9.111240
1082 9.119560
1083 9.127880
1084 9.136200
1085 9.142440
1086 9.150760
1087 9.159080
1088 9.167400
1089 9.175720
1090 9.184040
1091 9.194440
1092 9.202760
1093 9.211080
1094 9.219400
1095 9.225640
1096 9.233960
1097 9.242280
1098 9.250600
1099 9.258920
1100 9.267240
1101 9.277640
1102 9.285960
1103 9.294280
1104 9.302600
1105 9.308840
1106 9.317160
1107 9.325480
1108 9.333800
1109 9.342120
1110 9.350440
1111 9.360840
1112 9.369160
1113 9.377480
1114 9.385800
1115 9.392040
1116 9.400360
1117 9.408680
1118 9.417000
1119 9.425320
1120 9.433640
1121 9.444040
1122 9.452360
1123 9.460680
1124 9.469000
1125 9.475240
1126 9.483560
1127 9.491880
1128 9.500200
1129 9.508520
1130 9.516840
1131 9.527240
1132 9.535560
1133 9.543880
1134 9.552200
1135 9.558440
1136 9.566760
1137 9.575080
1138 9.583400
1139 9.591720
1140 9.600040
1141 9.610440
1142 9.618760
1143 9.627080
1144 9.635400
1145 9.641640
1146 9.649960
1147 9.658280
1148 9.666600
1149 9.674920
1150 9.683240
1151 9.693640
1152 9.701960
1153 9.710280
1154 9.718600
1155 9.724840
1156 9.733160
1157 9.741480
1158 9.749800
1159 9.758120
1160 9.766440
1161 9.776840
1162 9.785160
1163 9.793480
1164 9.801800
1165 9.808040
1166 9.816360
1167 9.824680
1168 9.833000
1169 9.841320
1170 9.849640
1171 9.860040
1172 9.868360
1173 9.876680
1174 9.885000
1175 9.891240
1176 9.899560
1177 9.907880
1178 9.916200
1179 9.924520
1180 9.932840
1181 9.943240
1182 9.951560
1183 9.959880
1184 9.968200
1185 9.974440
1186 9.982760
1187 9.991080
1188 9.999400
1189 10.007720
1190 10.016040
1191 10.026440
1192 10.034760
1193 10.043080
1194 10.051400
1195 10.057640
1196 10.065960
1197 10.074280
1198 10.082600
1199 10.090920
1200 10.099240
1201 10.109640
1202 10.117960
1203 10.126280
1204 10.134600
1205 10.140840
1206 10.149160
1207 10.157480
1208 10.165800
1209 10.174120
1210 10.182440
1211 10.192840
1212 10.201160
1213 10.209480
1214 10.217800
1215 10.224040
1216 10.232360
1217 10.240680
1218 10.249000
1219 10.257320
1220 10.265640
1221 10.276040
1222 10.284360
1223 10.292680
1224 10.301000
1225 10.307240
1226 10.315560
1227 10.323880
1228 10.332200
1229 10.340520
1230 10.348840
1231 10.359240
1232 10.367560
1233 10.375880
1234 10.384200
1235 10.390440
1236 10.398760
1237 10.407080
1238 10.415400
1239 10.423720
1240 10.432040
1241 10.442440
1242 10.450760
1243 10.459080
1244 10.467400
1245 10.473640
1246 10.481960
1247 10.490280
1248 10.498600
1249 10.506920
1250 10.515240
1251 10.525640
1252 10.533960
1253 10.542280
1254 10.550600
1255 10.556840
1256 10.565160
1257 10.573480
1258 10.581800
1259 10.590120
1260 10.598440
1261 10.608840
1262 10.617160
1263 10.625480
1264 10.633800
1265 10.640040
1266 10.648360
1267 10.656680
1268 10.665000
1269 10.673320
1270 10.681640
1271 10.692040
1272 10.700360
1273 10.708680
1274 10.717000
1275 10.723240
1276 10.731560
1277 10.739880
1278 10.748200
1279 10.756520
1280 10.764840
1281 10.775240
1282 10.783560
1283 10.791880
1284 10.800200
1285 10.806440
1286 10.814760
1287 10.823080
1288 10.831400
1289 10.839720
1290 10.848040
1291 10.858440
1292 10.866760
1293 10.875080
1294 10.883400
1295 10.889640
1296 10.897960
1297 10.906280
1298 10.914600
1299 10.922920
1300 10.931240
1301 10.941640
1302 10.949960
1303 10.958280
1304 10.966600
1305 10.972840
1306 10.981160
1307 10.989480
1308 10.997800
1309 11.006120
1310 11.014440
1311 11.024840
1312 11.033160
1313 11.041480
1314 11.049800
1315 11.056040
1316 11.064360
1317 11.072680
1318 11.081000
1319 11.089320
1320 11.097640
1321 11.108040
1322 11.116360
1323 11.124680
1324 11.133000
1325 11.139240
1326 11.147560
1327 11.155880
1328 11.164200
1329 11.172520
1330 11.180840
1331 11.191240
1332 11.199560
1333 11.207880
1334 11.216200
1335 11.222440
1336 11.230760
1337 11.239080
1338 11.247400
1339 11.255720
1340 11.264040
1341 11.274440
1342 11.282760
1343 11.291080
1344 11.299400
1345 11.305640
1346 11.313960
1347 11.322280
1348 11.330600
1349 11.338920
1350 11.347240
1351 11.357640
1352 11.365960
1353 11.374280
1354 11.382600
1355 11.388840
1356 11.397160
1357 11.405480
1358 11.413800
1359 11.422120
1360 11.430440
1361 11.440840
1362 11.449160
1363 11.457480
1364 11.465800
1365 11.472040
1366 11.480360
1367 11.488680
1368 11.497000
1369 11.505320
1370 11.513640
1371 11.524040
1372 11.532360
1373 11.540680
1374 11.549000
1375 11.555240
1376 11.563560
1377 11.571880
1378 11.580200
1379 11.588520
1380 11.596840
1381 11.607240
1382 11.615560
1383 11.623880
1384 11.632200
1385 11.638440
1386 11.646760
1387 11.655080
1388 11.663400
1389 11.671720
1390 11.680040
1391 11.690440
1392 11.698760
1393 11.707080
1394 11.715400
1395 11.721640
1396 11.729960
1397 11.738280
1398 11.746600
1399 11.754920
1400 11.763240
1401 11.773640
1402 11.781960
1403 11.790280
1404 11.798600
1405 11.804840
1406 11.813160
1407 11.821480
1408 11.829800
1409 11.838120
1410 11.846440
1411 11.856840
1412 11.865160
1413 11.873480
1414 11.881800
1415 11.888040
1416 11.896360
1417 11.904680
1418 11.913000
1419 11.921320
1420 11.929640
1421 11.940040
1422 11.948360
1423 11.956680
1424 11.965000
1425 11.971240
1426 11.979560
1427 11.987880
1428 11.996200
1429 12.004520
1430 12.012840
1431 12.023240
1432 12.031560
1433 12.039880
1434 12.048200
1435 12.054440
1436 12.062760
1437 12.071080
1438 12.079400
1439 12.087720
1440 12.096040
1441 12.106440
1442 12.114760
1443 12.123080
1444 12.131400
1445 12.137640
1446 12.145960
1447 12.154280
