0.100000 0.000000
0.106107 0.000000
0.112213 0.002668
0.112213 0.002080
0.120987 0.004748
0.123067 0.000000
0.127093 0.004428
0.127093 0.002080
0.129173 0.000000
0.129173 0.002080
0.137627 0.002863
0.139707 0.000000
0.141787 0.000000
0.143733 0.003254
0.143733 0.006240
0.143867 0.006374
0.145813 0.004943
0.145813 0.004160
0.147893 0.004160
0.147893 0.006240
0.149973 0.004160
0.149973 0.004160
0.156347 0.005387
0.162453 0.003674
0.162453 0.004160
0.162587 0.004194
0.166747 0.000000
0.168693 0.003933
0.168693 0.014560
0.170907 0.005753
0.172853 0.005114
0.172853 0.004160
0.177013 0.000000
0.177013 0.004160
0.177147 0.004941
0.183253 0.005222
0.183253 0.006240
0.183387 0.005742
0.189493 0.005301
0.189493 0.006240
0.189627 0.005781
0.193787 0.000000
0.195733 0.005781
0.195733 0.006240
0.197947 0.006261
0.199893 0.005665
0.199893 0.002080
0.202107 0.005813
0.204053 0.005287
0.204053 0.002080
0.206267 0.005426
0.208213 0.006257
0.208213 0.002080
0.212373 -0.002080
0.212373 0.002080
0.220827 0.005677
0.224987 0.000000
0.226933 0.004984
0.226933 0.022880
0.229147 0.006255
0.231093 0.005816
0.233307 0.006139
0.235253 0.005707
0.237467 0.006024
0.239413 0.005597
0.243573 -0.002080
0.252027 0.005488
0.258133 0.005629
0.258267 0.005926
0.264373 0.005421
0.264507 0.005707
0.270613 0.005213
0.270747 0.005488
0.276853 0.005005
0.276987 0.005269
0.283093 0.004797
0.283227 0.005050
0.285307 0.000000
0.287387 0.000000
0.289333 0.006255
0.289467 0.006623
0.291413 0.006255
0.291547 0.006623
0.293493 0.006255
0.295573 0.000000
0.297653 0.000000
0.314427 0.005926
0.316507 0.000000
0.318587 0.000000
0.320533 0.006255
0.320667 0.006623
0.322613 0.006255
0.322747 0.006623
0.324693 0.006255
0.326773 0.000000
0.328853 -0.000000
0.345627 0.005926
0.347707 0.000000
0.349787 0.000000
0.351733 0.006255
0.351867 0.006623
0.353813 0.006255
0.353947 0.006623
0.355893 0.006255
0.357973 0.000000
0.360053 -0.000000
0.376827 0.005926
0.378907 0.000000
0.380987 0.000000
0.382933 0.006255
0.383067 0.006623
0.385013 0.006255
0.385147 0.006623
0.387093 0.006255
0.389173 0.000000
0.391253 0.000000
0.408027 0.005926
0.410107 0.000000
0.412187 0.000000
0.414133 0.006255
0.414267 0.006623
0.416213 0.006255
0.416347 0.006623
0.418293 0.006255
0.420373 0.000000
0.422453 0.000000
0.439227 0.005926
0.441307 0.000000
0.443387 0.000000
0.445333 0.006255
0.445467 0.006623
0.447413 0.006486
0.447547 0.006868
0.449493 0.006717
0.451573 0.004160
0.453653 0.004160
0.470427 0.006801
0.472507 0.000000
0.474587 0.000000
0.476533 0.006255
0.476667 0.006623
0.478613 0.006255
0.478747 0.006623
0.480693 0.006255
0.482773 -0.000000
0.484853 0.000000
0.501627 0.005926
0.503707 0.000000
0.505787 0.000000
0.507733 0.006255
0.507867 0.006623
0.509813 0.006255
0.509947 0.006623
0.511893 0.006255
0.513973 0.000000
0.516053 0.000000
0.532827 0.005926
0.534907 0.000000
0.536987 0.000000
0.538933 0.006255
0.539067 0.006623
0.541013 0.006255
0.541147 0.006623
0.543093 0.006255
0.545173 0.000000
0.547253 0.000000
0.564027 0.005926
0.570133 0.005629
0.570267 0.005926
0.576373 0.005525
0.576507 0.005816
0.582613 0.005525
0.582747 0.005816
0.588853 0.005525
0.588987 0.005816
0.595093 0.005525
0.595227 0.005816
0.597307 -0.000000
0.599387 0.000000
0.601333 0.006370
0.601467 0.006745
0.603413 0.006370
0.603547 0.006745
0.605493 0.006370
0.607573 -0.000000
0.609653 0.000000
0.626427 0.006035
0.628507 -0.000000
0.630587 0.000000
0.632533 0.006370
0.632667 0.006745
0.634613 0.006370
0.634747 0.006745
0.636693 0.006370
0.638773 -0.000000
0.640853 0.000000
0.657627 0.006035
0.659707 -0.000000
0.661787 0.000000
0.663733 0.006370
0.663867 0.006745
0.665813 0.006370
0.665947 0.006745
0.667893 0.006370
0.669973 -0.000000
0.672053 0.000000
0.688827 0.006035
0.692987 -0.000000
0.694933 0.006035
0.699093 -0.002080
0.699227 0.005926
0.705333 0.005629
0.705467 0.005926
0.711573 0.005629
0.711707 0.005926
0.717813 0.005629
0.722107 0.005926
0.724187 0.000000
0.726267 0.000000
0.728213 0.006255
0.728347 0.006623
0.730293 0.006255
0.730427 0.006623
0.732373 0.006255
0.734453 0.000000
0.736533 0.000000
0.753307 0.005926
0.755387 -0.000000
0.757467 0.000000
0.759413 0.006255
0.759547 0.006623
0.761493 0.006486
0.761627 0.006868
0.763573 0.006717
0.765653 0.004160
0.767733 0.004160
0.784507 0.006801
0.786587 -0.000000
0.788667 0.000000
0.790613 0.006255
0.790747 0.006623
0.792693 0.006255
0.792827 0.006623
0.794773 0.006255
0.796853 -0.000000
0.798933 0.000000
0.815707 0.005926
0.817787 -0.000000
0.821813 0.005926
0.823893 0.000000
0.824027 0.005926
0.830133 0.005525
0.830267 0.005816
0.836373 0.005525
0.836507 0.005816
0.842613 0.005525
0.846907 0.005816
0.848987 -0.000000
0.851067 0.000000
0.853013 0.006255
0.853147 0.006623
0.855093 0.006255
0.855227 0.006623
0.857173 0.006255
0.859253 -0.000000
0.861333 0.000000
0.878107 0.005926
0.884213 0.005629
0.884347 0.005926
0.890453 0.005525
0.890587 0.005816
0.896693 0.005525
0.896827 0.005816
0.902933 0.005525
0.903067 0.005816
0.909173 0.005525
0.909307 0.005816
0.911387 0.000000
0.913467 -0.000000
0.915413 0.006255
0.915547 0.006623
0.917493 0.006255
0.917627 0.006623
0.919573 0.006255
0.921653 -0.000000
0.923733 0.000000
0.940507 0.005926
0.942587 0.000000
0.946613 0.005926
0.946747 0.006255
0.948693 0.005926
0.952853 -0.002080
0.952987 0.005816
0.959093 0.005525
0.959227 0.005816
0.965333 0.005525
0.971707 0.005816
0.973787 0.000000
0.975867 -0.000000
0.977813 0.006255
0.977947 0.006623
0.979893 0.006255
0.980027 0.006623
0.981973 0.006255
0.984053 -0.000000
0.986133 0.000000
1.002907 0.005926
1.007067 0.000000
1.009013 0.005926
1.013173 -0.002080
1.013307 0.005816
1.019413 0.005525
1.019547 0.005816
1.025653 0.005525
1.025787 0.005816
1.031893 0.005525
1.034107 0.005816
1.036187 0.000000
1.038267 0.000000
1.040213 0.006255
1.040347 0.006623
1.042293 0.006255
1.042427 0.006623
1.044373 0.006255
1.046453 -0.000000
1.048533 0.000000
1.065307 0.005926
1.067387 0.000000
1.069467 0.000000
1.071413 0.006255
1.073493 0.004160
1.075573 0.004160
1.075707 0.006364
1.081813 0.006045
1.081947 0.006364
1.088053 0.006045
1.096507 0.006364
1.098587 -0.000000
1.100667 0.000000
1.102613 0.006255
1.102747 0.006623
1.104693 0.006255
1.104827 0.006623
1.106773 0.006255
1.108853 -0.000000
1.110933 0.000000
1.127707 0.005926
1.129787 0.000000
1.133813 0.005926
1.135893 -0.000000
1.136027 0.005926
1.142133 0.005525
1.142267 0.005816
1.148373 0.005525
1.148507 0.005816
1.154613 0.005525
1.158907 0.005816
1.160987 -0.000000
1.163067 0.000000
1.165013 0.006255
1.165147 0.006623
1.167093 0.006255
1.167227 0.006623
1.169173 0.006255
1.171253 -0.000000
1.173333 0.000000
1.190107 0.005926
1.196213 0.005629
1.196347 0.005926
1.202453 0.005525
1.202587 0.005816
1.208693 0.005525
1.208827 0.005816
1.214933 0.005525
1.215067 0.005816
1.221173 0.005525
1.221307 0.005816
1.223387 -0.000000
1.225467 0.000000
1.227413 0.006370
1.227547 0.006745
1.229493 0.006370
1.229627 0.006745
1.231573 0.006370
1.233653 0.000000
1.235733 0.000000
1.252507 0.006035
1.254587 0.000000
1.258613 0.006035
1.258747 0.006370
1.260693 0.006035
1.264853 -0.002080
1.264987 0.005926
1.271093 0.005629
1.271227 0.005926
1.277333 0.005629
1.283707 0.005926
1.285787 -0.000000
1.287867 0.000000
1.289813 0.006370
1.289947 0.006745
1.291893 0.006370
1.292027 0.006745
1.293973 0.006370
1.296053 0.000000
1.298133 -0.000000
1.314907 0.006035
1.319067 0.000000
1.321013 0.006035
1.325173 -0.002080
1.325307 0.005926
1.331413 0.005629
1.331547 0.005926
1.337653 0.005629
1.337787 0.005926
1.343893 0.005629
1.348187 0.005926
1.350267 0.000000
1.352347 0.000000
1.354293 0.006255
1.354427 0.006623
1.356373 0.006255
1.356507 0.006623
1.358453 0.006255
1.360533 0.000000
1.362613 -0.000000
1.379387 0.005926
1.381467 -0.000000
1.383547 0.000000
1.385493 0.006255
1.387573 0.004160
1.389653 0.004160
1.389787 0.006364
1.395893 0.006045
1.396027 0.006364
1.402133 0.006045
1.410587 0.006364
1.412667 0.000000
1.414747 -0.000000
1.416693 0.006255
1.416827 0.006623
1.418773 0.006255
1.418907 0.006623
1.420853 0.006255
1.422933 0.000000
1.425013 -0.000000
1.441787 0.005926
1.443867 -0.000000
1.447893 0.005926
1.449973 0.000000
1.450107 0.005926
1.456213 0.005525
1.456347 0.005816
1.462453 0.005525
1.462587 0.005816
1.468693 0.005525
1.472987 0.005816
1.475067 0.000000
1.477147 -0.000000
1.479093 0.006255
1.479227 0.006623
1.481173 0.006255
1.481307 0.006623
1.483253 0.006255
1.485333 0.000000
1.487413 -0.000000
1.504187 0.005926
1.510293 0.005629
1.510427 0.005926
1.516533 0.005525
1.516667 0.005816
1.522773 0.005525
1.522907 0.005816
1.529013 0.005525
1.529147 0.005816
1.535253 0.005525
1.535387 0.005816
1.537467 0.000000
1.539547 -0.000000
1.541493 0.006255
1.541627 0.006623
1.543573 0.006255
1.543707 0.006623
1.545653 0.006255
1.547733 0.000000
1.549813 -0.000000
1.566587 0.005926
1.568667 0.000000
1.572693 0.005926
1.572827 0.006255
1.574773 0.005926
1.578933 -0.002080
1.579067 0.005816
1.585173 0.005525
1.585307 0.005816
1.591413 0.005525
1.597787 0.005816
1.599867 0.000000
1.601947 -0.000000
1.603893 0.006255
1.604027 0.006623
1.605973 0.006255
1.606107 0.006623
1.608053 0.006255
1.610133 -0.000000
1.612213 0.000000
1.628987 0.005926
1.633147 0.000000
1.635093 0.005926
1.639253 -0.002080
1.639387 0.005816
1.645493 0.005525
1.645627 0.005816
1.651733 0.005525
1.651867 0.005816
1.657973 0.005525
1.660187 0.005816
1.662267 0.000000
1.664347 -0.000000
1.666293 0.006255
1.666427 0.006623
1.668373 0.006255
1.668507 0.006623
1.670453 0.006255
1.672533 -0.000000
1.674613 0.000000
1.691387 0.005926
1.693467 0.000000
1.695547 0.000000
1.697493 0.006255
1.699573 0.004160
1.701653 0.004160
1.701787 0.006364
1.707893 0.006045
1.708027 0.006364
1.714133 0.006045
1.722587 0.006364
1.724667 0.000000
1.726747 0.000000
1.728693 0.006255
1.728827 0.006623
1.730773 0.006255
1.730907 0.006623
1.732853 0.006255
1.734933 -0.000000
1.737013 0.000000
1.753787 0.005926
1.755867 0.000000
1.759893 0.005926
1.761973 0.000000
1.762107 0.005926
1.768213 0.005525
1.768347 0.005816
1.774453 0.005525
1.774587 0.005816
1.780693 0.005525
1.784987 0.005816
1.787067 0.000000
1.789147 0.000000
1.791093 0.006255
1.791227 0.006623
1.793173 0.006255
1.793307 0.006623
1.795253 0.006255
1.797333 -0.000000
1.799413 0.000000
1.816187 0.005926
1.822293 0.005629
1.822427 0.005926
1.828533 0.005525
1.828667 0.005816
1.834773 0.005525
1.834907 0.005816
1.841013 0.005525
1.841147 0.005816
1.847253 0.005525
1.847387 0.005816
1.849467 -0.000000
1.851547 0.000000
1.853493 0.006370
1.853627 0.006745
1.855573 0.006370
1.855707 0.006745
1.857653 0.006370
1.859733 0.000000
1.861813 0.000000
1.878587 0.006035
1.880667 0.000000
1.884693 0.006035
1.884827 0.006370
1.886773 0.006035
1.890933 -0.002080
1.891067 0.005926
1.897173 0.005629
1.897307 0.005926
1.903413 0.005629
1.909787 0.005926
1.911867 -0.000000
1.913947 0.000000
1.915893 0.006370
1.916027 0.006745
1.917973 0.006370
1.918107 0.006745
1.920053 0.006370
1.922133 -0.000000
1.924213 0.000000
1.940987 0.006035
1.945147 0.000000
1.947093 0.006035
1.951253 -0.002080
1.951387 0.005926
1.957493 0.005629
1.957627 0.005926
1.963733 0.005629
1.963867 0.005926
1.969973 0.005629
1.974267 0.005926
1.976347 0.000000
1.978427 0.000000
1.980373 0.006255
1.980507 0.006623
1.982453 0.006255
1.982587 0.006623
1.984533 0.006255
1.986613 0.000000
1.988693 0.000000
2.005467 0.005926
2.007547 0.000000
2.009627 0.000000
2.011573 0.006255
2.013653 0.004160
2.015733 0.004160
2.015867 0.006364
2.021973 0.006045
2.022107 0.006364
2.028213 0.006045
2.036667 0.006364
2.038747 0.000000
2.040827 0.000000
2.042773 0.006255
2.042907 0.006623
2.044853 0.006255
2.044987 0.006623
2.046933 0.006255
2.049013 0.000000
2.051093 0.000000
2.067867 0.005926
2.069947 0.000000
2.073973 0.005926
2.076053 0.000000
2.076187 0.005926
2.082293 0.005525
2.082427 0.005816
2.088533 0.005525
2.088667 0.005816
2.094773 0.005525
2.099067 0.005816
2.101147 -0.000000
2.103227 0.000000
2.105173 0.006255
2.105307 0.006623
2.107253 0.006255
2.107387 0.006623
2.109333 0.006255
2.111413 -0.000000
2.113493 0.000000
2.130267 0.005926
2.136373 0.005629
2.136507 0.005926
2.142613 0.005525
2.142747 0.005816
2.148853 0.005525
2.148987 0.005816
2.155093 0.005525
2.155227 0.005816
2.161333 0.005525
2.161467 0.005816
2.163547 0.000000
2.165627 0.000000
2.167573 0.006255
2.167707 0.006623
2.169653 0.006255
2.169787 0.006623
2.171733 0.006255
2.173813 0.000000
2.175893 0.000000
2.192667 0.005926
2.194747 0.000000
2.198773 0.005926
2.198907 0.006255
2.200853 0.005926
2.205013 -0.002080
2.205147 0.005816
2.211253 0.005525
2.211387 0.005816
2.217493 0.005525
2.223867 0.005816
2.225947 -0.000000
2.228027 0.000000
2.229973 0.006255
2.230107 0.006623
2.232053 0.006255
2.232187 0.006623
2.234133 0.006255
2.236213 0.000000
2.238293 0.000000
2.255067 0.005926
2.259227 0.000000
2.261173 0.005926
2.265333 -0.002080
2.265467 0.005816
2.271573 0.005525
2.271707 0.005816
2.277813 0.005525
2.277947 0.005816
2.284053 0.005525
2.286267 0.005816
2.288347 0.000000
2.290427 0.000000
2.292373 0.006255
2.292507 0.006623
2.294453 0.006255
2.294587 0.006623
2.296533 0.006255
2.298613 0.000000
2.300693 0.000000
2.317467 0.005926
2.319547 0.000000
2.321627 0.000000
2.323573 0.006255
2.325653 0.004160
2.327733 0.004160
2.327867 0.006364
2.333973 0.006045
2.334107 0.006364
2.340213 0.006045
2.348667 0.006364
2.350747 0.000000
2.352827 0.000000
2.354773 0.006255
2.354907 0.006623
2.356853 0.006255
2.356987 0.006623
2.358933 0.006255
2.361013 0.000000
2.363093 0.000000
2.379867 0.005926
2.381947 0.000000
2.385973 0.005926
2.388053 -0.000000
2.388187 0.005926
2.394293 0.005525
2.394427 0.005816
2.400533 0.005525
2.400667 0.005816
2.406773 0.005525
2.411067 0.005816
2.413147 0.000000
2.415227 0.000000
2.417173 0.006255
2.417307 0.006623
2.419253 0.006255
2.419387 0.006623
2.421333 0.006255
2.423413 0.000000
2.425493 0.000000
2.442267 0.005926
2.448373 0.005629
2.448507 0.005926
2.454613 0.005525
2.454747 0.005816
2.460853 0.005525
2.460987 0.005816
2.467093 0.005525
2.467227 0.005816
2.473333 0.005525
2.473467 0.005816
2.475547 0.000000
2.477627 0.000000
2.479573 0.006370
2.479707 0.006745
2.481653 0.006370
2.481787 0.006745
2.483733 0.006370
2.485813 0.000000
2.487893 -0.000000
2.504667 0.006035
2.506747 0.000000
2.510773 0.006035
2.510907 0.006370
2.512853 0.006035
2.517013 -0.002080
2.517147 0.005926
2.523253 0.005629
2.523387 0.005926
2.529493 0.005629
2.535867 0.005926
2.537947 0.000000
2.540027 0.000000
2.541973 0.006370
2.542107 0.006745
2.544053 0.006370
2.544187 0.006745
2.546133 0.006370
2.548213 0.000000
2.550293 0.000000
2.567067 0.006035
2.571227 0.000000
2.573173 0.006035
2.577333 -0.002080
2.577467 0.005926
2.583573 0.005629
2.583707 0.005926
2.589813 0.005629
2.589947 0.005926
2.596053 0.005629
2.600347 0.005926
2.602427 0.000000
2.604507 0.000000
2.606453 0.006255
2.606587 0.006623
2.608533 0.006255
2.608667 0.006623
2.610613 0.006255
2.612693 -0.000000
2.614773 0.000000
2.631547 0.005926
2.633627 0.000000
2.635707 0.000000
2.637653 0.006255
2.639733 0.004160
2.641813 0.004160
2.641947 0.006364
2.648053 0.006045
2.648187 0.006364
2.654293 0.006045
2.662747 0.006364
2.664827 0.000000
2.666907 0.000000
2.668853 0.006255
2.668987 0.006623
2.670933 0.006255
2.671067 0.006623
2.673013 0.006255
2.675093 0.000000
2.677173 0.000000
2.693947 0.005926
2.696027 0.000000
2.700053 0.005926
2.702133 0.000000
2.702267 0.005926
2.708373 0.005525
2.708507 0.005816
2.714613 0.005525
2.714747 0.005816
2.720853 0.005525
2.725147 0.005816
2.727227 0.000000
2.729307 0.000000
2.731253 0.006255
2.731387 0.006623
2.733333 0.006255
2.733467 0.006623
2.735413 0.006255
2.737493 -0.000000
2.739573 0.000000
2.756347 0.005926
2.762453 0.005629
2.762587 0.005926
2.768693 0.005525
2.768827 0.005816
2.774933 0.005525
2.775067 0.005816
2.781173 0.005525
2.781307 0.005816
2.787413 0.005525
2.787547 0.005816
2.789627 0.000000
2.791707 0.000000
2.793653 0.006255
2.793787 0.006623
2.795733 0.006255
2.795867 0.006623
2.797813 0.006255
2.799893 0.000000
2.801973 0.000000
2.818747 0.005926
2.820827 0.000000
2.824853 0.005926
2.824987 0.006255
2.826933 0.005926
2.831093 -0.002080
2.831227 0.005816
2.837333 0.005525
2.837467 0.005816
2.843573 0.005525
2.849947 0.005816
2.852027 -0.000000
2.854107 0.000000
2.856053 0.006255
2.856187 0.006623
2.858133 0.006255
2.858267 0.006623
2.860213 0.006255
2.862293 -0.000000
2.864373 0.000000
2.881147 0.005926
2.885307 0.000000
2.887253 0.005926
2.891413 -0.002080
2.891547 0.005816
2.897653 0.005525
2.897787 0.005816
2.903893 0.005525
2.904027 0.005816
2.910133 0.005525
2.912347 0.005816
2.914427 0.000000
2.916507 0.000000
2.918453 0.006255
2.918587 0.006623
2.920533 0.006255
2.920667 0.006623
2.922613 0.006255
2.924693 0.000000
2.926773 0.000000
2.943547 0.005926
2.945627 0.000000
2.947707 0.000000
2.949653 0.006255
2.951733 0.004160
2.953813 0.004160
2.953947 0.006364
2.960053 0.006045
2.960187 0.006364
2.966293 0.006045
2.974747 0.006364
2.976827 -0.000000
2.978907 0.000000
2.980853 0.006255
2.980987 0.006623
2.982933 0.006255
2.983067 0.006623
2.985013 0.006255
2.987093 -0.000000
2.989173 0.000000
3.005947 0.005926
3.008027 0.000000
3.012053 0.005926
3.014133 -0.000000
3.014267 0.005926
3.020373 0.005525
3.020507 0.005816
3.026613 0.005525
3.026747 0.005816
3.032853 0.005525
3.037147 0.005816
3.039227 0.000000
3.041307 0.000000
3.043253 0.006255
3.043387 0.006623
3.045333 0.006255
3.045467 0.006623
3.047413 0.006255
3.049493 0.000000
3.051573 0.000000
3.068347 0.005926
3.074453 0.005629
3.074587 0.005926
3.080693 0.005525
3.080827 0.005816
3.086933 0.005525
3.087067 0.005816
3.093173 0.005525
3.093307 0.005816
3.099413 0.005525
3.099547 0.005816
3.101627 -0.000000
3.103707 0.000000
3.105653 0.006370
3.105787 0.006745
3.107733 0.006370
3.107867 0.006745
3.109813 0.006370
3.111893 0.000000
3.113973 -0.000000
3.130747 0.006035
3.132827 0.000000
3.136853 0.006035
3.136987 0.006370
3.138933 0.006035
3.143093 -0.002080
3.143227 0.005926
3.149333 0.005629
3.149467 0.005926
3.155573 0.005629
3.161947 0.005926
3.164027 0.000000
3.166107 0.000000
3.168053 0.006370
3.168187 0.006745
3.170133 0.006370
3.170267 0.006745
3.172213 0.006370
3.174293 0.000000
3.176373 0.000000
3.193147 0.006035
3.197307 0.000000
3.199253 0.006035
3.203413 -0.002080
3.203547 0.005926
3.209653 0.005629
3.209787 0.005926
3.215893 0.005629
3.216027 0.005926
3.222133 0.005629
3.226427 0.005926
3.228507 0.000000
3.230587 0.000000
3.232533 0.006255
3.232667 0.006623
3.234613 0.006255
3.234747 0.006623
3.236693 0.006255
3.238773 0.000000
3.240853 0.000000
3.257627 0.005926
3.259707 -0.000000
3.261787 0.000000
3.263733 0.006255
3.265813 0.004160
3.267893 0.004160
3.268027 0.006364
3.274133 0.006045
3.274267 0.006364
3.280373 0.006045
3.288827 0.006364
3.290907 0.000000
3.292987 -0.000000
3.294933 0.006255
3.295067 0.006623
3.297013 0.006255
3.297147 0.006623
3.299093 0.006255
3.301173 0.000000
3.303253 -0.000000
3.320027 0.005926
3.322107 0.000000
3.326133 0.005926
3.328213 0.000000
3.328347 0.005926
3.334453 0.005525
3.334587 0.005816
3.340693 0.005525
3.340827 0.005816
3.346933 0.005525
3.351227 0.005816
3.353307 0.000000
3.355387 0.000000
3.357333 0.006255
3.357467 0.006623
3.359413 0.006255
3.359547 0.006623
3.361493 0.006255
3.363573 -0.000000
3.365653 0.000000
3.382427 0.005926
3.388533 0.005629
3.388667 0.005926
3.394773 0.005525
3.394907 0.005816
3.401013 0.005525
3.401147 0.005816
3.407253 0.005525
3.407387 0.005816
3.413493 0.005525
3.413627 0.005816
3.415707 0.000000
3.417787 -0.000000
3.419733 0.006255
3.419867 0.006623
3.421813 0.006255
3.421947 0.006623
3.423893 0.006255
3.425973 0.000000
3.428053 0.000000
3.444827 0.005926
3.446907 0.000000
3.450933 0.005926
3.451067 0.006255
3.453013 0.005926
3.457173 -0.002080
3.457307 0.005816
3.463413 0.005525
3.463547 0.005816
3.469653 0.005525
3.476027 0.005816
3.478107 0.000000
3.480187 0.000000
3.482133 0.006255
3.482267 0.006623
3.484213 0.006255
3.484347 0.006623
3.486293 0.006255
3.488373 -0.000000
3.490453 0.000000
3.507227 0.005926
3.511387 0.000000
3.513333 0.005926
3.517493 -0.002080
3.517627 0.005816
3.523733 0.005525
3.523867 0.005816
3.529973 0.005525
3.530107 0.005816
3.536213 0.005525
3.538427 0.005816
3.540507 0.000000
3.542587 0.000000
3.544533 0.006255
3.544667 0.006623
3.546613 0.006255
3.546747 0.006623
3.548693 0.006255
3.550773 0.000000
3.552853 0.000000
3.569627 0.005926
3.571707 0.000000
3.573787 0.000000
3.575733 0.006255
3.577813 0.004160
3.579893 0.004160
3.580027 0.006364
3.586133 0.006045
3.586267 0.006364
3.592373 0.006045
3.600827 0.006364
3.602907 0.000000
3.604987 0.000000
3.606933 0.006255
3.607067 0.006623
3.609013 0.006255
3.609147 0.006623
3.611093 0.006255
3.613173 -0.000000
3.615253 0.000000
3.632027 0.005926
3.634107 0.000000
3.638133 0.005926
3.640213 0.000000
3.640347 0.005926
3.646453 0.005525
3.646587 0.005816
3.652693 0.005525
3.652827 0.005816
3.658933 0.005525
3.663227 0.005816
3.665307 0.000000
3.667387 0.000000
3.669333 0.006255
3.669467 0.006623
3.671413 0.006255
3.671547 0.006623
3.673493 0.006255
3.675573 0.000000
3.677653 0.000000
3.694427 0.005926
3.700533 0.005629
3.700667 0.005926
3.706773 0.005525
3.706907 0.005816
3.713013 0.005525
3.713147 0.005816
3.719253 0.005525
3.719387 0.005816
3.725493 0.005525
3.725627 0.005816
3.727707 -0.000000
3.729787 0.000000
3.731733 0.006370
3.731867 0.006745
3.733813 0.006370
3.733947 0.006745
3.735893 0.006370
3.737973 0.000000
3.740053 0.000000
3.756827 0.006035
3.758907 0.000000
3.762933 0.006035
3.763067 0.006370
3.765013 0.006035
3.769173 -0.002080
3.769307 0.005926
3.775413 0.005629
3.775547 0.005926
3.781653 0.005629
3.788027 0.005926
3.790107 0.000000
3.792187 0.000000
3.794133 0.006370
3.794267 0.006745
3.796213 0.006370
3.796347 0.006745
3.798293 0.006370
3.800373 0.000000
3.802453 0.000000
3.819227 0.006035
3.823387 0.000000
3.825333 0.006035
3.829493 -0.002080
3.829627 0.005926
3.835733 0.005629
3.835867 0.005926
3.841973 0.005629
3.842107 0.005926
3.848213 0.005629
3.852507 0.005926
3.854587 0.000000
3.856667 0.000000
3.858613 0.006255
3.858747 0.006623
3.860693 0.006255
3.860827 0.006623
3.862773 0.006255
3.864853 0.000000
3.866933 0.000000
3.883707 0.005926
3.885787 -0.000000
3.887867 0.000000
3.889813 0.006255
3.891893 0.004160
3.893973 0.004160
3.894107 0.006364
3.900213 0.006045
3.900347 0.006364
3.906453 0.006045
3.914907 0.006364
3.916987 0.000000
3.919067 0.000000
3.921013 0.006255
3.921147 0.006623
3.923093 0.006255
3.923227 0.006623
3.925173 0.006255
3.927253 0.000000
3.929333 0.000000
3.946107 0.005926
3.948187 0.000000
3.952213 0.005926
3.954293 0.000000
3.954427 0.005926
3.960533 0.005525
3.960667 0.005816
3.966773 0.005525
3.966907 0.005816
3.973013 0.005525
3.977307 0.005816
3.979387 0.000000
3.981467 0.000000
3.983413 0.006255
3.983547 0.006623
3.985493 0.006255
3.985627 0.006623
3.987573 0.006255
3.989653 0.000000
3.991733 -0.000000
4.008507 0.005926
4.014613 0.005629
4.014747 0.005926
4.020853 0.005525
4.020987 0.005816
4.027093 0.005525
4.027227 0.005816
4.033333 0.005525
4.033467 0.005816
4.039573 0.005525
4.039707 0.005816
4.041787 0.000000
4.043867 0.000000
4.045813 0.006255
4.045947 0.006623
4.047893 0.006255
4.048027 0.006623
4.049973 0.006255
4.052053 0.000000
4.054133 -0.000000
4.070907 0.005926
4.072987 0.000000
4.077013 0.005926
4.077147 0.006255
4.079093 0.005926
4.083253 -0.002080
4.083387 0.005816
4.089493 0.005525
4.089627 0.005816
4.095733 0.005525
4.102107 0.005816
4.104187 0.000000
4.106267 -0.000000
4.108213 0.006255
4.108347 0.006623
4.110293 0.006255
4.110427 0.006623
4.112373 0.006255
4.114453 -0.000000
4.116533 0.000000
4.133307 0.005926
4.137467 0.000000
4.139413 0.005926
4.143573 -0.002080
4.143707 0.005816
4.149813 0.005525
4.149947 0.005816
4.156053 0.005525
4.156187 0.005816
4.162293 0.005525
4.164507 0.005816
4.166587 0.000000
4.168667 0.000000
4.170613 0.006255
4.170747 0.006623
4.172693 0.006255
4.172827 0.006623
4.174773 0.006255
4.176853 0.000000
4.178933 0.000000
4.195707 0.005926
4.197787 0.000000
4.199867 0.000000
4.201813 0.006255
4.203893 0.004160
4.205973 0.004160
4.206107 0.006364
4.212213 0.006045
4.212347 0.006364
4.218453 0.006045
4.226907 0.006364
4.228987 0.000000
4.231067 0.000000
4.233013 0.006255
4.233147 0.006623
4.235093 0.006255
4.235227 0.006623
4.237173 0.006255
4.239253 0.000000
4.241333 -0.000000
4.258107 0.005926
4.260187 0.000000
4.264213 0.005926
4.266293 -0.000000
4.266427 0.005926
4.272533 0.005525
4.272667 0.005816
4.278773 0.005525
4.278907 0.005816
4.285013 0.005525
4.289307 0.005816
4.291387 0.000000
4.293467 0.000000
4.295413 0.006255
4.295547 0.006623
4.297493 0.006255
4.297627 0.006623
4.299573 0.006255
4.301653 -0.000000
4.303733 0.000000
4.320507 0.005926
4.326613 0.005629
4.326747 0.005926
4.332853 0.005525
4.332987 0.005816
4.339093 0.005525
4.339227 0.005816
4.345333 0.005525
4.345467 0.005816
4.351573 0.005525
4.351707 0.005816
4.353787 0.000000
4.355867 0.000000
4.357813 0.006370
4.357947 0.006745
4.359893 0.006370
4.360027 0.006745
4.361973 0.006370
4.364053 0.000000
4.366133 0.000000
4.382907 0.006035
4.384987 0.000000
4.389013 0.006035
4.389147 0.006370
4.391093 0.006035
4.395253 -0.002080
4.395387 0.005926
4.401493 0.005629
4.401627 0.005926
4.407733 0.005629
4.414107 0.005926
4.416187 -0.000000
4.418267 0.000000
4.420213 0.006370
4.420347 0.006745
4.422293 0.006370
4.422427 0.006745
4.424373 0.006370
4.426453 0.000000
4.428533 0.000000
4.445307 0.006035
4.449467 0.000000
4.451413 0.006035
4.455573 -0.002080
4.455707 0.005926
4.461813 0.005629
4.461947 0.005926
4.468053 0.005629
4.468187 0.005926
4.474293 0.005629
4.478587 0.005926
4.480667 0.000000
4.482747 0.000000
4.484693 0.006255
4.484827 0.006623
4.486773 0.006255
4.486907 0.006623
4.488853 0.006255
4.490933 -0.000000
4.493013 0.000000
4.509787 0.005926
4.511867 0.000000
4.513947 0.000000
4.515893 0.006255
4.517973 0.004160
4.520053 0.004160
4.520187 0.006364
4.526293 0.006045
4.526427 0.006364
4.532533 0.006045
4.540987 0.006364
4.543067 0.000000
4.545147 0.000000
4.547093 0.006255
4.547227 0.006623
4.549173 0.006255
4.549307 0.006623
4.551253 0.006255
4.553333 0.000000
4.555413 0.000000
4.572187 0.005926
4.574267 -0.000000
4.578293 0.005926
4.580373 0.000000
4.580507 0.005926
4.586613 0.005525
4.586747 0.005816
4.592853 0.005525
4.592987 0.005816
4.599093 0.005525
4.603387 0.005816
4.605467 0.000000
4.607547 0.000000
4.609493 0.006255
4.609627 0.006623
4.611573 0.006255
4.611707 0.006623
4.613653 0.006255
4.615733 0.000000
4.617813 -0.000000
4.634587 0.005926
4.640693 0.005629
4.640827 0.005926
4.646933 0.005525
4.647067 0.005816
4.653173 0.005525
4.653307 0.005816
4.659413 0.005525
4.659547 0.005816
4.665653 0.005525
4.665787 0.005816
4.667867 0.000000
4.669947 0.000000
4.671893 0.006255
4.672027 0.006623
4.673973 0.006255
4.674107 0.006623
4.676053 0.006255
4.678133 0.000000
4.680213 -0.000000
4.696987 0.005926
4.699067 0.000000
4.703093 0.005926
4.703227 0.006255
4.705173 0.005926
4.709333 -0.002080
4.709467 0.005816
4.715573 0.005525
4.715707 0.005816
4.721813 0.005525
4.728187 0.005816
4.730267 0.000000
4.732347 0.000000
4.734293 0.006255
4.734427 0.006623
4.736373 0.006255
4.736507 0.006623
4.738453 0.006255
4.740533 -0.000000
4.742613 0.000000
4.759387 0.005926
4.763547 0.000000
4.765493 0.005926
4.769653 -0.002080
4.769787 0.005816
4.775893 0.005525
4.776027 0.005816
4.782133 0.005525
4.782267 0.005816
4.788373 0.005525
4.790587 0.005816
4.792667 0.000000
4.794747 0.000000
4.796693 0.006255
4.796827 0.006623
4.798773 0.006255
4.798907 0.006623
4.800853 0.006255
4.802933 0.000000
4.805013 0.000000
4.821787 0.005926
4.823867 -0.000000
4.825947 0.000000
4.827893 0.006255
4.829973 0.004160
4.832053 0.004160
4.832187 0.006364
4.838293 0.006045
4.838427 0.006364
4.844533 0.006045
4.852987 0.006364
4.855067 0.000000
4.857147 0.000000
4.859093 0.006255
4.859227 0.006623
4.861173 0.006255
4.861307 0.006623
4.863253 0.006255
4.865333 0.000000
4.867413 -0.000000
4.884187 0.005926
4.886267 0.000000
4.890293 0.005926
4.892373 -0.000000
4.892507 0.005926
4.898613 0.005525
4.898747 0.005816
4.904853 0.005525
4.904987 0.005816
4.911093 0.005525
4.915387 0.005816
4.917467 0.000000
4.919547 0.000000
4.921493 0.006255
4.921627 0.006623
4.923573 0.006255
4.923707 0.006623
4.925653 0.006255
4.927733 0.000000
4.929813 -0.000000
4.946587 0.005926
4.952693 0.005629
4.952827 0.005926
4.958933 0.005525
4.959067 0.005816
4.965173 0.005525
4.965307 0.005816
4.971413 0.005525
4.971547 0.005816
4.977653 0.005525
4.977787 0.005816
4.979867 0.000000
4.981947 -0.000000
4.983893 0.006370
4.984027 0.006745
4.985973 0.006370
4.986107 0.006745
4.988053 0.006370
4.990133 0.000000
4.992213 0.000000
5.008987 0.006035
5.011067 0.000000
5.015093 0.006035
5.015227 0.006370
5.017173 0.006035
5.021333 -0.002080
5.021467 0.005926
5.027573 0.005629
5.027707 0.005926
5.033813 0.005629
5.040187 0.005926
5.042267 0.000000
5.044347 0.000000
5.046293 0.006370
5.046427 0.006745
5.048373 0.006370
5.048507 0.006745
5.050453 0.006370
5.052533 0.000000
5.054613 0.000000
5.071387 0.006035
5.075547 0.000000
5.077493 0.006035
5.081653 -0.002080
5.081787 0.005926
5.087893 0.005629
5.088027 0.005926
5.094133 0.005629
5.094267 0.005926
5.100373 0.005629
5.104667 0.005926
5.106747 0.000000
5.108827 0.000000
5.110773 0.006255
5.110907 0.006623
5.112853 0.006255
5.112987 0.006623
5.114933 0.006255
5.117013 -0.000000
5.119093 0.000000
5.135867 0.005926
5.137947 0.000000
5.140027 -0.000000
5.141973 0.006255
5.144053 0.004160
5.146133 0.004160
5.146267 0.006364
5.152373 0.006045
5.152507 0.006364
5.158613 0.006045
5.167067 0.006364
5.169147 0.000000
5.171227 0.000000
5.173173 0.006255
5.173307 0.006623
5.175253 0.006255
5.175387 0.006623
5.177333 0.006255
5.179413 0.000000
5.181493 0.000000
5.198267 0.005926
5.200347 0.000000
5.204373 0.005926
5.206453 0.000000
5.206587 0.005926
5.212693 0.005525
5.212827 0.005816
5.218933 0.005525
5.219067 0.005816
5.225173 0.005525
5.229467 0.005816
5.231547 0.000000
5.233627 0.000000
5.235573 0.006255
5.235707 0.006623
5.237653 0.006255
5.237787 0.006623
5.239733 0.006255
5.241813 0.000000
5.243893 0.000000
5.260667 0.005926
5.266773 0.005629
5.266907 0.005926
5.273013 0.005525
5.273147 0.005816
5.279253 0.005525
5.279387 0.005816
5.285493 0.005525
5.285627 0.005816
5.291733 0.005525
5.291867 0.005816
5.293947 0.000000
5.296027 0.000000
5.297973 0.006255
5.298107 0.006623
5.300053 0.006255
5.300187 0.006623
5.302133 0.006255
5.304213 0.000000
5.306293 -0.000000
5.323067 0.005926
5.325147 0.000000
5.329173 0.005926
5.329307 0.006255
5.331253 0.005926
5.335413 -0.002080
5.335547 0.005816
5.341653 0.005525
5.341787 0.005816
5.347893 0.005525
5.354267 0.005816
5.356347 0.000000
5.358427 0.000000
5.360373 0.006255
5.360507 0.006623
5.362453 0.006255
5.362587 0.006623
5.364533 0.006255
5.366613 -0.000000
5.368693 0.000000
5.385467 0.005926
5.389627 0.000000
5.391573 0.005926
5.395733 -0.002080
5.395867 0.005816
5.401973 0.005525
5.402107 0.005816
5.408213 0.005525
5.408347 0.005816
5.414453 0.005525
5.416667 0.005816
5.418747 0.000000
5.420827 0.000000
5.422773 0.006255
5.422907 0.006623
5.424853 0.006255
5.424987 0.006623
5.426933 0.006255
5.429013 0.000000
5.431093 0.000000
5.447867 0.005926
5.449947 -0.000000
5.452027 0.000000
5.453973 0.006255
5.456053 0.004160
5.458133 0.004160
5.458267 0.006364
5.464373 0.006045
5.464507 0.006364
5.470613 0.006045
5.479067 0.006364
5.481147 0.000000
5.483227 0.000000
5.485173 0.006255
5.485307 0.006623
5.487253 0.006255
5.487387 0.006623
5.489333 0.006255
5.491413 0.000000
5.493493 -0.000000
5.510267 0.005926
5.512347 0.000000
5.516373 0.005926
5.518453 -0.000000
5.518587 0.005926
5.524693 0.005525
5.524827 0.005816
5.530933 0.005525
5.531067 0.005816
5.537173 0.005525
5.541467 0.005816
5.543547 0.000000
5.545627 0.000000
5.547573 0.006255
5.547707 0.006623
5.549653 0.006255
5.549787 0.006623
5.551733 0.006255
5.553813 0.000000
5.555893 -0.000000
5.572667 0.005926
5.578773 0.005629
5.578907 0.005926
5.585013 0.005525
5.585147 0.005816
5.591253 0.005525
5.591387 0.005816
5.597493 0.005525
5.597627 0.005816
5.603733 0.005525
5.603867 0.005816
5.605947 0.000000
5.608027 -0.000000
5.609973 0.006370
5.610107 0.006745
5.612053 0.006370
5.612187 0.006745
5.614133 0.006370
5.616213 0.000000
5.618293 0.000000
5.635067 0.006035
5.637147 0.000000
5.641173 0.006035
5.641307 0.006370
5.643253 0.006035
5.647413 -0.002080
5.647547 0.005926
5.653653 0.005629
5.653787 0.005926
5.659893 0.005629
5.666267 0.005926
5.668347 0.000000
5.670427 0.000000
5.672373 0.006370
5.672507 0.006745
5.674453 0.006370
5.674587 0.006745
5.676533 0.006370
5.678613 0.000000
5.680693 0.000000
5.697467 0.006035
5.701627 0.000000
5.703573 0.006035
5.707733 -0.002080
5.707867 0.005926
5.713973 0.005629
5.714107 0.005926
5.720213 0.005629
5.720347 0.005926
5.726453 0.005629
5.730747 0.005926
5.732827 0.000000
5.734907 0.000000
5.736853 0.006255
5.736987 0.006623
5.738933 0.006255
5.739067 0.006623
5.741013 0.006255
5.743093 -0.000000
5.745173 0.000000
5.761947 0.005926
5.764027 0.000000
5.766107 -0.000000
5.768053 0.006255
5.770133 0.004160
5.772213 0.004160
5.772347 0.006364
5.778453 0.006045
5.778587 0.006364
5.784693 0.006045
5.793147 0.006364
5.795227 0.000000
5.797307 0.000000
5.799253 0.006255
5.799387 0.006623
5.801333 0.006255
5.801467 0.006623
5.803413 0.006255
5.805493 0.000000
5.807573 0.000000
5.824347 0.005926
5.826427 0.000000
5.830453 0.005926
5.832533 0.000000
5.832667 0.005926
5.838773 0.005525
5.838907 0.005816
5.845013 0.005525
5.845147 0.005816
5.851253 0.005525
5.855547 0.005816
5.857627 0.000000
5.859707 0.000000
5.861653 0.006255
5.861787 0.006623
5.863733 0.006255
5.863867 0.006623
5.865813 0.006255
5.867893 0.000000
5.869973 0.000000
5.886747 0.005926
5.892853 0.005629
5.892987 0.005926
5.899093 0.005525
5.899227 0.005816
5.905333 0.005525
5.905467 0.005816
5.911573 0.005525
5.911707 0.005816
5.917813 0.005525
5.917947 0.005816
5.920027 0.000000
5.922107 0.000000
5.924053 0.006255
5.924187 0.006623
5.926133 0.006255
5.926267 0.006623
5.928213 0.006255
5.930293 0.000000
5.932373 -0.000000
5.949147 0.005926
5.951227 0.000000
5.955253 0.005926
5.955387 0.006255
5.957333 0.005926
5.961493 -0.002080
5.961627 0.005816
5.967733 0.005525
5.967867 0.005816
5.973973 0.005525
5.980347 0.005816
5.982427 0.000000
5.984507 0.000000
5.986453 0.006255
5.986587 0.006623
5.988533 0.006255
5.988667 0.006623
5.990613 0.006255
5.992693 -0.000000
5.994773 0.000000
6.011547 0.005926
6.015707 0.000000
6.017653 0.005926
6.021813 -0.002080
6.021947 0.005816
6.028053 0.005525
6.028187 0.005816
6.034293 0.005525
6.034427 0.005816
6.040533 0.005525
6.042747 0.005816
6.044827 0.000000
6.046907 0.000000
6.048853 0.006255
6.048987 0.006623
6.050933 0.006255
6.051067 0.006623
6.053013 0.006255
6.055093 0.000000
6.057173 0.000000
6.073947 0.005926
6.076027 0.000000
6.078107 0.000000
6.080053 0.006255
6.082133 0.004160
6.084213 0.004160
6.084347 0.006364
6.090453 0.006045
6.090587 0.006364
6.096693 0.006045
6.105147 0.006364
6.107227 0.000000
6.109307 0.000000
6.111253 0.006255
6.111387 0.006623
6.113333 0.006255
6.113467 0.006623
6.115413 0.006255
6.117493 0.000000
6.119573 -0.000000
6.136347 0.005926
6.138427 0.000000
6.142453 0.005926
6.144533 -0.000000
6.144667 0.005926
6.150773 0.005525
6.150907 0.005816
6.157013 0.005525
6.157147 0.005816
6.163253 0.005525
6.167547 0.005816
6.169627 0.000000
6.171707 0.000000
6.173653 0.006255
6.173787 0.006623
6.175733 0.006255
6.175867 0.006623
6.177813 0.006255
6.179893 0.000000
6.181973 -0.000000
6.198747 0.005926
6.204853 0.005629
6.204987 0.005926
6.211093 0.005525
6.211227 0.005816
6.217333 0.005525
6.217467 0.005816
6.223573 0.005525
6.223707 0.005816
6.229813 0.005525
6.229947 0.005816
6.232027 0.000000
6.234107 0.000000
6.236053 0.006370
6.236187 0.006745
6.238133 0.006370
6.238267 0.006745
6.240213 0.006370
6.242293 0.000000
6.244373 0.000000
6.261147 0.006035
6.263227 0.000000
6.267253 0.006035
6.267387 0.006370
6.269333 0.006035
6.273493 -0.002080
6.273627 0.005926
6.279733 0.005629
6.279867 0.005926
6.285973 0.005629
6.292347 0.005926
6.294427 0.000000
6.296507 0.000000
6.298453 0.006370
6.298587 0.006745
6.300533 0.006370
6.300667 0.006745
6.302613 0.006370
6.304693 0.000000
6.306773 0.000000
6.323547 0.006035
6.327707 -0.000000
6.329653 0.006035
6.333813 -0.002080
6.333947 0.005926
6.340053 0.005629
6.340187 0.005926
6.346293 0.005629
6.346427 0.005926
6.352533 0.005629
6.356827 0.005926
6.358907 0.000000
6.360987 0.000000
6.362933 0.006255
6.363067 0.006623
6.365013 0.006255
6.365147 0.006623
6.367093 0.006255
6.369173 -0.000000
6.371253 0.000000
6.388027 0.005926
6.390107 0.000000
6.392187 0.000000
6.394133 0.006255
6.396213 0.004160
6.398293 0.004160
6.398427 0.006364
6.404533 0.006045
6.404667 0.006364
6.410773 0.006045
6.419227 0.006364
6.421307 0.000000
6.423387 0.000000
6.425333 0.006255
6.425467 0.006623
6.427413 0.006255
6.427547 0.006623
6.429493 0.006255
6.431573 -0.000000
6.433653 0.000000
6.450427 0.005926
6.452507 0.000000
6.456533 0.005926
6.458613 0.000000
6.458747 0.005926
6.464853 0.005525
6.464987 0.005816
6.471093 0.005525
6.471227 0.005816
6.477333 0.005525
6.481627 0.005816
6.483707 -0.000000
6.485787 0.000000
6.487733 0.006255
6.487867 0.006623
6.489813 0.006255
6.489947 0.006623
6.491893 0.006255
6.493973 0.000000
6.496053 0.000000
6.512827 0.005926
6.518933 0.005629
6.519067 0.005926
6.525173 0.005525
6.525307 0.005816
6.531413 0.005525
6.531547 0.005816
6.537653 0.005525
6.537787 0.005816
6.543893 0.005525
6.544027 0.005816
6.546107 0.000000
6.548187 0.000000
6.550133 0.006255
6.550267 0.006623
6.552213 0.006255
6.552347 0.006623
6.554293 0.006255
6.556373 0.000000
6.558453 -0.000000
6.575227 0.005926
6.577307 0.000000
6.581333 0.005926
6.581467 0.006255
6.583413 0.005926
6.587573 -0.002080
6.587707 0.005816
6.593813 0.005525
6.593947 0.005816
6.600053 0.005525
6.606427 0.005816
6.608507 0.000000
6.610587 0.000000
6.612533 0.006255
6.612667 0.006623
6.614613 0.006255
6.614747 0.006623
6.616693 0.006255
6.618773 -0.000000
6.620853 0.000000
6.637627 0.005926
6.641787 0.000000
6.643733 0.005926
6.647893 -0.002080
6.648027 0.005816
6.654133 0.005525
6.654267 0.005816
6.660373 0.005525
6.660507 0.005816
6.666613 0.005525
6.668827 0.005816
6.670907 0.000000
6.672987 0.000000
6.674933 0.006255
6.675067 0.006623
6.677013 0.006255
6.677147 0.006623
6.679093 0.006255
6.681173 0.000000
6.683253 0.000000
6.700027 0.005926
6.702107 0.000000
6.704187 0.000000
6.706133 0.006255
6.708213 0.004160
6.710293 0.004160
6.710427 0.006364
6.716533 0.006045
6.716667 0.006364
6.722773 0.006045
6.731227 0.006364
6.733307 0.000000
6.735387 0.000000
6.737333 0.006255
6.737467 0.006623
6.739413 0.006255
6.739547 0.006623
6.741493 0.006255
6.743573 0.000000
6.745653 0.000000
6.762427 0.005926
6.764507 0.000000
6.768533 0.005926
6.770613 -0.000000
6.770747 0.005926
6.776853 0.005525
6.776987 0.005816
6.783093 0.005525
6.783227 0.005816
6.789333 0.005525
6.793627 0.005816
6.795707 0.000000
6.797787 0.000000
6.799733 0.006255
6.799867 0.006623
6.801813 0.006255
6.801947 0.006623
6.803893 0.006255
6.805973 0.000000
6.808053 -0.000000
6.824827 0.005926
6.830933 0.005629
6.831067 0.005926
6.837173 0.005525
6.837307 0.005816
6.843413 0.005525
6.843547 0.005816
6.849653 0.005525
6.849787 0.005816
6.855893 0.005525
6.856027 0.005816
6.858107 0.000000
6.860187 0.000000
6.862133 0.006370
6.862267 0.006745
6.864213 0.006370
6.864347 0.006745
6.866293 0.006370
6.868373 0.000000
6.870453 0.000000
6.887227 0.006035
6.889307 0.000000
6.893333 0.006035
6.893467 0.006370
6.895413 0.006035
6.899573 -0.002080
6.899707 0.005926
6.905813 0.005629
6.905947 0.005926
6.912053 0.005629
6.918427 0.005926
6.920507 0.000000
6.922587 0.000000
6.924533 0.006370
6.924667 0.006745
6.926613 0.006370
6.926747 0.006745
6.928693 0.006370
6.930773 0.000000
6.932853 0.000000
6.949627 0.006035
6.953787 0.000000
6.955733 0.006035
6.959893 -0.002080
6.960027 0.005926
6.966133 0.005629
6.966267 0.005926
6.972373 0.005629
6.972507 0.005926
6.978613 0.005629
6.982907 0.005926
6.984987 0.000000
6.987067 0.000000
6.989013 0.006255
6.989147 0.006623
6.991093 0.006255
6.991227 0.006623
6.993173 0.006255
6.995253 -0.000000
6.997333 0.000000
7.014107 0.005926
7.016187 0.000000
7.018267 0.000000
7.020213 0.006255
7.022293 0.004160
7.024373 0.004160
7.024507 0.006364
7.030613 0.006045
7.030747 0.006364
7.036853 0.006045
7.045307 0.006364
7.047387 0.000000
7.049467 0.000000
7.051413 0.006255
7.051547 0.006623
7.053493 0.006255
7.053627 0.006623
7.055573 0.006255
7.057653 -0.000000
7.059733 0.000000
7.076507 0.005926
7.078587 0.000000
7.082613 0.005926
7.084693 0.000000
7.084827 0.005926
7.090933 0.005525
7.091067 0.005816
7.097173 0.005525
7.097307 0.005816
7.103413 0.005525
7.107707 0.005816
7.109787 0.000000
7.111867 0.000000
7.113813 0.006255
7.113947 0.006623
7.115893 0.006255
7.116027 0.006623
7.117973 0.006255
7.120053 0.000000
7.122133 0.000000
7.138907 0.005926
7.145013 0.005629
7.145147 0.005926
7.151253 0.005525
7.151387 0.005816
7.157493 0.005525
7.157627 0.005816
7.163733 0.005525
7.163867 0.005816
7.169973 0.005525
7.170107 0.005816
7.172187 0.000000
7.174267 0.000000
7.176213 0.006255
7.176347 0.006623
7.178293 0.006255
7.178427 0.006623
7.180373 0.006255
7.182453 0.000000
7.184533 -0.000000
7.201307 0.005926
7.203387 0.000000
7.207413 0.005926
7.207547 0.006255
7.209493 0.005926
7.213653 -0.002080
7.213787 0.005816
7.219893 0.005525
7.220027 0.005816
7.226133 0.005525
7.232507 0.005816
7.234587 0.000000
7.236667 0.000000
7.238613 0.006255
7.238747 0.006623
7.240693 0.006255
7.240827 0.006623
7.242773 0.006255
7.244853 -0.000000
7.246933 0.000000
7.263707 0.005926
7.267867 0.000000
7.269813 0.005926
7.273973 -0.002080
7.274107 0.005816
7.280213 0.005525
7.280347 0.005816
7.286453 0.005525
7.286587 0.005816
7.292693 0.005525
7.294907 0.005816
7.296987 0.000000
7.299067 0.000000
7.301013 0.006255
7.301147 0.006623
7.303093 0.006255
7.303227 0.006623
7.305173 0.006255
7.307253 -0.000000
7.309333 0.000000
7.326107 0.005926
7.328187 0.000000
7.330267 0.000000
7.332213 0.006255
7.334293 0.004160
7.336373 0.004160
7.336507 0.006364
7.342613 0.006045
7.342747 0.006364
7.348853 0.006045
7.357307 0.006364
7.359387 -0.000000
7.361467 0.000000
7.363413 0.006255
7.363547 0.006623
7.365493 0.006255
7.365627 0.006623
7.367573 0.006255
7.369653 0.000000
7.371733 0.000000
7.388507 0.005926
7.390587 0.000000
7.394613 0.005926
7.396693 -0.000000
7.396827 0.005926
7.402933 0.005525
7.403067 0.005816
7.409173 0.005525
7.409307 0.005816
7.415413 0.005525
7.419707 0.005816
7.421787 0.000000
7.423867 0.000000
7.425813 0.006255
7.425947 0.006623
7.427893 0.006255
7.428027 0.006623
7.429973 0.006255
7.432053 0.000000
7.434133 -0.000000
7.450907 0.005926
7.457013 0.005629
7.457147 0.005926
7.463253 0.005525
7.463387 0.005816
7.469493 0.005525
7.469627 0.005816
7.475733 0.005525
7.475867 0.005816
7.481973 0.005525
7.482107 0.005816
7.484187 0.000000
7.486267 0.000000
7.488213 0.006370
7.488347 0.006745
7.490293 0.006370
7.490427 0.006745
7.492373 0.006370
7.494453 0.000000
7.496533 0.000000
7.513307 0.006035
7.515387 0.000000
7.519413 0.006035
7.519547 0.006370
7.521493 0.006035
7.525653 -0.002080
7.525787 0.005926
7.531893 0.005629
7.532027 0.005926
7.538133 0.005629
7.544507 0.005926
7.546587 0.000000
7.548667 0.000000
7.550613 0.006370
7.550747 0.006745
7.552693 0.006370
7.552827 0.006745
7.554773 0.006370
7.556853 0.000000
7.558933 0.000000
7.575707 0.006035
7.579867 0.000000
7.581813 0.006035
7.585973 -0.002080
7.586107 0.005926
7.592213 0.005629
7.592347 0.005926
7.598453 0.005629
7.598587 0.005926
7.604693 0.005629
7.608987 0.005926
7.611067 0.000000
7.613147 0.000000
7.615093 0.006255
7.615227 0.006623
7.617173 0.006255
7.617307 0.006623
7.619253 0.006255
7.621333 0.000000
7.623413 -0.000000
7.640187 0.005926
7.642267 0.000000
7.644347 0.000000
7.646293 0.006255
7.648373 0.004160
7.650453 0.004160
7.650587 0.006364
7.656693 0.006045
7.656827 0.006364
7.662933 0.006045
7.671387 0.006364
7.673467 0.000000
7.675547 -0.000000
7.677493 0.006255
7.677627 0.006623
7.679573 0.006255
7.679707 0.006623
7.681653 0.006255
7.683733 -0.000000
7.685813 0.000000
7.702587 0.005926
7.704667 0.000000
7.708693 0.005926
7.710773 0.000000
7.710907 0.005926
7.717013 0.005525
7.717147 0.005816
7.723253 0.005525
7.723387 0.005816
7.729493 0.005525
7.733787 0.005816
7.735867 0.000000
7.737947 0.000000
7.739893 0.006255
7.740027 0.006623
7.741973 0.006255
7.742107 0.006623
7.744053 0.006255
7.746133 0.000000
7.748213 0.000000
7.764987 0.005926
7.771093 0.005629
7.771227 0.005926
7.777333 0.005525
7.777467 0.005816
7.783573 0.005525
7.783707 0.005816
7.789813 0.005525
7.789947 0.005816
7.796053 0.005525
7.796187 0.005816
7.798267 0.000000
7.800347 0.000000
7.802293 0.006255
7.802427 0.006623
7.804373 0.006255
7.804507 0.006623
7.806453 0.006255
7.808533 0.000000
7.810613 -0.000000
7.827387 0.005926
7.829467 0.000000
7.833493 0.005926
7.833627 0.006255
7.835573 0.005926
7.839733 -0.002080
7.839867 0.005816
7.845973 0.005525
7.846107 0.005816
7.852213 0.005525
7.858587 0.005816
7.860667 0.000000
7.862747 0.000000
7.864693 0.006255
7.864827 0.006623
7.866773 0.006255
7.866907 0.006623
7.868853 0.006255
7.870933 -0.000000
7.873013 0.000000
7.889787 0.005926
7.893947 0.000000
7.895893 0.005926
7.900053 -0.002080
7.900187 0.005816
7.906293 0.005525
7.906427 0.005816
7.912533 0.005525
7.912667 0.005816
7.918773 0.005525
7.920987 0.005816
7.923067 0.000000
7.925147 0.000000
7.927093 0.006255
7.927227 0.006623
7.929173 0.006255
7.929307 0.006623
7.931253 0.006255
7.933333 0.000000
7.935413 0.000000
7.952187 0.005926
7.954267 0.000000
7.956347 0.000000
7.958293 0.006255
7.960373 0.004160
7.962453 0.004160
7.962587 0.006364
7.968693 0.006045
7.968827 0.006364
7.974933 0.006045
7.983387 0.006364
7.985467 -0.000000
7.987547 0.000000
7.989493 0.006255
7.989627 0.006623
7.991573 0.006255
7.991707 0.006623
7.993653 0.006255
7.995733 -0.000000
7.997813 0.000000
8.014587 0.005926
8.016667 0.000000
8.020693 0.005926
8.022773 0.000000
8.022907 0.005926
8.029013 0.005525
8.029147 0.005816
8.035253 0.005525
8.035387 0.005816
8.041493 0.005525
8.045787 0.005816
8.047867 0.000000
8.049947 0.000000
8.051893 0.006255
8.052027 0.006623
8.053973 0.006255
8.054107 0.006623
8.056053 0.006255
8.058133 0.000000
8.060213 0.000000
8.076987 0.005926
8.083093 0.005629
8.083227 0.005926
8.089333 0.005525
8.089467 0.005816
8.095573 0.005525
8.095707 0.005816
8.101813 0.005525
8.101947 0.005816
8.108053 0.005525
8.108187 0.005816
8.110267 -0.000000
8.112347 0.000000
8.114293 0.006370
8.114427 0.006745
8.116373 0.006370
8.116507 0.006745
8.118453 0.006370
8.120533 0.000000
8.122613 0.000000
8.139387 0.006035
8.141467 -0.000000
8.145493 0.006035
8.145627 0.006370
8.147573 0.006035
8.151733 -0.002080
8.151867 0.005926
8.157973 0.005629
8.158107 0.005926
8.164213 0.005629
8.170587 0.005926
8.172667 -0.000000
8.174747 0.000000
8.176693 0.006370
8.176827 0.006745
8.178773 0.006370
8.178907 0.006745
8.180853 0.006370
8.182933 0.000000
8.185013 0.000000
8.201787 0.006035
8.205947 -0.000000
8.207893 0.006035
8.212053 -0.002080
8.212187 0.005926
8.218293 0.005629
8.218427 0.005926
8.224533 0.005629
8.224667 0.005926
8.230773 0.005629
8.235067 0.005926
8.237147 0.000000
8.239227 0.000000
8.241173 0.006255
8.241307 0.006623
8.243253 0.006255
8.243387 0.006623
8.245333 0.006255
8.247413 0.000000
8.249493 0.000000
8.266267 0.005926
8.268347 -0.000000
8.270427 0.000000
8.272373 0.006255
8.274453 0.004160
8.276533 0.004160
8.276667 0.006364
8.282773 0.006045
8.282907 0.006364
8.289013 0.006045
8.297467 0.006364
8.299547 -0.000000
8.301627 0.000000
8.303573 0.006255
8.303707 0.006623
8.305653 0.006255
8.305787 0.006623
8.307733 0.006255
8.309813 0.000000
8.311893 0.000000
8.328667 0.005926
8.330747 -0.000000
8.334773 0.005926
8.336853 0.000000
8.336987 0.005926
8.343093 0.005525
8.343227 0.005816
8.349333 0.005525
8.349467 0.005816
8.355573 0.005525
8.359867 0.005816
8.361947 -0.000000
8.364027 0.000000
8.365973 0.006255
8.366107 0.006623
8.368053 0.006255
8.368187 0.006623
8.370133 0.006255
8.372213 -0.000000
8.374293 0.000000
8.391067 0.005926
8.397173 0.005629
8.397307 0.005926
8.403413 0.005525
8.403547 0.005816
8.409653 0.005525
8.409787 0.005816
8.415893 0.005525
8.416027 0.005816
8.422133 0.005525
8.422267 0.005816
8.424347 0.000000
8.426427 -0.000000
8.428373 0.006255
8.428507 0.006623
8.430453 0.006255
8.430587 0.006623
8.432533 0.006255
8.434613 -0.000000
8.436693 0.000000
8.453467 0.005926
8.455547 0.000000
8.459573 0.005926
8.459707 0.006255
8.461653 0.005926
8.465813 -0.002080
8.465947 0.005816
8.472053 0.005525
8.472187 0.005816
8.478293 0.005525
8.484667 0.005816
8.486747 0.000000
8.488827 -0.000000
8.490773 0.006255
8.490907 0.006623
8.492853 0.006255
8.492987 0.006623
8.494933 0.006255
8.497013 0.000000
8.499093 0.000000
8.515867 0.005926
8.520027 0.000000
8.521973 0.005926
8.526133 -0.002080
8.526267 0.005816
8.532373 0.005525
8.532507 0.005816
8.538613 0.005525
8.538747 0.005816
8.544853 0.005525
8.547067 0.005816
8.549147 0.000000
8.551227 -0.000000
8.553173 0.006255
8.553307 0.006623
8.555253 0.006255
8.555387 0.006623
8.557333 0.006255
8.559413 0.000000
8.561493 -0.000000
8.578267 0.005926
8.580347 0.000000
8.582427 0.000000
8.584373 0.006255
8.586453 0.004160
8.588533 0.004160
8.588667 0.006364
8.594773 0.006045
8.594907 0.006364
8.601013 0.006045
8.609467 0.006364
8.611547 0.000000
8.613627 0.000000
8.615573 0.006255
8.615707 0.006623
8.617653 0.006255
8.617787 0.006623
8.619733 0.006255
8.621813 0.000000
8.623893 0.000000
8.640667 0.005926
8.642747 0.000000
8.646773 0.005926
8.648853 0.000000
8.648987 0.005926
8.655093 0.005525
8.655227 0.005816
8.661333 0.005525
8.661467 0.005816
8.667573 0.005525
8.671867 0.005816
8.673947 0.000000
8.676027 0.000000
8.677973 0.006255
8.678107 0.006623
8.680053 0.006255
8.680187 0.006623
8.682133 0.006255
8.684213 0.000000
8.686293 0.000000
8.703067 0.005926
8.709173 0.005629
8.709307 0.005926
8.715413 0.005525
8.715547 0.005816
8.721653 0.005525
8.721787 0.005816
8.727893 0.005525
8.728027 0.005816
8.734133 0.005525
8.734267 0.005816
8.736347 -0.000000
8.738427 0.000000
8.740373 0.006370
8.740507 0.006745
8.742453 0.006370
8.742587 0.006745
8.744533 0.006370
8.746613 0.000000
8.748693 0.000000
8.765467 0.006035
8.767547 -0.000000
8.771573 0.006035
8.771707 0.006370
8.773653 0.006035
8.777813 -0.002080
8.777947 0.005926
8.784053 0.005629
8.784187 0.005926
8.790293 0.005629
8.796667 0.005926
8.798747 -0.000000
8.800827 0.000000
8.802773 0.006370
8.802907 0.006745
8.804853 0.006370
8.804987 0.006745
8.806933 0.006370
8.809013 0.000000
8.811093 0.000000
8.827867 0.006035
8.832027 -0.000000
8.833973 0.006035
8.838133 -0.002080
8.838267 0.005926
8.844373 0.005629
8.844507 0.005926
8.850613 0.005629
8.850747 0.005926
8.856853 0.005629
8.861147 0.005926
8.863227 0.000000
8.865307 0.000000
8.867253 0.006255
8.867387 0.006623
8.869333 0.006255
8.869467 0.006623
8.871413 0.006255
8.873493 0.000000
8.875573 0.000000
8.892347 0.005926
8.894427 -0.000000
8.896507 0.000000
8.898453 0.006255
8.900533 0.004160
8.902613 0.004160
8.902747 0.006364
8.908853 0.006045
8.908987 0.006364
8.915093 0.006045
8.923547 0.006364
8.925627 -0.000000
8.927707 0.000000
8.929653 0.006255
8.929787 0.006623
8.931733 0.006255
8.931867 0.006623
8.933813 0.006255
8.935893 0.000000
8.937973 0.000000
8.954747 0.005926
8.956827 -0.000000
8.960853 0.005926
8.962933 0.000000
8.963067 0.005926
8.969173 0.005525
8.969307 0.005816
8.975413 0.005525
8.975547 0.005816
8.981653 0.005525
8.985947 0.005816
8.988027 -0.000000
8.990107 0.000000
8.992053 0.006255
8.992187 0.006623
8.994133 0.006255
8.994267 0.006623
8.996213 0.006255
8.998293 -0.000000
9.000373 0.000000
9.017147 0.005926
9.023253 0.005629
9.023387 0.005926
9.029493 0.005525
9.029627 0.005816
9.035733 0.005525
9.035867 0.005816
9.041973 0.005525
9.042107 0.005816
9.048213 0.005525
9.048347 0.005816
9.050427 -0.000000
9.052507 0.000000
9.054453 0.006255
9.054587 0.006623
9.056533 0.006255
9.056667 0.006623
9.058613 0.006255
9.060693 -0.000000
9.062773 0.000000
9.079547 0.005926
9.081627 0.000000
9.085653 0.005926
9.085787 0.006255
9.087733 0.005926
9.091893 -0.002080
9.092027 0.005816
9.098133 0.005525
9.098267 0.005816
9.104373 0.005525
9.110747 0.005816
9.112827 0.000000
9.114907 -0.000000
9.116853 0.006255
9.116987 0.006623
9.118933 0.006255
9.119067 0.006623
9.121013 0.006255
9.123093 0.000000
9.125173 0.000000
9.141947 0.005926
9.146107 -0.000000
9.148053 0.005926
9.152213 -0.002080
9.152347 0.005816
9.158453 0.005525
9.158587 0.005816
9.164693 0.005525
9.164827 0.005816
9.170933 0.005525
9.173147 0.005816
9.175227 0.000000
9.177307 -0.000000
9.179253 0.006255
9.179387 0.006623
9.181333 0.006255
9.181467 0.006623
9.183413 0.006255
9.185493 0.000000
9.187573 -0.000000
9.204347 0.005926
9.206427 0.000000
9.208507 -0.000000
9.210453 0.006255
9.212533 0.004160
9.214613 0.004160
9.214747 0.006364
9.220853 0.006045
9.220987 0.006364
9.227093 0.006045
9.235547 0.006364
9.237627 0.000000
9.239707 0.000000
9.241653 0.006255
9.241787 0.006623
9.243733 0.006255
9.243867 0.006623
9.245813 0.006255
9.247893 0.000000
9.249973 -0.000000
9.266747 0.005926
9.268827 0.000000
9.272853 0.005926
9.274933 0.000000
9.275067 0.005926
9.281173 0.005525
9.281307 0.005816
9.287413 0.005525
9.287547 0.005816
9.293653 0.005525
9.297947 0.005816
9.300027 0.000000
9.302107 0.000000
9.304053 0.006255
9.304187 0.006623
9.306133 0.006255
9.306267 0.006623
9.308213 0.006255
9.310293 0.000000
9.312373 0.000000
9.329147 0.005926
9.335253 0.005629
9.335387 0.005926
9.341493 0.005525
9.341627 0.005816
9.347733 0.005525
9.347867 0.005816
9.353973 0.005525
9.354107 0.005816
9.360213 0.005525
9.360347 0.005816
9.362427 0.000000
9.364507 0.000000
9.366453 0.006370
9.366587 0.006745
9.368533 0.006370
9.368667 0.006745
9.370613 0.006370
9.372693 0.000000
9.374773 0.000000
9.391547 0.006035
9.393627 -0.000000
9.397653 0.006035
9.397787 0.006370
9.399733 0.006035
9.403893 -0.002080
9.404027 0.005926
9.410133 0.005629
9.410267 0.005926
9.416373 0.005629
9.422747 0.005926
9.424827 -0.000000
9.426907 0.000000
9.428853 0.006370
9.428987 0.006745
9.430933 0.006370
9.431067 0.006745
9.433013 0.006370
9.435093 0.000000
9.437173 0.000000
9.453947 0.006035
9.458107 0.000000
9.460053 0.006035
9.464213 -0.002080
9.464347 0.005926
9.470453 0.005629
9.470587 0.005926
9.476693 0.005629
9.476827 0.005926
9.482933 0.005629
9.487227 0.005926
9.489307 0.000000
9.491387 0.000000
9.493333 0.006255
9.493467 0.006623
9.495413 0.006255
9.495547 0.006623
9.497493 0.006255
9.499573 0.000000
9.501653 0.000000
9.518427 0.005926
9.520507 0.000000
9.522587 0.000000
9.524533 0.006255
9.526613 0.004160
9.528693 0.004160
9.528827 0.006364
9.534933 0.006045
9.535067 0.006364
9.541173 0.006045
9.549627 0.006364
9.551707 -0.000000
9.553787 0.000000
9.555733 0.006255
9.555867 0.006623
9.557813 0.006255
9.557947 0.006623
9.559893 0.006255
9.561973 0.000000
9.564053 0.000000
9.580827 0.005926
9.582907 -0.000000
9.586933 0.005926
9.589013 0.000000
9.589147 0.005926
9.595253 0.005525
9.595387 0.005816
9.601493 0.005525
9.601627 0.005816
9.607733 0.005525
9.612027 0.005816
9.614107 -0.000000
9.616187 0.000000
9.618133 0.006255
9.618267 0.006623
9.620213 0.006255
9.620347 0.006623
9.622293 0.006255
9.624373 0.000000
9.626453 0.000000
9.643227 0.005926
9.649333 0.005629
9.649467 0.005926
9.655573 0.005525
9.655707 0.005816
9.661813 0.005525
9.661947 0.005816
9.668053 0.005525
9.668187 0.005816
9.674293 0.005525
9.674427 0.005816
9.676507 -0.000000
9.678587 0.000000
9.680533 0.006255
9.680667 0.006623
9.682613 0.006255
9.682747 0.006623
9.684693 0.006255
9.686773 -0.000000
9.688853 0.000000
9.705627 0.005926
9.707707 0.000000
9.711733 0.005926
9.711867 0.006255
9.713813 0.005926
9.717973 -0.002080
9.718107 0.005816
9.724213 0.005525
9.724347 0.005816
9.730453 0.005525
9.736827 0.005816
9.738907 0.000000
9.740987 -0.000000
9.742933 0.006255
9.743067 0.006623
9.745013 0.006255
9.745147 0.006623
9.747093 0.006255
9.749173 0.000000
9.751253 0.000000
9.768027 0.005926
9.772187 -0.000000
9.774133 0.005926
9.778293 -0.002080
9.778427 0.005816
9.784533 0.005525
9.784667 0.005816
9.790773 0.005525
9.790907 0.005816
9.797013 0.005525
9.799227 0.005816
9.801307 0.000000
9.803387 -0.000000
9.805333 0.006255
9.805467 0.006623
9.807413 0.006255
9.807547 0.006623
9.809493 0.006255
9.811573 0.000000
9.813653 -0.000000
9.830427 0.005926
9.832507 0.000000
9.834587 -0.000000
9.836533 0.006255
9.838613 0.004160
9.840693 0.004160
9.840827 0.006364
9.846933 0.006045
9.847067 0.006364
9.853173 0.006045
9.861627 0.006364
9.863707 0.000000
9.865787 0.000000
9.867733 0.006255
9.867867 0.006623
9.869813 0.006255
9.869947 0.006623
9.871893 0.006255
9.873973 0.000000
9.876053 -0.000000
9.892827 0.005926
9.894907 0.000000
9.898933 0.005926
9.901013 0.000000
9.901147 0.005926
9.907253 0.005525
9.907387 0.005816
9.913493 0.005525
9.913627 0.005816
9.919733 0.005525
9.924027 0.005816
9.926107 0.000000
9.928187 0.000000
9.930133 0.006255
9.930267 0.006623
9.932213 0.006255
9.932347 0.006623
9.934293 0.006255
9.936373 0.000000
9.938453 0.000000
9.955227 0.005926
9.961333 0.005629
9.961467 0.005926
9.967573 0.005525
9.967707 0.005816
9.973813 0.005525
9.973947 0.005816
9.980053 0.005525
9.980187 0.005816
9.986293 0.005525
9.986427 0.005816
9.988507 0.000000
9.990587 0.000000
9.992533 0.006370
9.992667 0.006745
9.994613 0.006370
9.994747 0.006745
9.996693 0.006370
9.998773 0.000000
10.000853 0.000000
10.017627 0.006035
10.019707 -0.000000
10.023733 0.006035
10.023867 0.006370
10.025813 0.006035
10.029973 -0.002080
10.030107 0.005926
10.036213 0.005629
10.036347 0.005926
10.042453 0.005629
10.048827 0.005926
10.050907 -0.000000
10.052987 0.000000
10.054933 0.006370
10.055067 0.006745
10.057013 0.006370
10.057147 0.006745
10.059093 0.006370
10.061173 0.000000
10.063253 0.000000
10.080027 0.006035
10.084187 0.000000
10.086133 0.006035
10.090293 -0.002080
10.090427 0.005926
10.096533 0.005629
10.096667 0.005926
10.102773 0.005629
10.102907 0.005926
10.109013 0.005629
10.113307 0.005926
10.115387 0.000000
10.117467 0.000000
10.119413 0.006255
10.119547 0.006623
10.121493 0.006255
10.121627 0.006623
10.123573 0.006255
10.125653 0.000000
10.127733 0.000000
10.144507 0.005926
10.146587 0.000000
10.148667 0.000000
10.150613 0.006255
10.152693 0.004160
10.154773 0.004160
10.154907 0.006364
10.161013 0.006045
10.161147 0.006364
10.167253 0.006045
10.175707 0.006364
10.177787 -0.000000
10.179867 0.000000
10.181813 0.006255
10.181947 0.006623
10.183893 0.006255
10.184027 0.006623
10.185973 0.006255
10.188053 0.000000
10.190133 0.000000
10.206907 0.005926
10.208987 -0.000000
10.213013 0.005926
10.215093 0.000000
10.215227 0.005926
10.221333 0.005525
10.221467 0.005816
10.227573 0.005525
10.227707 0.005816
10.233813 0.005525
10.238107 0.005816
10.240187 -0.000000
10.242267 0.000000
10.244213 0.006255
10.244347 0.006623
10.246293 0.006255
10.246427 0.006623
10.248373 0.006255
10.250453 0.000000
10.252533 0.000000
10.269307 0.005926
10.275413 0.005629
10.275547 0.005926
10.281653 0.005525
10.281787 0.005816
10.287893 0.005525
10.288027 0.005816
10.294133 0.005525
10.294267 0.005816
10.300373 0.005525
10.300507 0.005816
10.302587 -0.000000
10.304667 0.000000
10.306613 0.006255
10.306747 0.006623
10.308693 0.006255
10.308827 0.006623
10.310773 0.006255
10.312853 -0.000000
10.314933 0.000000
10.331707 0.005926
10.333787 0.000000
10.337813 0.005926
10.337947 0.006255
10.339893 0.005926
10.344053 -0.002080
10.344187 0.005816
10.350293 0.005525
10.350427 0.005816
10.356533 0.005525
10.362907 0.005816
10.364987 0.000000
10.367067 -0.000000
10.369013 0.006255
10.369147 0.006623
10.371093 0.006255
10.371227 0.006623
10.373173 0.006255
10.375253 0.000000
10.377333 0.000000
10.394107 0.005926
10.398267 -0.000000
10.400213 0.005926
10.404373 -0.002080
10.404507 0.005816
10.410613 0.005525
10.410747 0.005816
10.416853 0.005525
10.416987 0.005816
10.423093 0.005525
10.425307 0.005816
10.427387 0.000000
10.429467 -0.000000
10.431413 0.006255
10.431547 0.006623
10.433493 0.006255
10.433627 0.006623
10.435573 0.006255
10.437653 0.000000
10.439733 -0.000000
10.456507 0.005926
10.458587 0.000000
10.460667 -0.000000
10.462613 0.006255
10.464693 0.004160
10.466773 0.004160
10.466907 0.006364
10.473013 0.006045
10.473147 0.006364
10.479253 0.006045
10.487707 0.006364
10.489787 0.000000
10.491867 0.000000
10.493813 0.006255
10.493947 0.006623
10.495893 0.006255
10.496027 0.006623
10.497973 0.006255
10.500053 0.000000
10.502133 -0.000000
10.518907 0.005926
10.520987 0.000000
10.525013 0.005926
10.527093 0.000000
10.527227 0.005926
10.533333 0.005525
10.533467 0.005816
10.539573 0.005525
10.539707 0.005816
10.545813 0.005525
10.550107 0.005816
10.552187 0.000000
10.554267 0.000000
10.556213 0.006255
10.556347 0.006623
10.558293 0.006255
10.558427 0.006623
10.560373 0.006255
10.562453 0.000000
10.564533 0.000000
10.581307 0.005926
10.587413 0.005629
10.587547 0.005926
10.593653 0.005525
10.593787 0.005816
10.599893 0.005525
10.600027 0.005816
10.606133 0.005525
10.606267 0.005816
10.612373 0.005525
10.612507 0.005816
10.614587 0.000000
10.616667 0.000000
10.618613 0.006370
10.618747 0.006745
10.620693 0.006370
10.620827 0.006745
10.622773 0.006370
10.624853 0.000000
10.626933 0.000000
10.643707 0.006035
10.645787 -0.000000
10.649813 0.006035
10.649947 0.006370
10.651893 0.006035
10.656053 -0.002080
10.656187 0.005926
10.662293 0.005629
10.662427 0.005926
10.668533 0.005629
10.674907 0.005926
10.676987 -0.000000
10.679067 0.000000
10.681013 0.006370
10.681147 0.006745
10.683093 0.006370
10.683227 0.006745
10.685173 0.006370
10.687253 0.000000
10.689333 0.000000
10.706107 0.006035
10.710267 0.000000
10.712213 0.006035
10.716373 -0.002080
10.716507 0.005926
10.722613 0.005629
10.722747 0.005926
10.728853 0.005629
10.728987 0.005926
10.735093 0.005629
10.739387 0.005926
10.741467 0.000000
10.743547 0.000000
10.745493 0.006255
10.745627 0.006623
10.747573 0.006255
10.747707 0.006623
10.749653 0.006255
10.751733 0.000000
10.753813 0.000000
10.770587 0.005926
10.772667 0.000000
10.774747 0.000000
10.776693 0.006255
10.778773 0.004160
10.780853 0.004160
10.780987 0.006364
10.787093 0.006045
10.787227 0.006364
10.793333 0.006045
10.801787 0.006364
10.803867 -0.000000
10.805947 0.000000
10.807893 0.006255
10.808027 0.006623
10.809973 0.006255
10.810107 0.006623
10.812053 0.006255
10.814133 0.000000
10.816213 0.000000
10.832987 0.005926
10.835067 -0.000000
10.839093 0.005926
10.841173 0.000000
10.841307 0.005926
10.847413 0.005525
10.847547 0.005816
10.853653 0.005525
10.853787 0.005816
10.859893 0.005525
10.864187 0.005816
10.866267 -0.000000
10.868347 0.000000
10.870293 0.006255
10.870427 0.006623
10.872373 0.006255
10.872507 0.006623
10.874453 0.006255
10.876533 0.000000
10.878613 0.000000
10.895387 0.005926
10.901493 0.005629
10.901627 0.005926
10.907733 0.005525
10.907867 0.005816
10.913973 0.005525
10.914107 0.005816
10.920213 0.005525
10.920347 0.005816
10.926453 0.005525
10.926587 0.005816
10.928667 -0.000000
10.930747 0.000000
10.932693 0.006255
10.932827 0.006623
10.934773 0.006255
10.934907 0.006623
10.936853 0.006255
10.938933 -0.000000
10.941013 0.000000
10.957787 0.005926
10.959867 0.000000
10.963893 0.005926
10.964027 0.006255
10.965973 0.005926
10.970133 -0.002080
10.970267 0.005816
10.976373 0.005525
10.976507 0.005816
10.982613 0.005525
10.988987 0.005816
10.991067 0.000000
10.993147 -0.000000
10.995093 0.006255
10.995227 0.006623
10.997173 0.006255
10.997307 0.006623
10.999253 0.006255
11.001333 0.000000
11.003413 0.000000
11.020187 0.005926
11.024347 -0.000000
11.026293 0.005926
11.030453 -0.002080
11.030587 0.005816
11.036693 0.005525
11.036827 0.005816
11.042933 0.005525
11.043067 0.005816
11.049173 0.005525
11.051387 0.005816
11.053467 0.000000
11.055547 -0.000000
11.057493 0.006255
11.057627 0.006623
11.059573 0.006255
11.059707 0.006623
11.061653 0.006255
11.063733 0.000000
11.065813 -0.000000
11.082587 0.005926
11.084667 0.000000
11.086747 -0.000000
11.088693 0.006255
11.090773 0.004160
11.092853 0.004160
11.092987 0.006364
11.099093 0.006045
11.099227 0.006364
11.105333 0.006045
11.113787 0.006364
11.115867 0.000000
11.117947 0.000000
11.119893 0.006255
11.120027 0.006623
11.121973 0.006255
11.122107 0.006623
11.124053 0.006255
11.126133 0.000000
11.128213 -0.000000
11.144987 0.005926
11.147067 0.000000
11.151093 0.005926
11.153173 -0.000000
11.153307 0.005926
11.159413 0.005525
11.159547 0.005816
11.165653 0.005525
11.165787 0.005816
11.171893 0.005525
11.176187 0.005816
11.178267 0.000000
11.180347 0.000000
11.182293 0.006255
11.182427 0.006623
11.184373 0.006255
11.184507 0.006623
11.186453 0.006255
11.188533 0.000000
11.190613 0.000000
11.207387 0.005926
11.213493 0.005629
11.213627 0.005926
11.219733 0.005525
11.219867 0.005816
11.225973 0.005525
11.226107 0.005816
11.232213 0.005525
11.232347 0.005816
11.238453 0.005525
11.238587 0.005816
11.240667 0.000000
11.242747 0.000000
11.244693 0.006370
11.244827 0.006745
11.246773 0.006370
11.246907 0.006745
11.248853 0.006370
11.250933 0.000000
11.253013 0.000000
11.269787 0.006035
11.271867 0.000000
11.275893 0.006035
11.276027 0.006370
11.277973 0.006035
11.282133 -0.002080
11.282267 0.005926
11.288373 0.005629
11.288507 0.005926
11.294613 0.005629
11.300987 0.005926
11.303067 -0.000000
11.305147 0.000000
11.307093 0.006370
11.307227 0.006745
11.309173 0.006370
11.309307 0.006745
11.311253 0.006370
11.313333 0.000000
11.315413 0.000000
11.332187 0.006035
11.336347 0.000000
11.338293 0.006035
11.342453 -0.002080
11.342587 0.005926
11.348693 0.005629
11.348827 0.005926
11.354933 0.005629
11.355067 0.005926
11.361173 0.005629
11.365467 0.005926
11.367547 0.000000
11.369627 0.000000
11.371573 0.006255
11.371707 0.006623
11.373653 0.006255
11.373787 0.006623
11.375733 0.006255
11.377813 0.000000
11.379893 0.000000
11.396667 0.005926
11.398747 0.000000
11.400827 0.000000
11.402773 0.006255
11.404853 0.004160
11.406933 0.004160
11.407067 0.006364
11.413173 0.006045
11.413307 0.006364
11.419413 0.006045
11.427867 0.006364
11.429947 0.000000
11.432027 0.000000
11.433973 0.006255
11.434107 0.006623
11.436053 0.006255
11.436187 0.006623
11.438133 0.006255
11.440213 0.000000
11.442293 0.000000
11.459067 0.005926
11.461147 -0.000000
11.465173 0.005926
11.467253 0.000000
11.467387 0.005926
11.473493 0.005525
11.473627 0.005816
11.479733 0.005525
11.479867 0.005816
11.485973 0.005525
11.490267 0.005816
11.492347 -0.000000
11.494427 0.000000
11.496373 0.006255
11.496507 0.006623
11.498453 0.006255
11.498587 0.006623
11.500533 0.006255
11.502613 0.000000
11.504693 0.000000
11.521467 0.005926
11.527573 0.005629
11.527707 0.005926
11.533813 0.005525
11.533947 0.005816
11.540053 0.005525
11.540187 0.005816
11.546293 0.005525
11.546427 0.005816
11.552533 0.005525
11.552667 0.005816
11.554747 -0.000000
11.556827 0.000000
11.558773 0.006255
11.558907 0.006623
11.560853 0.006255
11.560987 0.006623
11.562933 0.006255
11.565013 -0.000000
11.567093 0.000000
11.583867 0.005926
11.585947 -0.000000
11.589973 0.005926
11.590107 0.006255
11.592053 0.005926
11.596213 -0.002080
11.596347 0.005816
11.602453 0.005525
11.602587 0.005816
11.608693 0.005525
11.615067 0.005816
11.617147 0.000000
11.619227 -0.000000
11.621173 0.006255
11.621307 0.006623
11.623253 0.006255
11.623387 0.006623
11.625333 0.006255
11.627413 -0.000000
11.629493 0.000000
11.646267 0.005926
11.650427 -0.000000
11.652373 0.005926
11.656533 -0.002080
11.656667 0.005816
11.662773 0.005525
11.662907 0.005816
11.669013 0.005525
11.669147 0.005816
11.675253 0.005525
11.677467 0.005816
11.679547 0.000000
11.681627 -0.000000
11.683573 0.006255
11.683707 0.006623
11.685653 0.006255
11.685787 0.006623
11.687733 0.006255
11.689813 0.000000
11.691893 -0.000000
11.708667 0.005926
11.710747 0.000000
11.712827 -0.000000
11.714773 0.006255
11.716853 0.004160
11.718933 0.004160
11.719067 0.006364
11.725173 0.006045
11.725307 0.006364
11.731413 0.006045
11.739867 0.006364
11.741947 0.000000
11.744027 -0.000000
11.745973 0.006255
11.746107 0.006623
11.748053 0.006255
11.748187 0.006623
11.750133 0.006255
11.752213 0.000000
11.754293 -0.000000
11.771067 0.005926
11.773147 0.000000
11.777173 0.005926
11.779253 -0.000000
11.779387 0.005926
11.785493 0.005525
11.785627 0.005816
11.791733 0.005525
11.791867 0.005816
11.797973 0.005525
11.802267 0.005816
11.804347 0.000000
11.806427 0.000000
11.808373 0.006255
11.808507 0.006623
11.810453 0.006255
11.810587 0.006623
11.812533 0.006255
11.814613 0.000000
11.816693 0.000000
11.833467 0.005926
11.839573 0.005629
11.839707 0.005926
11.845813 0.005525
11.845947 0.005816
11.852053 0.005525
11.852187 0.005816
11.858293 0.005525
11.858427 0.005816
11.864533 0.005525
11.864667 0.005816
11.866747 0.000000
11.868827 0.000000
11.870773 0.006370
11.870907 0.006745
11.872853 0.006370
11.872987 0.006745
11.874933 0.006370
11.877013 0.000000
11.879093 0.000000
11.895867 0.006035
11.897947 0.000000
11.901973 0.006035
11.902107 0.006370
11.904053 0.006035
11.908213 -0.002080
11.908347 0.005926
11.914453 0.005629
11.914587 0.005926
11.920693 0.005629
11.927067 0.005926
11.929147 -0.000000
11.931227 0.000000
11.933173 0.006370
11.933307 0.006745
11.935253 0.006370
11.935387 0.006745
11.937333 0.006370
11.939413 0.000000
11.941493 0.000000
11.958267 0.006035
11.962427 0.000000
11.964373 0.006035
11.968533 -0.002080
11.968667 0.005926
11.974773 0.005629
11.974907 0.005926
11.981013 0.005629
11.981147 0.005926
11.987253 0.005629
11.991547 0.005926
11.993627 0.000000
11.995707 0.000000
11.997653 0.006255
11.997787 0.006623
11.999733 0.006255
11.999867 0.006623
12.022747 0.000000
12.024827 0.000000
12.026907 0.000000
12.033147 0.000000
12.039387 0.000000
12.053947 -0.000000
12.056027 0.000000
12.058107 0.000000
12.060187 -0.000000
12.062267 0.000000
12.085147 0.000000
12.087227 -0.000000
12.093467 0.000000
12.099707 0.000000
12.105947 0.000000
12.116347 0.000000
12.118427 -0.000000
