0.100000	0.000000
0.112560	0.008347
0.112560	0.004160
0.133467	-0.004267
0.133467	0.004160
0.137627	0.002080
0.137627	0.006240
0.154267	-0.008320
0.154267	0.006240
0.158427	0.002080
0.158427	0.006240
0.164667	0.002080
0.164667	0.008320
0.170907	-0.002080
0.170907	0.004160
0.179227	-0.002080
0.179227	0.008320
0.185467	0.002080
0.185467	0.004160
0.191707	-0.002080
0.191707	0.006240
0.197947	-0.000000
0.197947	0.006240
0.206267	-0.002080
0.206267	0.006240
0.214587	0.006240
0.214587	0.004160
0.218747	0.000000
0.218747	0.004160
0.222907	0.000000
0.222907	0.014560
0.229147	-0.002080
0.229147	0.004160
0.237467	-0.004160
0.237467	0.004160
0.245787	0.006240
0.245787	0.004160
0.249947	0.000000
0.249947	0.004160
0.254107	0.000000
0.260347	0.008320
0.266587	-0.002080
0.272827	-0.002080
0.279067	-0.002080
0.285307	-0.002080
0.299867	0.000000
0.304027	0.000000
0.308187	0.000000
0.312347	0.000000
0.316507	0.000000
0.331067	0.000000
0.335227	0.000000
0.339387	0.000000
0.343547	0.000000
0.347707	0.000000
0.362267	0.000000
0.366427	0.000000
0.370587	0.000000
0.374747	0.000000
0.378907	0.000000
0.393467	0.000000
0.397627	-0.000000
0.401787	0.000000
0.405947	-0.000000
0.410107	0.000000
0.424667	0.000000
0.428827	-0.000000
0.432987	0.000000
0.437147	-0.000000
0.441307	0.000000
0.455867	-0.008320
0.460027	0.002080
0.464187	0.002080
0.468347	0.002080
0.472507	0.002080
0.487067	0.000000
0.491227	-0.000000
0.495387	0.000000
0.499547	-0.000000
0.503707	0.000000
0.518267	0.000000
0.522427	0.000000
0.526587	0.000000
0.530747	0.000000
0.534907	0.000000
0.549467	0.000000
0.553627	0.000000
0.557787	0.000000
0.561947	0.000000
0.566107	0.000000
0.572347	0.000000
0.578587	0.000000
0.584827	0.000000
0.591067	0.000000
0.597307	0.000000
0.611867	0.002080
0.616027	0.000000
0.620187	0.000000
0.624347	0.000000
0.628507	0.000000
0.643067	0.000000
0.647227	0.000000
0.651387	0.000000
0.655547	0.000000
0.659707	0.000000
0.674267	0.000000
0.678427	-0.000000
0.682587	0.000000
0.686747	0.000000
0.690907	0.000000
0.697147	0.002080
0.703387	0.000000
0.709627	-0.000000
0.715867	0.000000
0.722107	-0.002080
0.738747	-0.002080
0.742907	0.000000
0.747067	0.000000
0.751227	0.000000
0.755387	0.000000
0.769947	-0.008320
0.774107	0.002080
0.778267	0.002080
0.782427	0.002080
0.786587	0.002080
0.801147	0.000000
0.805307	0.000000
0.809467	0.000000
0.813627	0.000000
0.817787	0.000000
0.826107	0.000000
0.832347	0.000000
0.838587	0.000000
0.844827	0.000000
0.848987	0.000000
0.863547	0.000000
0.867707	0.000000
0.871867	0.000000
0.876027	0.000000
0.880187	0.000000
0.886427	0.000000
0.892667	0.000000
0.898907	-0.000000
0.905147	0.000000
0.911387	0.000000
0.925947	0.000000
0.930107	-0.000000
0.934267	0.000000
0.938427	-0.000000
0.942587	0.000000
0.950907	0.002080
0.957147	0.000000
0.963387	0.000000
0.969627	-0.002080
0.973787	0.000000
0.988347	0.000000
0.992507	-0.000000
0.996667	0.000000
1.000827	0.000000
1.004987	0.000000
1.011227	0.002080
1.017467	0.000000
1.023707	0.000000
1.029947	0.000000
1.036187	-0.002080
1.050747	0.000000
1.054907	0.000000
1.059067	0.000000
1.063227	0.000000
1.067387	0.000000
1.077787	-0.004160
1.084027	-0.000000
1.090267	0.000000
1.094427	0.002080
1.098587	0.002080
1.113147	0.000000
1.117307	0.000000
1.121467	0.000000
1.125627	0.000000
1.129787	0.000000
1.138107	0.000000
1.144347	0.000000
1.150587	0.000000
1.156827	0.000000
1.160987	0.000000
1.175547	0.000000
1.179707	0.000000
1.183867	0.000000
1.188027	0.000000
1.192187	0.000000
1.198427	0.000000
1.204667	0.000000
1.210907	0.000000
1.217147	0.000000
1.223387	0.000000
1.237947	0.002080
1.242107	-0.000000
1.246267	0.000000
1.250427	0.000000
1.254587	0.000000
1.262907	0.002080
1.269147	0.000000
1.275387	0.000000
1.281627	-0.002080
1.285787	0.000000
1.300347	0.000000
1.304507	-0.000000
1.308667	0.000000
1.312827	0.000000
1.316987	0.000000
1.323227	0.002080
1.329467	-0.000000
1.335707	0.000000
1.341947	0.000000
1.348187	-0.002080
1.364827	-0.002080
1.368987	0.000000
1.373147	0.000000
1.377307	0.000000
1.381467	0.000000
1.391867	-0.004160
1.398107	0.000000
1.404347	0.000000
1.408507	0.002080
1.412667	0.002080
1.427227	0.000000
1.431387	0.000000
1.435547	0.000000
1.439707	0.000000
1.443867	0.000000
1.452187	0.000000
1.458427	0.000000
1.464667	0.000000
1.470907	0.000000
1.475067	0.000000
1.489627	0.000000
1.493787	0.000000
1.497947	0.000000
1.502107	0.000000
1.506267	0.000000
1.512507	0.000000
1.518747	0.000000
1.524987	0.000000
1.531227	0.000000
1.537467	0.000000
1.552027	0.000000
1.556187	0.000000
1.560347	0.000000
1.564507	0.000000
1.568667	0.000000
1.576987	0.002080
1.583227	0.000000
1.589467	0.000000
1.595707	-0.002080
1.599867	0.000000
1.614427	0.000000
1.618587	0.000000
1.622747	0.000000
1.626907	0.000000
1.631067	0.000000
1.637307	0.002080
1.643547	0.000000
1.649787	0.000000
1.656027	0.000000
1.662267	-0.002080
1.676827	0.000000
1.680987	0.000000
1.685147	0.000000
1.689307	0.000000
1.693467	0.000000
1.703867	-0.004160
1.710107	0.000000
1.716347	-0.000000
1.720507	0.002080
1.724667	0.002080
1.739227	0.000000
1.743387	0.000000
1.747547	0.000000
1.751707	0.000000
1.755867	0.000000
1.764187	0.000000
1.770427	0.000000
1.776667	0.000000
1.782907	0.000000
1.787067	0.000000
1.801627	0.000000
1.805787	0.000000
1.809947	0.000000
1.814107	0.000000
1.818267	0.000000
1.824507	0.000000
1.830747	0.000000
1.836987	0.000000
1.843227	0.000000
1.849467	0.000000
1.864027	0.002080
1.868187	0.000000
1.872347	0.000000
1.876507	0.000000
1.880667	0.000000
1.888987	0.002080
1.895227	0.000000
1.901467	0.000000
1.907707	-0.002080
1.911867	-0.000000
1.926427	0.000000
1.930587	-0.000000
1.934747	0.000000
1.938907	-0.000000
1.943067	0.000000
1.949307	0.002080
1.955547	0.000000
1.961787	0.000000
1.968027	0.000000
1.974267	-0.002080
1.990907	-0.002080
1.995067	0.000000
1.999227	-0.000000
2.003387	0.000000
2.007547	0.000000
2.017947	-0.004160
2.024187	-0.000000
2.030427	0.000000
2.034587	0.002080
2.038747	0.002080
2.053307	0.000000
2.057467	0.000000
2.061627	0.000000
2.065787	0.000000
2.069947	0.000000
2.078267	0.000000
2.084507	0.000000
2.090747	0.000000
2.096987	0.000000
2.101147	0.000000
2.115707	0.000000
2.119867	0.000000
2.124027	0.000000
2.128187	0.000000
2.132347	0.000000
2.138587	0.000000
2.144827	0.000000
2.151067	0.000000
2.157307	0.000000
2.163547	0.000000
2.178107	0.000000
2.182267	0.000000
2.186427	0.000000
2.190587	0.000000
2.194747	0.000000
2.203067	0.002080
2.209307	0.000000
2.215547	-0.000000
2.221787	-0.002080
2.225947	0.000000
2.240507	0.000000
2.244667	0.000000
2.248827	0.000000
2.252987	0.000000
2.257147	0.000000
2.263387	0.002080
2.269627	0.000000
2.275867	0.000000
2.282107	0.000000
2.288347	-0.002080
2.302907	0.000000
2.307067	0.000000
2.311227	0.000000
2.315387	0.000000
2.319547	0.000000
2.329947	-0.004160
2.336187	0.000000
2.342427	0.000000
2.346587	0.002080
2.350747	0.002080
2.365307	0.000000
2.369467	0.000000
2.373627	0.000000
2.377787	0.000000
2.381947	0.000000
2.390267	0.000000
2.396507	0.000000
2.402747	0.000000
2.408987	0.000000
2.413147	0.000000
2.427707	0.000000
2.431867	0.000000
2.436027	0.000000
2.440187	0.000000
2.444347	0.000000
2.450587	0.000000
2.456827	0.000000
2.463067	0.000000
2.469307	0.000000
2.475547	0.000000
2.490107	0.002080
2.494267	0.000000
2.498427	-0.000000
2.502587	0.000000
2.506747	0.000000
2.515067	0.002080
2.521307	0.000000
2.527547	0.000000
2.533787	-0.002080
2.537947	-0.000000
2.552507	0.000000
2.556667	-0.000000
2.560827	0.000000
2.564987	0.000000
2.569147	-0.000000
2.575387	0.002080
2.581627	0.000000
2.587867	0.000000
2.594107	0.000000
2.600347	-0.002080
2.616987	-0.002080
2.621147	0.000000
2.625307	0.000000
2.629467	0.000000
2.633627	0.000000
2.644027	-0.004160
2.650267	0.000000
2.656507	-0.000000
2.660667	0.002080
2.664827	0.002080
2.679387	0.000000
2.683547	0.000000
2.687707	0.000000
2.691867	0.000000
2.696027	0.000000
2.704347	0.000000
2.710587	0.000000
2.716827	0.000000
2.723067	0.000000
2.727227	0.000000
2.741787	0.000000
2.745947	0.000000
2.750107	0.000000
2.754267	0.000000
2.758427	0.000000
2.764667	0.000000
2.770907	0.000000
2.777147	0.000000
2.783387	0.000000
2.789627	0.000000
2.804187	0.000000
2.808347	0.000000
2.812507	0.000000
2.816667	0.000000
2.820827	0.000000
2.829147	0.002080
2.835387	0.000000
2.841627	0.000000
2.847867	-0.002080
2.852027	0.000000
2.866587	0.000000
2.870747	0.000000
2.874907	0.000000
2.879067	0.000000
2.883227	0.000000
2.889467	0.002080
2.895707	0.000000
2.901947	0.000000
2.908187	0.000000
2.914427	-0.002080
2.928987	0.000000
2.933147	0.000000
2.937307	0.000000
2.941467	0.000000
2.945627	0.000000
2.956027	-0.004160
2.962267	0.000000
2.968507	0.000000
2.972667	0.002080
2.976827	0.002080
2.991387	0.000000
2.995547	0.000000
2.999707	0.000000
3.003867	0.000000
3.008027	0.000000
3.016347	0.000000
3.022587	0.000000
3.028827	0.000000
3.035067	0.000000
3.039227	0.000000
3.053787	0.000000
3.057947	0.000000
3.062107	0.000000
3.066267	0.000000
3.070427	0.000000
3.076667	0.000000
3.082907	0.000000
3.089147	0.000000
3.095387	0.000000
3.101627	0.000000
3.116187	0.002080
3.120347	0.000000
3.124507	0.000000
3.128667	0.000000
3.132827	0.000000
3.141147	0.002080
3.147387	0.000000
3.153627	0.000000
3.159867	-0.002080
3.164027	0.000000
3.178587	0.000000
3.182747	-0.000000
3.186907	0.000000
3.191067	0.000000
3.195227	-0.000000
3.201467	0.002080
3.207707	0.000000
3.213947	0.000000
3.220187	0.000000
3.226427	-0.002080
3.243067	-0.002080
3.247227	0.000000
3.251387	0.000000
3.255547	0.000000
3.259707	0.000000
3.270107	-0.004160
3.276347	0.000000
3.282587	0.000000
3.286747	0.002080
3.290907	0.002080
3.305467	0.000000
3.309627	0.000000
3.313787	0.000000
3.317947	0.000000
3.322107	0.000000
3.330427	0.000000
3.336667	0.000000
3.342907	0.000000
3.349147	0.000000
3.353307	0.000000
3.367867	0.000000
3.372027	0.000000
3.376187	0.000000
3.380347	0.000000
3.384507	0.000000
3.390747	0.000000
3.396987	0.000000
3.403227	0.000000
3.409467	0.000000
3.415707	0.000000
3.430267	0.000000
3.434427	0.000000
3.438587	0.000000
3.442747	0.000000
3.446907	0.000000
3.455227	0.002080
3.461467	0.000000
3.467707	0.000000
3.473947	-0.002080
3.478107	0.000000
3.492667	0.000000
3.496827	0.000000
3.500987	0.000000
3.505147	0.000000
3.509307	0.000000
3.515547	0.002080
3.521787	0.000000
3.528027	0.000000
3.534267	0.000000
3.540507	-0.002080
3.555067	0.000000
3.559227	0.000000
3.563387	0.000000
3.567547	0.000000
3.571707	0.000000
3.582107	-0.004160
3.588347	0.000000
3.594587	0.000000
3.598747	0.002080
3.602907	0.002080
3.617467	0.000000
3.621627	0.000000
3.625787	0.000000
3.629947	0.000000
3.634107	0.000000
3.642427	0.000000
3.648667	0.000000
3.654907	0.000000
3.661147	0.000000
3.665307	0.000000
3.679867	0.000000
3.684027	0.000000
3.688187	0.000000
3.692347	0.000000
3.696507	0.000000
3.702747	0.000000
3.708987	0.000000
3.715227	0.000000
3.721467	0.000000
3.727707	0.000000
3.742267	0.002080
3.746427	0.000000
3.750587	0.000000
3.754747	-0.000000
3.758907	0.000000
3.767227	0.002080
3.773467	0.000000
3.779707	0.000000
3.785947	-0.002080
3.790107	0.000000
3.804667	0.000000
3.808827	-0.000000
3.812987	0.000000
3.817147	0.000000
3.821307	-0.000000
3.827547	0.002080
3.833787	0.000000
3.840027	-0.000000
3.846267	0.000000
3.852507	-0.002080
3.869147	-0.002080
3.873307	0.000000
3.877467	0.000000
3.881627	0.000000
3.885787	-0.000000
3.896187	-0.004160
3.902427	0.000000
3.908667	0.000000
3.912827	0.002080
3.916987	0.002080
3.931547	-0.000000
3.935707	0.000000
3.939867	-0.000000
3.944027	-0.000000
3.948187	0.000000
3.956507	-0.000000
3.962747	0.000000
3.968987	0.000000
3.975227	0.000000
3.979387	-0.000000
3.993947	0.000000
3.998107	-0.000000
4.002267	0.000000
4.006427	-0.000000
4.010587	0.000000
4.016827	0.000000
4.023067	0.000000
4.029307	0.000000
4.035547	0.000000
4.041787	0.000000
4.056347	0.000000
4.060507	-0.000000
4.064667	0.000000
4.068827	0.000000
4.072987	-0.000000
4.081307	0.002080
4.087547	0.000000
4.093787	0.000000
4.100027	-0.002080
4.104187	0.000000
4.118747	0.000000
4.122907	0.000000
4.127067	-0.000000
4.131227	0.000000
4.135387	0.000000
4.141627	0.002080
4.147867	0.000000
4.154107	0.000000
4.160347	0.000000
4.166587	-0.002080
4.181147	-0.000000
4.185307	0.000000
4.189467	0.000000
4.193627	-0.000000
4.197787	0.000000
4.208187	-0.004160
4.214427	0.000000
4.220667	-0.000000
4.224827	0.002080
4.228987	0.002080
4.243547	0.000000
4.247707	0.000000
4.251867	0.000000
4.256027	0.000000
4.260187	-0.000000
4.268507	0.000000
4.274747	0.000000
4.280987	0.000000
4.287227	0.000000
4.291387	-0.000000
4.305947	0.000000
4.310107	-0.000000
4.314267	0.000000
4.318427	0.000000
4.322587	-0.000000
4.328827	0.000000
4.335067	0.000000
4.341307	0.000000
4.347547	0.000000
4.353787	0.000000
4.368347	0.002080
4.372507	0.000000
4.376667	0.000000
4.380827	0.000000
4.384987	0.000000
4.393307	0.002080
4.399547	0.000000
4.405787	0.000000
4.412027	-0.002080
4.416187	0.000000
4.430747	0.000000
4.434907	0.000000
4.439067	0.000000
4.443227	-0.000000
4.447387	0.000000
4.453627	0.002080
4.459867	0.000000
4.466107	0.000000
4.472347	0.000000
4.478587	-0.002080
4.495227	-0.002080
4.499387	0.000000
4.503547	-0.000000
4.507707	0.000000
4.511867	0.000000
4.522267	-0.004160
4.528507	0.000000
4.534747	0.000000
4.538907	0.002080
4.543067	0.002080
4.557627	-0.000000
4.561787	0.000000
4.565947	-0.000000
4.570107	0.000000
4.574267	0.000000
4.582587	-0.000000
4.588827	0.000000
4.595067	0.000000
4.601307	0.000000
4.605467	0.000000
4.620027	-0.000000
4.624187	0.000000
4.628347	0.000000
4.632507	-0.000000
4.636667	0.000000
4.642907	0.000000
4.649147	0.000000
4.655387	0.000000
4.661627	0.000000
4.667867	0.000000
4.682427	0.000000
4.686587	-0.000000
4.690747	0.000000
4.694907	0.000000
4.699067	-0.000000
4.707387	0.002080
4.713627	0.000000
4.719867	0.000000
4.726107	-0.002080
4.730267	-0.000000
4.744827	0.000000
4.748987	0.000000
4.753147	-0.000000
4.757307	0.000000
4.761467	0.000000
4.767707	0.002080
4.773947	-0.000000
4.780187	0.000000
4.786427	0.000000
4.792667	-0.002080
4.807227	-0.000000
4.811387	0.000000
4.815547	0.000000
4.819707	-0.000000
4.823867	0.000000
4.834267	-0.004160
4.840507	0.000000
4.846747	0.000000
4.850907	0.002080
4.855067	0.002080
4.869627	0.000000
4.873787	0.000000
4.877947	0.000000
4.882107	-0.000000
4.886267	0.000000
4.894587	0.000000
4.900827	0.000000
4.907067	0.000000
4.913307	0.000000
4.917467	-0.000000
4.932027	0.000000
4.936187	-0.000000
4.940347	0.000000
4.944507	0.000000
4.948667	-0.000000
4.954907	0.000000
4.961147	0.000000
4.967387	0.000000
4.973627	0.000000
4.979867	0.000000
4.994427	0.002080
4.998587	0.000000
5.002747	-0.000000
5.006907	0.000000
5.011067	0.000000
5.019387	0.002080
5.025627	0.000000
5.031867	0.000000
5.038107	-0.002080
5.042267	0.000000
5.056827	0.000000
5.060987	0.000000
5.065147	0.000000
5.069307	-0.000000
5.073467	0.000000
5.079707	0.002080
5.085947	0.000000
5.092187	0.000000
5.098427	0.000000
5.104667	-0.002080
5.121307	-0.002080
5.125467	-0.000000
5.129627	0.000000
5.133787	0.000000
5.137947	0.000000
5.148347	-0.004160
5.154587	0.000000
5.160827	0.000000
5.164987	0.002080
5.169147	0.002080
5.183707	-0.000000
5.187867	0.000000
5.192027	-0.000000
5.196187	0.000000
5.200347	0.000000
5.208667	-0.000000
5.214907	0.000000
5.221147	0.000000
5.227387	0.000000
5.231547	0.000000
5.246107	-0.000000
5.250267	0.000000
5.254427	0.000000
5.258587	-0.000000
5.262747	0.000000
5.268987	0.000000
5.275227	0.000000
5.281467	0.000000
5.287707	0.000000
5.293947	0.000000
5.308507	0.000000
5.312667	-0.000000
5.316827	0.000000
5.320987	0.000000
5.325147	-0.000000
5.333467	0.002080
5.339707	0.000000
5.345947	0.000000
5.352187	-0.002080
5.356347	-0.000000
5.370907	0.000000
5.375067	0.000000
5.379227	-0.000000
5.383387	0.000000
5.387547	0.000000
5.393787	0.002080
5.400027	0.000000
5.406267	-0.000000
5.412507	0.000000
5.418747	-0.002080
5.433307	-0.000000
5.437467	0.000000
5.441627	-0.000000
5.445787	0.000000
5.449947	0.000000
5.460347	-0.004160
5.466587	0.000000
5.472827	0.000000
5.476987	0.002080
5.481147	0.002080
5.495707	-0.000000
5.499867	0.000000
5.504027	0.000000
5.508187	-0.000000
5.512347	0.000000
5.520667	0.000000
5.526907	0.000000
5.533147	0.000000
5.539387	0.000000
5.543547	-0.000000
5.558107	0.000000
5.562267	-0.000000
5.566427	0.000000
5.570587	0.000000
5.574747	-0.000000
5.580987	0.000000
5.587227	0.000000
5.593467	0.000000
5.599707	0.000000
5.605947	0.000000
5.620507	0.002080
5.624667	0.000000
5.628827	-0.000000
5.632987	0.000000
5.637147	0.000000
5.645467	0.002080
5.651707	0.000000
5.657947	0.000000
5.664187	-0.002080
5.668347	0.000000
5.682907	0.000000
5.687067	0.000000
5.691227	0.000000
5.695387	-0.000000
5.699547	0.000000
5.705787	0.002080
5.712027	0.000000
5.718267	0.000000
5.724507	0.000000
5.730747	-0.002080
5.747387	-0.002080
5.751547	-0.000000
5.755707	0.000000
5.759867	0.000000
5.764027	0.000000
5.774427	-0.004160
5.780667	0.000000
5.786907	0.000000
5.791067	0.002080
5.795227	0.002080
5.809787	-0.000000
5.813947	0.000000
5.818107	-0.000000
5.822267	0.000000
5.826427	0.000000
5.834747	-0.000000
5.840987	0.000000
5.847227	0.000000
5.853467	0.000000
5.857627	0.000000
5.872187	-0.000000
5.876347	0.000000
5.880507	0.000000
5.884667	-0.000000
5.888827	0.000000
5.895067	0.000000
5.901307	0.000000
5.907547	0.000000
5.913787	0.000000
5.920027	0.000000
5.934587	0.000000
5.938747	-0.000000
5.942907	0.000000
5.947067	0.000000
5.951227	-0.000000
5.959547	0.002080
5.965787	0.000000
5.972027	0.000000
5.978267	-0.002080
5.982427	-0.000000
5.996987	0.000000
6.001147	0.000000
6.005307	-0.000000
6.009467	0.000000
6.013627	0.000000
6.019867	0.002080
6.026107	0.000000
6.032347	0.000000
6.038587	-0.000000
6.044827	-0.002080
6.059387	-0.000000
6.063547	0.000000
6.067707	-0.000000
6.071867	0.000000
6.076027	0.000000
6.086427	-0.004160
6.092667	0.000000
6.098907	0.000000
6.103067	0.002080
6.107227	0.002080
6.121787	-0.000000
6.125947	0.000000
6.130107	0.000000
6.134267	-0.000000
6.138427	0.000000
6.146747	0.000000
6.152987	0.000000
6.159227	0.000000
6.165467	0.000000
6.169627	-0.000000
6.184187	0.000000
6.188347	-0.000000
6.192507	0.000000
6.196667	0.000000
6.200827	-0.000000
6.207067	0.000000
6.213307	0.000000
6.219547	0.000000
6.225787	0.000000
6.232027	0.000000
6.246587	0.002080
6.250747	0.000000
6.254907	-0.000000
6.259067	0.000000
6.263227	0.000000
6.271547	0.002080
6.277787	0.000000
6.284027	0.000000
6.290267	-0.002080
6.294427	0.000000
6.308987	0.000000
6.313147	0.000000
6.317307	0.000000
6.321467	-0.000000
6.325627	0.000000
6.331867	0.002080
6.338107	0.000000
6.344347	0.000000
6.350587	0.000000
6.356827	-0.002080
6.373467	-0.002080
6.377627	-0.000000
6.381787	0.000000
6.385947	0.000000
6.390107	-0.000000
6.400507	-0.004160
6.406747	0.000000
6.412987	0.000000
6.417147	0.002080
6.421307	0.002080
6.435867	-0.000000
6.440027	0.000000
6.444187	-0.000000
6.448347	0.000000
6.452507	0.000000
6.460827	-0.000000
6.467067	0.000000
6.473307	0.000000
6.479547	0.000000
6.483707	0.000000
6.498267	-0.000000
6.502427	0.000000
6.506587	0.000000
6.510747	-0.000000
6.514907	0.000000
6.521147	0.000000
6.527387	0.000000
6.533627	0.000000
6.539867	0.000000
6.546107	0.000000
6.560667	0.000000
6.564827	-0.000000
6.568987	0.000000
6.573147	0.000000
6.577307	-0.000000
6.585627	0.002080
6.591867	-0.000000
6.598107	0.000000
6.604347	-0.002080
6.608507	-0.000000
6.623067	0.000000
6.627227	-0.000000
6.631387	0.000000
6.635547	0.000000
6.639707	0.000000
6.645947	0.002080
6.652187	0.000000
6.658427	0.000000
6.664667	0.000000
6.670907	-0.002080
6.685467	-0.000000
6.689627	0.000000
6.693787	-0.000000
6.697947	0.000000
6.702107	0.000000
6.712507	-0.004160
6.718747	0.000000
6.724987	0.000000
6.729147	0.002080
6.733307	0.002080
6.747867	-0.000000
6.752027	0.000000
6.756187	0.000000
6.760347	-0.000000
6.764507	0.000000
6.772827	0.000000
6.779067	0.000000
6.785307	0.000000
6.791547	0.000000
6.795707	-0.000000
6.810267	0.000000
6.814427	-0.000000
6.818587	0.000000
6.822747	0.000000
6.826907	-0.000000
6.833147	0.000000
6.839387	0.000000
6.845627	0.000000
6.851867	0.000000
6.858107	0.000000
6.872667	0.002080
6.876827	0.000000
6.880987	-0.000000
6.885147	0.000000
6.889307	0.000000
6.897627	0.002080
6.903867	0.000000
6.910107	0.000000
6.916347	-0.002080
6.920507	0.000000
6.935067	0.000000
6.939227	0.000000
6.943387	0.000000
6.947547	0.000000
6.951707	0.000000
6.957947	0.002080
6.964187	0.000000
6.970427	0.000000
6.976667	0.000000
6.982907	-0.002080
6.999547	-0.002080
7.003707	-0.000000
7.007867	0.000000
7.012027	0.000000
7.016187	-0.000000
7.026587	-0.004160
7.032827	0.000000
7.039067	0.000000
7.043227	0.002080
7.047387	0.002080
7.061947	0.000000
7.066107	0.000000
7.070267	-0.000000
7.074427	0.000000
7.078587	0.000000
7.086907	-0.000000
7.093147	0.000000
7.099387	0.000000
7.105627	0.000000
7.109787	0.000000
7.124347	-0.000000
7.128507	0.000000
7.132667	0.000000
7.136827	-0.000000
7.140987	0.000000
7.147227	0.000000
7.153467	-0.000000
7.159707	0.000000
7.165947	0.000000
7.172187	0.000000
7.186747	0.000000
7.190907	0.000000
7.195067	0.000000
7.199227	0.000000
7.203387	-0.000000
7.211707	0.002080
7.217947	0.000000
7.224187	0.000000
7.230427	-0.002080
7.234587	-0.000000
7.249147	0.000000
7.253307	-0.000000
7.257467	0.000000
7.261627	0.000000
7.265787	-0.000000
7.272027	0.002080
7.278267	0.000000
7.284507	0.000000
7.290747	0.000000
7.296987	-0.002080
7.311547	-0.000000
7.315707	0.000000
7.319867	-0.000000
7.324027	0.000000
7.328187	0.000000
7.338587	-0.004160
7.344827	0.000000
7.351067	0.000000
7.355227	0.002080
7.359387	0.002080
7.373947	-0.000000
7.378107	0.000000
7.382267	0.000000
7.386427	-0.000000
7.390587	0.000000
7.398907	0.000000
7.405147	0.000000
7.411387	0.000000
7.417627	0.000000
7.421787	0.000000
7.436347	0.000000
7.440507	-0.000000
7.444667	0.000000
7.448827	0.000000
7.452987	-0.000000
7.459227	0.000000
7.465467	0.000000
7.471707	0.000000
7.477947	0.000000
7.484187	0.000000
7.498747	0.002080
7.502907	0.000000
7.507067	0.000000
7.511227	0.000000
7.515387	0.000000
7.523707	0.002080
7.529947	0.000000
7.536187	0.000000
7.542427	-0.002080
7.546587	0.000000
7.561147	0.000000
7.565307	0.000000
7.569467	0.000000
7.573627	0.000000
7.577787	0.000000
7.584027	0.002080
7.590267	0.000000
7.596507	0.000000
7.602747	0.000000
7.608987	-0.002080
7.625627	-0.002080
7.629787	-0.000000
7.633947	0.000000
7.638107	0.000000
7.642267	-0.000000
7.652667	-0.004160
7.658907	0.000000
7.665147	0.000000
7.669307	0.002080
7.673467	0.002080
7.688027	0.000000
7.692187	0.000000
7.696347	-0.000000
7.700507	0.000000
7.704667	0.000000
7.712987	-0.000000
7.719227	0.000000
7.725467	0.000000
7.731707	0.000000
7.735867	0.000000
7.750427	-0.000000
7.754587	0.000000
7.758747	0.000000
7.762907	-0.000000
7.767067	0.000000
7.773307	0.000000
7.779547	0.000000
7.785787	-0.000000
7.792027	0.000000
7.798267	0.000000
7.812827	0.000000
7.816987	0.000000
7.821147	0.000000
7.825307	0.000000
7.829467	-0.000000
7.837787	0.002080
7.844027	0.000000
7.850267	0.000000
7.856507	-0.002080
7.860667	-0.000000
7.875227	0.000000
7.879387	-0.000000
7.883547	0.000000
7.887707	-0.000000
7.891867	0.000000
7.898107	0.002080
7.904347	0.000000
7.910587	0.000000
7.916827	0.000000
7.923067	-0.002080
7.937627	-0.000000
7.941787	0.000000
7.945947	0.000000
7.950107	-0.000000
7.954267	0.000000
7.964667	-0.004160
7.970907	0.000000
7.977147	0.000000
7.981307	0.002080
7.985467	0.002080
8.000027	0.000000
8.004187	0.000000
8.008347	-0.000000
8.012507	0.000000
8.016667	0.000000
8.024987	0.000000
8.031227	0.000000
8.037467	0.000000
8.043707	0.000000
8.047867	0.000000
8.062427	0.000000
8.066587	0.000000
8.070747	-0.000000
8.074907	0.000000
8.079067	0.000000
8.085307	0.000000
8.091547	0.000000
8.097787	0.000000
8.104027	0.000000
8.110267	0.000000
8.124827	0.002080
8.128987	0.000000
8.133147	0.000000
8.137307	-0.000000
8.141467	0.000000
8.149787	0.002080
8.156027	0.000000
8.162267	0.000000
8.168507	-0.002080
8.172667	0.000000
8.187227	0.000000
8.191387	0.000000
8.195547	0.000000
8.199707	0.000000
8.203867	0.000000
8.210107	0.002080
8.216347	0.000000
8.222587	0.000000
8.228827	0.000000
8.235067	-0.002080
8.251707	-0.002080
8.255867	0.000000
8.260027	0.000000
8.264187	0.000000
8.268347	0.000000
8.278747	-0.004160
8.284987	0.000000
8.291227	0.000000
8.295387	0.002080
8.299547	0.002080
8.314107	0.000000
8.318267	-0.000000
8.322427	0.000000
8.326587	0.000000
8.330747	-0.000000
8.339067	0.000000
8.345307	0.000000
8.351547	0.000000
8.357787	0.000000
8.361947	-0.000000
8.376507	0.000000
8.380667	-0.000000
8.384827	0.000000
8.388987	0.000000
8.393147	-0.000000
8.399387	0.000000
8.405627	0.000000
8.411867	0.000000
8.418107	0.000000
8.424347	0.000000
8.438907	0.000000
8.443067	0.000000
8.447227	0.000000
8.451387	0.000000
8.455547	0.000000
8.463867	0.002080
8.470107	0.000000
8.476347	0.000000
8.482587	-0.002080
8.486747	0.000000
8.501307	-0.000000
8.505467	0.000000
8.509627	0.000000
8.513787	-0.000000
8.517947	0.000000
8.524187	0.002080
8.530427	0.000000
8.536667	0.000000
8.542907	0.000000
8.549147	-0.002080
8.563707	-0.000000
8.567867	0.000000
8.572027	0.000000
8.576187	0.000000
8.580347	0.000000
8.590747	-0.004160
8.596987	0.000000
8.603227	0.000000
8.607387	0.002080
8.611547	0.002080
8.626107	0.000000
8.630267	0.000000
8.634427	-0.000000
8.638587	0.000000
8.642747	0.000000
8.651067	0.000000
8.657307	0.000000
8.663547	0.000000
8.669787	0.000000
8.673947	0.000000
8.688507	0.000000
8.692667	0.000000
8.696827	-0.000000
8.700987	0.000000
8.705147	0.000000
8.711387	0.000000
8.717627	0.000000
8.723867	0.000000
8.730107	0.000000
8.736347	0.000000
8.750907	0.002080
8.755067	0.000000
8.759227	0.000000
8.763387	-0.000000
8.767547	0.000000
8.775867	0.002080
8.782107	0.000000
8.788347	0.000000
8.794587	-0.002080
8.798747	0.000000
8.813307	0.000000
8.817467	0.000000
8.821627	0.000000
8.825787	0.000000
8.829947	0.000000
8.836187	0.002080
8.842427	0.000000
8.848667	0.000000
8.854907	0.000000
8.861147	-0.002080
8.877787	-0.002080
8.881947	0.000000
8.886107	-0.000000
8.890267	0.000000
8.894427	0.000000
8.904827	-0.004160
8.911067	0.000000
8.917307	0.000000
8.921467	0.002080
8.925627	0.002080
8.940187	0.000000
8.944347	-0.000000
8.948507	0.000000
8.952667	0.000000
8.956827	-0.000000
8.965147	0.000000
8.971387	0.000000
8.977627	0.000000
8.983867	0.000000
8.988027	-0.000000
9.002587	0.000000
9.006747	-0.000000
9.010907	0.000000
9.015067	0.000000
9.019227	-0.000000
9.025467	0.000000
9.031707	0.000000
9.037947	0.000000
9.044187	0.000000
9.050427	0.000000
9.064987	0.000000
9.069147	0.000000
9.073307	0.000000
9.077467	0.000000
9.081627	0.000000
9.089947	0.002080
9.096187	0.000000
9.102427	0.000000
9.108667	-0.002080
9.112827	0.000000
9.127387	-0.000000
9.131547	0.000000
9.135707	0.000000
9.139867	-0.000000
9.144027	0.000000
9.150267	0.002080
9.156507	0.000000
9.162747	0.000000
9.168987	0.000000
9.175227	-0.002080
9.189787	-0.000000
9.193947	0.000000
9.198107	0.000000
9.202267	-0.000000
9.206427	0.000000
9.216827	-0.004160
9.223067	0.000000
9.229307	0.000000
9.233467	0.002080
9.237627	0.002080
9.252187	0.000000
9.256347	0.000000
9.260507	-0.000000
9.264667	0.000000
9.268827	0.000000
9.277147	0.000000
9.283387	0.000000
9.289627	0.000000
9.295867	0.000000
9.300027	0.000000
9.314587	0.000000
9.318747	0.000000
9.322907	-0.000000
9.327067	0.000000
9.331227	0.000000
9.337467	0.000000
9.343707	0.000000
9.349947	0.000000
9.356187	0.000000
9.362427	0.000000
9.376987	0.002080
9.381147	0.000000
9.385307	0.000000
9.389467	-0.000000
9.393627	0.000000
9.401947	0.002080
9.408187	-0.000000
9.414427	0.000000
9.420667	-0.002080
9.424827	0.000000
9.439387	0.000000
9.443547	0.000000
9.447707	0.000000
9.451867	0.000000
9.456027	0.000000
9.462267	0.002080
9.468507	0.000000
9.474747	0.000000
9.480987	0.000000
9.487227	-0.002080
9.503867	-0.002080
9.508027	0.000000
9.512187	-0.000000
9.516347	0.000000
9.520507	0.000000
9.530907	-0.004160
9.537147	0.000000
9.543387	0.000000
9.547547	0.002080
9.551707	0.002080
9.566267	0.000000
9.570427	-0.000000
9.574587	0.000000
9.578747	0.000000
9.582907	-0.000000
9.591227	0.000000
9.597467	0.000000
9.603707	0.000000
9.609947	0.000000
9.614107	-0.000000
9.628667	0.000000
9.632827	-0.000000
9.636987	0.000000
9.641147	0.000000
9.645307	-0.000000
9.651547	0.000000
9.657787	0.000000
9.664027	0.000000
9.670267	0.000000
9.676507	0.000000
9.691067	0.000000
9.695227	0.000000
9.699387	0.000000
9.703547	0.000000
9.707707	0.000000
9.716027	0.002080
9.722267	0.000000
9.728507	0.000000
9.734747	-0.002080
9.738907	0.000000
9.753467	-0.000000
9.757627	0.000000
9.761787	0.000000
9.765947	-0.000000
9.770107	0.000000
9.776347	0.002080
9.782587	0.000000
9.788827	0.000000
9.795067	0.000000
9.801307	-0.002080
9.815867	-0.000000
9.820027	0.000000
9.824187	0.000000
9.828347	-0.000000
9.832507	0.000000
9.842907	-0.004160
9.849147	0.000000
9.855387	0.000000
9.859547	0.002080
9.863707	0.002080
9.878267	0.000000
9.882427	0.000000
9.886587	-0.000000
9.890747	0.000000
9.894907	0.000000
9.903227	0.000000
9.909467	0.000000
9.915707	0.000000
9.921947	0.000000
9.926107	0.000000
9.940667	0.000000
9.944827	0.000000
9.948987	-0.000000
9.953147	0.000000
9.957307	0.000000
9.963547	0.000000
9.969787	0.000000
9.976027	0.000000
9.982267	0.000000
9.988507	0.000000
10.003067	0.002080
10.007227	0.000000
10.011387	0.000000
10.015547	-0.000000
10.019707	0.000000
10.028027	0.002080
10.034267	0.000000
10.040507	-0.000000
10.046747	-0.002080
10.050907	0.000000
10.065467	0.000000
10.069627	0.000000
10.073787	0.000000
10.077947	0.000000
10.082107	0.000000
10.088347	0.002080
10.094587	0.000000
10.100827	0.000000
10.107067	0.000000
10.113307	-0.002080
10.129947	-0.002080
10.134107	0.000000
10.138267	-0.000000
10.142427	0.000000
10.146587	0.000000
10.156987	-0.004160
10.163227	0.000000
10.169467	0.000000
10.173627	0.002080
10.177787	0.002080
10.192347	0.000000
10.196507	0.000000
10.200667	0.000000
10.204827	0.000000
10.208987	-0.000000
10.217307	0.000000
10.223547	0.000000
10.229787	0.000000
10.236027	0.000000
10.240187	-0.000000
10.254747	0.000000
10.258907	-0.000000
10.263067	0.000000
10.267227	0.000000
10.271387	-0.000000
10.277627	0.000000
10.283867	0.000000
10.290107	0.000000
10.296347	0.000000
10.302587	0.000000
10.317147	0.000000
10.321307	0.000000
10.325467	0.000000
10.329627	0.000000
10.333787	0.000000
10.342107	0.002080
10.348347	0.000000
10.354587	0.000000
10.360827	-0.002080
10.364987	0.000000
10.379547	-0.000000
10.383707	0.000000
10.387867	0.000000
10.392027	-0.000000
10.396187	0.000000
10.402427	0.002080
10.408667	0.000000
10.414907	0.000000
10.421147	0.000000
10.427387	-0.002080
10.441947	-0.000000
10.446107	0.000000
10.450267	0.000000
10.454427	-0.000000
10.458587	0.000000
10.468987	-0.004160
10.475227	0.000000
10.481467	0.000000
10.485627	0.002080
10.489787	0.002080
10.504347	0.000000
10.508507	0.000000
10.512667	0.000000
10.516827	0.000000
10.520987	0.000000
10.529307	0.000000
10.535547	0.000000
10.541787	0.000000
10.548027	0.000000
10.552187	0.000000
10.566747	0.000000
10.570907	0.000000
10.575067	-0.000000
10.579227	0.000000
10.583387	0.000000
10.589627	0.000000
10.595867	0.000000
10.602107	0.000000
10.608347	0.000000
10.614587	0.000000
10.629147	0.002080
10.633307	0.000000
10.637467	0.000000
10.641627	-0.000000
10.645787	0.000000
10.654107	0.002080
10.660347	0.000000
10.666587	0.000000
10.672827	-0.002080
10.676987	0.000000
10.691547	0.000000
10.695707	0.000000
10.699867	0.000000
10.704027	0.000000
10.708187	0.000000
10.714427	0.002080
10.720667	0.000000
10.726907	0.000000
10.733147	0.000000
10.739387	-0.002080
10.756027	-0.002080
10.760187	0.000000
10.764347	-0.000000
10.768507	0.000000
10.772667	0.000000
10.783067	-0.004160
10.789307	0.000000
10.795547	0.000000
10.799707	0.002080
10.803867	0.002080
10.818427	0.000000
10.822587	0.000000
10.826747	0.000000
10.830907	0.000000
10.835067	-0.000000
10.843387	0.000000
10.849627	0.000000
10.855867	0.000000
10.862107	0.000000
10.866267	-0.000000
10.880827	0.000000
10.884987	-0.000000
10.889147	0.000000
10.893307	0.000000
10.897467	-0.000000
10.903707	0.000000
10.909947	0.000000
10.916187	0.000000
10.922427	0.000000
10.928667	0.000000
10.943227	0.000000
10.947387	-0.000000
10.951547	0.000000
10.955707	0.000000
10.959867	0.000000
10.968187	0.002080
10.974427	0.000000
10.980667	0.000000
10.986907	-0.002080
10.991067	0.000000
11.005627	-0.000000
11.009787	0.000000
11.013947	0.000000
11.018107	-0.000000
11.022267	0.000000
11.028507	0.002080
11.034747	0.000000
11.040987	0.000000
11.047227	0.000000
11.053467	-0.002080
11.068027	-0.000000
11.072187	0.000000
11.076347	0.000000
11.080507	-0.000000
11.084667	0.000000
11.095067	-0.004160
11.101307	0.000000
11.107547	0.000000
11.111707	0.002080
11.115867	0.002080
11.130427	0.000000
11.134587	0.000000
11.138747	0.000000
11.142907	0.000000
11.147067	0.000000
11.155387	0.000000
11.161627	0.000000
11.167867	0.000000
11.174107	0.000000
11.178267	0.000000
11.192827	0.000000
11.196987	0.000000
11.201147	-0.000000
11.205307	0.000000
11.209467	0.000000
11.215707	0.000000
11.221947	0.000000
11.228187	0.000000
11.234427	0.000000
11.240667	0.000000
11.255227	0.002080
11.259387	0.000000
11.263547	0.000000
11.267707	0.000000
11.271867	0.000000
11.280187	0.002080
11.286427	0.000000
11.292667	0.000000
11.298907	-0.002080
11.303067	0.000000
11.317627	0.000000
11.321787	0.000000
11.325947	0.000000
11.330107	0.000000
11.334267	0.000000
11.340507	0.002080
11.346747	0.000000
11.352987	0.000000
11.359227	0.000000
11.365467	-0.002080
11.382107	-0.002080
11.386267	0.000000
11.390427	-0.000000
11.394587	0.000000
11.398747	0.000000
11.409147	-0.004160
11.415387	0.000000
11.421627	0.000000
11.425787	0.002080
11.429947	0.002080
11.444507	0.000000
11.448667	0.000000
11.452827	0.000000
11.456987	0.000000
11.461147	0.000000
11.469467	0.000000
11.475707	0.000000
11.481947	0.000000
11.488187	0.000000
11.492347	-0.000000
11.506907	0.000000
11.511067	-0.000000
11.515227	0.000000
11.519387	0.000000
11.523547	-0.000000
11.529787	0.000000
11.536027	0.000000
11.542267	0.000000
11.548507	0.000000
11.554747	0.000000
11.569307	0.000000
11.573467	-0.000000
11.577627	0.000000
11.581787	0.000000
11.585947	-0.000000
11.594267	0.002080
11.600507	0.000000
11.606747	0.000000
11.612987	-0.002080
11.617147	0.000000
11.631707	-0.000000
11.635867	0.000000
11.640027	0.000000
11.644187	-0.000000
11.648347	0.000000
11.654587	0.002080
11.660827	0.000000
11.667067	0.000000
11.673307	0.000000
11.679547	-0.002080
11.694107	-0.000000
11.698267	0.000000
11.702427	0.000000
11.706587	-0.000000
11.710747	0.000000
11.721147	-0.004160
11.727387	0.000000
11.733627	0.000000
11.737787	0.002080
11.741947	0.002080
11.756507	0.000000
11.760667	0.000000
11.764827	0.000000
11.768987	0.000000
11.773147	0.000000
11.781467	0.000000
11.787707	0.000000
11.793947	0.000000
11.800187	0.000000
11.804347	0.000000
11.818907	0.000000
11.823067	0.000000
11.827227	-0.000000
11.831387	0.000000
11.835547	0.000000
11.841787	0.000000
11.848027	0.000000
11.854267	0.000000
11.860507	0.000000
11.866747	0.000000
11.881307	0.002080
11.885467	0.000000
11.889627	0.000000
11.893787	0.000000
11.897947	0.000000
11.906267	0.002080
11.912507	0.000000
11.918747	0.000000
11.924987	-0.002080
11.929147	0.000000
11.943707	0.000000
11.947867	0.000000
11.952027	0.000000
11.956187	0.000000
11.960347	0.000000
11.966587	0.002080
11.972827	0.000000
11.979067	0.000000
11.985307	0.000000
11.991547	-0.002080
