0.11	0.00
0.13	15.31
0.13	344.68
0.15	406.65
0.15	551.16
0.16	644.83
0.16	718.46
0.17	753.60
0.18	803.22
0.19	845.01
0.19	880.70
0.20	891.29
0.21	900.15
0.21	943.24
0.22	983.08
0.22	1001.83
0.23	1001.71
0.24	1001.60
0.24	1031.83
0.25	1060.28
0.25	1071.81
0.26	1082.41
0.27	1092.18
0.27	1101.21
0.28	1109.60
0.29	1067.77
0.30	1088.02
0.30	1107.41
0.31	1126.00
0.31	1143.83
0.32	1105.69
0.33	1122.39
0.33	1138.49
0.34	1154.00
0.34	1168.97
0.36	1134.13
0.36	1148.32
0.36	1162.05
0.37	1175.34
0.37	1188.22
0.39	1156.25
0.39	1168.57
0.40	1180.53
0.40	1192.15
0.40	1203.44
0.42	1173.96
0.42	1184.82
0.43	1195.40
0.43	1205.72
0.44	1215.77
0.45	1188.44
0.45	1273.89
0.46	1273.89
0.46	1324.50
0.47	1324.50
0.48	1290.32
0.48	1298.70
0.49	1315.79
0.49	1324.50
0.50	1333.33
0.51	1298.70
0.52	1315.79
0.52	1333.33
0.52	1333.33
0.53	1333.33
0.54	1298.70
0.55	1315.79
0.55	1333.33
0.56	1333.33
0.56	1333.33
0.57	1333.33
0.57	1333.33
0.58	1333.33
0.58	1333.33
0.59	1333.33
0.61	1333.33
0.61	1333.33
0.61	1333.33
0.62	1333.33
0.62	1333.33
0.64	1333.33
0.64	1333.33
0.65	1333.33
0.65	1333.33
0.65	1333.33
0.67	1333.33
0.67	1333.33
0.68	1333.33
0.68	1333.33
0.68	1333.33
0.69	1369.86
0.70	1360.54
0.70	1351.35
0.71	1342.28
0.72	1333.33
0.73	1324.50
0.74	1324.50
0.74	1324.50
0.74	1324.50
0.75	1324.50
0.76	1324.50
0.77	1324.50
0.77	1324.50
0.78	1324.50
0.78	1324.50
0.79	1324.50
0.80	1324.50
0.80	1324.50
0.81	1324.50
0.81	1324.50
0.82	1351.35
0.83	1342.28
0.83	1333.33
0.84	1324.50
0.84	1324.50
0.86	1324.50
0.86	1324.50
0.87	1324.50
0.87	1324.50
0.87	1324.50
0.88	1324.50
0.89	1324.50
0.89	1324.50
0.90	1324.50
0.91	1324.50
0.92	1324.50
0.92	1324.50
0.93	1324.50
0.93	1324.50
0.94	1324.50
0.94	1351.35
0.95	1342.28
0.96	1333.33
0.96	1324.50
0.97	1324.50
0.98	1324.50
0.99	1324.50
0.99	1324.50
0.99	1324.50
1.00	1324.50
1.00	1324.50
1.01	1324.50
1.02	1324.50
1.02	1324.50
1.03	1324.50
1.04	1333.33
1.05	1333.33
1.05	1333.33
1.06	1333.33
1.06	1333.33
1.07	1351.35
1.08	1342.28
1.08	1333.33
1.09	1333.33
1.09	1333.33
1.11	1333.33
1.11	1333.33
1.12	1333.33
1.12	1333.33
1.12	1333.33
1.13	1333.33
1.14	1333.33
1.14	1333.33
1.15	1333.33
1.15	1333.33
1.17	1333.33
1.17	1333.33
1.18	1333.33
1.18	1333.33
1.19	1333.33
1.19	1333.33
1.20	1333.33
1.20	1333.33
1.21	1333.33
1.22	1333.33
1.23	1333.33
1.24	1333.33
1.24	1333.33
1.24	1333.33
1.25	1333.33
1.26	1333.33
1.26	1333.33
1.27	1333.33
1.28	1333.33
1.28	1333.33
1.29	1333.33
1.30	1333.33
1.30	1333.33
1.31	1333.33
1.31	1333.33
1.32	1333.33
1.32	1333.33
1.33	1333.33
1.34	1333.33
1.34	1333.33
1.36	1324.50
1.36	1324.50
1.37	1324.50
1.37	1324.50
1.38	1324.50
1.39	1324.50
1.39	1324.50
1.40	1324.50
1.40	1324.50
1.41	1324.50
1.42	1324.50
1.43	1324.50
1.43	1324.50
1.43	1324.50
1.44	1324.50
1.45	1324.50
1.45	1324.50
1.46	1324.50
1.46	1324.50
1.47	1324.50
1.48	1324.50
1.49	1324.50
1.49	1324.50
1.50	1324.50
1.50	1324.50
1.51	1324.50
1.51	1324.50
1.52	1324.50
1.52	1324.50
1.53	1324.50
1.55	1324.50
1.55	1324.50
1.55	1324.50
1.56	1324.50
1.56	1324.50
1.57	1324.50
1.58	1324.50
1.58	1324.50
1.59	1324.50
1.59	1324.50
1.61	1324.50
1.61	1324.50
1.62	1324.50
1.62	1324.50
1.62	1324.50
1.63	1324.50
1.64	1324.50
1.64	1324.50
1.65	1324.50
1.66	1324.50
1.67	1333.33
1.67	1333.33
1.68	1333.33
1.68	1333.33
1.69	1333.33
1.70	1333.33
1.70	1333.33
1.71	1333.33
1.71	1333.33
1.72	1333.33
1.73	1333.33
1.74	1333.33
1.74	1333.33
1.75	1333.33
1.75	1333.33
1.76	1333.33
1.76	1333.33
1.77	1333.33
1.78	1333.33
1.78	1333.33
1.80	1333.33
1.80	1333.33
1.80	1333.33
1.81	1333.33
1.81	1333.33
1.82	1333.33
1.82	1333.33
1.83	1333.33
1.84	1333.33
1.84	1333.33
1.86	1333.33
1.86	1333.33
1.87	1333.33
1.87	1333.33
1.87	1333.33
1.88	1333.33
1.89	1333.33
1.90	1333.33
1.90	1333.33
1.91	1333.33
1.92	1333.33
1.92	1333.33
1.93	1333.33
1.93	1333.33
1.94	1333.33
1.94	1333.33
1.95	1333.33
1.96	1333.33
1.96	1333.33
1.97	1333.33
1.98	1324.50
1.99	1324.50
1.99	1324.50
2.00	1324.50
2.00	1324.50
2.01	1324.50
2.02	1324.50
2.02	1324.50
2.03	1324.50
2.03	1324.50
2.05	1324.50
2.05	1324.50
2.06	1324.50
2.06	1324.50
2.06	1324.50
2.07	1324.50
2.08	1324.50
2.08	1324.50
2.09	1324.50
2.09	1324.50
2.11	1324.50
2.11	1324.50
2.12	1324.50
2.12	1324.50
2.13	1324.50
2.13	1324.50
2.14	1324.50
2.14	1324.50
2.15	1324.50
2.16	1324.50
2.17	1324.50
2.18	1324.50
2.18	1324.50
2.18	1324.50
2.19	1324.50
2.20	1324.50
2.20	1324.50
2.21	1324.50
2.22	1324.50
2.22	1324.50
2.23	1324.50
2.24	1324.50
2.24	1324.50
2.25	1324.50
2.25	1324.50
2.26	1324.50
2.26	1324.50
2.27	1324.50
2.28	1324.50
2.28	1324.50
2.30	1333.33
2.30	1333.33
2.30	1333.33
2.31	1333.33
2.31	1333.33
2.32	1333.33
2.33	1333.33
2.34	1333.33
2.34	1333.33
2.34	1333.33
2.36	1333.33
2.36	1333.33
2.37	1333.33
2.37	1333.33
2.38	1333.33
2.38	1333.33
2.39	1333.33
2.40	1333.33
2.40	1333.33
2.41	1333.33
2.42	1333.33
2.43	1333.33
2.43	1333.33
2.43	1333.33
2.44	1333.33
2.44	1333.33
2.45	1333.33
2.46	1333.33
2.46	1333.33
2.47	1333.33
2.48	1333.33
2.49	1333.33
2.49	1333.33
2.50	1333.33
2.50	1333.33
2.51	1333.33
2.52	1333.33
2.52	1333.33
2.53	1333.33
2.53	1333.33
2.55	1333.33
2.55	1333.33
2.55	1333.33
2.56	1333.33
2.56	1333.33
2.57	1333.33
2.58	1333.33
2.58	1333.33
2.59	1333.33
2.59	1333.33
2.61	1324.50
2.61	1324.50
2.62	1324.50
2.62	1324.50
2.63	1324.50
2.64	1324.50
2.64	1324.50
2.65	1324.50
2.65	1324.50
2.66	1324.50
2.67	1324.50
2.68	1324.50
2.68	1324.50
2.69	1324.50
2.69	1324.50
2.70	1324.50
2.70	1324.50
2.71	1324.50
2.72	1324.50
2.72	1324.50
2.74	1324.50
2.74	1324.50
2.74	1324.50
2.75	1324.50
2.75	1324.50
2.76	1324.50
2.76	1324.50
2.77	1324.50
2.78	1324.50
2.78	1324.50
2.80	1324.50
2.80	1324.50
2.81	1324.50
2.81	1324.50
2.81	1324.50
2.82	1324.50
2.83	1324.50
2.84	1324.50
2.84	1324.50
2.85	1324.50
2.86	1324.50
2.86	1324.50
2.87	1324.50
2.87	1324.50
2.88	1324.50
2.88	1324.50
2.89	1324.50
2.90	1324.50
2.90	1324.50
2.91	1324.50
2.92	1333.33
2.93	1333.33
2.93	1333.33
2.94	1333.33
2.94	1333.33
2.95	1333.33
2.96	1333.33
2.96	1333.33
2.97	1333.33
2.97	1333.33
2.99	1333.33
2.99	1333.33
2.99	1333.33
3.00	1333.33
3.00	1333.33
3.01	1333.33
3.02	1333.33
3.02	1333.33
3.03	1333.33
3.03	1333.33
3.05	1333.33
3.05	1333.33
3.06	1333.33
3.06	1333.33
3.06	1333.33
3.07	1333.33
3.08	1333.33
3.08	1333.33
3.09	1333.33
3.10	1333.33
3.11	1333.33
3.11	1333.33
3.12	1333.33
3.12	1333.33
3.13	1333.33
3.13	1333.33
3.14	1333.33
3.15	1333.33
3.15	1333.33
3.16	1333.33
3.17	1333.33
3.18	1333.33
3.18	1333.33
3.18	1333.33
3.19	1333.33
3.20	1333.33
3.20	1333.33
3.21	1333.33
3.21	1333.33
3.22	1333.33
3.24	1324.50
3.24	1324.50
3.25	1324.50
3.25	1324.50
3.25	1324.50
3.26	1324.50
3.27	1324.50
3.28	1324.50
3.28	1324.50
3.28	1324.50
3.30	1324.50
3.30	1324.50
3.31	1324.50
3.31	1324.50
3.32	1324.50
3.32	1324.50
3.33	1324.50
3.34	1324.50
3.34	1324.50
3.35	1324.50
3.36	1324.50
3.37	1324.50
3.37	1324.50
3.37	1324.50
3.38	1324.50
3.38	1324.50
3.39	1324.50
3.40	1324.50
3.40	1324.50
3.41	1324.50
3.42	1324.50
3.43	1324.50
3.43	1324.50
3.44	1324.50
3.44	1324.50
3.45	1324.50
3.46	1324.50
3.46	1324.50
3.47	1324.50
3.47	1324.50
3.49	1324.50
3.49	1324.50
3.49	1324.50
3.50	1324.50
3.50	1324.50
3.51	1324.50
3.52	1324.50
3.52	1324.50
3.53	1324.50
3.53	1324.50
3.55	1333.33
3.55	1333.33
3.56	1333.33
3.56	1333.33
3.57	1333.33
3.58	1333.33
3.58	1333.33
3.59	1333.33
3.59	1333.33
3.60	1333.33
3.61	1333.33
3.62	1333.33
3.62	1333.33
3.62	1333.33
3.63	1333.33
3.64	1333.33
3.64	1333.33
3.65	1333.33
3.65	1333.33
3.66	1333.33
3.67	1333.33
3.68	1333.33
3.68	1333.33
3.69	1333.33
3.69	1333.33
3.70	1333.33
3.70	1333.33
3.71	1333.33
3.72	1333.33
3.72	1333.33
3.74	1333.33
3.74	1333.33
3.74	1333.33
3.75	1333.33
3.75	1333.33
3.76	1333.33
3.77	1333.33
3.77	1333.33
3.78	1333.33
3.78	1333.33
3.80	1333.33
3.80	1333.33
3.81	1333.33
3.81	1333.33
3.82	1333.33
3.82	1333.33
3.83	1333.33
3.83	1333.33
3.84	1333.33
3.85	1333.33
3.86	1324.50
3.87	1324.50
3.87	1324.50
3.88	1324.50
3.88	1324.50
3.89	1324.50
3.90	1324.50
3.90	1324.50
3.91	1324.50
3.91	1324.50
3.93	1324.50
3.93	1324.50
3.93	1324.50
3.94	1324.50
3.94	1324.50
3.95	1324.50
3.96	1324.50
3.96	1324.50
3.97	1324.50
3.97	1324.50
3.99	1324.50
3.99	1324.50
4.00	1324.50
4.00	1324.50
4.00	1324.50
4.01	1324.50
4.02	1324.50
4.02	1324.50
4.03	1324.50
4.04	1324.50
4.05	1324.50
4.05	1324.50
4.06	1324.50
4.06	1324.50
4.07	1324.50
4.08	1324.50
4.08	1324.50
4.09	1324.50
4.09	1324.50
4.10	1324.50
4.11	1324.50
4.12	1324.50
4.12	1324.50
4.12	1324.50
4.13	1324.50
4.14	1324.50
4.14	1324.50
4.15	1324.50
4.15	1324.50
4.16	1324.50
4.17	1333.33
4.18	1333.33
4.18	1333.33
4.19	1333.33
4.19	1333.33
4.20	1333.33
4.21	1333.33
4.21	1333.33
4.22	1333.33
4.22	1333.33
4.24	1333.33
4.24	1333.33
4.25	1333.33
4.25	1333.33
4.25	1333.33
4.26	1333.33
4.27	1333.33
4.27	1333.33
4.28	1333.33
4.29	1333.33
4.30	1333.33
4.30	1333.33
4.31	1333.33
4.31	1333.33
4.32	1333.33
4.32	1333.33
4.33	1333.33
4.34	1333.33
4.34	1333.33
4.35	1333.33
4.36	1333.33
4.37	1333.33
4.37	1333.33
4.37	1333.33
4.38	1333.33
4.39	1333.33
4.39	1333.33
4.40	1333.33
4.41	1333.33
4.41	1333.33
4.42	1333.33
4.43	1333.33
4.43	1333.33
4.44	1333.33
4.44	1333.33
4.45	1333.33
4.45	1333.33
4.46	1333.33
4.47	1333.33
4.47	1333.33
4.49	1324.50
4.49	1324.50
4.50	1324.50
4.50	1324.50
4.51	1324.50
4.52	1324.50
4.52	1324.50
4.53	1324.50
4.53	1324.50
4.54	1324.50
4.55	1324.50
4.56	1324.50
4.56	1324.50
4.56	1324.50
4.57	1324.50
4.58	1324.50
4.58	1324.50
4.59	1324.50
4.60	1324.50
4.60	1324.50
4.61	1324.50
4.62	1324.50
4.62	1324.50
4.63	1324.50
4.63	1324.50
4.64	1324.50
4.64	1324.50
4.65	1324.50
4.66	1324.50
4.66	1324.50
4.68	1324.50
4.68	1324.50
4.68	1324.50
4.69	1324.50
4.69	1324.50
4.70	1324.50
4.71	1324.50
4.71	1324.50
4.72	1324.50
4.72	1324.50
4.74	1324.50
4.74	1324.50
4.75	1324.50
4.75	1324.50
4.76	1324.50
4.76	1324.50
4.77	1324.50
4.77	1324.50
4.78	1324.50
4.79	1324.50
4.80	1333.33
4.81	1333.33
4.81	1333.33
4.81	1333.33
4.82	1333.33
4.83	1333.33
4.83	1333.33
4.84	1333.33
4.84	1333.33
4.85	1333.33
4.86	1333.33
4.87	1333.33
4.87	1333.33
4.88	1333.33
4.88	1333.33
4.89	1333.33
4.89	1333.33
4.90	1333.33
4.91	1333.33
4.91	1333.33
4.93	1333.33
4.93	1333.33
4.93	1333.33
4.94	1333.33
4.94	1333.33
4.95	1333.33
4.95	1333.33
4.96	1333.33
4.97	1333.33
4.97	1333.33
4.99	1333.33
4.99	1333.33
5.00	1333.33
5.00	1333.33
5.00	1333.33
5.01	1333.33
5.02	1333.33
5.03	1333.33
5.03	1333.33
5.04	1333.33
5.05	1333.33
5.05	1333.33
5.06	1333.33
5.06	1333.33
5.07	1333.33
5.07	1333.33
5.08	1333.33
5.09	1333.33
5.09	1333.33
5.10	1333.33
5.12	1324.50
5.12	1324.50
5.12	1324.50
5.13	1324.50
5.13	1324.50
5.14	1324.50
5.15	1324.50
5.15	1324.50
5.16	1324.50
5.16	1324.50
5.18	1324.50
5.18	1324.50
5.19	1324.50
5.19	1324.50
5.19	1324.50
5.20	1324.50
5.21	1324.50
5.21	1324.50
5.22	1324.50
5.23	1324.50
5.24	1324.50
5.24	1324.50
5.25	1324.50
5.25	1324.50
5.26	1324.50
5.26	1324.50
5.27	1324.50
5.28	1324.50
5.28	1324.50
5.29	1324.50
5.30	1324.50
5.31	1324.50
5.31	1324.50
5.31	1324.50
5.32	1324.50
5.33	1324.50
5.33	1324.50
5.34	1324.50
5.35	1324.50
5.35	1324.50
5.36	1324.50
5.37	1324.50
5.37	1324.50
5.38	1324.50
5.38	1324.50
5.39	1324.50
5.39	1324.50
5.40	1324.50
5.41	1324.50
5.41	1324.50
5.43	1333.33
5.43	1333.33
5.44	1333.33
5.44	1333.33
5.44	1333.33
5.45	1333.33
5.46	1333.33
5.47	1333.33
5.47	1333.33
5.47	1333.33
5.49	1333.33
5.49	1333.33
5.50	1333.33
5.50	1333.33
5.51	1333.33
5.51	1333.33
5.52	1333.33
5.53	1333.33
5.53	1333.33
5.54	1333.33
5.55	1333.33
5.56	1333.33
5.56	1333.33
5.56	1333.33
5.57	1333.33
5.57	1333.33
5.58	1333.33
5.59	1333.33
5.59	1333.33
5.60	1333.33
5.61	1333.33
5.62	1333.33
5.62	1333.33
5.63	1333.33
5.63	1333.33
5.64	1333.33
5.65	1333.33
5.65	1333.33
5.66	1333.33
5.66	1333.33
5.68	1333.33
5.68	1333.33
5.68	1333.33
5.69	1333.33
5.69	1333.33
5.70	1333.33
5.71	1333.33
5.71	1333.33
5.72	1333.33
5.72	1333.33
5.74	1324.50
5.75	1324.50
5.75	1324.50
5.75	1324.50
5.76	1324.50
5.77	1324.50
5.77	1324.50
5.78	1324.50
5.78	1324.50
5.79	1324.50
5.80	1324.50
5.81	1324.50
5.81	1324.50
5.82	1324.50
5.82	1324.50
5.83	1324.50
5.83	1324.50
5.84	1324.50
5.85	1324.50
5.85	1324.50
5.87	1324.50
5.87	1324.50
5.87	1324.50
5.88	1324.50
5.88	1324.50
5.89	1324.50
5.90	1324.50
5.90	1324.50
5.91	1324.50
5.91	1324.50
5.93	1324.50
5.93	1324.50
5.94	1324.50
5.94	1324.50
5.94	1324.50
5.95	1324.50
5.96	1324.50
5.97	1324.50
5.97	1324.50
5.98	1324.50
5.99	1324.50
5.99	1324.50
6.00	1324.50
6.00	1324.50
6.01	1324.50
6.01	1324.50
6.02	1324.50
6.03	1324.50
6.03	1324.50
6.04	1324.50
6.05	1333.33
6.06	1333.33
6.06	1333.33
6.07	1333.33
6.07	1333.33
6.08	1333.33
6.09	1333.33
6.09	1333.33
6.10	1333.33
6.10	1333.33
6.12	1333.33
6.12	1333.33
6.12	1333.33
6.13	1333.33
6.13	1333.33
6.14	1333.33
6.15	1333.33
6.15	1333.33
6.16	1333.33
6.16	1333.33
6.18	1333.33
6.18	1333.33
6.19	1333.33
6.19	1333.33
6.19	1333.33
6.20	1333.33
6.21	1333.33
6.21	1333.33
6.22	1333.33
6.23	1333.33
6.24	1333.33
6.24	1333.33
6.25	1333.33
6.25	1333.33
6.26	1333.33
6.27	1333.33
6.27	1333.33
6.28	1333.33
6.28	1333.33
6.29	1333.33
6.30	1333.33
6.31	1333.33
6.31	1333.33
6.32	1333.33
6.32	1333.33
6.33	1333.33
6.33	1333.33
6.34	1333.33
6.34	1333.33
6.35	1333.33
6.37	1324.50
6.37	1324.50
6.38	1324.50
6.38	1324.50
6.38	1324.50
6.39	1324.50
6.40	1324.50
6.41	1324.50
6.41	1324.50
6.42	1324.50
6.43	1324.50
6.43	1324.50
6.44	1324.50
6.44	1324.50
6.45	1324.50
6.45	1324.50
6.46	1324.50
6.47	1324.50
6.47	1324.50
6.48	1324.50
6.49	1324.50
6.50	1324.50
6.50	1324.50
6.50	1324.50
6.51	1324.50
6.51	1324.50
6.52	1324.50
6.53	1324.50
6.53	1324.50
6.54	1324.50
6.55	1324.50
6.56	1324.50
6.56	1324.50
6.57	1324.50
6.57	1324.50
6.58	1324.50
6.59	1324.50
6.59	1324.50
6.60	1324.50
6.60	1324.50
6.62	1324.50
6.62	1324.50
6.63	1324.50
6.63	1324.50
6.63	1324.50
6.64	1324.50
6.65	1324.50
6.65	1324.50
6.66	1324.50
6.66	1324.50
6.68	1333.33
6.68	1333.33
6.69	1333.33
6.69	1333.33
6.70	1333.33
6.71	1333.33
6.71	1333.33
6.72	1333.33
6.72	1333.33
6.73	1333.33
6.74	1333.33
6.75	1333.33
6.75	1333.33
6.75	1333.33
6.76	1333.33
6.77	1333.33
6.77	1333.33
6.78	1333.33
6.79	1333.33
6.79	1333.33
6.80	1333.33
6.81	1333.33
6.81	1333.33
6.82	1333.33
6.82	1333.33
6.83	1333.33
6.83	1333.33
6.84	1333.33
6.85	1333.33
6.85	1333.33
6.87	1333.33
6.87	1333.33
6.87	1333.33
6.88	1333.33
6.88	1333.33
6.89	1333.33
6.90	1333.33
6.90	1333.33
6.91	1333.33
6.91	1333.33
6.93	1333.33
6.93	1333.33
6.94	1333.33
6.94	1333.33
6.95	1333.33
6.95	1333.33
6.96	1333.33
6.96	1333.33
6.97	1333.33
6.98	1333.33
6.99	1324.50
7.00	1324.50
7.00	1324.50
7.01	1324.50
7.01	1324.50
7.02	1324.50
7.03	1324.50
7.03	1324.50
7.04	1324.50
7.04	1324.50
7.06	1324.50
7.06	1324.50
7.06	1324.50
7.07	1324.50
7.07	1324.50
7.08	1324.50
7.09	1324.50
7.09	1324.50
7.10	1324.50
7.10	1324.50
7.12	1324.50
7.12	1324.50
7.13	1324.50
7.13	1324.50
7.13	1324.50
7.14	1324.50
7.15	1324.50
7.15	1324.50
7.16	1324.50
7.17	1324.50
7.18	1324.50
7.18	1324.50
7.19	1324.50
7.19	1324.50
7.20	1324.50
7.21	1324.50
7.21	1324.50
7.22	1324.50
7.22	1324.50
7.23	1324.50
7.24	1324.50
7.25	1324.50
7.25	1324.50
7.26	1324.50
7.26	1324.50
7.27	1324.50
7.27	1324.50
7.28	1324.50
7.28	1324.50
7.29	1324.50
7.31	1333.33
7.31	1333.33
7.31	1333.33
7.32	1333.33
7.32	1333.33
7.33	1333.33
7.34	1333.33
7.34	1333.33
7.35	1333.33
7.35	1333.33
7.37	1333.33
7.37	1333.33
7.38	1333.33
7.38	1333.33
7.38	1333.33
7.39	1333.33
7.40	1333.33
7.41	1333.33
7.41	1333.33
7.42	1333.33
7.43	1333.33
7.43	1333.33
7.44	1333.33
7.44	1333.33
7.45	1333.33
7.45	1333.33
7.46	1333.33
7.47	1333.33
7.47	1333.33
7.48	1333.33
7.49	1333.33
7.50	1333.33
7.50	1333.33
7.50	1333.33
7.51	1333.33
7.52	1333.33
7.52	1333.33
7.53	1333.33
7.54	1333.33
7.54	1333.33
7.55	1333.33
7.56	1333.33
7.56	1333.33
7.57	1333.33
7.57	1333.33
7.58	1333.33
7.58	1333.33
7.59	1333.33
7.60	1333.33
7.60	1333.33
7.62	1324.50
7.62	1324.50
7.63	1324.50
7.63	1324.50
7.64	1324.50
7.65	1324.50
7.65	1324.50
7.66	1324.50
7.66	1324.50
7.67	1324.50
7.68	1324.50
7.69	1324.50
7.69	1324.50
7.69	1324.50
7.70	1324.50
7.71	1324.50
7.71	1324.50
7.72	1324.50
7.73	1324.50
7.73	1324.50
7.74	1324.50
7.75	1324.50
7.75	1324.50
7.76	1324.50
7.76	1324.50
7.77	1324.50
7.77	1324.50
7.78	1324.50
7.79	1324.50
7.79	1324.50
7.81	1324.50
7.81	1324.50
7.81	1324.50
7.82	1324.50
7.82	1324.50
7.83	1324.50
7.84	1324.50
7.84	1324.50
7.85	1324.50
7.85	1324.50
7.87	1324.50
7.87	1324.50
7.88	1324.50
7.88	1324.50
7.89	1324.50
7.89	1324.50
7.90	1324.50
7.90	1324.50
7.91	1324.50
7.92	1324.50
7.93	1333.33
7.94	1333.33
7.94	1333.33
7.94	1333.33
7.95	1333.33
7.96	1333.33
7.96	1333.33
7.97	1333.33
7.98	1333.33
7.98	1333.33
7.99	1333.33
8.00	1333.33
8.00	1333.33
8.01	1333.33
8.01	1333.33
8.02	1333.33
8.02	1333.33
8.03	1333.33
8.04	1333.33
8.04	1333.33
8.06	1333.33
8.06	1333.33
8.06	1333.33
8.07	1333.33
8.07	1333.33
8.08	1333.33
8.09	1333.33
8.09	1333.33
8.10	1333.33
8.10	1333.33
8.12	1333.33
8.12	1333.33
8.13	1333.33
8.13	1333.33
8.14	1333.33
8.14	1333.33
8.15	1333.33
8.16	1333.33
8.16	1333.33
8.17	1333.33
8.18	1333.33
8.19	1333.33
8.19	1333.33
8.19	1333.33
8.20	1333.33
8.20	1333.33
8.21	1333.33
8.22	1333.33
8.22	1333.33
8.23	1333.33
8.25	1324.50
8.25	1324.50
8.25	1324.50
8.26	1324.50
8.26	1324.50
8.27	1324.50
8.28	1324.50
8.28	1324.50
8.29	1324.50
8.29	1324.50
8.31	1324.50
8.31	1324.50
8.32	1324.50
8.32	1324.50
8.32	1324.50
8.33	1324.50
8.34	1324.50
8.35	1324.50
8.35	1324.50
8.36	1324.50
8.37	1324.50
8.37	1324.50
8.38	1324.50
8.38	1324.50
8.39	1324.50
8.39	1324.50
8.40	1324.50
8.41	1324.50
8.41	1324.50
8.42	1324.50
8.43	1324.50
8.44	1324.50
8.44	1324.50
8.45	1324.50
8.45	1324.50
8.46	1324.50
8.46	1324.50
8.47	1324.50
8.48	1324.50
8.48	1324.50
8.50	1324.50
8.50	1324.50
8.50	1324.50
8.51	1324.50
8.51	1324.50
8.52	1324.50
8.52	1324.50
8.53	1324.50
8.54	1324.50
8.54	1324.50
8.56	1333.33
8.56	1333.33
8.57	1333.33
8.57	1333.33
8.57	1333.33
8.58	1333.33
8.59	1333.33
8.60	1333.33
8.60	1333.33
8.61	1333.33
8.62	1333.33
8.62	1333.33
8.63	1333.33
8.63	1333.33
8.64	1333.33
8.64	1333.33
8.65	1333.33
8.66	1333.33
8.66	1333.33
8.67	1333.33
8.68	1333.33
8.69	1333.33
8.69	1333.33
8.69	1333.33
8.70	1333.33
8.71	1333.33
8.71	1333.33
8.72	1333.33
8.72	1333.33
8.73	1333.33
8.74	1333.33
8.75	1333.33
8.75	1333.33
8.76	1333.33
8.76	1333.33
8.77	1333.33
8.78	1333.33
8.78	1333.33
8.79	1333.33
8.79	1333.33
8.81	1333.33
8.81	1333.33
8.82	1333.33
8.82	1333.33
8.82	1333.33
8.83	1333.33
8.84	1333.33
8.84	1333.33
8.85	1333.33
8.85	1333.33
8.87	1324.50
8.88	1324.50
8.88	1324.50
8.88	1324.50
8.89	1324.50
8.90	1324.50
8.90	1324.50
8.91	1324.50
8.92	1324.50
8.92	1324.50
8.93	1324.50
8.94	1324.50
8.94	1324.50
8.95	1324.50
8.95	1324.50
8.96	1324.50
8.97	1324.50
8.97	1324.50
8.98	1324.50
8.98	1324.50
9.00	1324.50
9.00	1324.50
9.00	1324.50
9.01	1324.50
9.01	1324.50
9.02	1324.50
9.03	1324.50
9.03	1324.50
9.04	1324.50
9.04	1324.50
9.06	1324.50
9.06	1324.50
9.07	1324.50
9.07	1324.50
9.08	1324.50
9.08	1324.50
9.09	1324.50
9.10	1324.50
9.10	1324.50
9.11	1324.50
9.12	1324.50
9.13	1324.50
9.13	1324.50
9.13	1324.50
9.14	1324.50
9.14	1324.50
9.15	1324.50
9.16	1324.50
9.16	1324.50
9.17	1324.50
9.18	1333.33
9.19	1333.33
9.19	1333.33
9.20	1333.33
9.20	1333.33
9.21	1333.33
9.22	1333.33
9.22	1333.33
9.23	1333.33
9.23	1333.33
9.25	1333.33
9.25	1333.33
9.25	1333.33
9.26	1333.33
9.26	1333.33
9.27	1333.33
9.28	1333.33
9.28	1333.33
9.29	1333.33
9.29	1333.33
9.31	1333.33
9.31	1333.33
9.32	1333.33
9.32	1333.33
9.32	1333.33
9.33	1333.33
9.34	1333.33
9.34	1333.33
9.35	1333.33
9.36	1333.33
9.37	1333.33
9.37	1333.33
9.38	1333.33
9.38	1333.33
9.39	1333.33
9.40	1333.33
9.40	1333.33
9.41	1333.33
9.41	1333.33
9.42	1333.33
9.43	1333.33
9.44	1333.33
9.44	1333.33
9.45	1333.33
9.45	1333.33
9.46	1333.33
9.46	1333.33
9.47	1333.33
9.47	1333.33
9.48	1333.33
9.50	1324.50
9.50	1324.50
9.51	1324.50
9.51	1324.50
9.51	1324.50
9.52	1324.50
9.53	1324.50
9.54	1324.50
9.54	1324.50
9.55	1324.50
9.56	1324.50
9.56	1324.50
9.57	1324.50
9.57	1324.50
9.58	1324.50
9.58	1324.50
9.59	1324.50
9.60	1324.50
9.60	1324.50
9.61	1324.50
9.62	1324.50
9.63	1324.50
9.63	1324.50
9.63	1324.50
9.64	1324.50
9.65	1324.50
9.65	1324.50
9.66	1324.50
9.66	1324.50
9.67	1324.50
9.68	1324.50
9.69	1324.50
9.69	1324.50
9.70	1324.50
9.70	1324.50
9.71	1324.50
9.72	1324.50
9.72	1324.50
9.73	1324.50
9.73	1324.50
9.75	1324.50
9.75	1324.50
9.76	1324.50
9.76	1324.50
9.76	1324.50
9.77	1324.50
9.78	1324.50
9.78	1324.50
9.79	1324.50
9.80	1324.50
9.81	1333.33
9.81	1333.33
9.82	1333.33
9.82	1333.33
9.83	1333.33
9.84	1333.33
9.84	1333.33
9.85	1333.33
9.85	1333.33
9.86	1333.33
9.87	1333.33
9.88	1333.33
9.88	1333.33
9.88	1333.33
9.89	1333.33
9.90	1333.33
9.90	1333.33
9.91	1333.33
9.92	1333.33
9.92	1333.33
9.93	1333.33
9.94	1333.33
9.94	1333.33
9.95	1333.33
9.95	1333.33
9.96	1333.33
9.96	1333.33
9.97	1333.33
9.98	1333.33
9.98	1333.33
10.00	1333.33
10.00	1333.33
10.01	1333.33
10.01	1333.33
10.01	1333.33
10.02	1333.33
10.03	1333.33
10.03	1333.33
10.04	1333.33
10.04	1333.33
10.06	1333.33
10.06	1333.33
10.07	1333.33
10.07	1333.33
10.08	1333.33
10.08	1333.33
10.09	1333.33
10.09	1333.33
10.10	1333.33
10.11	1333.33
10.12	1324.50
10.13	1324.50
10.13	1324.50
10.14	1324.50
10.14	1324.50
10.15	1324.50
10.16	1324.50
10.16	1324.50
10.17	1324.50
10.17	1324.50
10.19	1324.50
10.19	1324.50
10.19	1324.50
10.20	1324.50
10.20	1324.50
10.21	1324.50
10.22	1324.50
10.22	1324.50
10.23	1324.50
10.23	1324.50
10.25	1324.50
10.25	1324.50
10.26	1324.50
10.26	1324.50
10.27	1324.50
10.27	1324.50
10.28	1324.50
10.28	1324.50
10.29	1324.50
10.30	1324.50
10.31	1324.50
10.32	1324.50
10.32	1324.50
10.32	1324.50
10.33	1324.50
10.34	1324.50
10.34	1324.50
10.35	1324.50
10.35	1324.50
10.36	1324.50
10.37	1324.50
10.38	1324.50
10.38	1324.50
10.39	1324.50
10.39	1324.50
10.40	1324.50
10.40	1324.50
10.41	1324.50
10.41	1324.50
10.42	1324.50
10.44	1333.33
10.44	1333.33
10.44	1333.33
10.45	1333.33
10.45	1333.33
10.46	1333.33
10.47	1333.33
10.48	1333.33
10.48	1333.33
10.48	1333.33
10.50	1333.33
10.50	1333.33
10.51	1333.33
10.51	1333.33
10.51	1333.33
10.52	1333.33
10.53	1333.33
10.54	1333.33
10.54	1333.33
10.55	1333.33
10.56	1333.33
10.56	1333.33
10.57	1333.33
10.57	1333.33
10.58	1333.33
10.58	1333.33
10.59	1333.33
10.60	1333.33
10.60	1333.33
10.61	1333.33
10.62	1333.33
10.63	1333.33
10.63	1333.33
10.64	1333.33
10.64	1333.33
10.65	1333.33
10.65	1333.33
10.66	1333.33
10.67	1333.33
10.67	1333.33
10.69	1333.33
10.69	1333.33
10.69	1333.33
10.70	1333.33
10.70	1333.33
10.71	1333.33
10.71	1333.33
10.72	1333.33
10.73	1333.33
10.73	1333.33
10.75	1324.50
10.75	1324.50
10.76	1324.50
10.76	1324.50
10.77	1324.50
10.78	1324.50
10.78	1324.50
10.79	1324.50
10.79	1324.50
10.80	1324.50
10.81	1324.50
10.82	1324.50
10.82	1324.50
10.82	1324.50
10.83	1324.50
10.84	1324.50
10.84	1324.50
10.85	1324.50
10.86	1324.50
10.86	1324.50
10.87	1324.50
10.88	1324.50
10.88	1324.50
10.89	1324.50
10.89	1324.50
10.90	1324.50
10.90	1324.50
10.91	1324.50
10.92	1324.50
10.92	1324.50
10.94	1324.50
10.94	1324.50
10.95	1324.50
10.95	1324.50
10.95	1324.50
10.96	1324.50
10.97	1324.50
10.97	1324.50
10.98	1324.50
10.98	1324.50
11.00	1324.50
11.00	1324.50
11.01	1324.50
11.01	1324.50
11.02	1324.50
11.02	1324.50
11.03	1324.50
11.03	1324.50
11.04	1324.50
11.05	1324.50
11.06	1333.33
11.07	1333.33
11.07	1333.33
11.07	1333.33
11.08	1333.33
11.09	1333.33
11.10	1333.33
11.10	1333.33
11.11	1333.33
11.11	1333.33
11.12	1333.33
11.13	1333.33
11.13	1333.33
11.14	1333.33
11.14	1333.33
11.15	1333.33
11.16	1333.33
11.16	1333.33
11.17	1333.33
11.17	1333.33
11.19	1333.33
11.19	1333.33
11.19	1333.33
11.20	1333.33
11.20	1333.33
11.21	1333.33
11.22	1333.33
11.22	1333.33
11.23	1333.33
11.23	1333.33
11.25	1333.33
11.25	1333.33
11.26	1333.33
11.26	1333.33
11.27	1333.33
11.27	1333.33
11.28	1333.33
11.29	1333.33
11.29	1333.33
11.30	1333.33
11.31	1333.33
11.32	1333.33
11.32	1333.33
11.32	1333.33
11.33	1333.33
11.33	1333.33
11.34	1333.33
11.35	1333.33
11.35	1333.33
11.36	1333.33
11.38	1324.50
11.38	1324.50
11.38	1324.50
11.39	1324.50
11.39	1324.50
11.40	1324.50
11.41	1324.50
11.42	1324.50
11.42	1324.50
11.42	1324.50
11.44	1324.50
11.44	1324.50
11.45	1324.50
11.45	1324.50
11.45	1324.50
11.46	1324.50
11.47	1324.50
11.48	1324.50
11.48	1324.50
11.49	1324.50
11.50	1324.50
11.50	1324.50
11.51	1324.50
11.51	1324.50
11.52	1324.50
11.52	1324.50
11.53	1324.50
11.54	1324.50
11.54	1324.50
11.55	1324.50
11.56	1324.50
11.57	1324.50
11.57	1324.50
11.58	1324.50
11.58	1324.50
11.59	1324.50
11.59	1324.50
11.60	1324.50
11.61	1324.50
11.61	1324.50
11.63	1324.50
11.63	1324.50
11.63	1324.50
11.64	1324.50
11.64	1324.50
11.65	1324.50
11.65	1324.50
11.66	1324.50
11.67	1324.50
11.67	1324.50
11.69	1333.33
11.69	1333.33
11.70	1333.33
11.70	1333.33
11.70	1333.33
11.71	1333.33
11.72	1333.33
11.73	1333.33
11.73	1333.33
11.74	1333.33
11.75	1333.33
11.75	1333.33
11.76	1333.33
11.76	1333.33
11.77	1333.33
11.78	1333.33
11.78	1333.33
11.79	1333.33
11.79	1333.33
11.80	1333.33
11.81	1333.33
11.82	1333.33
11.82	1333.33
11.83	1333.33
11.83	1333.33
11.84	1333.33
11.84	1333.33
11.85	1333.33
11.85	1333.33
11.86	1333.33
11.88	1333.33
11.88	1333.33
11.88	1333.33
11.89	1333.33
11.89	1333.33
11.90	1333.33
11.91	1333.33
11.91	1333.33
11.92	1333.33
11.92	1333.33
11.94	1333.33
11.94	1333.33
11.95	1333.33
11.95	1333.33
11.95	1333.33
11.96	1333.33
11.97	1333.33
11.97	1333.33
11.98	1333.33
11.99	1333.33
12.00	1324.50
12.01	1324.50
12.01	1324.50
12.01	1324.50
12.02	1324.50
12.03	1324.50
12.04	1324.50
12.04	1324.50
12.05	1324.50
12.05	1324.50
12.06	1324.50
12.07	1324.50
12.07	1324.50
12.08	1324.50
12.08	1324.50
12.09	1324.50
12.10	1324.50
12.10	1324.50
12.11	1324.50
12.11	1324.50
12.11	0.00
