0 0.103027
1 0.115907
2 0.117987
3 0.132547
4 0.134627
5 0.136707
6 0.138787
8 0.151267
9 0.153347
10 0.155427
13 0.161667
14 0.163747
7 0.169987
11 0.174147
12 0.176227
15 0.199107
16 0.201187
7 0.203267
17 0.230307
18 0.232387
19 0.249027
20 0.253187
21 0.255267
22 0.271907
23 0.303107
24 0.307267
25 0.309347
26 0.311427
27 0.348867
28 0.353027
29 0.355107
32 0.367587
37 0.413347
30 0.492387
31 0.494467
33 0.498627
34 0.500707
35 0.502787
36 0.504867
38 0.511107
39 0.546467
40 0.548547
41 0.550627
42 0.552707
43 0.554787
44 0.556867
45 0.558947
46 0.561027
47 0.575587
48 0.577667
52 0.579747
53 0.581827
54 0.583907
55 0.585987
49 0.613027
50 0.615107
51 0.617187
56 0.623427
57 0.631747
58 0.633827
59 0.635907
49 0.637987
61 0.642147
60 0.658787
62 0.669187
63 0.671267
64 0.673347
65 0.675427
66 0.683747
67 0.685827
68 0.698307
69 0.700387
70 0.704547
71 0.710787
72 0.712867
73 0.714947
74 0.717027
75 0.725347
76 0.756547
77 0.758627
78 0.760707
79 0.762787
80 0.764867
81 0.777347
82 0.779427
83 0.781507
86 0.808547
87 0.812707
88 0.814787
89 0.827267
90 0.829347
91 0.833507
92 0.835587
93 0.852227
94 0.854307
84 0.858467
84 0.885507
85 0.889667
95 0.906307
96 0.908387
97 0.947907
98 0.949987
99 0.956227
100 0.960387
101 0.962467
102 1.001987
103 1.004067
104 1.008227
105 1.018627
106 1.020707
107 1.022787
108 1.031107
110 1.033187
109 1.045667
111 1.062307
112 1.064387
113 1.066467
114 1.068547
115 1.083107
116 1.085187
117 1.089347
118 1.095587
119 1.099747
120 1.103907
121 1.105987
122 1.110147
123 1.112227
124 1.114307
125 1.162147
126 1.164227
127 1.166307
128 1.170467
129 1.172547
130 1.191267
131 1.193347
132 1.195427
133 1.197507
134 1.209987
135 1.222467
136 1.224547
137 1.226627
138 1.228707
139 1.237027
140 1.249507
141 1.251587
142 1.253667
143 1.255747
144 1.257827
145 1.272387
146 1.274467
147 1.276547
148 1.278627
149 1.280707
150 1.293187
151 1.295267
152 1.297347
153 1.299427
154 1.301507
155 1.307747
156 1.316067
157 1.318147
158 1.320227
159 1.322307
160 1.330627
161 1.336867
162 1.338947
163 1.341027
164 1.343107
165 1.351427
166 1.355587
167 1.357667
168 1.361827
169 1.363907
170 1.370147
171 1.374307
172 1.380547
173 1.382627
174 1.384707
175 1.472067
176 1.476227
177 1.482467
178 1.484547
179 1.486627
184 1.490787
188 1.503267
192 1.511587
193 1.515747
189 1.532387
190 1.538627
191 1.540707
194 1.553187
180 1.559427
181 1.788227
182 1.819427
183 1.823587
185 1.852707
184 1.896387
186 1.898467
187 1.900547
188 1.910947
189 1.913027
199 1.956707
200 1.958787
195 2.127267
196 2.129347
197 2.131427
198 2.133507
205 2.173027
201 2.193827
202 2.195907
203 2.197987
204 2.200067
206 2.225027
210 2.237507
207 2.245827
208 2.247907
209 2.249987
211 2.258307
212 2.266627
215 2.268707
216 2.270787
213 2.272867
214 2.274947
217 2.279107
218 2.285347
219 2.289507
220 2.291587
221 2.295747
222 2.297827
223 2.299907
224 2.301987
226 2.306147
225 2.312387
227 2.318627
228 2.320707
229 2.322787
230 2.324867
231 2.329027
232 2.331107
233 2.333187
234 2.335267
236 2.337347
235 2.349827
237 2.358147
238 2.360227
239 2.362307
240 2.364387
241 2.366467
242 2.368547
243 2.370627
244 2.372707
245 2.374787
246 2.397667
247 2.399747
248 2.401827
249 2.403907
250 2.405987
251 2.408067
252 2.410147
253 2.412227
254 2.414307
255 2.416387
256 2.418467
257 2.420547
258 2.422627
261 2.424707
259 2.445507
260 2.447587
262 2.453827
263 2.455907
264 2.457987
265 2.460067
266 2.462147
267 2.464227
268 2.466307
269 2.468387
270 2.470467
271 2.472547
272 2.474627
273 2.476707
274 2.478787
276 2.480867
277 2.482947
278 2.485027
279 2.487107
281 2.489187
282 2.491267
283 2.493347
286 2.495427
275 2.524547
280 2.526627
284 2.528707
285 2.530787
287 2.532867
288 2.534947
275 2.537027
289 2.572387
290 2.574467
291 2.576547
292 2.578627
293 2.580707
294 2.582787
295 2.678467
296 2.680547
297 2.682627
298 2.684707
299 2.686787
300 2.703427
301 2.705507
302 2.707587
303 2.722147
304 2.726307
305 2.740867
306 2.742947
307 2.745027
308 2.749187
309 2.751267
310 2.759587
311 2.765827
312 2.767907
313 2.769987
315 2.782467
316 2.784547
317 2.786627
318 2.788707
320 2.801187
321 2.803267
322 2.805347
323 2.807427
325 2.819907
314 2.821987
314 2.873987
319 2.876067
324 2.878147
326 2.880227
327 2.882307
328 2.915587
329 2.917667
330 2.919747
331 2.921827
332 2.923907
333 2.959267
334 2.961347
335 2.963427
336 2.965507
337 2.967587
338 2.969667
339 3.013347
340 3.015427
341 3.017507
342 3.019587
343 3.021667
344 3.100707
345 3.102787
346 3.104867
347 3.106947
348 3.109027
349 3.138147
350 3.140227
351 3.142307
352 3.152707
353 3.154787
354 3.167267
355 3.169347
356 3.171427
357 3.177667
358 3.179747
359 3.192227
360 3.194307
361 3.196387
362 3.198467
364 3.210947
365 3.213027
366 3.215107
367 3.217187
369 3.229667
370 3.231747
371 3.233827
372 3.235907
374 3.248387
363 3.250467
363 3.287907
368 3.289987
373 3.292067
375 3.294147
376 3.296227
377 3.362787
378 3.364867
379 3.366947
380 3.369027
381 3.371107
382 3.373187
383 3.418947
384 3.421027
385 3.423107
386 3.425187
387 3.427267
388 3.429347
389 3.473027
390 3.475107
391 3.477187
392 3.479267
393 3.516707
394 3.518787
395 3.520867
396 3.529187
397 3.533347
398 3.558307
399 3.560387
400 3.562467
401 3.572867
402 3.574947
403 3.589507
404 3.595747
405 3.597827
406 3.608227
407 3.610307
408 3.622787
409 3.624867
410 3.629027
411 3.631107
412 3.635267
413 3.645667
414 3.647747
415 3.651907
416 3.653987
418 3.664387
419 3.666467
420 3.670627
421 3.672707
422 3.674787
423 3.685187
424 3.687267
425 3.691427
426 3.693507
428 3.703907
417 3.708067
417 3.751747
427 3.753827
429 3.755907
430 3.757987
431 3.760067
432 3.791267
433 3.793347
434 3.795427
435 3.797507
436 3.799587
437 3.801667
438 3.832867
439 3.834947
440 3.837027
441 3.839107
442 3.926467
443 3.928547
444 3.930627
445 3.932707
446 3.934787
447 3.955587
448 3.957667
449 3.974307
450 3.978467
452 3.993027
453 3.995107
454 3.997187
455 4.007587
456 4.009667
457 4.028387
458 4.030467
459 4.032547
460 4.034627
451 4.063747
451 4.074147
461 4.084547
462 4.086627
463 4.090787
464 4.097027
465 4.119907
466 4.124067
467 4.126147
468 4.130307
469 4.134467
470 4.157347
471 4.159427
472 4.163587
473 4.165667
474 4.167747
475 4.171907
476 4.184387
481 4.190627
477 4.207267
478 4.209347
479 4.211427
480 4.213507
482 4.215587
483 4.223907
484 4.225987
486 4.238467
485 4.257187
487 4.259267
488 4.261347
489 4.263427
490 4.265507
491 4.282147
492 4.286307
493 4.292547
494 4.294627
495 4.296707
496 4.309187
497 4.311267
498 4.313347
499 4.317507
501 4.323747
502 4.327907
503 4.332067
504 4.334147
506 4.344547
507 4.346627
508 4.350787
500 4.361187
500 4.384067
505 4.392387
509 4.398627
510 4.400707
511 4.448547
512 4.450627
513 4.452707
514 4.454787
515 4.461027
516 4.490147
517 4.492227
518 4.494307
519 4.498467
520 4.506787
521 4.508867
522 4.521347
525 4.527587
526 4.529667
527 4.535907
523 4.548387
524 4.550467
528 4.552547
529 4.556707
530 4.560867
531 4.562947
523 4.567107
532 4.585827
533 4.587907
534 4.589987
535 4.592067
536 4.594147
537 4.596227
542 4.637827
543 4.639907
538 4.689827
539 4.691907
540 4.696067
541 4.698147
544 4.708547
545 4.710627
546 4.764707
547 4.770947
548 4.773027
549 4.775107
550 4.779267
551 4.781347
552 4.787587
553 4.791747
554 4.820867
555 4.822947
556 4.825027
557 4.833347
558 4.835427
559 4.837507
560 4.839587
561 4.841667
562 4.847907
563 4.849987
564 4.852067
567 4.864547
572 4.874947
565 4.897827
566 4.899907
568 4.901987
569 4.904067
570 4.906147
571 4.908227
573 4.910307
574 4.912387
575 4.914467
576 4.949827
577 4.951907
578 4.953987
579 4.956067
580 4.958147
581 4.960227
582 4.962307
583 4.964387
584 4.966467
585 4.968547
586 4.985187
587 5.012227
588 5.014307
589 5.016387
590 5.018467
591 5.020547
592 5.043427
593 5.045507
594 5.047587
595 5.049667
596 5.051747
597 5.076707
598 5.082947
599 5.087107
600 5.089187
601 5.091267
602 5.105827
603 5.114147
604 5.118307
605 5.120387
606 5.122467
607 5.137027
608 5.139107
609 5.147427
610 5.151587
611 5.153667
612 5.170307
613 5.172387
614 5.176547
615 5.182787
616 5.184867
617 5.201507
618 5.203587
619 5.205667
620 5.209827
621 5.213987
622 5.228547
623 5.232707
624 5.236867
625 5.245187
626 5.247267
627 5.261827
628 5.268067
629 5.270147
630 5.276387
631 5.278467
632 5.293027
633 5.295107
634 5.297187
635 5.301347
636 5.307587
637 5.340867
638 5.342947
639 5.351267
640 5.355427
642 5.361667
651 5.367907
652 5.378307
653 5.380387
656 5.397027
657 5.403267
654 5.421987
655 5.428227
641 5.434467
643 5.649347
644 5.664867
645 5.666947
646 5.683347
647 5.685427
648 5.687507
649 5.702067
650 5.706227
651 5.710387
652 5.712467
653 5.727027
659 5.731187
660 5.733267
661 5.735347
662 5.739507
663 5.741587
658 5.747827
664 5.774867
665 5.776947
666 5.779027
667 5.791507
668 5.806067
669 5.812307
670 5.814387
671 5.818547
672 5.820627
673 5.837267
674 5.843507
675 5.845587
676 5.847667
677 5.851827
678 5.855987
679 5.880947
680 5.883027
681 5.885107
682 5.891347
683 5.893427
684 5.910067
685 5.912147
686 5.922547
687 5.924627
689 5.937107
690 5.939187
691 5.941267
692 5.943347
694 5.955827
695 5.957907
688 5.995347
693 6.007827
696 6.016147
697 6.018227
688 6.020307
698 6.091027
699 6.093107
700 6.095187
701 6.097267
702 6.099347
703 6.105587
704 6.128467
705 6.130547
706 6.134707
707 6.136787
708 6.147187
709 6.149267
710 6.153427
711 6.159667
713 6.161747
712 6.176307
714 6.190867
715 6.195027
716 6.197107
717 6.199187
718 6.211667
719 6.213747
720 6.215827
721 6.224147
722 6.228307
723 6.234547
724 6.236627
725 6.238707
726 6.244947
727 6.249107
728 6.288627
729 6.290707
730 6.292787
731 6.296947
732 6.299027
733 6.311507
734 6.313587
735 6.315667
736 6.317747
738 6.336467
739 6.338547
740 6.340627
741 6.342707
743 6.355187
744 6.357267
745 6.359347
746 6.361427
748 6.373907
737 6.375987
737 6.409267
742 6.421747
747 6.430067
749 6.432147
750 6.434227
751 6.479987
752 6.492467
753 6.494547
754 6.496627
755 6.498707
757 6.504947
756 6.540307
758 6.548627
759 6.552787
760 6.554867
761 6.559027
762 6.567347
763 6.575667
764 6.579827
765 6.581907
767 6.588147
768 6.592307
769 6.598547
772 6.608947
773 6.611027
766 6.633907
770 6.635987
771 6.638067
774 6.640147
775 6.644307
766 6.646387
776 6.683827
777 6.685907
778 6.687987
779 6.690067
780 6.692147
781 6.715027
786 6.746227
782 6.904307
783 6.906387
784 6.908467
785 6.910547
787 6.912627
788 6.920947
789 6.925107
791 6.929267
792 6.931347
793 6.935507
790 6.937587
794 6.941747
795 6.943827
796 6.947987
797 6.950067
798 6.952147
790 6.960467
800 6.966707
801 6.968787
799 6.970867
802 6.975027
803 6.977107
805 6.985427
804 6.987507
806 6.993747
807 6.997907
808 6.999987
809 7.006227
810 7.010387
811 7.014547
812 7.018707
813 7.020787
814 7.024947
815 7.029107
816 7.033267
817 7.037427
818 7.041587
819 7.045747
820 7.047827
821 7.072787
822 7.076947
823 7.081107
826 7.093587
827 7.095667
831 7.128947
832 7.145587
833 7.149747
824 7.158067
825 7.162227
828 7.166387
829 7.168467
830 7.170547
824 7.174707
834 7.189267
835 7.191347
836 7.193427
837 7.195507
838 7.197587
839 7.199667
840 7.207987
841 7.212147
842 7.214227
845 7.218387
843 7.220467
844 7.222547
846 7.228787
848 7.232947
847 7.237107
849 7.239187
850 7.243347
851 7.247507
852 7.249587
853 7.253747
856 7.257907
854 7.259987
855 7.264147
857 7.270387
858 7.272467
859 7.276627
860 7.280787
861 7.282867
862 7.284947
863 7.287027
864 7.289107
865 7.299507
866 7.309907
867 7.311987
868 7.314067
869 7.316147
870 7.318227
871 7.322387
872 7.324467
873 7.326547
874 7.328627
876 7.330707
877 7.332787
875 7.341107
878 7.351507
879 7.353587
880 7.355667
881 7.359827
882 7.361907
883 7.363987
884 7.366067
885 7.368147
886 7.370227
887 7.372307
888 7.374387
889 7.376467
891 7.378547
892 7.380627
890 7.403507
893 7.407667
894 7.409747
895 7.411827
896 7.413907
897 7.415987
898 7.418067
899 7.420147
900 7.422227
901 7.424307
902 7.426387
903 7.428467
904 7.430547
906 7.432627
907 7.434707
908 7.436787
911 7.438867
912 7.440947
905 7.472147
909 7.474227
910 7.476307
913 7.478387
914 7.480467
915 7.482547
916 7.578227
917 7.580307
918 7.582387
905 7.584467
919 7.586547
920 7.603187
921 7.605267
922 7.607347
923 7.619827
924 7.623987
925 7.634387
926 7.636467
927 7.642707
928 7.644787
929 7.646867
930 7.653107
931 7.661427
932 7.663507
935 7.675987
936 7.678067
937 7.680147
940 7.692627
941 7.694707
933 7.734227
934 7.736307
938 7.738387
939 7.740467
942 7.742547
943 7.744627
933 7.746707
944 7.800787
945 7.802867
946 7.804947
947 7.807027
948 7.809107
949 7.811187
950 7.848627
951 7.850707
952 7.852787
953 7.854867
954 7.856947
955 7.859027
956 7.913107
957 7.915187
958 7.917267
959 7.919347
960 7.921427
961 7.923507
962 7.925587
963 7.963027
964 8.000467
965 8.002547
966 8.004627
967 8.006707
968 8.008787
969 8.033747
970 8.035827
971 8.037907
972 8.050387
973 8.054547
974 8.067027
975 8.069107
976 8.071187
977 8.073267
978 8.083667
979 8.096147
980 8.098227
981 8.102387
982 8.106547
983 8.108627
984 8.121107
985 8.123187
986 8.125267
987 8.127347
988 8.129427
989 8.141907
990 8.143987
991 8.146067
992 8.148147
993 8.150227
994 8.162707
995 8.164787
996 8.166867
997 8.168947
998 8.171027
999 8.183507
1000 8.185587
1001 8.187667
1002 8.189747
1003 8.191827
1004 8.200147
1005 8.202227
1006 8.206387
1007 8.208467
1008 8.210547
1009 8.214707
1010 8.216787
1011 8.220947
1012 8.225107
1013 8.227187
1014 8.314547
1015 8.316627
1016 8.318707
1017 8.322867
1018 8.327027
1023 8.335347
1027 8.341587
1028 8.343667
1029 8.349907
1031 8.351987
1032 8.354067
1030 8.376947
1033 8.395667
1019 8.397747
1020 8.620307
1021 8.643187
1022 8.645267
1023 8.674387
1024 8.676467
1025 8.678547
1026 8.680627
1027 8.701427
1028 8.703507
1034 8.705587
1035 8.707667
1036 8.726387
1037 8.730547
1038 8.923987
1039 8.928147
1040 8.930227
1041 8.932307
1042 8.934387
1047 8.973907
1043 9.013427
1044 9.017587
1045 9.021747
1046 9.023827
1048 9.027987
1049 9.036307
1050 9.038387
1051 9.040467
1052 9.044627
1053 9.046707
1054 9.048787
1055 9.055027
1056 9.057107
1057 9.059187
1058 9.061267
1059 9.063347
1060 9.067507
1061 9.069587
1062 9.073747
1063 9.075827
1064 9.079987
1065 9.082067
1066 9.084147
1067 9.086227
1068 9.090387
1069 9.094547
1070 9.098707
1071 9.100787
1072 9.102867
1073 9.107027
1075 9.109107
1076 9.111187
1077 9.113267
1074 9.115347
1078 9.123667
1079 9.125747
1080 9.131987
1081 9.134067
1082 9.136147
1083 9.138227
1084 9.140307
1074 9.150707
1085 9.152787
1086 9.154867
1089 9.156947
1090 9.159027
1087 9.161107
1088 9.163187
1091 9.173587
1092 9.177747
1094 9.179827
1095 9.181907
1096 9.183987
1093 9.186067
1097 9.196467
1098 9.198547
1099 9.202707
1100 9.204787
1101 9.206867
1093 9.208947
1102 9.219347
1103 9.223507
1104 9.225587
1105 9.227667
1106 9.229747
1107 9.240147
1108 9.250547
1109 9.252627
1110 9.254707
1111 9.258867
1113 9.263027
1112 9.271347
1114 9.283827
1115 9.285907
1116 9.290067
1117 9.294227
1118 9.300467
1119 9.304627
1120 9.312947
1121 9.315027
1123 9.317107
1124 9.321267
1125 9.327507
1122 9.348307
1126 9.354547
1127 9.358707
1128 9.360787
1129 9.364947
1130 9.369107
1122 9.373267
1131 9.404467
1132 9.416947
1133 9.419027
1134 9.421107
1135 9.425267
1136 9.429427
1137 9.443987
1138 9.448147
1142 9.452307
1139 9.471027
1140 9.473107
1141 9.475187
1143 9.489747
1144 9.493907
1145 9.498067
1147 9.506387
1148 9.508467
1149 9.510547
1152 9.516787
1146 9.529267
1150 9.547987
1151 9.552147
1153 9.562547
1154 9.564627
1146 9.568787
1156 9.577107
1155 9.610387
1157 9.620787
1158 9.622867
1159 9.624947
1160 9.627027
1161 9.641587
1162 9.683187
1163 9.685267
1164 9.689427
1165 9.691507
1166 9.701907
1167 9.703987
1168 9.714387
1169 9.718547
1171 9.733107
1172 9.739347
1173 9.741427
1176 9.760147
1170 9.780947
1174 9.791347
1175 9.793427
1177 9.797587
1178 9.799667
1170 9.801747
1179 9.810067
1180 9.841267
1181 9.843347
1182 9.845427
1183 9.847507
1184 9.914067
1185 9.930707
1186 9.932787
1187 9.936947
1188 9.939027
1189 9.997267
1190 9.999347
1191 10.001427
1192 10.003507
1193 10.005587
1194 10.007667
1200 10.038867
1195 10.065907
1196 10.067987
1197 10.070067
1198 10.072147
1199 10.074227
1201 10.076307
1202 10.082547
1203 10.124147
1204 10.126227
1205 10.128307
1206 10.130387
1207 10.132467
1208 10.134547
1209 10.136627
1210 10.138707
1211 10.186547
1212 10.188627
1213 10.190707
1214 10.192787
1215 10.194867
1216 10.196947
1217 10.199027
1218 10.201107
1219 10.203187
1220 10.207347
1221 10.209427
1222 10.217747
1223 10.219827
1224 10.221907
1225 10.223987
1226 10.226067
1227 10.228147
1228 10.230227
1229 10.232307
1230 10.265587
1231 10.267667
1232 10.269747
1235 10.303027
1236 10.305107
1237 10.307187
1238 10.309267
1239 10.311347
1240 10.323827
1241 10.342547
1242 10.346707
1243 10.348787
1245 10.382067
1233 10.386227
1233 10.575507
1234 10.577587
1244 10.579667
1246 10.581747
1247 10.583827
1252 10.633747
1253 10.635827
1248 10.679507
1249 10.681587
1250 10.683667
1251 10.685747
1254 10.689907
1255 10.691987
1256 10.700307
1257 10.702387
1258 10.704467
1259 10.706547
1260 10.708627
1261 10.710707
1262 10.712787
1263 10.715187
1264 10.717267
1265 10.719347
1266 10.721427
1267 10.723507
1269 10.725587
1268 10.727667
1270 10.729747
1271 10.731827
1272 10.733907
1273 10.735987
1274 10.738067
1275 10.740147
1276 10.742227
1277 10.744307
1278 10.746387
1279 10.748467
1280 10.750547
1281 10.752627
1282 10.754707
1283 10.756787
1284 10.758867
1285 10.760947
1286 10.763027
1288 10.765107
1289 10.767187
1287 10.769267
1290 10.771347
1291 10.773427
1292 10.775507
1293 10.777587
1294 10.779667
1295 10.781747
1298 10.783827
1296 10.785907
1297 10.787987
1299 10.790067
1300 10.792147
1301 10.794227
1302 10.796307
1303 10.798387
1304 10.800467
1305 10.802547
1306 10.804627
1308 10.806707
1309 10.808787
1310 10.810867
1313 10.812947
1307 10.815027
1311 10.817107
1312 10.819187
1314 10.821267
1315 10.823347
1316 10.825427
1317 10.827507
1318 10.829587
1319 10.831667
1320 10.833747
1307 10.835827
1321 10.838227
1322 10.840307
1323 10.842387
1324 10.844467
1325 10.846547
1326 10.848627
1327 10.850707
1328 10.852787
1329 10.855187
1330 10.857267
1331 10.859347
1332 10.861427
1333 10.863507
1334 10.865587
1335 10.867667
1336 10.869747
1337 10.871827
1338 10.873907
1339 10.875987
1340 10.878067
1341 10.880147
1342 10.882227
1343 10.884307
1344 10.886387
1345 10.888467
1346 10.890547
1347 10.892627
1348 10.894707
1349 10.898867
1350 10.900947
1351 10.905107
1352 10.907187
1353 10.909267
1354 10.911347
1355 10.913427
1356 10.915507
1357 10.917587
1358 10.919667
1359 10.921747
1360 10.923827
1363 10.925907
1364 10.927987
1361 10.938387
1362 10.940467
1365 10.942547
1366 10.944627
1367 10.946707
1368 10.948787
1369 10.950867
1370 10.952947
1371 10.955027
1372 10.957107
1373 10.959187
1374 10.961267
1375 10.963347
1376 10.965427
1377 10.967507
1378 10.969587
1379 10.971667
1380 10.973747
1381 10.975827
1382 10.977907
1383 10.979987
1384 10.982067
1385 10.984147
1386 10.986227
1387 10.988307
1388 10.990387
1389 10.992467
1390 10.994547
1391 10.996627
1392 10.998707
1393 11.000787
1394 11.002867
1395 11.004947
1396 11.007027
1397 11.009107
1398 11.011187
1399 11.013267
1400 11.015347
1401 11.017427
1402 11.019507
1403 11.036147
1404 11.038227
1405 11.040307
1406 11.042387
1407 11.044467
1408 11.046547
1409 11.048627
1410 11.050707
1411 11.052787
1412 11.054867
1413 11.056947
1417 11.059027
1418 11.061107
1419 11.063187
1421 11.065267
1422 11.067347
1423 11.069427
1424 11.071507
1426 11.073587
1427 11.075667
1428 11.077747
1414 11.079827
1420 11.108947
1425 11.111027
1429 11.113107
1430 11.115187
1415 11.325267
1416 11.341907
1417 11.343987
1431 11.425107
1432 11.427187
1433 11.429267
1434 11.433427
1435 11.483347
1436 11.485427
1437 11.487507
1438 11.491667
1439 11.547827
1440 11.549907
1441 11.551987
1442 11.554067
1443 11.556147
1444 11.593587
1445 11.595667
1446 11.597747
1447 11.599827
1448 11.601907
1449 11.637267
1450 11.639347
1451 11.641427
1452 11.643507
1453 11.645587
1454 11.647667
1455 11.693427
1456 11.695507
1457 11.697587
1458 11.699667
1459 11.701747
1460 11.703827
1461 11.705907
1462 11.722547
1463 11.724627
1464 11.726707
1465 11.728787
1466 11.730867
1467 11.732947
1468 11.735027
1469 11.737107
1470 11.739187
1471 11.741267
1472 11.743347
1473 11.776627
1477 11.807827
1478 11.809907
1479 11.811987
1480 11.814067
1481 11.816147
1482 11.849427
1474 12.065747
1475 12.067827
1476 12.069907
1483 12.071987
1484 12.074067
1474 12.076147
1474 12.078227
1475 12.088627
1476 12.090707
1477 12.092787
1483 12.094867
