0.11	0.00
0.12	21.51
0.12	509.43
0.14	538.07
0.14	752.38
0.14	941.70
0.14	1110.17
0.16	923.53
0.16	1036.83
0.17	1102.90
0.17	1198.98
0.18	1211.14
0.18	1292.79
0.18	1331.91
0.18	1403.73
0.20	1190.86
0.21	1249.20
0.21	1279.14
0.21	1332.33
0.22	1308.23
0.22	1356.16
0.23	1355.01
0.23	1398.98
0.24	1374.10
0.24	1414.40
0.25	1431.84
0.25	1469.53
0.25	1463.78
0.26	1498.93
0.26	1512.45
0.26	1545.55
0.29	1363.00
0.29	1392.58
0.30	1405.91
0.30	1434.06
0.31	1416.00
0.31	1442.60
0.31	1439.32
0.32	1464.64
0.33	1419.96
0.33	1430.58
0.34	1402.96
0.35	1413.25
0.36	1387.94
0.36	1397.88
0.37	1396.34
0.37	1405.76
0.38	1393.48
0.38	1413.06
0.39	1432.34
0.39	1451.34
0.39	1470.06
0.39	1488.50
0.39	1506.68
0.40	1524.60
0.40	1542.26
0.40	1559.67
0.40	1565.82
0.41	1561.05
0.41	1566.98
0.45	1429.90
0.46	1428.18
0.46	1418.23
0.47	1424.91
0.48	1391.93
0.54	1218.89
0.55	1232.06
0.55	1245.11
0.58	1175.32
0.58	1187.65
0.58	1199.87
0.59	1206.76
0.59	1218.74
0.59	1230.62
0.60	1242.39
0.60	1254.07
0.69	1071.39
0.73	1013.33
0.79	930.55
0.86	861.94
0.92	810.33
1.13	648.79
1.15	647.51
1.15	652.89
1.16	654.14
1.17	659.42
1.17	665.96
1.18	667.26
1.18	672.41
1.19	677.52
1.19	683.90
1.20	686.31
1.21	688.68
1.21	692.32
1.21	698.53
1.22	704.71
1.22	709.55
1.22	715.68
1.23	719.11
1.25	715.91
1.25	721.90
1.25	727.86
1.25	732.47
1.26	735.72
1.28	732.37
1.28	738.16
1.28	741.31
1.29	745.74
1.30	748.82
1.30	750.57
1.31	750.99
1.32	753.99
1.32	759.54
1.33	763.77
1.33	767.96
1.34	770.83
1.35	772.37
1.36	771.32
1.37	772.83
1.37	776.86
1.37	782.16
1.37	787.44
1.38	791.40
1.39	792.75
1.40	794.09
1.41	792.87
1.42	792.93
1.42	796.74
1.43	800.53
1.43	805.57
1.43	810.58
1.43	814.31
1.44	816.73
1.45	815.34
1.46	815.23
1.48	812.64
1.48	816.23
1.49	819.79
1.49	823.34
1.49	828.10
1.50	832.85
1.50	837.59
1.51	838.55
1.52	837.04
1.53	835.54
1.53	838.93
1.54	843.53
1.54	848.11
1.54	852.68
1.55	852.30
1.56	854.37
1.56	856.42
1.57	859.68
1.57	862.91
1.57	867.36
1.60	857.23
1.60	861.60
1.61	865.96
1.61	870.30
1.61	874.63
1.61	878.95
1.61	883.25
1.67	854.58
1.68	858.74
1.68	862.90
1.68	867.05
1.68	871.18
1.68	875.30
1.69	879.42
1.74	853.24
1.75	856.14
1.75	859.03
1.76	861.91
1.76	865.85
1.76	868.70
1.77	872.63
1.77	876.54
1.82	856.88
1.82	858.61
1.83	861.37
1.83	864.12
1.83	866.85
1.84	869.57
1.84	873.33
1.84	876.02
1.85	879.76
1.89	861.88
1.90	862.52
1.90	865.15
1.91	867.77
1.92	869.37
1.92	871.97
1.92	874.55
1.93	878.12
1.93	880.68
1.93	883.23
1.98	866.10
1.99	863.83
2.00	867.28
2.00	870.72
2.00	874.16
2.00	877.58
2.00	881.00
2.02	876.74
2.03	879.17
2.03	882.55
2.03	884.96
2.07	872.33
2.08	873.79
2.08	877.09
2.08	880.38
2.10	878.12
2.10	881.37
2.10	884.63
2.14	871.53
2.15	872.94
2.15	876.13
2.15	878.41
2.16	879.79
2.16	882.95
2.16	886.11
2.19	879.48
2.19	880.83
2.20	883.94
2.20	886.16
2.20	888.36
2.21	890.56
2.21	893.64
2.21	896.70
2.23	892.72
2.24	892.27
2.25	894.42
2.25	896.57
2.25	898.70
2.26	901.70
2.27	900.35
2.28	900.73
2.28	902.83
2.29	904.93
2.30	901.86
2.50	829.52
2.53	824.41
2.53	827.14
2.57	818.63
2.57	821.32
2.57	823.30
2.62	810.28
2.62	812.91
2.63	814.20
2.67	804.24
2.68	806.18
2.68	808.76
2.68	810.68
2.72	802.25
2.72	804.16
2.73	806.05
2.73	807.94
2.73	810.47
2.77	802.21
2.78	803.45
2.78	805.31
2.79	807.16
2.79	809.01
2.79	811.48
2.84	800.94
2.85	801.54
2.85	803.36
2.86	805.17
2.86	806.97
2.86	808.77
2.87	811.18
2.91	802.10
2.91	803.88
2.92	805.65
2.92	807.42
2.92	809.18
2.93	811.53
2.93	813.88
2.97	804.38
2.97	806.70
2.98	808.42
2.98	810.15
2.99	811.87
2.99	813.58
2.99	815.88
2.99	818.17
3.04	807.67
3.05	809.36
3.05	811.61
3.05	813.29
3.06	814.97
3.06	816.06
3.07	817.72
3.07	819.38
3.07	821.61
3.12	813.02
3.12	814.09
3.12	816.29
3.13	817.92
3.13	820.11
3.13	821.73
3.14	822.78
3.14	824.39
3.15	825.44
3.15	827.04
3.20	818.60
3.21	818.54
3.21	820.12
3.21	822.25
3.22	823.82
3.22	825.95
3.22	828.06
3.23	829.07
3.23	830.63
3.24	831.63
3.24	833.18
3.29	823.28
3.30	823.74
3.30	825.81
3.30	827.33
3.31	829.40
3.31	830.92
3.31	832.97
3.31	835.02
3.32	836.53
3.32	838.04
3.33	839.54
3.33	840.49
3.38	830.23
3.39	831.71
3.39	833.72
3.39	835.72
3.40	837.20
3.40	839.19
3.40	840.66
3.40	842.65
3.41	844.64
3.41	846.63
3.41	848.08
3.42	849.53
3.42	850.97
3.45	846.58
3.45	848.54
3.45	850.50
3.45	852.45
3.46	854.41
3.46	856.36
3.46	858.31
3.46	860.26
3.46	862.20
3.47	864.14
3.47	866.08
3.47	868.02
3.47	869.42
3.51	863.89
3.51	865.80
3.51	867.72
3.51	869.63
3.51	871.54
3.53	869.21
3.54	870.58
3.54	872.47
3.78	817.04
3.83	808.33
3.83	810.11
3.89	801.17
3.89	802.93
3.89	803.80
3.94	795.52
3.95	796.39
3.96	797.26
3.96	798.99
4.01	790.90
4.02	790.92
4.02	792.63
4.02	794.33
4.03	796.03
4.03	797.31
4.04	798.16
4.10	787.77
4.10	789.03
4.10	790.70
4.11	792.37
4.11	793.62
4.15	788.33
4.15	789.98
4.15	791.63
4.15	793.28
4.16	794.93
4.16	796.57
4.18	794.95
4.18	796.18
4.18	797.82
4.19	799.04
4.19	800.67
4.19	802.30
4.20	803.52
4.20	804.74
4.20	806.36
4.20	807.98
4.21	809.60
4.21	811.22
4.28	799.46
4.28	801.06
4.29	802.25
4.29	803.44
4.29	804.63
4.30	806.22
4.30	807.40
4.30	808.98
4.37	798.30
4.37	799.48
4.38	800.25
4.38	801.81
4.39	802.98
4.39	804.14
4.39	805.30
4.40	806.46
4.40	808.00
4.47	796.44
4.48	797.20
4.49	797.97
4.49	799.11
4.49	800.63
4.49	802.14
4.50	803.28
4.50	804.41
4.51	805.54
4.51	806.67
4.60	792.47
4.60	793.95
4.61	795.07
4.61	796.18
4.61	797.66
4.61	799.13
4.62	800.61
4.62	802.08
4.62	803.19
4.63	804.29
4.63	805.39
4.70	795.53
4.70	796.98
4.70	798.43
4.70	799.87
4.71	801.32
4.71	802.77
4.71	804.21
4.71	805.65
4.71	807.10
4.72	808.54
4.72	809.98
4.72	811.05
4.77	804.51
4.77	805.58
4.78	807.00
4.78	808.06
4.78	809.48
4.79	810.90
4.79	812.32
4.79	813.73
4.79	815.15
4.79	816.56
4.80	817.97
4.80	819.38
4.80	820.79
4.82	818.94
4.82	819.98
4.83	821.38
4.83	822.42
4.84	823.45
4.84	824.85
4.84	825.88
4.84	827.28
4.85	828.67
4.85	830.06
4.85	831.45
4.85	832.84
4.85	834.23
4.86	835.61
4.87	835.53
4.87	836.92
4.87	837.93
4.87	839.31
4.88	840.32
4.88	841.70
4.88	843.07
4.88	844.45
4.89	845.82
4.89	847.19
4.89	848.56
4.89	849.93
4.90	851.30
4.90	852.67
4.90	854.03
4.90	855.40
4.90	856.76
4.91	858.12
4.91	859.48
4.91	860.84
4.91	862.20
4.91	863.56
4.92	864.92
4.92	866.27
4.92	867.63
4.92	868.98
4.92	870.33
4.93	871.68
4.93	872.22
4.94	873.57
5.14	838.92
5.17	836.77
5.17	838.07
5.19	835.94
5.19	837.23
5.20	837.84
5.20	839.13
5.20	840.42
5.21	841.36
5.23	838.89
5.24	839.49
5.25	839.75
5.25	841.03
5.27	839.25
5.27	840.52
5.28	840.78
5.29	840.70
5.29	841.97
5.32	840.20
5.32	841.13
5.32	842.39
5.33	842.97
5.35	840.88
5.36	840.47
5.37	841.05
5.37	841.97
5.38	843.21
5.38	843.79
5.38	845.04
5.40	843.29
5.41	843.54
5.41	844.77
5.42	845.68
5.43	846.25
5.43	846.82
5.44	847.72
5.45	846.64
5.45	847.86
5.46	847.77
5.47	848.67
5.47	849.89
5.48	850.45
5.48	851.01
5.49	851.57
5.50	850.81
5.51	851.37
5.52	851.60
5.52	852.81
5.53	853.69
5.53	854.57
5.54	855.12
5.54	855.67
5.55	856.21
5.56	855.13
5.57	855.35
5.58	855.57
5.59	856.44
5.59	857.63
5.59	858.82
5.59	859.69
5.60	860.23
5.61	860.44
5.61	860.97
5.63	859.89
5.64	859.77
5.65	859.66
5.66	860.52
5.66	861.37
5.66	862.54
5.66	863.72
5.67	864.89
5.67	865.42
5.68	865.62
5.69	866.14
5.69	866.66
5.70	867.18
5.70	868.35
5.71	869.19
5.71	870.35
5.71	871.51
5.71	872.67
5.71	873.83
5.72	874.67
5.76	869.70
5.76	870.53
5.77	871.36
5.77	872.19
5.78	872.70
5.78	873.85
5.78	874.99
5.82	870.71
5.82	871.54
5.83	872.04
5.84	872.54
5.84	873.04
5.85	874.18
5.85	874.99
5.88	871.70
5.89	872.20
5.90	871.76
5.91	872.26
5.91	872.75
5.91	873.87
5.92	874.99
5.92	875.80
5.95	872.55
5.96	872.73
5.98	871.67
5.98	872.16
5.99	872.65
5.99	873.45
6.00	874.55
6.00	875.65
6.00	876.76
6.03	873.24
6.04	873.41
6.05	872.98
6.06	873.16
6.07	873.34
6.08	873.82
6.08	874.60
6.08	875.38
6.09	876.47
6.09	877.56
6.09	878.64
6.13	874.26
6.13	875.34
6.13	876.41
6.14	877.49
6.14	878.57
6.14	879.64
6.15	880.42
6.15	881.49
6.15	882.56
6.15	883.64
6.23	874.18
6.23	875.25
6.23	876.01
6.24	876.77
6.24	877.83
6.31	869.46
6.31	870.22
6.31	871.26
6.36	866.51
6.57	839.00
6.59	838.24
6.59	839.26
6.60	838.61
6.61	839.63
6.61	840.64
6.63	839.77
6.63	840.78
6.63	841.78
6.63	842.79
6.64	843.26
6.65	842.65
6.66	842.85
6.67	843.59
6.67	844.05
6.68	843.72
6.69	844.71
6.70	844.64
6.70	845.11
6.71	845.03
6.73	844.70
6.73	845.42
6.74	845.35
6.74	846.34
6.75	846.00
6.77	845.14
6.79	844.54
6.79	845.26
6.80	845.72
6.80	846.44
6.80	847.41
6.83	844.98
6.84	844.91
6.85	844.84
6.85	845.82
6.86	846.79
6.86	847.76
6.86	848.73
6.87	848.92
6.88	848.32
6.89	849.03
6.91	847.65
6.91	848.62
6.91	849.32
6.92	850.28
6.92	850.98
6.93	851.69
6.94	851.61
6.94	852.57
6.94	853.26
6.96	851.63
6.97	852.33
6.98	852.76
6.98	853.46
6.98	854.15
6.99	854.84
7.00	854.76
7.00	855.71
7.00	856.66
7.01	857.35
7.03	855.20
7.04	855.89
7.04	856.32
7.05	856.75
7.05	857.43
7.06	858.12
7.07	858.03
7.07	858.71
7.07	859.65
7.08	860.33
7.08	861.27
7.11	859.13
7.12	858.28
7.13	858.70
7.14	859.12
7.14	859.79
7.15	860.47
7.16	860.12
7.16	860.80
7.17	861.47
7.17	862.14
7.17	863.06
7.17	863.99
7.19	863.64
7.21	862.53
7.21	863.45
7.21	864.37
7.21	865.29
7.21	866.20
7.22	867.12
7.22	867.78
7.22	868.45
7.23	868.85
7.24	869.51
7.27	866.63
7.27	867.54
7.27	868.45
7.28	868.61
7.28	869.26
7.29	870.17
7.30	870.07
7.30	870.97
7.34	866.86
7.35	867.76
7.35	868.66
7.36	868.81
7.36	869.46
7.36	870.36
7.37	870.51
7.37	871.41
7.42	867.09
7.42	867.49
7.43	868.38
7.43	868.53
7.44	868.92
7.45	869.56
7.45	870.20
7.45	871.09
7.48	868.78
7.48	869.66
7.49	870.05
7.49	870.69
7.50	871.08
7.51	870.98
7.51	871.61
7.52	872.25
7.52	872.88
7.54	871.31
7.55	872.19
7.55	873.06
7.57	871.26
7.58	871.64
7.58	872.27
7.59	872.90
7.61	872.07
7.63	870.53
7.63	871.15
7.64	871.77
7.85	848.53
7.87	847.58
7.87	848.43
7.89	847.68
7.89	848.52
7.90	849.14
7.92	847.94
7.92	848.78
7.92	849.39
7.93	850.23
7.93	851.07
7.95	849.65
7.96	850.03
7.96	850.42
7.97	851.02
7.99	849.61
8.00	849.54
8.01	849.93
8.01	850.31
8.01	851.14
8.04	849.51
8.05	849.22
8.06	849.16
8.07	849.54
8.07	849.91
8.08	850.74
8.10	849.34
8.11	849.06
8.13	848.33
8.14	848.49
8.14	848.87
8.15	849.46
8.15	850.28
8.17	848.90
8.18	848.83
8.20	848.12
8.21	848.49
8.21	849.30
8.21	849.89
8.21	850.70
8.23	850.42
8.23	851.22
8.24	851.59
8.24	851.74
8.25	852.11
8.26	852.48
8.26	853.28
8.26	853.87
8.27	854.24
8.27	854.82
8.27	855.62
8.28	855.99
8.29	855.91
8.30	856.06
8.31	856.21
8.31	857.00
8.31	857.58
8.37	853.19
8.37	853.77
8.37	854.56
8.38	854.92
8.38	855.71
8.39	856.07
8.39	856.43
8.40	856.58
8.41	857.15
8.41	857.72
8.45	855.08
8.45	855.44
8.45	856.22
8.46	856.15
8.47	856.94
8.47	857.72
8.48	857.65
8.48	858.00
8.50	857.71
8.50	858.07
8.51	858.42
8.54	856.02
8.55	856.16
8.55	856.94
8.57	856.66
8.57	857.43
8.57	857.99
8.60	856.03
8.60	856.80
8.61	857.36
8.61	857.71
8.62	857.85
8.63	858.40
8.65	857.29
8.66	857.43
8.66	858.19
8.66	858.54
8.67	859.30
8.67	860.06
8.68	859.78
8.68	860.54
8.68	861.30
8.69	861.86
8.69	862.20
8.70	862.33
8.71	862.88
8.73	861.97
8.73	862.32
8.73	863.07
8.74	863.00
8.75	863.54
8.76	863.67
8.76	864.43
8.76	865.18
8.76	865.93
8.77	866.69
8.77	867.02
8.78	867.36
8.78	867.90
8.79	867.82
8.82	866.08
8.83	866.42
8.83	867.16
8.83	867.70
8.84	868.24
8.84	868.78
8.85	868.91
8.86	869.03
8.87	868.33
8.88	868.87
8.88	869.41
8.89	869.73
8.89	870.27
8.89	871.01
8.90	871.54
8.91	871.67
8.92	871.38
8.92	871.91
8.93	872.44
8.93	872.77
8.94	873.09
8.94	873.62
8.95	874.15
8.95	874.89
8.96	875.21
8.97	875.33
8.97	875.86
8.97	876.38
8.98	876.91
8.99	876.82
8.99	877.14
9.00	877.05
9.01	877.37
9.02	877.89
9.02	878.42
9.02	878.94
9.03	878.85
9.04	879.37
9.05	879.48
9.06	879.19
9.06	879.50
9.25	862.46
9.27	861.60
9.27	862.31
9.30	861.07
9.30	861.78
9.30	862.49
9.33	860.87
9.33	861.57
9.33	861.89
9.36	860.27
9.37	860.59
9.37	861.30
9.38	861.62
9.41	859.24
9.42	859.55
9.42	859.87
9.43	860.38
9.43	861.08
9.47	858.14
9.48	858.46
9.48	858.97
9.49	859.47
9.49	860.17
9.49	860.86
9.54	857.38
9.54	857.69
9.55	858.01
9.56	858.32
9.61	854.32
9.61	855.00
9.62	855.13
9.63	855.26
9.70	850.19
9.70	850.87
9.70	851.55
9.71	851.68
9.71	852.18
9.77	848.09
9.77	848.77
9.77	849.44
9.78	850.12
9.78	850.80
9.78	851.48
9.83	848.14
9.83	848.64
9.83	849.31
9.84	849.80
9.84	850.47
9.84	851.15
9.85	851.64
9.88	849.23
9.89	849.72
9.89	850.39
9.89	850.88
9.90	851.36
9.90	852.03
9.90	852.70
9.91	853.19
9.94	851.15
9.94	851.63
9.95	852.30
9.95	852.78
9.95	853.27
9.96	853.75
9.96	854.42
9.96	855.08
9.97	855.74
9.99	854.60
9.99	854.91
10.00	855.21
10.00	855.69
10.01	856.17
10.01	856.65
10.02	857.13
10.02	857.79
10.02	858.45
10.02	859.11
10.04	858.86
10.04	859.34
10.04	859.82
10.05	860.30
10.05	860.77
10.06	861.07
10.06	861.37
10.07	861.84
10.07	862.50
10.07	863.15
10.08	863.45
10.08	864.10
10.09	864.57
10.09	865.05
10.09	865.52
10.10	865.81
10.11	865.92
10.11	866.21
10.12	866.68
10.12	867.16
10.13	867.81
10.13	868.28
10.13	868.93
10.13	869.57
10.14	870.04
10.14	870.51
10.15	870.98
10.15	871.45
10.16	871.73
10.16	872.20
10.16	872.67
10.17	873.13
10.17	873.60
10.18	874.06
10.18	874.53
10.19	874.99
10.19	875.64
10.19	876.28
10.19	876.93
10.19	877.57
10.20	878.22
10.20	878.86
10.20	879.50
10.20	879.96
10.21	880.42
10.23	879.26
10.23	879.90
10.24	880.54
10.24	881.00
10.24	881.64
10.25	882.10
10.25	882.74
10.25	883.19
10.27	882.21
10.28	882.84
10.28	883.30
10.28	883.76
10.29	884.39
10.29	885.03
10.29	885.49
10.30	885.94
10.32	884.77
10.32	885.40
10.32	885.86
10.33	886.31
10.33	886.76
10.34	887.40
10.34	888.03
10.35	887.58
10.36	888.03
10.37	887.58
10.37	888.03
10.38	888.48
10.39	888.04
10.40	888.66
10.41	888.57
10.41	889.02
10.42	889.11
10.63	871.66
10.65	870.90
10.66	871.51
10.68	870.42
10.68	871.03
10.68	871.47
10.72	869.70
10.72	870.31
10.72	870.92
10.73	871.19
10.77	868.41
10.77	868.85
10.78	869.46
10.78	869.56
10.84	865.95
10.84	866.23
10.85	866.50
10.86	866.77
10.86	867.37
10.91	863.97
10.92	864.24
10.93	864.34
10.93	864.61
10.94	865.05
10.94	865.65
11.00	861.29
11.01	861.56
11.01	862.00
11.02	862.60
11.02	863.19
11.02	863.79
11.02	864.39
11.06	862.03
11.07	862.30
11.07	862.73
11.07	863.33
11.08	863.76
11.08	864.35
11.08	864.78
11.12	862.44
11.13	863.03
11.13	863.29
11.14	863.72
11.14	864.31
11.15	864.25
11.15	864.84
11.15	865.43
11.19	863.26
11.19	863.85
11.19	864.44
11.20	864.38
11.21	864.80
11.21	865.39
11.22	865.49
11.22	866.08
11.23	866.50
11.26	864.34
11.27	864.76
11.27	865.35
11.28	865.29
11.28	865.87
11.29	866.29
11.29	866.71
11.29	867.14
11.30	867.56
11.30	867.98
11.33	866.31
11.34	866.73
11.34	867.15
11.35	867.56
11.35	867.98
11.35	868.56
11.35	869.14
11.36	869.72
11.36	870.14
11.36	870.56
11.37	870.97
11.39	870.43
11.39	871.00
11.39	871.58
11.39	872.16
11.39	872.73
11.40	873.15
11.40	873.72
11.40	874.30
11.40	874.88
11.41	875.45
11.41	875.86
11.41	876.28
11.43	876.21
11.43	876.62
11.43	877.19
11.44	877.61
11.44	878.18
11.49	874.74
11.49	875.31
11.50	875.88
11.50	876.45
11.50	877.02
11.50	877.59
11.50	878.16
11.51	878.73
11.51	879.30
11.51	879.87
11.51	880.44
11.51	881.01
11.52	881.41
11.56	878.94
11.56	879.35
11.57	879.91
11.57	880.32
11.57	880.89
11.57	881.45
11.58	881.86
11.58	882.42
11.59	882.83
11.59	883.39
11.59	883.64
11.60	884.20
11.60	884.76
11.60	885.33
11.63	883.49
11.64	883.90
11.64	884.30
11.65	884.70
11.65	885.26
11.65	885.66
11.65	886.23
11.66	886.79
11.66	887.35
11.66	887.91
11.66	888.31
11.67	888.71
11.67	889.11
11.67	889.67
11.68	890.07
11.70	888.87
11.71	889.27
11.71	889.66
11.71	890.22
11.72	890.78
11.72	891.34
11.72	891.89
11.72	892.45
11.72	893.00
11.73	893.56
11.73	894.12
11.73	894.51
11.74	894.91
11.74	895.30
11.74	895.86
11.75	896.41
11.78	894.57
11.78	895.12
11.78	895.68
11.78	896.23
11.79	896.78
11.80	896.70
11.80	897.25
11.80	897.80
11.81	898.19
11.81	898.74
11.83	897.54
11.84	897.93
11.84	898.48
11.85	898.07
11.86	898.62
11.88	897.58
11.88	898.13
11.88	898.52
11.90	897.96
11.91	898.35
11.91	898.58
12.13	883.21
12.14	882.81
12.14	883.34
12.16	883.10
12.16	883.63
12.16	884.17
12.16	0.00
