0.11	0.00	0.00
0.13	16.92	0.02
0.13	343.58	0.03
0.15	427.13	0.04
0.15	576.29	0.04
0.16	596.31	0.06
0.17	648.24	0.06
0.19	617.90	0.08
0.19	685.18	0.09
0.20	729.28	0.09
0.21	721.78	0.10
0.21	930.23	0.09
0.22	952.38	0.09
0.22	1081.08	0.08
0.24	930.23	0.09
0.24	1025.64	0.08
0.25	1052.63	0.08
0.26	1111.11	0.07
0.27	1081.08	0.08
0.28	1025.64	0.08
0.28	1142.86	0.07
0.29	1142.86	0.07
0.29	1111.11	0.07
0.30	1081.08	0.08
0.32	1052.63	0.08
0.32	1025.64	0.08
0.33	1052.63	0.08
0.33	1176.47	0.07
0.34	1176.47	0.07
0.35	1250.00	0.07
0.36	1052.63	0.08
0.37	1025.64	0.08
0.37	1025.64	0.08
0.38	1025.64	0.08
0.39	1250.00	0.07
0.39	1212.12	0.07
0.40	1212.12	0.07
0.40	1176.47	0.07
0.41	1111.11	0.07
0.42	1111.11	0.07
0.42	1333.33	0.06
0.43	1428.57	0.06
0.43	1481.48	0.06
0.44	1481.48	0.06
0.44	1481.48	0.06
0.45	1538.46	0.05
0.45	1481.48	0.06
0.46	1538.46	0.05
0.46	1739.13	0.05
0.47	1818.18	0.05
0.47	1818.18	0.05
0.47	1739.13	0.05
0.48	1739.13	0.05
0.48	1818.18	0.05
0.49	1818.18	0.05
0.49	1904.76	0.04
0.50	2000.00	0.04
0.52	1250.00	0.07
0.53	1250.00	0.07
0.53	1250.00	0.07
0.54	1250.00	0.07
0.59	701.75	0.12
0.60	714.29	0.12
0.60	727.27	0.11
0.60	740.74	0.11
0.61	727.27	0.11
0.65	540.54	0.15
0.65	655.74	0.13
0.65	666.67	0.12
0.66	677.97	0.12
0.66	677.97	0.12
0.66	1212.12	0.07
0.69	851.06	0.10
0.70	851.06	0.10
0.70	851.06	0.10
0.75	571.43	0.15
0.75	800.00	0.10
0.76	800.00	0.10
0.76	800.00	0.10
0.76	800.00	0.10
0.78	701.75	0.12
0.78	701.75	0.12
0.80	769.23	0.11
0.81	754.72	0.11
0.82	701.75	0.12
0.82	1176.47	0.07
0.82	1176.47	0.07
0.83	1142.86	0.07
0.84	1052.63	0.08
0.85	930.23	0.09
0.85	1111.11	0.07
0.86	1025.64	0.08
0.89	909.09	0.09
0.91	833.33	0.10
0.91	909.09	0.09
0.91	952.38	0.09
0.92	909.09	0.09
0.96	645.16	0.13
0.96	677.97	0.12
0.96	727.27	0.11
0.97	714.29	0.12
0.97	754.72	0.11
1.01	701.75	0.12
1.02	754.72	0.11
1.02	740.74	0.11
1.03	689.66	0.12
1.03	714.29	0.12
1.03	1081.08	0.08
1.04	1025.64	0.08
1.05	909.09	0.09
1.06	930.23	0.09
1.08	800.00	0.10
1.08	1250.00	0.07
1.08	1290.32	0.06
1.08	1333.33	0.06
1.09	1333.33	0.06
1.10	1290.32	0.06
1.10	1290.32	0.06
1.11	1142.86	0.07
1.12	1250.00	0.07
1.13	1111.11	0.07
1.14	1333.33	0.06
1.14	1290.32	0.06
1.14	1290.32	0.06
1.15	1290.32	0.06
1.17	1025.64	0.08
1.18	1000.00	0.08
1.18	1000.00	0.08
1.18	1176.47	0.07
1.20	1000.00	0.08
1.21	1142.86	0.07
1.21	1176.47	0.07
1.24	888.89	0.09
1.24	888.89	0.09
1.24	888.89	0.09
1.26	909.09	0.09
1.39	388.35	0.21
1.40	377.36	0.22
1.40	377.36	0.22
1.41	400.00	0.21
1.41	400.00	0.21
1.42	388.35	0.21
1.43	430.11	0.19
1.43	425.53	0.20
1.44	421.05	0.20
1.44	470.59	0.18
1.45	1600.00	0.05
1.45	1739.13	0.05
1.45	1666.67	0.05
1.46	1818.18	0.05
1.46	1739.13	0.05
1.46	2000.00	0.04
1.47	2105.26	0.04
1.49	1379.31	0.06
1.50	1290.32	0.06
1.51	1212.12	0.07
1.52	1052.63	0.08
1.53	1052.63	0.08
1.53	1052.63	0.08
1.54	1025.64	0.08
1.55	975.61	0.09
1.55	975.61	0.09
1.56	888.89	0.09
1.57	1142.86	0.07
1.57	1250.00	0.07
1.58	1250.00	0.07
1.58	1481.48	0.06
1.59	1481.48	0.06
1.59	1481.48	0.06
1.59	1600.00	0.05
1.59	1818.18	0.05
1.60	1818.18	0.05
1.60	2352.94	0.04
1.61	2000.00	0.04
1.61	2000.00	0.04
1.61	2352.94	0.04
1.62	2222.22	0.04
1.62	2105.26	0.04
1.63	2222.22	0.04
1.63	2222.22	0.04
1.64	2000.00	0.04
1.64	1904.76	0.04
1.64	1904.76	0.04
1.65	2222.22	0.04
1.65	2000.00	0.04
1.66	1904.76	0.04
1.66	2105.26	0.04
1.66	2222.22	0.04
1.67	2000.00	0.04
1.67	1904.76	0.04
1.68	2000.00	0.04
1.68	2000.00	0.04
1.69	1904.76	0.04
1.69	1904.76	0.04
1.69	2000.00	0.04
1.70	2000.00	0.04
1.70	1904.76	0.04
1.71	1904.76	0.04
1.71	2000.00	0.04
1.71	2000.00	0.04
1.72	2000.00	0.04
1.72	2000.00	0.04
1.73	2000.00	0.04
1.73	2000.00	0.04
1.74	2000.00	0.04
1.74	2000.00	0.04
1.74	2000.00	0.04
1.75	2000.00	0.04
1.75	2000.00	0.04
1.76	2000.00	0.04
1.76	2000.00	0.04
1.76	2000.00	0.04
1.77	2000.00	0.04
1.77	2000.00	0.04
1.78	2000.00	0.04
1.78	2000.00	0.04
1.78	2000.00	0.04
1.79	2000.00	0.04
1.80	1818.18	0.05
1.80	1818.18	0.05
1.81	1818.18	0.05
1.81	1818.18	0.05
1.81	1818.18	0.05
1.82	1818.18	0.05
1.82	1818.18	0.05
1.83	1600.00	0.05
1.84	1538.46	0.05
1.84	1538.46	0.05
1.85	1666.67	0.05
1.85	1666.67	0.05
1.86	1666.67	0.05
1.86	1600.00	0.05
1.87	1600.00	0.05
1.87	1600.00	0.05
1.87	1600.00	0.05
1.88	1818.18	0.05
1.88	1904.76	0.04
1.89	1904.76	0.04
1.89	1904.76	0.04
1.90	1904.76	0.04
1.90	1904.76	0.04
1.92	1379.31	0.06
1.93	1379.31	0.06
1.93	1379.31	0.06
1.93	1379.31	0.06
1.94	1379.31	0.06
1.94	1379.31	0.06
1.95	1379.31	0.06
1.95	1379.31	0.06
1.96	1379.31	0.06
1.96	1379.31	0.06
1.97	1818.18	0.05
1.97	1818.18	0.05
1.98	1818.18	0.05
1.98	1904.76	0.04
1.98	1904.76	0.04
1.99	1904.76	0.04
1.99	1904.76	0.04
2.00	1904.76	0.04
2.00	1904.76	0.04
2.00	1904.76	0.04
2.01	2105.26	0.04
2.01	2105.26	0.04
2.02	2105.26	0.04
2.02	2000.00	0.04
2.02	2000.00	0.04
2.03	2000.00	0.04
2.03	2000.00	0.04
2.04	2000.00	0.04
2.04	2105.26	0.04
2.04	2105.26	0.04
2.05	2000.00	0.04
2.05	2105.26	0.04
2.06	2105.26	0.04
2.06	2105.26	0.04
2.06	2105.26	0.04
2.07	2000.00	0.04
2.07	2105.26	0.04
2.08	2105.26	0.04
2.08	2000.00	0.04
2.08	2000.00	0.04
2.09	2000.00	0.04
2.09	2000.00	0.04
2.10	2000.00	0.04
2.10	2000.00	0.04
2.11	2000.00	0.04
2.11	2000.00	0.04
2.11	2000.00	0.04
2.12	2000.00	0.04
2.12	2000.00	0.04
2.13	2000.00	0.04
2.15	1428.57	0.06
2.15	1428.57	0.06
2.16	1428.57	0.06
2.16	1428.57	0.06
2.16	1428.57	0.06
2.17	1428.57	0.06
2.17	1379.31	0.06
2.18	1333.33	0.06
2.18	1333.33	0.06
2.19	1379.31	0.06
2.19	2000.00	0.04
2.19	1904.76	0.04
2.20	2000.00	0.04
2.22	1428.57	0.06
2.23	1176.47	0.07
2.24	1212.12	0.07
2.25	1142.86	0.07
2.50	258.06	0.32
2.54	231.21	0.36
2.55	229.89	0.36
2.59	208.33	0.40
2.59	208.33	0.40
2.60	207.25	0.40
2.60	216.22	0.38
2.63	208.33	0.40
2.64	208.33	0.40
2.64	210.53	0.40
2.65	579.71	0.14
2.65	754.72	0.11
2.66	754.72	0.11
2.66	1142.86	0.07
2.67	1142.86	0.07
2.67	1142.86	0.07
2.68	1142.86	0.07
2.68	1818.18	0.05
2.70	1250.00	0.07
2.73	1000.00	0.08
2.73	952.38	0.09
2.85	416.67	0.20
2.86	416.67	0.20
2.86	416.67	0.20
2.87	416.67	0.20
2.87	416.67	0.20
2.87	416.67	0.20
2.90	384.62	0.22
2.90	425.53	0.20
2.90	465.12	0.18
2.91	476.19	0.17
2.91	1428.57	0.06
2.92	1428.57	0.06
2.93	1212.12	0.07
2.94	1212.12	0.07
2.94	1212.12	0.07
2.94	1212.12	0.07
2.95	1600.00	0.05
2.95	1600.00	0.05
2.96	1600.00	0.05
2.96	1600.00	0.05
2.98	1290.32	0.06
2.98	1290.32	0.06
2.99	1538.46	0.05
2.99	1538.46	0.05
2.99	1538.46	0.05
3.00	1538.46	0.05
3.00	1538.46	0.05
3.01	1538.46	0.05
3.01	1538.46	0.05
3.01	1538.46	0.05
3.03	1600.00	0.05
3.03	1600.00	0.05
3.04	1600.00	0.05
3.04	1600.00	0.05
3.05	1600.00	0.05
3.05	1600.00	0.05
3.05	1600.00	0.05
3.06	1600.00	0.05
3.06	1600.00	0.05
3.07	1600.00	0.05
3.07	2000.00	0.04
3.07	2000.00	0.04
3.08	2000.00	0.04
3.08	2000.00	0.04
3.09	2000.00	0.04
3.09	2000.00	0.04
3.12	1333.33	0.06
3.12	1333.33	0.06
3.12	1333.33	0.06
3.13	1333.33	0.06
3.15	1052.63	0.08
3.15	1052.63	0.08
3.18	833.33	0.10
3.27	449.44	0.19
3.27	449.44	0.19
3.28	449.44	0.19
3.28	506.33	0.16
3.28	506.33	0.16
3.29	506.33	0.16
3.32	430.11	0.19
3.33	470.59	0.18
3.33	470.59	0.18
3.33	533.33	0.16
3.34	1176.47	0.07
3.34	1176.47	0.07
3.35	1176.47	0.07
3.35	1176.47	0.07
3.36	1176.47	0.07
3.36	1176.47	0.07
3.36	2000.00	0.04
3.38	1481.48	0.06
3.39	1481.48	0.06
3.39	1481.48	0.06
3.39	1481.48	0.06
3.40	1481.48	0.06
3.40	1481.48	0.06
3.41	1481.48	0.06
3.41	1481.48	0.06
3.42	1481.48	0.06
3.42	1481.48	0.06
3.44	1538.46	0.05
3.44	1538.46	0.05
3.44	1538.46	0.05
3.45	1538.46	0.05
3.45	1538.46	0.05
3.46	1538.46	0.05
3.46	1538.46	0.05
3.47	1538.46	0.05
3.47	1538.46	0.05
3.47	1538.46	0.05
3.49	1666.67	0.05
3.49	1666.67	0.05
3.49	1666.67	0.05
3.50	1666.67	0.05
3.50	1666.67	0.05
3.51	1666.67	0.05
3.53	1250.00	0.07
3.53	1250.00	0.07
3.54	1176.47	0.07
3.54	1176.47	0.07
3.55	1333.33	0.06
3.57	1052.63	0.08
3.57	1052.63	0.08
3.58	1000.00	0.08
3.59	1000.00	0.08
3.60	851.06	0.10
3.61	1025.64	0.08
3.62	975.61	0.09
3.64	851.06	0.10
3.73	439.56	0.19
3.74	434.78	0.19
3.74	476.19	0.17
3.75	476.19	0.17
3.75	493.83	0.17
3.75	493.83	0.17
3.78	487.80	0.17
3.78	481.93	0.17
3.78	500.00	0.17
3.79	555.56	0.15
3.79	1428.57	0.06
3.81	1142.86	0.07
3.82	1111.11	0.07
3.82	1111.11	0.07
3.83	1081.08	0.08
3.85	909.09	0.09
3.85	1142.86	0.07
3.85	1176.47	0.07
3.86	1142.86	0.07
3.86	1176.47	0.07
3.86	1212.12	0.07
3.88	1250.00	0.07
3.88	1333.33	0.06
3.88	1379.31	0.06
3.89	1428.57	0.06
3.89	2000.00	0.04
3.89	1818.18	0.05
3.90	1666.67	0.05
3.90	1739.13	0.05
3.91	1739.13	0.05
3.91	1600.00	0.05
3.91	2352.94	0.04
3.92	2352.94	0.04
3.92	2352.94	0.04
3.97	975.61	0.09
3.98	952.38	0.09
3.98	952.38	0.09
4.06	533.33	0.16
4.06	526.32	0.16
4.06	526.32	0.16
4.07	540.54	0.15
4.07	533.33	0.16
4.07	533.33	0.16
4.08	533.33	0.16
4.08	784.31	0.11
4.11	606.06	0.14
4.11	625.00	0.13
4.12	1428.57	0.06
4.12	1481.48	0.06
4.12	1481.48	0.06
4.12	1481.48	0.06
4.15	1052.63	0.08
4.15	1052.63	0.08
4.15	1052.63	0.08
4.16	1052.63	0.08
4.16	1818.18	0.05
4.16	1818.18	0.05
4.20	1025.64	0.08
4.20	1025.64	0.08
4.20	1025.64	0.08
4.20	1025.64	0.08
4.21	1481.48	0.06
4.21	1481.48	0.06
4.21	1481.48	0.06
4.25	930.23	0.09
4.25	930.23	0.09
4.25	930.23	0.09
4.25	1538.46	0.05
4.25	1538.46	0.05
4.26	1538.46	0.05
4.26	1538.46	0.05
4.26	1538.46	0.05
4.27	1290.32	0.06
4.27	1290.32	0.06
4.28	2666.67	0.03
4.28	2666.67	0.03
4.28	2666.67	0.03
4.32	1212.12	0.07
4.38	666.67	0.12
4.38	666.67	0.12
4.38	666.67	0.12
4.38	666.67	0.12
4.39	727.27	0.11
4.39	714.29	0.12
4.39	714.29	0.12
4.40	714.29	0.12
4.40	701.75	0.12
4.40	1025.64	0.08
4.44	1428.57	0.06
4.44	1428.57	0.06
4.44	1428.57	0.06
4.44	1428.57	0.06
4.45	1428.57	0.06
4.45	1481.48	0.06
4.45	1481.48	0.06
4.45	1481.48	0.06
4.46	1333.33	0.06
4.46	1333.33	0.06
4.49	1666.67	0.05
4.49	1666.67	0.05
4.49	1666.67	0.05
4.49	1666.67	0.05
4.50	1481.48	0.06
4.51	1428.57	0.06
4.51	1428.57	0.06
4.51	1428.57	0.06
4.52	1538.46	0.05
4.52	1538.46	0.05
4.52	2500.00	0.03
4.52	2500.00	0.03
4.52	2500.00	0.03
4.53	2352.94	0.04
4.53	2857.14	0.03
4.54	2666.67	0.03
4.54	2666.67	0.03
4.54	2500.00	0.03
4.55	2857.14	0.03
4.55	2857.14	0.03
4.56	2105.26	0.04
4.56	2000.00	0.04
4.57	1818.18	0.05
4.57	1818.18	0.05
4.58	1818.18	0.05
4.58	2000.00	0.04
4.58	2000.00	0.04
4.58	2105.26	0.04
4.62	1176.47	0.07
4.62	1176.47	0.07
4.62	1379.31	0.06
4.62	1428.57	0.06
4.62	1538.46	0.05
4.64	1333.33	0.06
4.64	1333.33	0.06
4.64	1333.33	0.06
4.66	1081.08	0.08
4.66	1081.08	0.08
4.71	888.89	0.09
4.71	888.89	0.09
4.72	851.06	0.10
4.72	851.06	0.10
4.72	851.06	0.10
4.72	952.38	0.09
4.73	952.38	0.09
4.73	952.38	0.09
4.79	625.00	0.13
4.79	615.38	0.14
4.80	930.23	0.09
4.80	930.23	0.09
4.80	975.61	0.09
4.81	975.61	0.09
4.81	975.61	0.09
4.81	975.61	0.09
4.81	975.61	0.09
4.81	975.61	0.09
4.85	1428.57	0.06
4.85	1481.48	0.06
4.86	1379.31	0.06
4.86	1379.31	0.06
4.86	1379.31	0.06
4.87	1379.31	0.06
4.87	1379.31	0.06
4.87	1333.33	0.06
4.87	1333.33	0.06
4.88	1333.33	0.06
4.88	2857.14	0.03
4.88	2666.67	0.03
4.88	3333.33	0.02
4.89	3333.33	0.02
4.92	1428.57	0.06
4.92	1428.57	0.06
4.93	1428.57	0.06
4.93	1481.48	0.06
4.93	1481.48	0.06
4.93	1481.48	0.06
4.93	1481.48	0.06
4.94	1538.46	0.05
5.01	677.97	0.12
5.01	677.97	0.12
5.01	930.23	0.09
5.01	930.23	0.09
5.02	930.23	0.09
5.04	754.72	0.11
5.04	754.72	0.11
5.04	754.72	0.11
5.04	754.72	0.11
5.05	754.72	0.11
5.08	1176.47	0.07
5.08	1176.47	0.07
5.08	1142.86	0.07
5.09	1142.86	0.07
5.09	1111.11	0.07
5.11	1176.47	0.07
5.11	1142.86	0.07
5.12	1142.86	0.07
5.12	1142.86	0.07
5.12	1111.11	0.07
5.14	1333.33	0.06
5.15	1250.00	0.07
5.15	1290.32	0.06
5.15	1290.32	0.06
5.15	1290.32	0.06
5.17	1333.33	0.06
5.17	1379.31	0.06
5.18	1290.32	0.06
5.18	1250.00	0.07
5.19	1290.32	0.06
5.20	1333.33	0.06
5.20	1428.57	0.06
5.21	1290.32	0.06
5.22	1250.00	0.07
5.22	1250.00	0.07
5.24	1290.32	0.06
5.24	1250.00	0.07
5.24	1290.32	0.06
5.25	1333.33	0.06
5.25	1333.33	0.06
5.26	1333.33	0.06
5.27	1290.32	0.06
5.27	1428.57	0.06
5.28	1379.31	0.06
5.28	1428.57	0.06
5.30	1379.31	0.06
5.30	1290.32	0.06
5.31	1290.32	0.06
5.31	1290.32	0.06
5.31	1250.00	0.07
5.35	952.38	0.09
5.35	975.61	0.09
5.36	952.38	0.09
5.36	975.61	0.09
5.36	975.61	0.09
5.37	1111.11	0.07
5.41	816.33	0.10
5.41	816.33	0.10
5.41	816.33	0.10
5.42	754.72	0.11
5.43	1052.63	0.08
5.44	1025.64	0.08
5.44	1052.63	0.08
5.45	1000.00	0.08
5.67	276.30	0.30
5.68	265.51	0.31
5.69	288.49	0.29
5.71	282.38	0.29
5.71	276.52	0.30
5.72	278.45	0.30
5.73	282.38	0.29
5.73	278.45	0.30
5.75	262.03	0.32
5.76	265.51	0.31
5.76	853.16	0.10
5.77	1000.00	0.08
5.80	784.31	0.11
5.80	851.06	0.10
5.80	909.09	0.09
5.81	1000.00	0.08
5.81	1000.00	0.08
5.82	1025.64	0.08
5.82	1250.00	0.07
5.84	1025.64	0.08
5.84	1025.64	0.08
5.85	1052.63	0.08
5.85	1538.46	0.05
5.86	1481.48	0.06
5.86	1428.57	0.06
5.87	1333.33	0.06
5.87	1290.32	0.06
5.89	1052.63	0.08
5.90	1025.64	0.08
5.92	1052.63	0.08
5.92	1081.08	0.08
5.93	1052.63	0.08
5.99	606.06	0.14
5.99	615.38	0.14
6.00	588.24	0.14
6.01	597.01	0.14
6.01	588.24	0.14
6.02	677.97	0.12
6.02	714.29	0.12
6.06	571.43	0.15
6.07	563.38	0.15
6.08	547.95	0.15
6.08	952.38	0.09
6.08	930.23	0.09
6.09	1000.00	0.08
6.11	833.33	0.10
6.11	833.33	0.10
6.12	833.33	0.10
6.12	816.33	0.10
6.13	1379.31	0.06
6.13	1379.31	0.06
6.15	1176.47	0.07
6.15	1176.47	0.07
6.16	1081.08	0.08
6.17	1025.64	0.08
6.17	1290.32	0.06
6.18	1333.33	0.06
6.18	1333.33	0.06
6.19	1212.12	0.07
6.19	1250.00	0.07
6.19	1290.32	0.06
6.21	1333.33	0.06
6.21	1290.32	0.06
6.23	1176.47	0.07
6.24	1250.00	0.07
6.26	975.61	0.09
6.26	1000.00	0.08
6.26	1000.00	0.08
6.26	1111.11	0.07
6.27	1081.08	0.08
6.27	1081.08	0.08
6.28	1250.00	0.07
6.28	1290.32	0.06
6.28	1666.67	0.05
6.32	930.23	0.09
6.33	1176.47	0.07
6.40	606.06	0.14
6.40	597.01	0.14
6.41	588.24	0.14
6.41	588.24	0.14
6.42	571.43	0.15
6.42	588.24	0.14
6.42	588.24	0.14
6.43	563.38	0.15
6.43	784.31	0.11
6.43	800.00	0.10
6.46	1290.32	0.06
6.46	1333.33	0.06
6.47	1212.12	0.07
6.48	1250.00	0.07
6.48	1333.33	0.06
6.48	1333.33	0.06
6.48	1333.33	0.06
6.49	1428.57	0.06
6.49	1428.57	0.06
6.49	1428.57	0.06
6.49	2666.67	0.03
6.50	2666.67	0.03
6.51	2666.67	0.03
6.51	2666.67	0.03
6.55	1212.12	0.07
6.55	1212.12	0.07
6.55	1212.12	0.07
6.56	1212.12	0.07
6.56	1142.86	0.07
6.57	1111.11	0.07
6.57	1111.11	0.07
6.57	1111.11	0.07
6.57	1212.12	0.07
6.58	1212.12	0.07
6.58	2666.67	0.03
6.58	2500.00	0.03
6.59	2222.22	0.04
6.59	2352.94	0.04
6.60	2500.00	0.03
6.60	2500.00	0.03
6.60	2500.00	0.03
6.61	2352.94	0.04
6.61	2352.94	0.04
6.61	2352.94	0.04
6.62	2105.26	0.04
6.62	2222.22	0.04
6.65	1428.57	0.06
6.68	952.38	0.09
6.68	975.61	0.09
6.68	1000.00	0.08
6.68	1000.00	0.08
6.69	1025.64	0.08
6.71	833.33	0.10
6.71	833.33	0.10
6.71	869.57	0.10
6.72	869.57	0.10
6.72	1176.47	0.07
6.73	1600.00	0.05
6.73	1600.00	0.05
6.73	1600.00	0.05
6.74	1428.57	0.06
6.75	1379.31	0.06
6.75	1904.76	0.04
6.76	1818.18	0.05
6.76	1818.18	0.05
6.77	1600.00	0.05
6.77	1538.46	0.05
6.78	1818.18	0.05
6.78	1818.18	0.05
6.78	1818.18	0.05
6.78	2105.26	0.04
6.78	2222.22	0.04
6.79	2000.00	0.04
6.80	2105.26	0.04
6.80	2105.26	0.04
6.80	2500.00	0.03
6.81	2500.00	0.03
6.82	2105.26	0.04
6.82	2105.26	0.04
6.82	2105.26	0.04
6.82	2105.26	0.04
6.83	2000.00	0.04
6.84	2000.00	0.04
6.84	2000.00	0.04
6.84	2000.00	0.04
6.84	2000.00	0.04
6.85	2000.00	0.04
6.86	2000.00	0.04
6.86	2000.00	0.04
6.86	2000.00	0.04
6.86	2000.00	0.04
6.87	2000.00	0.04
6.88	2000.00	0.04
6.88	2000.00	0.04
6.88	2000.00	0.04
6.88	2000.00	0.04
6.89	2000.00	0.04
7.06	416.67	0.20
7.06	416.67	0.20
7.06	416.67	0.20
7.06	416.67	0.20
7.07	412.37	0.20
7.09	388.35	0.21
7.11	366.97	0.23
7.11	363.64	0.23
7.12	360.36	0.23
7.12	360.36	0.23
7.12	1250.00	0.07
7.13	1250.00	0.07
7.15	975.61	0.09
7.18	727.27	0.11
7.45	219.78	0.38
7.49	209.42	0.40
7.49	215.05	0.39
7.52	204.08	0.41
7.52	204.08	0.41
7.53	204.08	0.41
7.54	199.00	0.42
7.55	198.02	0.42
7.55	207.25	0.40
7.55	222.22	0.37
7.56	769.23	0.11
7.56	1142.86	0.07
7.57	1111.11	0.07
7.57	1538.46	0.05
7.58	1538.46	0.05
7.58	1538.46	0.05
7.61	1290.32	0.06
7.63	1025.64	0.08
7.72	487.80	0.17
7.72	487.80	0.17
7.73	487.80	0.17
7.73	487.80	0.17
7.74	500.00	0.17
7.78	404.04	0.21
7.78	408.16	0.20
7.79	404.04	0.21
7.79	454.55	0.18
7.79	500.00	0.17
7.80	1052.63	0.08
7.80	1025.64	0.08
7.82	909.09	0.09
7.82	909.09	0.09
7.83	909.09	0.09
7.83	1600.00	0.05
7.83	1538.46	0.05
7.84	1538.46	0.05
7.84	1538.46	0.05
7.85	1538.46	0.05
7.85	1538.46	0.05
7.87	1290.32	0.06
7.87	1600.00	0.05
7.88	1600.00	0.05
7.88	1538.46	0.05
7.88	1538.46	0.05
7.89	1538.46	0.05
7.90	1538.46	0.05
7.90	1538.46	0.05
7.90	1538.46	0.05
7.91	1538.46	0.05
7.91	2000.00	0.04
7.91	2000.00	0.04
7.92	2105.26	0.04
7.93	1600.00	0.05
7.94	1481.48	0.06
7.95	1481.48	0.06
7.95	1481.48	0.06
7.95	1481.48	0.06
7.96	1481.48	0.06
7.96	1481.48	0.06
7.97	1481.48	0.06
7.97	1428.57	0.06
7.98	1290.32	0.06
7.98	1600.00	0.05
7.99	1739.13	0.05
7.99	1739.13	0.05
8.02	1250.00	0.07
8.02	1212.12	0.07
8.03	1212.12	0.07
8.05	952.38	0.09
8.24	298.51	0.28
8.25	300.75	0.28
8.25	310.08	0.27
8.25	312.50	0.27
8.25	314.96	0.26
8.26	317.46	0.26
8.26	344.83	0.24
8.26	347.83	0.24
8.27	341.88	0.24
8.27	373.83	0.22
8.27	2857.14	0.03
8.28	2857.14	0.03
8.28	2666.67	0.03
8.29	2352.94	0.04
8.29	2222.22	0.04
8.29	2105.26	0.04
8.30	2105.26	0.04
8.30	2000.00	0.04
8.31	2222.22	0.04
8.31	2105.26	0.04
8.32	2000.00	0.04
8.35	1111.11	0.07
8.36	1000.00	0.08
8.37	1025.64	0.08
8.37	1025.64	0.08
8.38	1025.64	0.08
8.39	869.57	0.10
8.42	727.27	0.11
8.43	677.97	0.12
8.43	689.66	0.12
8.43	701.75	0.12
8.44	952.38	0.09
8.44	1052.63	0.08
8.44	1081.08	0.08
8.47	888.89	0.09
8.47	909.09	0.09
8.47	1111.11	0.07
8.47	1538.46	0.05
8.47	1904.76	0.04
8.48	1904.76	0.04
8.48	1666.67	0.05
8.49	1739.13	0.05
8.49	1600.00	0.05
8.50	1600.00	0.05
8.50	2500.00	0.03
8.50	2222.22	0.04
8.51	2105.26	0.04
8.52	1904.76	0.04
8.52	1904.76	0.04
8.52	1818.18	0.05
8.53	2000.00	0.04
8.53	1904.76	0.04
8.53	2105.26	0.04
8.54	2000.00	0.04
8.54	1904.76	0.04
8.55	2000.00	0.04
8.55	2000.00	0.04
8.55	2105.26	0.04
8.56	2000.00	0.04
8.56	2000.00	0.04
8.57	2000.00	0.04
8.57	2000.00	0.04
8.58	2000.00	0.04
8.58	2000.00	0.04
8.58	2000.00	0.04
8.59	2000.00	0.04
8.59	2000.00	0.04
8.60	2000.00	0.04
8.60	2000.00	0.04
8.60	2000.00	0.04
8.61	2105.26	0.04
8.61	2000.00	0.04
8.62	2000.00	0.04
8.62	1904.76	0.04
8.63	1904.76	0.04
8.63	1904.76	0.04
8.64	1904.76	0.04
8.64	1904.76	0.04
8.64	1904.76	0.04
8.65	1739.13	0.05
8.66	1666.67	0.05
8.66	1739.13	0.05
8.66	1739.13	0.05
8.67	1818.18	0.05
8.67	1818.18	0.05
8.68	1818.18	0.05
8.69	1538.46	0.05
8.69	1538.46	0.05
8.70	1538.46	0.05
8.70	1600.00	0.05
8.72	1379.31	0.06
8.72	1379.31	0.06
8.73	1379.31	0.06
8.73	1379.31	0.06
8.74	1290.32	0.06
8.74	1290.32	0.06
8.75	1481.48	0.06
8.75	1481.48	0.06
8.75	1481.48	0.06
8.76	1538.46	0.05
8.76	1818.18	0.05
8.77	1818.18	0.05
8.77	1818.18	0.05
8.78	1818.18	0.05
8.78	2000.00	0.04
8.78	2000.00	0.04
8.79	2000.00	0.04
8.79	2000.00	0.04
8.80	2000.00	0.04
8.80	2000.00	0.04
8.80	2000.00	0.04
8.81	2000.00	0.04
8.81	2000.00	0.04
8.82	2000.00	0.04
8.82	2000.00	0.04
8.83	2000.00	0.04
8.83	2000.00	0.04
8.83	2000.00	0.04
8.84	2000.00	0.04
8.84	2000.00	0.04
8.85	2000.00	0.04
8.85	2000.00	0.04
8.85	2000.00	0.04
8.86	2000.00	0.04
8.86	2000.00	0.04
8.87	2000.00	0.04
8.87	2000.00	0.04
8.87	2000.00	0.04
8.88	2000.00	0.04
8.88	2000.00	0.04
8.89	2000.00	0.04
8.89	2000.00	0.04
8.90	2000.00	0.04
8.90	2000.00	0.04
8.90	2000.00	0.04
8.91	2000.00	0.04
8.91	2000.00	0.04
8.92	2000.00	0.04
8.92	2000.00	0.04
8.92	2000.00	0.04
8.94	1481.48	0.06
8.95	1481.48	0.06
8.95	1481.48	0.06
8.96	1481.48	0.06
8.96	1481.48	0.06
8.96	1481.48	0.06
8.97	1538.46	0.05
8.97	1538.46	0.05
8.97	1538.46	0.05
8.98	1481.48	0.06
8.99	2000.00	0.04
8.99	2000.00	0.04
8.99	2000.00	0.04
9.00	2000.00	0.04
9.00	2000.00	0.04
9.01	2000.00	0.04
9.01	2000.00	0.04
9.01	2000.00	0.04
9.02	2000.00	0.04
9.04	1538.46	0.05
9.04	1538.46	0.05
9.24	327.87	0.25
9.27	298.51	0.28
9.28	291.97	0.28
9.34	246.91	0.34
9.34	246.91	0.34
9.35	245.40	0.34
9.35	245.40	0.34
9.38	227.27	0.37
9.39	236.69	0.35
9.39	236.69	0.35
9.39	547.95	0.15
9.40	655.74	0.13
9.40	689.66	0.12
9.41	1250.00	0.07
9.41	1176.47	0.07
9.44	909.09	0.09
9.44	888.89	0.09
9.46	1025.64	0.08
9.47	1025.64	0.08
9.47	1025.64	0.08
9.48	930.23	0.09
9.49	952.38	0.09
9.51	816.33	0.10
9.52	701.75	0.12
9.53	727.27	0.11
9.54	851.06	0.10
9.54	851.06	0.10
9.55	1000.00	0.08
9.55	1025.64	0.08
9.56	952.38	0.09
9.56	1081.08	0.08
9.60	754.72	0.11
9.60	869.57	0.10
9.61	1025.64	0.08
9.61	1000.00	0.08
9.61	1081.08	0.08
9.62	1111.11	0.07
9.62	1142.86	0.07
9.63	975.61	0.09
9.64	1081.08	0.08
9.66	816.33	0.10
9.67	1111.11	0.07
9.68	1111.11	0.07
9.68	1111.11	0.07
9.69	1111.11	0.07
9.69	1052.63	0.08
9.70	1025.64	0.08
9.70	1025.64	0.08
9.70	1212.12	0.07
9.71	1111.11	0.07
9.71	1666.67	0.05
9.72	1904.76	0.04
9.72	2000.00	0.04
9.73	1818.18	0.05
9.74	1666.67	0.05
9.74	1739.13	0.05
9.74	1904.76	0.04
9.75	1739.13	0.05
9.76	1428.57	0.06
9.76	1600.00	0.05
9.77	1538.46	0.05
9.77	1538.46	0.05
9.77	1538.46	0.05
9.79	1212.12	0.07
9.83	851.06	0.10
9.84	851.06	0.10
9.84	851.06	0.10
9.84	888.89	0.09
9.84	1000.00	0.08
9.87	816.33	0.10
9.87	833.33	0.10
9.89	701.75	0.12
9.89	701.75	0.12
9.93	625.00	0.13
9.93	851.06	0.10
9.94	816.33	0.10
9.95	784.31	0.11
9.95	769.23	0.11
9.96	740.74	0.11
9.97	816.33	0.10
10.01	563.38	0.15
10.02	634.92	0.13
10.02	625.00	0.13
10.03	851.06	0.10
10.03	833.33	0.10
10.04	869.57	0.10
10.04	888.89	0.09
10.05	833.33	0.10
10.05	851.06	0.10
10.08	714.29	0.12
10.09	1176.47	0.07
10.09	1142.86	0.07
10.10	1142.86	0.07
10.10	1142.86	0.07
10.10	1142.86	0.07
10.11	1142.86	0.07
10.11	1142.86	0.07
10.12	1142.86	0.07
10.13	1176.47	0.07
10.15	1333.33	0.06
10.15	1333.33	0.06
10.15	1379.31	0.06
10.16	1379.31	0.06
10.16	1379.31	0.06
10.16	1428.57	0.06
10.17	1428.57	0.06
10.17	1428.57	0.06
10.17	1600.00	0.05
10.18	1428.57	0.06
10.19	2000.00	0.04
10.21	1333.33	0.06
10.22	1290.32	0.06
10.22	1333.33	0.06
10.22	1333.33	0.06
10.26	888.89	0.09
10.26	888.89	0.09
10.26	888.89	0.09
10.27	909.09	0.09
10.27	975.61	0.09
10.29	784.31	0.11
10.30	930.23	0.09
10.30	975.61	0.09
10.30	975.61	0.09
10.31	975.61	0.09
10.34	1052.63	0.08
10.34	1052.63	0.08
10.34	1052.63	0.08
10.35	1000.00	0.08
10.36	952.38	0.09
10.37	1081.08	0.08
10.38	1081.08	0.08
10.38	1052.63	0.08
10.39	1025.64	0.08
10.39	1000.00	0.08
10.41	1176.47	0.07
10.41	1176.47	0.07
10.41	1176.47	0.07
10.42	1212.12	0.07
10.42	1250.00	0.07
10.44	1212.12	0.07
10.44	1250.00	0.07
10.45	1250.00	0.07
10.45	1250.00	0.07
10.45	1290.32	0.06
10.47	1290.32	0.06
10.47	1333.33	0.06
10.48	1333.33	0.06
10.48	1333.33	0.06
10.48	1333.33	0.06
10.50	1379.31	0.06
10.50	1379.31	0.06
10.51	1379.31	0.06
10.51	1379.31	0.06
10.52	1333.33	0.06
10.53	1379.31	0.06
10.53	1333.33	0.06
10.54	1333.33	0.06
10.54	1333.33	0.06
10.55	1333.33	0.06
10.56	1333.33	0.06
10.57	1333.33	0.06
10.57	1333.33	0.06
10.57	1333.33	0.06
10.58	1333.33	0.06
10.60	1142.86	0.07
10.61	1142.86	0.07
10.61	1142.86	0.07
10.62	1142.86	0.07
10.62	1142.86	0.07
10.62	1379.31	0.06
10.63	1333.33	0.06
10.63	1333.33	0.06
10.64	1333.33	0.06
10.65	1142.86	0.07
10.66	1600.00	0.05
10.66	1538.46	0.05
10.67	1538.46	0.05
10.67	1538.46	0.05
10.67	1538.46	0.05
10.68	1428.57	0.06
10.68	1538.46	0.05
10.70	1212.12	0.07
10.70	1250.00	0.07
10.91	323.99	0.26
10.94	293.12	0.28
10.94	297.48	0.28
11.03	229.28	0.36
11.03	229.28	0.36
11.04	227.97	0.36
11.09	203.60	0.41
11.09	202.57	0.41
11.10	208.92	0.40
11.11	206.76	0.40
11.11	412.37	0.20
11.12	454.55	0.18
11.13	444.44	0.19
11.13	784.31	0.11
11.14	769.23	0.11
11.15	740.74	0.11
11.16	1250.00	0.07
11.16	1290.32	0.06
11.16	1290.32	0.06
11.17	1290.32	0.06
11.18	1250.00	0.07
11.18	1379.31	0.06
11.19	1379.31	0.06
11.20	1379.31	0.06
11.21	1290.32	0.06
11.21	1428.57	0.06
11.22	1379.31	0.06
11.22	1250.00	0.07
11.23	1250.00	0.07
11.24	1212.12	0.07
11.25	1212.12	0.07
11.25	1250.00	0.07
11.26	1250.00	0.07
11.28	952.38	0.09
11.28	1052.63	0.08
11.29	1052.63	0.08
11.29	1081.08	0.08
11.30	1142.86	0.07
11.33	816.33	0.10
11.33	869.57	0.10
11.34	909.09	0.09
11.34	930.23	0.09
11.34	975.61	0.09
11.35	1212.12	0.07
11.39	784.31	0.11
11.43	606.06	0.14
11.43	615.38	0.14
11.44	597.01	0.14
11.44	769.23	0.11
11.44	754.72	0.11
11.45	740.74	0.11
11.49	563.38	0.15
11.49	540.54	0.15
11.50	563.38	0.15
11.50	754.72	0.11
11.50	1081.08	0.08
11.51	1081.08	0.08
11.51	1176.47	0.07
11.51	1212.12	0.07
11.56	701.75	0.12
11.57	714.29	0.12
11.57	1025.64	0.08
11.57	1111.11	0.07
11.57	1142.86	0.07
11.57	1142.86	0.07
11.58	1142.86	0.07
11.58	1142.86	0.07
11.61	816.33	0.10
11.61	816.33	0.10
11.61	1666.67	0.05
11.62	1666.67	0.05
11.62	1666.67	0.05
11.62	1666.67	0.05
11.63	1481.48	0.06
11.63	1481.48	0.06
11.63	1481.48	0.06
11.65	1081.08	0.08
11.66	1739.13	0.05
11.66	1739.13	0.05
11.66	1666.67	0.05
11.67	1666.67	0.05
11.67	1666.67	0.05
11.67	1666.67	0.05
11.68	1600.00	0.05
11.68	1538.46	0.05
11.69	1538.46	0.05
11.69	2105.26	0.04
11.70	2105.26	0.04
11.71	1538.46	0.05
11.72	1600.00	0.05
11.72	1538.46	0.05
11.72	1481.48	0.06
11.73	1481.48	0.06
11.77	975.61	0.09
11.77	975.61	0.09
11.77	952.38	0.09
11.78	1000.00	0.08
11.78	1000.00	0.08
11.80	975.61	0.09
11.80	975.61	0.09
11.80	975.61	0.09
11.81	975.61	0.09
11.81	975.61	0.09
11.83	1250.00	0.07
11.84	1212.12	0.07
11.84	1212.12	0.07
11.85	1212.12	0.07
11.85	1176.47	0.07
11.87	1212.12	0.07
11.87	1176.47	0.07
11.88	1176.47	0.07
11.88	1176.47	0.07
11.88	1142.86	0.07
11.90	1250.00	0.07
11.90	1333.33	0.06
11.90	1333.33	0.06
11.91	1379.31	0.06
11.91	1379.31	0.06
11.93	1333.33	0.06
11.93	1379.31	0.06
11.94	1333.33	0.06
11.94	1379.31	0.06
11.94	1379.31	0.06
11.96	1333.33	0.06
11.96	1290.32	0.06
11.97	1333.33	0.06
11.97	1290.32	0.06
11.97	1333.33	0.06
11.99	1333.33	0.06
12.00	1290.32	0.06
12.00	1379.31	0.06
12.00	1333.33	0.06
12.01	1333.33	0.06
12.02	1333.33	0.06
12.03	1333.33	0.06
12.03	1333.33	0.06
12.03	1333.33	0.06
12.04	1290.32	0.06
12.05	1379.31	0.06
12.06	1379.31	0.06
12.06	1333.33	0.06
12.06	1379.31	0.06
12.07	1333.33	0.06
12.07	0.00	0.00
