0 0.103032
1 0.116056
2 0.124376
3 0.132696
4 0.134776
5 0.149336
6 0.155576
7 0.165976
8 0.172216
9 0.180536
10 0.188856
11 0.199256
12 0.205496
13 0.213816
14 0.222136
15 0.232536
16 0.238776
17 0.247096
18 0.255416
19 0.263736
20 0.272056
21 0.280376
22 0.288696
23 0.299096
24 0.301176
25 0.311576
26 0.313656
27 0.328216
28 0.338616
29 0.344856
30 0.346936
31 0.365656
32 0.367736
33 0.380216
34 0.382296
35 0.394776
36 0.396856
37 0.411416
38 0.421816
39 0.428056
40 0.438456
41 0.446776
42 0.455096
43 0.465496
44 0.467576
45 0.477976
46 0.480056
47 0.494616
48 0.505016
49 0.511256
50 0.513336
51 0.532056
52 0.534136
53 0.546616
54 0.548696
55 0.561176
56 0.563256
57 0.577816
58 0.588216
59 0.594456
60 0.604856
61 0.613176
62 0.621496
63 0.631896
64 0.633976
65 0.644376
66 0.646456
67 0.661016
68 0.671416
69 0.679736
70 0.688056
71 0.698456
72 0.704696
73 0.713016
74 0.715096
75 0.727576
76 0.729656
77 0.744216
78 0.754616
79 0.760856
80 0.771256
81 0.779576
82 0.787896
83 0.798296
84 0.800376
85 0.810776
86 0.812856
87 0.827416
88 0.837816
89 0.846136
90 0.854456
91 0.864856
92 0.871096
93 0.879416
94 0.881496
95 0.893976
96 0.896056
97 0.910616
98 0.921016
99 0.927256
100 0.937656
101 0.945976
102 0.954296
103 0.964696
104 0.966776
105 0.977176
106 0.979256
107 0.993816
108 1.004216
109 1.012536
110 1.020856
111 1.031256
112 1.037496
113 1.045816
114 1.047896
115 1.060376
116 1.062456
117 1.077016
118 1.087416
119 1.095736
120 1.104056
121 1.112376
122 1.120696
123 1.131096
124 1.133176
125 1.143576
126 1.145656
127 1.160216
128 1.170616
129 1.178936
130 1.187256
131 1.197656
132 1.203896
133 1.212216
134 1.214296
135 1.226776
136 1.228856
137 1.243416
138 1.253816
139 1.262136
140 1.270456
141 1.278776
142 1.287096
143 1.297496
144 1.299576
145 1.309976
146 1.312056
147 1.326616
148 1.337016
149 1.345336
150 1.353656
151 1.364056
152 1.370296
153 1.378616
154 1.380696
155 1.393176
156 1.395256
157 1.409816
158 1.420216
159 1.428536
160 1.436856
161 1.445176
162 1.453496
163 1.463896
164 1.465976
165 1.476376
166 1.478456
167 1.493016
168 1.503416
169 1.511736
170 1.520056
171 1.530456
172 1.536696
173 1.545016
174 1.547096
175 1.559576
176 1.561656
177 1.576216
178 1.586616
179 1.594936
180 1.603256
181 1.611576
182 1.619896
183 1.630296
184 1.632376
185 1.642776
186 1.644856
187 1.659416
188 1.669816
189 1.678136
190 1.686456
191 1.696856
192 1.703096
193 1.711416
194 1.713496
195 1.725976
196 1.728056
197 1.742616
198 1.753016
199 1.761336
200 1.769656
201 1.777976
202 1.786296
203 1.796696
204 1.798776
205 1.809176
206 1.811256
207 1.825816
208 1.836216
209 1.844536
210 1.852856
211 1.863256
212 1.869496
213 1.877816
214 1.879896
215 1.892376
216 1.894456
217 1.909016
218 1.919416
219 1.927736
220 1.936056
221 1.944376
222 1.952696
223 1.963096
224 1.965176
225 1.975576
226 1.977656
227 1.992216
228 2.002616
229 2.010936
230 2.019256
231 2.029656
232 2.035896
233 2.044216
234 2.046296
235 2.058776
236 2.060856
237 2.075416
238 2.085816
239 2.094136
240 2.102456
241 2.110776
242 2.119096
243 2.129496
244 2.131576
245 2.141976
246 2.144056
247 2.158616
248 2.169016
249 2.177336
250 2.185656
251 2.196056
252 2.202296
253 2.210616
254 2.212696
255 2.225176
256 2.227256
257 2.241816
258 2.252216
259 2.260536
260 2.268856
261 2.277176
262 2.285496
263 2.295896
264 2.297976
265 2.308376
266 2.310456
267 2.325016
268 2.335416
269 2.343736
270 2.352056
271 2.362456
272 2.368696
273 2.377016
274 2.379096
275 2.391576
276 2.393656
277 2.408216
278 2.418616
279 2.426936
280 2.435256
281 2.443576
282 2.451896
283 2.462296
284 2.464376
285 2.474776
286 2.476856
287 2.491416
288 2.501816
289 2.510136
290 2.518456
291 2.528856
292 2.535096
293 2.543416
294 2.545496
295 2.557976
296 2.560056
297 2.574616
298 2.585016
299 2.593336
300 2.601656
301 2.609976
302 2.618296
303 2.628696
304 2.630776
305 2.641176
306 2.643256
307 2.657816
308 2.668216
309 2.676536
310 2.684856
311 2.695256
312 2.701496
313 2.709816
314 2.711896
315 2.724376
316 2.726456
317 2.741016
318 2.751416
319 2.759736
320 2.768056
321 2.776376
322 2.784696
323 2.795096
324 2.797176
325 2.807576
326 2.809656
327 2.824216
328 2.834616
329 2.842936
330 2.851256
331 2.861656
332 2.867896
333 2.876216
334 2.878296
335 2.890776
336 2.892856
337 2.907416
338 2.917816
339 2.926136
340 2.934456
341 2.942776
342 2.951096
343 2.961496
344 2.963576
345 2.973976
346 2.976056
347 2.990616
348 3.001016
349 3.009336
350 3.017656
351 3.028056
352 3.034296
353 3.042616
354 3.044696
355 3.057176
356 3.059256
357 3.073816
358 3.084216
359 3.092536
360 3.100856
361 3.109176
362 3.117496
363 3.127896
364 3.129976
365 3.140376
366 3.142456
367 3.157016
368 3.167416
369 3.175736
370 3.184056
371 3.194456
372 3.200696
373 3.209016
374 3.211096
375 3.223576
376 3.225656
377 3.240216
378 3.250616
379 3.258936
380 3.267256
381 3.275576
382 3.283896
383 3.294296
384 3.296376
385 3.306776
386 3.308856
387 3.323416
388 3.333816
389 3.342136
390 3.350456
391 3.360856
392 3.367096
393 3.375416
394 3.377496
395 3.389976
396 3.392056
397 3.406616
398 3.417016
399 3.425336
400 3.433656
401 3.441976
402 3.450296
403 3.460696
404 3.462776
405 3.473176
406 3.475256
407 3.489816
408 3.500216
409 3.508536
410 3.516856
411 3.527256
412 3.533496
413 3.541816
414 3.543896
415 3.556376
416 3.558456
417 3.573016
418 3.583416
419 3.591736
420 3.600056
421 3.608376
422 3.616696
423 3.627096
424 3.629176
425 3.639576
426 3.641656
427 3.656216
428 3.666616
429 3.674936
430 3.683256
431 3.693656
432 3.699896
433 3.708216
434 3.710296
435 3.722776
436 3.724856
437 3.739416
438 3.749816
439 3.758136
440 3.766456
441 3.774776
442 3.783096
443 3.793496
444 3.795576
445 3.805976
446 3.808056
447 3.822616
448 3.833016
449 3.841336
450 3.849656
451 3.860056
452 3.866296
453 3.874616
454 3.876696
455 3.889176
456 3.891256
457 3.905816
458 3.916216
459 3.924536
460 3.932856
461 3.941176
462 3.949496
463 3.959896
464 3.961976
465 3.972376
466 3.974456
467 3.989016
468 3.999416
469 4.007736
470 4.016056
471 4.026456
472 4.032696
473 4.041016
474 4.043096
475 4.055576
476 4.057656
477 4.072216
478 4.082616
479 4.090936
480 4.099256
481 4.107576
482 4.115896
483 4.126296
484 4.128376
485 4.138776
486 4.140856
487 4.155416
488 4.165816
489 4.174136
490 4.182456
491 4.192856
492 4.199096
493 4.207416
494 4.209496
495 4.221976
496 4.224056
497 4.238616
498 4.249016
499 4.257336
500 4.265656
501 4.273976
502 4.282296
503 4.292696
504 4.294776
505 4.305176
506 4.307256
507 4.321816
508 4.332216
509 4.340536
510 4.348856
511 4.359256
512 4.365496
513 4.373816
514 4.375896
515 4.388376
516 4.390456
517 4.405016
518 4.415416
519 4.423736
520 4.432056
521 4.440376
522 4.448696
523 4.459096
524 4.461176
525 4.471576
526 4.473656
527 4.488216
528 4.498616
529 4.506936
530 4.515256
531 4.525656
532 4.531896
533 4.540216
534 4.542296
535 4.554776
536 4.556856
537 4.571416
538 4.581816
539 4.590136
540 4.598456
541 4.606776
542 4.615096
543 4.625496
544 4.627576
545 4.637976
546 4.640056
547 4.654616
548 4.665016
549 4.673336
550 4.681656
551 4.692056
552 4.698296
553 4.706616
554 4.708696
555 4.721176
556 4.723256
557 4.737816
558 4.748216
559 4.756536
560 4.764856
561 4.773176
562 4.781496
563 4.791896
564 4.793976
565 4.804376
566 4.806456
567 4.821016
568 4.831416
569 4.839736
570 4.848056
571 4.858456
572 4.864696
573 4.873016
574 4.875096
575 4.887576
576 4.889656
577 4.904216
578 4.914616
579 4.922936
580 4.931256
581 4.939576
582 4.947896
583 4.958296
584 4.960376
585 4.970776
586 4.972856
587 4.987416
588 4.997816
589 5.006136
590 5.014456
591 5.024856
592 5.031096
593 5.039416
594 5.041496
595 5.053976
596 5.056056
597 5.070616
598 5.081016
599 5.089336
600 5.097656
601 5.105976
602 5.114296
603 5.124696
604 5.126776
605 5.137176
606 5.139256
607 5.153816
608 5.164216
609 5.172536
610 5.180856
611 5.191256
612 5.197496
613 5.205816
614 5.207896
615 5.220376
616 5.222456
617 5.237016
618 5.247416
619 5.255736
620 5.264056
621 5.272376
622 5.280696
623 5.291096
624 5.293176
625 5.303576
626 5.305656
627 5.320216
628 5.330616
629 5.338936
630 5.347256
631 5.357656
632 5.363896
633 5.372216
634 5.374296
635 5.386776
636 5.388856
637 5.403416
638 5.413816
639 5.422136
640 5.430456
641 5.438776
642 5.447096
643 5.457496
644 5.459576
645 5.469976
646 5.472056
647 5.486616
648 5.497016
649 5.505336
650 5.513656
651 5.524056
652 5.530296
653 5.538616
654 5.540696
655 5.553176
656 5.555256
657 5.569816
658 5.580216
659 5.588536
660 5.596856
661 5.605176
662 5.613496
663 5.623896
664 5.625976
665 5.636376
666 5.638456
667 5.653016
668 5.663416
669 5.671736
670 5.680056
671 5.690456
672 5.696696
673 5.705016
674 5.707096
675 5.719576
676 5.721656
677 5.736216
678 5.746616
679 5.754936
680 5.763256
681 5.771576
682 5.779896
683 5.790296
684 5.792376
685 5.802776
686 5.804856
687 5.819416
688 5.829816
689 5.838136
690 5.846456
691 5.856856
692 5.863096
693 5.871416
694 5.873496
695 5.885976
696 5.888056
697 5.902616
698 5.913016
699 5.921336
700 5.929656
701 5.937976
702 5.946296
703 5.956696
704 5.958776
705 5.969176
706 5.971256
707 5.985816
708 5.996216
709 6.004536
710 6.012856
711 6.023256
712 6.029496
713 6.037816
714 6.039896
715 6.052376
716 6.054456
717 6.069016
718 6.079416
719 6.087736
720 6.096056
721 6.104376
722 6.112696
723 6.123096
724 6.125176
725 6.135576
726 6.137656
727 6.152216
728 6.162616
729 6.170936
730 6.179256
731 6.189656
732 6.195896
733 6.204216
734 6.206296
735 6.218776
736 6.220856
737 6.235416
738 6.245816
739 6.254136
740 6.262456
741 6.270776
742 6.279096
743 6.289496
744 6.291576
745 6.301976
746 6.304056
747 6.318616
748 6.329016
749 6.337336
750 6.345656
751 6.356056
752 6.362296
753 6.370616
754 6.372696
755 6.385176
756 6.387256
757 6.401816
758 6.412216
759 6.420536
760 6.428856
761 6.437176
762 6.445496
763 6.455896
764 6.457976
765 6.468376
766 6.470456
767 6.485016
768 6.495416
769 6.503736
770 6.512056
771 6.522456
772 6.528696
773 6.537016
774 6.539096
775 6.551576
776 6.553656
777 6.568216
778 6.578616
779 6.586936
780 6.595256
781 6.603576
782 6.611896
783 6.622296
784 6.624376
785 6.634776
786 6.636856
787 6.651416
788 6.661816
789 6.670136
790 6.678456
791 6.688856
792 6.695096
793 6.703416
794 6.705496
795 6.717976
796 6.720056
797 6.734616
798 6.745016
799 6.753336
800 6.761656
801 6.769976
802 6.778296
803 6.788696
804 6.790776
805 6.801176
806 6.803256
807 6.817816
808 6.828216
809 6.836536
810 6.844856
811 6.855256
812 6.861496
813 6.869816
814 6.871896
815 6.884376
816 6.886456
817 6.901016
818 6.911416
819 6.919736
820 6.928056
821 6.936376
822 6.944696
823 6.955096
824 6.957176
825 6.967576
826 6.969656
827 6.984216
828 6.994616
829 7.002936
830 7.011256
831 7.021656
832 7.027896
833 7.036216
834 7.038296
835 7.050776
836 7.052856
837 7.067416
838 7.077816
839 7.086136
840 7.094456
841 7.102776
842 7.111096
843 7.121496
844 7.123576
845 7.133976
846 7.136056
847 7.150616
848 7.161016
849 7.169336
850 7.177656
851 7.188056
852 7.194296
853 7.202616
854 7.204696
855 7.217176
856 7.219256
857 7.233816
858 7.244216
859 7.252536
860 7.260856
861 7.269176
862 7.277496
863 7.287896
864 7.289976
865 7.300376
866 7.302456
867 7.317016
868 7.327416
869 7.335736
870 7.344056
871 7.354456
872 7.360696
873 7.369016
874 7.371096
875 7.383576
876 7.385656
877 7.400216
878 7.410616
879 7.418936
880 7.427256
881 7.435576
882 7.443896
883 7.454296
884 7.456376
885 7.466776
886 7.468856
887 7.483416
888 7.493816
889 7.502136
890 7.510456
891 7.520856
892 7.527096
893 7.535416
894 7.537496
895 7.549976
896 7.552056
897 7.566616
898 7.577016
899 7.585336
900 7.593656
901 7.601976
902 7.610296
903 7.620696
904 7.622776
905 7.633176
906 7.635256
907 7.649816
908 7.660216
909 7.668536
910 7.676856
911 7.687256
912 7.693496
913 7.701816
914 7.703896
915 7.716376
916 7.718456
917 7.733016
918 7.743416
919 7.751736
920 7.760056
921 7.768376
922 7.776696
923 7.787096
924 7.789176
925 7.799576
926 7.801656
927 7.816216
928 7.826616
929 7.834936
930 7.843256
931 7.853656
932 7.859896
933 7.868216
934 7.870296
935 7.882776
936 7.884856
937 7.899416
938 7.909816
939 7.918136
940 7.926456
941 7.934776
942 7.943096
943 7.953496
944 7.955576
945 7.965976
946 7.968056
947 7.982616
948 7.993016
949 8.001336
950 8.009656
951 8.020056
952 8.026296
953 8.034616
954 8.036696
955 8.049176
956 8.051256
957 8.065816
958 8.076216
959 8.084536
960 8.092856
961 8.101176
962 8.109496
963 8.119896
964 8.121976
965 8.132376
966 8.134456
967 8.149016
968 8.159416
969 8.167736
970 8.176056
971 8.186456
972 8.192696
973 8.201016
974 8.203096
975 8.215576
976 8.217656
977 8.232216
978 8.242616
979 8.250936
980 8.259256
981 8.267576
982 8.275896
983 8.286296
984 8.288376
985 8.298776
986 8.300856
987 8.315416
988 8.325816
989 8.334136
990 8.342456
991 8.352856
992 8.359096
993 8.367416
994 8.369496
995 8.381976
996 8.384056
997 8.398616
998 8.409016
999 8.417336
1000 8.425656
1001 8.433976
1002 8.442296
1003 8.452696
1004 8.454776
1005 8.465176
1006 8.467256
1007 8.481816
1008 8.492216
1009 8.500536
1010 8.508856
1011 8.519256
1012 8.525496
1013 8.533816
1014 8.535896
1015 8.548376
1016 8.550456
1017 8.565016
1018 8.575416
1019 8.583736
1020 8.592056
1021 8.600376
1022 8.608696
1023 8.619096
1024 8.621176
1025 8.631576
1026 8.633656
1027 8.648216
1028 8.658616
1029 8.666936
1030 8.675256
1031 8.685656
1032 8.691896
1033 8.700216
1034 8.702296
1035 8.714776
1036 8.716856
1037 8.731416
1038 8.741816
1039 8.750136
1040 8.758456
1041 8.766776
1042 8.775096
1043 8.785496
1044 8.787576
1045 8.797976
1046 8.800056
1047 8.814616
1048 8.825016
1049 8.833336
1050 8.841656
1051 8.852056
1052 8.858296
1053 8.866616
1054 8.868696
1055 8.881176
1056 8.883256
1057 8.897816
1058 8.908216
1059 8.916536
1060 8.924856
1061 8.933176
1062 8.941496
1063 8.951896
1064 8.953976
1065 8.964376
1066 8.966456
1067 8.981016
1068 8.991416
1069 8.999736
1070 9.008056
1071 9.018456
1072 9.024696
1073 9.033016
1074 9.035096
1075 9.047576
1076 9.049656
1077 9.064216
1078 9.074616
1079 9.082936
1080 9.091256
1081 9.099576
1082 9.107896
1083 9.118296
1084 9.120376
1085 9.130776
1086 9.132856
1087 9.147416
1088 9.157816
1089 9.166136
1090 9.174456
1091 9.184856
1092 9.191096
1093 9.199416
1094 9.201496
1095 9.213976
1096 9.216056
1097 9.230616
1098 9.241016
1099 9.249336
1100 9.257656
1101 9.265976
1102 9.274296
1103 9.284696
1104 9.286776
1105 9.297176
1106 9.299256
1107 9.313816
1108 9.324216
1109 9.332536
1110 9.340856
1111 9.351256
1112 9.357496
1113 9.365816
1114 9.367896
1115 9.380376
1116 9.382456
1117 9.397016
1118 9.407416
1119 9.415736
1120 9.424056
1121 9.432376
1122 9.440696
1123 9.451096
1124 9.453176
1125 9.463576
1126 9.465656
1127 9.480216
1128 9.490616
1129 9.498936
1130 9.507256
1131 9.517656
1132 9.523896
1133 9.532216
1134 9.534296
1135 9.546776
1136 9.548856
1137 9.563416
1138 9.573816
1139 9.582136
1140 9.590456
1141 9.598776
1142 9.607096
1143 9.617496
1144 9.619576
1145 9.629976
1146 9.632056
1147 9.646616
1148 9.657016
1149 9.665336
1150 9.673656
1151 9.684056
1152 9.690296
1153 9.698616
1154 9.700696
1155 9.713176
1156 9.715256
1157 9.729816
1158 9.740216
1159 9.748536
1160 9.756856
1161 9.765176
1162 9.773496
1163 9.783896
1164 9.785976
1165 9.796376
1166 9.798456
1167 9.813016
1168 9.823416
1169 9.831736
1170 9.840056
1171 9.850456
1172 9.856696
1173 9.865016
1174 9.867096
1175 9.879576
1176 9.881656
1177 9.896216
1178 9.906616
1179 9.914936
1180 9.923256
1181 9.931576
1182 9.939896
1183 9.950296
1184 9.952376
1185 9.962776
1186 9.964856
1187 9.979416
1188 9.989816
1189 9.998136
1190 10.006456
1191 10.016856
1192 10.023096
1193 10.031416
1194 10.033496
1195 10.045976
1196 10.048056
1197 10.062616
1198 10.073016
1199 10.081336
1200 10.089656
1201 10.097976
1202 10.106296
1203 10.116696
1204 10.118776
1205 10.129176
1206 10.131256
1207 10.145816
1208 10.156216
1209 10.164536
1210 10.172856
1211 10.183256
1212 10.189496
1213 10.197816
1214 10.199896
1215 10.212376
1216 10.214456
1217 10.229016
1218 10.239416
1219 10.247736
1220 10.256056
1221 10.264376
1222 10.272696
1223 10.283096
1224 10.285176
1225 10.295576
1226 10.297656
1227 10.312216
1228 10.322616
1229 10.330936
1230 10.339256
1231 10.349656
1232 10.355896
1233 10.364216
1234 10.366296
1235 10.378776
1236 10.380856
1237 10.395416
1238 10.405816
1239 10.414136
1240 10.422456
1241 10.430776
1242 10.439096
1243 10.449496
1244 10.451576
1245 10.461976
1246 10.464056
1247 10.478616
1248 10.489016
1249 10.497336
1250 10.505656
1251 10.516056
1252 10.522296
1253 10.530616
1254 10.532696
1255 10.545176
1256 10.547256
1257 10.561816
1258 10.572216
1259 10.580536
1260 10.588856
1261 10.597176
1262 10.605496
1263 10.615896
1264 10.617976
1265 10.628376
1266 10.630456
1267 10.645016
1268 10.655416
1269 10.663736
1270 10.672056
1271 10.682456
1272 10.688696
1273 10.697016
1274 10.699096
1275 10.711576
1276 10.713656
1277 10.728216
1278 10.738616
1279 10.746936
1280 10.755256
1281 10.763576
1282 10.771896
1283 10.782296
1284 10.784376
1285 10.794776
1286 10.796856
1287 10.811416
1288 10.821816
1289 10.830136
1290 10.838456
1291 10.848856
1292 10.855096
1293 10.863416
1294 10.865496
1295 10.877976
1296 10.880056
1297 10.894616
1298 10.905016
1299 10.913336
1300 10.921656
1301 10.929976
1302 10.938296
1303 10.948696
1304 10.950776
1305 10.961176
1306 10.963256
1307 10.977816
1308 10.988216
1309 10.996536
1310 11.004856
1311 11.015256
1312 11.021496
1313 11.029816
1314 11.031896
1315 11.044376
1316 11.046456
1317 11.061016
1318 11.071416
1319 11.079736
1320 11.088056
1321 11.096376
1322 11.104696
1323 11.115096
1324 11.117176
1325 11.127576
1326 11.129656
1327 11.144216
1328 11.154616
1329 11.162936
1330 11.171256
1331 11.181656
1332 11.187896
1333 11.196216
1334 11.198296
1335 11.210776
1336 11.212856
1337 11.227416
1338 11.237816
1339 11.246136
1340 11.254456
1341 11.262776
1342 11.271096
1343 11.281496
1344 11.283576
1345 11.293976
1346 11.296056
1347 11.310616
1348 11.321016
1349 11.329336
1350 11.337656
1351 11.348056
1352 11.354296
1353 11.362616
1354 11.364696
1355 11.377176
1356 11.379256
1357 11.393816
1358 11.404216
1359 11.412536
1360 11.420856
1361 11.429176
1362 11.437496
1363 11.447896
1364 11.449976
1365 11.460376
1366 11.462456
1367 11.477016
1368 11.487416
1369 11.495736
1370 11.504056
1371 11.514456
1372 11.520696
1373 11.529016
1374 11.531096
1375 11.543576
1376 11.545656
1377 11.560216
1378 11.570616
1379 11.578936
1380 11.587256
1381 11.595576
1382 11.603896
1383 11.614296
1384 11.616376
1385 11.626776
1386 11.628856
1387 11.643416
1388 11.653816
1389 11.662136
1390 11.670456
1391 11.680856
1392 11.687096
1393 11.695416
1394 11.697496
1395 11.709976
1396 11.712056
1397 11.726616
1398 11.737016
1399 11.745336
1400 11.753656
1401 11.761976
1402 11.770296
1403 11.780696
1404 11.782776
1405 11.793176
1406 11.795256
1407 11.809816
1408 11.820216
1409 11.828536
1410 11.836856
1411 11.847256
1412 11.853496
1413 11.861816
1414 11.863896
1415 11.876376
1416 11.878456
1417 11.893016
1418 11.903416
1419 11.911736
1420 11.920056
1421 11.928376
1422 11.936696
1423 11.947096
1424 11.949176
1425 11.959576
1426 11.961656
1427 11.976216
1428 11.986616
1429 11.994936
1430 12.003256
1431 12.013656
1432 12.019896
1433 12.028216
1434 12.030296
1435 12.042776
1436 12.044856
1437 12.059416
1438 12.069816
1439 12.078136
1440 12.086456
1441 12.094776
1442 12.103096
1443 12.113496
1444 12.115576
1445 12.125976
1446 12.128056
1447 12.142616
1448 12.153016
