0.12	0.00
0.12	1000.00
0.14	800.00
0.14	857.14
0.16	727.27
0.17	800.00
0.17	827.59
0.18	848.48
0.19	820.51
0.22	692.31
0.22	740.74
0.23	785.71
0.23	827.59
0.24	866.67
0.25	835.82
0.25	869.57
0.30	680.85
0.31	708.33
0.31	734.69
0.32	760.00
0.32	776.70
0.33	792.45
0.33	807.34
0.34	821.43
0.35	834.78
0.35	847.46
0.36	859.50
0.36	870.97
0.37	881.89
0.38	892.31
0.38	909.09
0.38	925.37
0.39	941.18
0.39	956.52
0.41	931.51
0.42	933.33
0.42	947.37
0.42	961.04
0.43	968.15
0.45	939.76
0.45	952.38
0.56	745.45
0.56	756.76
0.56	767.86
0.57	778.76
0.57	789.47
0.58	800.00
0.58	810.34
0.58	820.51
0.60	816.67
0.60	823.05
0.61	829.27
0.61	835.34
0.62	841.27
0.63	843.75
0.63	852.71
0.64	858.24
0.64	863.64
0.65	868.91
0.67	855.07
0.67	863.31
0.68	871.43
0.68	879.43
0.68	887.32
0.69	895.10
0.69	902.78
0.70	910.34
0.70	917.81
0.70	925.17
0.71	932.43
0.71	939.60
0.72	946.67
0.72	953.64
0.72	960.53
0.73	967.32
0.73	974.03
0.74	980.65
0.77	936.17
0.78	942.60
0.78	948.95
0.79	955.22
0.79	961.42
0.79	967.55
0.80	973.61
0.80	979.59
0.81	985.51
0.81	991.35
0.83	977.53
0.83	983.24
0.85	970.03
0.85	975.61
0.95	870.81
0.96	876.19
0.96	881.52
0.96	886.79
0.97	892.02
0.97	897.20
0.98	902.33
0.98	907.41
0.99	904.11
1.00	907.03
1.00	909.91
1.01	912.75
1.02	915.56
1.02	916.30
1.03	921.05
1.03	923.75
1.04	926.41
1.05	929.03
1.06	921.78
1.07	926.32
1.07	930.82
1.07	935.28
1.08	939.71
1.08	944.10
1.09	948.45
1.09	952.77
1.09	957.06
1.10	961.30
1.10	965.52
1.11	969.70
1.11	973.84
1.11	977.96
1.12	982.04
1.12	986.08
1.13	990.10
1.13	994.08
1.17	960.30
1.18	964.22
1.18	968.11
1.19	971.96
1.19	975.79
1.19	979.59
1.20	983.36
1.20	987.11
1.21	990.83
1.21	994.52
1.23	985.61
1.23	989.25
1.25	980.60
1.25	984.18
1.35	912.62
1.36	916.13
1.36	919.61
1.36	923.08
1.37	926.52
1.37	929.94
1.38	933.33
1.38	936.71
1.39	934.17
1.40	936.04
1.40	937.89
1.41	939.72
1.42	941.54
1.42	941.90
1.43	945.12
1.43	946.89
1.44	948.64
1.45	950.38
1.46	945.02
1.47	948.15
1.47	951.26
1.47	954.34
1.48	957.42
1.48	960.47
1.49	963.50
1.49	966.52
1.49	969.52
1.50	972.50
1.50	975.47
1.51	978.42
1.51	981.35
1.51	984.26
1.52	987.16
1.52	990.04
1.53	992.91
1.53	995.76
1.57	971.19
1.58	974.01
1.58	976.81
1.59	979.59
1.59	982.36
1.59	985.12
1.60	987.85
1.60	990.58
1.61	993.29
1.61	995.98
1.63	989.42
1.63	992.08
1.65	985.66
1.65	988.30
1.75	933.99
1.76	936.59
1.76	939.17
1.76	941.75
1.77	944.31
1.77	946.86
1.78	949.40
1.78	951.92
1.79	949.88
1.80	951.25
1.80	952.61
1.81	953.96
1.82	955.29
1.82	955.50
1.83	957.94
1.83	959.25
1.84	960.56
1.85	961.85
1.86	957.62
1.87	960.00
1.87	962.37
1.87	964.73
1.88	967.08
1.88	969.42
1.89	971.75
1.89	974.07
1.89	976.38
1.90	978.68
1.90	980.96
1.91	983.24
1.91	985.51
1.91	987.76
1.92	990.01
1.92	992.25
1.93	994.48
1.93	996.69
1.97	977.40
1.98	979.59
1.98	981.78
1.99	983.96
1.99	986.13
1.99	988.29
2.00	990.44
2.00	992.58
2.01	994.71
2.01	996.83
2.03	991.63
2.03	993.74
2.05	988.62
2.05	990.71
2.15	947.89
2.15	949.95
2.16	952.01
2.16	954.06
2.17	956.10
2.17	958.13
2.17	960.16
2.18	962.17
2.19	960.46
2.20	961.54
2.20	962.61
2.21	963.67
2.21	964.73
2.22	965.78
2.23	966.82
2.23	967.86
2.24	968.90
2.24	969.92
2.26	966.42
2.26	968.34
2.27	970.26
2.27	972.17
2.28	974.07
2.28	975.97
2.28	977.86
2.29	979.74
2.29	981.62
2.30	983.49
2.30	985.35
2.30	987.20
2.31	989.05
2.31	990.89
2.32	992.73
2.32	994.56
2.32	996.38
2.37	980.46
2.37	982.27
2.38	984.07
2.38	985.87
2.38	987.65
2.39	989.44
2.39	991.21
2.40	992.98
2.40	994.75
2.40	996.50
2.42	992.19
2.43	993.94
2.43	995.68
2.45	990.57
2.45	992.30
2.55	955.67
2.56	957.38
2.56	959.08
2.56	960.78
2.57	962.48
2.57	964.17
2.58	965.85
2.58	967.53
2.59	966.07
2.60	966.96
2.60	967.85
2.61	968.72
2.62	969.60
2.62	970.47
2.63	971.34
2.63	972.20
2.64	973.06
2.65	973.91
2.66	970.93
2.67	972.55
2.67	974.16
2.67	975.76
2.68	977.36
2.68	978.96
2.69	980.54
2.69	982.13
2.69	983.71
2.70	985.28
2.70	986.85
2.71	988.42
2.71	989.98
2.71	991.53
2.72	993.08
2.72	994.63
2.73	996.17
2.77	983.41
2.77	984.94
2.78	986.47
2.78	987.99
2.78	989.51
2.79	991.02
2.79	992.53
2.80	994.03
2.80	995.53
2.80	997.02
2.82	993.35
2.83	994.83
2.83	996.32
2.85	991.95
2.85	993.43
2.95	961.92
2.96	963.38
2.96	964.84
2.96	966.29
2.97	967.74
2.97	969.19
2.98	970.63
2.98	972.07
2.99	970.79
3.00	971.55
3.00	972.30
3.01	973.05
3.02	973.79
3.02	974.54
3.03	975.27
3.03	976.01
3.04	976.74
3.05	977.47
3.06	974.88
3.07	976.27
3.07	977.66
3.07	979.04
3.08	980.42
3.08	981.79
3.09	983.16
3.09	984.53
3.09	985.90
3.10	987.26
3.10	988.61
3.11	989.97
3.11	991.32
3.11	992.66
3.12	994.00
3.12	995.34
3.13	996.68
3.17	985.58
3.17	986.91
3.18	988.24
3.18	989.56
3.18	990.87
3.19	992.19
3.19	993.50
3.20	994.81
3.20	996.11
3.20	997.41
3.22	994.20
3.23	995.50
3.23	996.79
3.25	992.98
3.25	994.26
3.35	966.63
3.36	967.90
3.36	969.17
3.36	970.44
3.37	971.71
3.37	972.97
3.38	974.23
3.38	975.49
3.39	974.36
3.40	975.02
3.40	975.67
3.41	976.32
3.42	976.97
3.42	977.62
3.43	978.26
3.43	978.90
3.44	979.54
3.45	980.18
3.46	977.88
3.47	979.10
3.47	980.32
3.47	981.54
3.48	982.75
3.48	983.96
3.49	985.16
3.49	986.37
3.49	987.57
3.50	988.76
3.50	989.96
3.51	991.15
3.51	992.34
3.51	993.53
3.52	994.71
3.52	995.89
3.53	997.07
3.57	987.25
3.57	988.43
3.58	989.60
3.58	990.76
3.58	991.93
3.59	993.09
3.59	994.25
3.60	995.40
3.60	996.56
3.60	997.71
3.62	994.87
3.63	996.01
3.63	997.15
3.65	993.77
3.65	994.91
3.75	970.30
3.76	971.43
3.76	972.56
3.76	973.68
3.77	974.81
3.77	975.93
3.78	977.05
3.78	978.17
3.79	977.15
3.80	977.73
3.80	978.31
3.81	978.88
3.82	979.46
3.82	980.03
3.83	980.60
3.83	981.17
3.84	981.74
3.85	982.31
3.86	980.25
3.87	981.33
3.87	982.42
3.87	983.50
3.88	984.58
3.88	985.66
3.89	986.74
3.89	987.81
3.89	988.88
3.90	989.95
3.90	991.02
3.91	992.08
3.91	993.15
3.91	994.21
3.92	995.27
3.92	996.32
3.93	997.38
3.97	988.58
3.97	989.63
3.98	990.67
3.98	991.72
3.98	992.76
3.99	993.80
3.99	994.84
4.00	995.88
4.00	996.91
4.00	997.94
4.02	995.39
4.03	996.42
4.03	997.45
4.05	994.41
4.05	995.43
4.15	973.24
4.16	974.26
4.16	975.27
4.16	976.28
4.17	977.30
4.17	978.30
4.18	979.31
4.18	980.31
4.19	979.39
4.20	979.91
4.20	980.43
4.21	980.95
4.22	981.46
4.22	981.98
4.23	982.49
4.23	983.00
4.24	983.51
4.25	984.02
4.26	982.15
4.27	983.13
4.27	984.11
4.27	985.09
4.28	986.06
4.28	987.04
4.29	988.01
4.29	988.98
4.29	989.95
4.30	990.91
4.30	991.88
4.31	992.84
4.31	993.80
4.31	994.76
4.32	995.72
4.32	996.67
4.33	997.62
4.37	989.65
4.37	990.60
4.38	991.55
4.38	992.50
4.38	993.44
4.39	994.38
4.39	995.32
4.40	996.26
4.40	997.20
4.40	998.13
4.42	995.82
4.43	996.75
4.43	997.68
4.45	994.92
4.45	995.85
4.55	975.65
4.56	976.58
4.56	977.50
4.56	978.42
4.57	979.34
4.57	980.25
4.58	981.17
4.58	982.08
4.59	981.23
4.60	981.70
4.60	982.17
4.61	982.64
4.62	983.11
4.62	983.58
4.63	984.04
4.63	984.51
4.64	984.97
4.65	985.43
4.66	983.72
4.67	984.62
4.67	985.51
4.67	986.40
4.68	987.29
4.68	988.17
4.69	989.06
4.69	989.94
4.69	990.83
4.70	991.71
4.70	992.59
4.71	993.46
4.71	994.34
4.71	995.22
4.72	996.09
4.72	996.96
4.73	997.83
4.77	990.54
4.77	991.41
4.78	992.27
4.78	993.14
4.78	994.00
4.79	994.86
4.79	995.72
4.80	996.58
4.80	997.44
4.80	998.29
4.82	996.18
4.83	997.03
4.83	997.88
4.85	995.35
4.85	996.20
4.95	977.67
4.96	978.51
4.96	979.36
4.96	980.20
4.97	981.04
4.97	981.88
4.98	982.72
4.98	983.55
4.99	982.77
5.00	983.20
5.00	983.63
5.01	984.06
5.02	984.49
5.02	984.92
5.03	985.34
5.03	985.77
5.04	986.19
5.05	986.61
5.06	985.04
5.07	985.86
5.07	986.68
5.07	987.49
5.08	988.31
5.08	989.13
5.09	989.94
5.09	990.75
5.09	991.56
5.10	992.37
5.10	993.18
5.11	993.99
5.11	994.79
5.11	995.60
5.12	996.40
5.12	997.20
5.13	998.00
5.17	991.29
5.17	992.09
5.18	992.89
5.18	993.68
5.18	994.48
5.19	995.27
5.19	996.06
5.20	996.85
5.20	997.64
5.20	998.43
5.22	996.47
5.23	997.26
5.23	998.04
5.25	995.71
5.25	996.50
5.35	979.37
5.36	980.15
5.36	980.93
5.36	981.71
5.37	982.48
5.37	983.26
5.38	984.03
5.38	984.80
5.39	984.08
5.40	984.48
5.40	984.87
5.41	985.27
5.42	985.66
5.42	986.05
5.43	986.45
5.43	986.84
5.44	987.23
5.45	987.62
5.46	986.16
5.47	986.92
5.47	987.67
5.47	988.43
5.48	989.18
5.48	989.94
5.49	990.69
5.49	991.44
5.49	992.19
5.50	992.94
5.50	993.69
5.51	994.43
5.51	995.18
5.51	995.92
5.52	996.67
5.52	997.41
5.53	998.15
5.57	991.93
5.57	992.67
5.58	993.41
5.58	994.14
5.58	994.88
5.59	995.61
5.59	996.35
5.60	997.08
5.60	997.81
5.60	998.54
5.62	996.73
5.63	997.46
5.63	998.19
5.65	996.02
5.65	996.75
5.75	980.84
5.76	981.56
5.76	982.28
5.76	983.00
5.77	983.72
5.77	984.44
5.78	985.16
5.78	985.88
5.79	985.20
5.80	985.57
5.80	985.94
5.81	986.30
5.82	986.67
5.82	987.03
5.83	987.39
5.83	987.76
5.84	988.12
5.85	988.48
5.86	987.12
5.87	987.83
5.87	988.53
5.87	989.23
5.88	989.93
5.88	990.63
5.89	991.33
5.89	992.03
5.89	992.73
5.90	993.43
5.90	994.12
5.91	994.82
5.91	995.51
5.91	996.21
5.92	996.90
5.92	997.59
5.93	998.28
5.97	992.48
5.97	993.17
5.98	993.86
5.98	994.54
5.98	995.23
5.99	995.91
5.99	996.60
6.00	997.28
6.00	997.96
6.00	998.64
6.02	996.95
6.03	997.63
6.03	998.31
6.05	996.29
6.05	996.97
6.15	982.11
6.16	982.78
6.16	983.45
6.16	984.13
6.17	984.80
6.17	985.47
6.18	986.14
6.18	986.81
6.19	986.18
6.20	986.52
6.20	986.86
6.21	987.20
6.22	987.54
6.22	987.88
6.23	988.22
6.23	988.56
6.24	988.90
6.25	989.23
6.26	987.96
6.27	988.62
6.27	989.28
6.27	989.93
6.28	990.59
6.28	991.24
6.29	991.90
6.29	992.55
6.29	993.20
6.30	993.85
6.30	994.50
6.31	995.15
6.31	995.80
6.31	996.45
6.32	997.10
6.32	997.74
6.33	998.39
6.37	992.96
6.37	993.61
6.38	994.25
6.38	994.89
6.38	995.53
6.39	996.17
6.39	996.81
6.40	997.45
6.40	998.09
6.40	998.73
6.42	997.15
6.43	997.78
6.43	998.42
6.45	996.53
6.45	997.16
6.55	983.22
6.56	983.85
6.56	984.48
6.56	985.11
6.57	985.74
6.57	986.37
6.58	987.00
6.58	987.62
6.59	987.03
6.60	987.35
6.60	987.67
6.61	987.99
6.62	988.31
6.62	988.63
6.63	988.94
6.63	989.26
6.64	989.58
6.65	989.89
6.66	988.70
6.67	989.31
6.67	989.93
6.67	990.55
6.68	991.16
6.68	991.78
6.69	992.39
6.69	993.00
6.69	993.62
6.70	994.23
6.70	994.84
6.71	995.45
6.71	996.06
6.71	996.67
6.72	997.27
6.72	997.88
6.73	998.49
6.77	993.39
6.77	993.99
6.78	994.59
6.78	995.20
6.78	995.80
6.79	996.40
6.79	997.00
6.80	997.60
6.80	998.20
6.80	998.80
6.82	997.32
6.83	997.91
6.83	998.51
6.85	996.73
6.85	997.33
6.95	984.20
6.96	984.80
6.96	985.39
6.96	985.98
6.97	986.57
6.97	987.16
6.98	987.76
6.98	988.34
6.99	987.78
7.00	988.08
7.00	988.39
7.01	988.69
7.02	988.99
7.02	989.28
7.03	989.58
7.03	989.88
7.04	990.18
7.05	990.48
7.06	989.35
7.07	989.93
7.07	990.51
7.07	991.09
7.08	991.67
7.08	992.25
7.09	992.83
7.09	993.40
7.09	993.98
7.10	994.56
7.10	995.13
7.11	995.71
7.11	996.28
7.11	996.86
7.12	997.43
7.12	998.00
7.13	998.57
7.17	993.76
7.17	994.33
7.18	994.90
7.18	995.47
7.18	996.04
7.19	996.61
7.19	997.17
7.20	997.74
7.20	998.31
7.20	998.87
7.22	997.47
7.23	998.03
7.23	998.59
7.25	996.92
7.25	997.48
7.35	985.07
7.36	985.64
7.36	986.20
7.36	986.75
7.37	987.31
7.37	987.87
7.38	988.43
7.38	988.99
7.39	988.46
7.40	988.74
7.40	989.02
7.41	989.31
7.42	989.59
7.42	989.87
7.43	990.15
7.43	990.43
7.44	990.72
7.45	991.00
7.46	989.93
7.47	990.48
7.47	991.03
7.47	991.57
7.48	992.12
7.48	992.67
7.49	993.22
7.49	993.76
7.49	994.31
7.50	994.85
7.50	995.40
7.51	995.94
7.51	996.48
7.51	997.03
7.52	997.57
7.52	998.11
7.53	998.65
7.57	994.10
7.57	994.64
7.58	995.17
7.58	995.71
7.58	996.25
7.59	996.79
7.59	997.32
7.60	997.86
7.60	998.40
7.60	998.93
7.62	997.60
7.63	998.14
7.63	998.67
7.65	997.08
7.65	997.61
7.75	985.86
7.76	986.39
7.76	986.92
7.76	987.45
7.77	987.98
7.77	988.51
7.78	989.03
7.78	989.56
7.79	989.06
7.80	989.33
7.80	989.59
7.81	989.86
7.82	990.13
7.82	990.40
7.83	990.66
7.83	990.93
7.84	991.20
7.85	991.46
7.86	990.45
7.87	990.97
7.87	991.49
7.87	992.01
7.88	992.53
7.88	993.05
7.89	993.56
7.89	994.08
7.89	994.60
7.90	995.12
7.90	995.63
7.91	996.15
7.91	996.66
7.91	997.18
7.92	997.69
7.92	998.21
7.93	998.72
7.97	994.40
7.97	994.91
7.98	995.42
7.98	995.93
7.98	996.44
7.99	996.95
7.99	997.46
8.00	997.97
8.00	998.48
8.00	998.99
8.02	997.72
8.03	998.23
8.03	998.74
8.05	997.23
8.05	997.73
8.15	986.56
8.16	987.06
8.16	987.57
8.16	988.07
8.17	988.57
8.17	989.08
8.18	989.58
8.18	990.08
8.19	989.60
8.20	989.85
8.20	990.11
8.21	990.36
8.22	990.62
8.22	990.87
8.23	991.12
8.23	991.38
8.24	991.63
8.25	991.88
8.26	990.92
8.27	991.41
8.27	991.91
8.27	992.40
8.28	992.89
8.28	993.39
8.29	993.88
8.29	994.37
8.29	994.86
8.30	995.36
8.30	995.85
8.31	996.34
8.31	996.83
8.31	997.32
8.32	997.81
8.32	998.29
8.33	998.78
8.37	994.67
8.37	995.16
8.38	995.64
8.38	996.13
8.38	996.61
8.39	997.10
8.39	997.58
8.40	998.07
8.40	998.55
8.40	999.03
8.42	997.83
8.43	998.32
8.43	998.80
8.45	997.36
8.45	997.84
8.55	986.96
8.56	987.44
8.56	987.92
8.57	988.40
8.57	988.88
8.57	989.36
8.58	989.84
8.58	990.31
8.59	989.86
8.60	990.10
8.61	990.34
8.61	990.58
8.62	990.83
8.62	991.07
8.63	991.31
8.64	991.55
8.64	991.79
8.65	992.03
8.66	991.11
8.67	991.58
8.67	992.05
8.68	992.52
8.68	992.99
8.68	993.46
8.69	993.93
8.69	994.40
8.70	994.87
8.70	995.34
8.70	995.81
8.71	996.28
8.71	996.74
8.72	997.21
8.72	997.68
8.72	998.14
8.73	998.61
8.73	999.07
8.77	995.15
8.78	995.61
8.78	996.08
8.79	996.54
8.79	997.00
8.79	997.46
8.80	997.93
8.80	998.39
8.81	998.85
8.82	997.93
8.83	998.39
8.83	998.85
8.85	997.48
8.85	997.94
8.95	987.78
8.96	988.24
8.96	988.69
8.96	989.15
8.97	989.61
8.97	990.06
8.98	990.52
8.98	990.97
8.99	990.54
9.00	990.77
9.00	991.00
9.01	991.23
9.02	991.46
9.02	991.69
9.03	991.92
9.03	992.15
9.04	992.38
9.05	992.61
9.06	991.73
9.07	992.18
9.07	992.63
9.07	993.08
9.08	993.53
9.08	993.98
9.09	994.43
9.09	994.87
9.09	995.32
9.10	995.77
9.10	996.22
9.11	996.66
9.11	997.11
9.11	997.56
9.12	998.00
9.12	998.45
9.13	998.89
9.17	995.14
9.17	995.58
9.18	996.03
9.18	996.47
9.18	996.91
9.19	997.35
9.19	997.80
9.20	998.24
9.20	998.68
9.20	999.12
9.22	998.02
9.23	998.46
9.23	998.90
9.25	997.59
9.25	998.03
9.35	988.31
9.36	988.74
9.36	989.18
9.36	989.62
9.37	990.06
9.37	990.49
9.38	990.93
9.38	991.36
9.39	990.94
9.40	991.17
9.40	991.39
9.41	991.61
9.42	991.83
9.42	992.05
9.43	992.27
9.43	992.49
9.44	992.71
9.45	992.93
9.46	992.08
9.47	992.51
9.47	992.94
9.47	993.37
9.48	993.80
9.48	994.23
9.49	994.66
9.49	995.09
9.49	995.52
9.50	995.95
9.50	996.38
9.51	996.81
9.51	997.23
9.51	997.66
9.52	998.09
9.52	998.51
9.53	998.94
9.53	999.36
9.57	995.56
9.58	995.98
9.58	996.41
9.59	996.83
9.59	997.26
9.59	997.68
9.60	998.10
9.60	998.52
9.61	998.95
9.61	999.37
9.63	998.32
9.63	998.74
9.65	997.69
9.65	998.11
9.75	988.79
9.76	989.21
9.76	989.63
9.76	990.05
9.77	990.47
9.77	990.89
9.78	991.30
9.78	991.72
9.79	991.32
9.80	991.53
9.80	991.74
9.81	991.95
9.82	992.16
9.82	992.17
9.83	992.59
9.83	992.80
9.84	993.01
9.85	993.22
9.86	992.41
9.87	992.82
9.87	993.23
9.87	993.65
9.88	994.06
9.88	994.47
9.89	994.88
9.89	995.29
9.89	995.70
9.90	996.12
9.90	996.53
9.91	996.94
9.91	997.35
9.91	997.75
9.92	998.16
9.92	998.57
9.93	998.98
9.93	999.39
9.97	995.74
9.98	996.15
9.98	996.55
9.99	996.96
9.99	997.37
9.99	997.77
10.00	998.18
10.00	998.58
10.01	998.99
10.01	999.39
10.03	998.39
10.03	998.79
10.05	997.79
10.05	998.19
10.15	989.24
10.16	989.64
10.16	990.04
10.16	990.45
10.17	990.85
10.17	991.25
10.18	991.65
10.18	992.05
10.19	991.66
10.20	991.87
10.20	992.07
10.21	992.27
10.22	992.48
10.22	992.48
10.23	992.88
10.23	993.08
10.24	993.28
10.25	993.48
10.26	992.71
10.27	993.10
10.27	993.50
10.27	993.90
10.28	994.29
10.28	994.69
10.29	995.08
10.29	995.48
10.29	995.87
10.30	996.27
10.30	996.66
10.31	997.06
10.31	997.45
10.31	997.84
10.32	998.24
10.32	998.63
10.33	999.02
10.33	999.41
10.37	995.91
10.38	996.30
10.38	996.69
10.39	997.08
10.39	997.47
10.39	997.86
10.40	998.25
10.40	998.64
10.41	999.03
10.41	999.42
10.43	998.45
10.43	998.84
10.45	997.87
10.45	998.26
10.55	989.65
10.56	990.04
10.56	990.43
10.56	990.81
10.57	991.20
10.57	991.58
10.58	991.97
10.58	992.35
10.59	991.98
10.60	992.18
10.60	992.37
10.61	992.57
10.62	992.76
10.62	992.77
10.63	993.15
10.63	993.34
10.64	993.54
10.65	993.73
10.66	992.98
10.67	993.36
10.67	993.75
10.67	994.13
10.68	994.51
10.68	994.89
10.69	995.27
10.69	995.65
10.69	996.03
10.70	996.41
10.70	996.79
10.71	997.17
10.71	997.55
10.71	997.92
10.72	998.30
10.72	998.68
10.73	999.06
10.73	999.43
10.77	996.06
10.78	996.44
10.78	996.81
10.79	997.19
10.79	997.56
10.79	997.94
10.80	998.31
10.80	998.69
10.81	999.06
10.81	999.44
10.83	998.51
10.83	998.88
10.85	997.95
10.85	998.32
10.95	990.03
10.96	990.41
10.96	990.78
10.96	991.15
10.97	991.52
10.97	991.89
10.98	992.27
10.98	992.64
10.99	992.28
11.00	992.46
11.00	992.65
11.01	992.84
11.02	993.03
11.02	993.03
11.03	993.40
11.03	993.59
11.04	993.78
11.05	993.96
11.06	993.24
11.07	993.61
11.07	993.97
11.07	994.34
11.08	994.71
11.08	995.08
11.09	995.44
11.09	995.81
11.09	996.17
11.10	996.54
11.10	996.91
11.11	997.27
11.11	997.64
11.11	998.00
11.12	998.36
11.12	998.73
11.13	999.09
11.13	999.46
11.17	996.20
11.18	996.56
11.18	996.93
11.19	997.29
11.19	997.65
11.19	998.01
11.20	998.38
11.20	998.74
11.21	999.10
11.21	999.46
11.23	998.56
11.23	998.92
11.25	998.02
11.25	998.38
11.35	990.39
11.36	990.75
11.36	991.11
11.36	991.47
11.37	991.82
11.37	992.18
11.38	992.54
11.38	992.90
11.39	992.55
11.40	992.73
11.40	992.91
11.41	993.09
11.42	993.27
11.42	993.28
11.43	993.64
11.43	993.82
11.44	994.00
11.45	994.17
11.46	993.48
11.47	993.83
11.47	994.19
11.47	994.54
11.48	994.90
11.48	995.25
11.49	995.60
11.49	995.96
11.49	996.31
11.50	996.66
11.50	997.01
11.51	997.37
11.51	997.72
11.51	998.07
11.52	998.42
11.52	998.77
11.53	999.12
11.53	999.47
11.57	996.33
11.58	996.68
11.58	997.03
11.59	997.38
11.59	997.73
11.59	998.08
11.60	998.43
11.60	998.78
11.61	999.13
11.61	999.48
11.63	998.61
11.63	998.96
11.65	998.09
11.65	998.44
11.75	990.72
11.76	991.07
11.76	991.41
11.76	991.76
11.77	992.10
11.77	992.45
11.78	992.80
11.78	993.14
11.79	992.81
11.80	992.98
11.80	993.16
11.81	993.33
11.82	993.50
11.82	993.51
11.83	993.85
11.83	994.03
11.84	994.20
11.85	994.37
11.86	993.70
11.87	994.04
11.87	994.38
11.87	994.73
11.88	995.07
11.88	995.41
11.89	995.75
11.89	996.09
11.89	996.43
11.90	996.77
11.90	997.12
11.91	997.46
11.91	997.80
11.91	998.14
11.92	998.47
11.92	998.81
11.93	999.15
11.93	999.49
11.97	996.46
11.98	996.80
11.98	997.13
11.99	997.47
11.99	997.81
11.99	998.15
12.00	998.49
12.00	998.82
12.01	999.16
12.01	999.50
12.03	998.82
12.03	0.00
