0.12	0.00	0.00
0.12	4000.00	0.00
0.13	2000.00	0.01
0.13	1714.29	0.01
0.14	1600.00	0.02
0.14	1818.18	0.02
0.15	1714.29	0.03
0.15	1866.67	0.03
0.15	2000.00	0.03
0.16	1800.00	0.04
0.16	1739.13	0.05
0.17	1739.13	0.05
0.17	1739.13	0.05
0.17	1904.76	0.04
0.18	2105.26	0.04
0.18	2105.26	0.04
0.18	2352.94	0.03
0.19	1904.76	0.04
0.20	1739.13	0.05
0.20	2000.00	0.04
0.20	2222.22	0.04
0.20	2222.22	0.04
0.21	2000.00	0.04
0.21	2000.00	0.04
0.22	1818.18	0.04
0.22	1818.18	0.04
0.22	1818.18	0.04
0.23	2222.22	0.04
0.23	2500.00	0.03
0.24	2000.00	0.04
0.24	1818.18	0.04
0.25	1818.18	0.04
0.25	2000.00	0.04
0.25	2000.00	0.04
0.26	2222.22	0.04
0.26	2222.22	0.04
0.26	2222.22	0.04
0.27	1818.18	0.04
0.28	1666.67	0.05
0.28	2000.00	0.04
0.28	2222.22	0.04
0.28	2222.22	0.04
0.29	2000.00	0.04
0.29	2000.00	0.04
0.31	1600.00	0.05
0.31	1600.00	0.05
0.31	1600.00	0.05
0.31	1904.76	0.04
0.32	1904.76	0.04
0.32	1904.76	0.04
0.32	1904.76	0.04
0.32	1904.76	0.04
0.33	2352.94	0.03
0.33	2222.22	0.04
0.35	1818.18	0.04
0.36	1538.46	0.05
0.36	1538.46	0.05
0.36	1538.46	0.05
0.37	1666.67	0.05
0.37	1666.67	0.05
0.37	1666.67	0.05
0.37	1666.67	0.05
0.37	1666.67	0.05
0.38	1739.13	0.05
0.38	2857.14	0.03
0.38	4000.00	0.02
0.38	4000.00	0.02
0.41	1818.18	0.04
0.41	1818.18	0.04
0.41	1818.18	0.04
0.41	1818.18	0.04
0.42	1818.18	0.04
0.42	1818.18	0.04
0.42	1818.18	0.04
0.42	1818.18	0.04
0.42	1818.18	0.04
0.43	1818.18	0.04
0.43	4000.00	0.02
0.43	4000.00	0.02
0.46	1538.46	0.05
0.47	1538.46	0.05
0.47	1538.46	0.05
0.47	1538.46	0.05
0.47	1538.46	0.05
0.47	1538.46	0.05
0.48	1538.46	0.05
0.48	1538.46	0.05
0.48	1538.46	0.05
0.48	1538.46	0.05
0.48	4000.00	0.02
0.49	4000.00	0.02
0.49	4000.00	0.02
0.49	4000.00	0.02
0.49	4000.00	0.02
0.54	1176.47	0.07
0.54	1176.47	0.07
0.55	1176.47	0.07
0.55	1176.47	0.07
0.55	1176.47	0.07
0.55	1176.47	0.07
0.55	1176.47	0.07
0.56	1176.47	0.07
0.56	1176.47	0.07
0.56	1176.47	0.07
0.56	3636.36	0.02
0.57	3636.36	0.02
0.57	3636.36	0.02
0.57	3636.36	0.02
0.57	3636.36	0.02
0.57	3636.36	0.02
0.58	3636.36	0.02
0.58	3636.36	0.02
0.58	3636.36	0.02
0.58	3636.36	0.02
0.59	3636.36	0.02
0.59	3636.36	0.02
0.59	3636.36	0.02
0.59	3636.36	0.02
0.59	3636.36	0.02
0.60	3636.36	0.02
0.60	3636.36	0.02
0.60	3636.36	0.02
0.66	952.38	0.08
0.67	952.38	0.08
0.67	975.61	0.08
0.67	975.61	0.08
0.67	975.61	0.08
0.67	975.61	0.08
0.68	975.61	0.08
0.68	975.61	0.08
0.68	975.61	0.08
0.68	975.61	0.08
0.68	4000.00	0.02
0.69	4000.00	0.02
0.69	4000.00	0.02
0.69	4000.00	0.02
0.69	4000.00	0.02
0.69	4000.00	0.02
0.70	4000.00	0.02
0.70	4000.00	0.02
0.70	4000.00	0.02
0.70	4000.00	0.02
0.70	4000.00	0.02
0.71	4000.00	0.02
0.77	1000.00	0.08
0.77	1000.00	0.08
0.77	1000.00	0.08
0.77	1000.00	0.08
0.78	1000.00	0.08
0.78	1000.00	0.08
0.78	1000.00	0.08
0.78	1000.00	0.08
0.78	1000.00	0.08
0.79	1000.00	0.08
0.79	3636.36	0.02
0.79	3636.36	0.02
0.79	3636.36	0.02
0.80	3636.36	0.02
0.80	3636.36	0.02
0.80	3636.36	0.02
0.80	3636.36	0.02
0.80	3636.36	0.02
0.81	3636.36	0.02
0.81	3636.36	0.02
0.81	3636.36	0.02
0.81	3636.36	0.02
0.82	3636.36	0.02
0.82	3636.36	0.02
0.82	3636.36	0.02
0.82	3636.36	0.02
0.82	3636.36	0.02
0.83	3636.36	0.02
0.83	3636.36	0.02
0.83	3333.33	0.02
0.90	888.89	0.09
0.90	888.89	0.09
0.91	888.89	0.09
0.91	888.89	0.09
0.91	888.89	0.09
0.91	888.89	0.09
0.91	888.89	0.09
0.92	888.89	0.09
0.92	888.89	0.09
0.92	909.09	0.09
0.92	4000.00	0.02
0.92	4000.00	0.02
0.93	4000.00	0.02
0.93	4000.00	0.02
0.93	4000.00	0.02
0.93	4000.00	0.02
0.93	4000.00	0.02
0.94	4000.00	0.02
0.94	4000.00	0.02
0.94	4000.00	0.02
1.00	1052.63	0.08
1.00	1052.63	0.08
1.00	1052.63	0.08
1.00	1052.63	0.08
1.01	1052.63	0.08
1.01	1052.63	0.08
1.01	1052.63	0.08
1.01	1052.63	0.08
1.01	1052.63	0.08
1.02	1052.63	0.08
1.02	3636.36	0.02
1.02	3636.36	0.02
1.02	3636.36	0.02
1.03	3636.36	0.02
1.03	3636.36	0.02
1.03	3636.36	0.02
1.03	3636.36	0.02
1.03	3636.36	0.02
1.04	3636.36	0.02
1.04	3636.36	0.02
1.04	3636.36	0.02
1.04	3636.36	0.02
1.05	3636.36	0.02
1.05	3636.36	0.02
1.05	3636.36	0.02
1.05	3636.36	0.02
1.05	3636.36	0.02
1.06	3636.36	0.02
1.06	3636.36	0.02
1.06	3636.36	0.02
1.06	3636.36	0.02
1.07	3636.36	0.02
1.07	3636.36	0.02
1.14	851.06	0.09
1.14	851.06	0.09
1.15	851.06	0.09
1.15	851.06	0.09
1.15	851.06	0.09
1.15	851.06	0.09
1.15	851.06	0.09
1.16	869.57	0.09
1.16	869.57	0.09
1.16	869.57	0.09
1.16	4000.00	0.02
1.16	4000.00	0.02
1.17	4000.00	0.02
1.17	4000.00	0.02
1.17	4000.00	0.02
1.17	4000.00	0.02
1.17	4000.00	0.02
1.22	1176.47	0.07
1.23	1176.47	0.07
1.23	1176.47	0.07
1.23	1176.47	0.07
1.23	1176.47	0.07
1.23	1176.47	0.07
1.24	1176.47	0.07
1.24	1176.47	0.07
1.24	1176.47	0.07
1.24	1176.47	0.07
1.25	3636.36	0.02
1.25	3636.36	0.02
1.25	3636.36	0.02
1.25	3636.36	0.02
1.25	3636.36	0.02
1.26	3636.36	0.02
1.26	3636.36	0.02
1.26	3636.36	0.02
1.26	3636.36	0.02
1.26	3636.36	0.02
1.27	3636.36	0.02
1.27	3636.36	0.02
1.27	3636.36	0.02
1.27	3636.36	0.02
1.28	3636.36	0.02
1.28	3636.36	0.02
1.28	3636.36	0.02
1.28	3636.36	0.02
1.28	3636.36	0.02
1.29	3333.33	0.02
1.36	888.89	0.09
1.36	888.89	0.09
1.36	888.89	0.09
1.36	888.89	0.09
1.37	888.89	0.09
1.37	888.89	0.09
1.37	888.89	0.09
1.37	888.89	0.09
1.37	888.89	0.09
1.38	909.09	0.09
1.38	4000.00	0.02
1.38	4000.00	0.02
1.38	4000.00	0.02
1.38	4000.00	0.02
1.39	4000.00	0.02
1.39	4000.00	0.02
1.39	4000.00	0.02
1.39	4000.00	0.02
1.39	4000.00	0.02
1.40	4000.00	0.02
1.45	1052.63	0.08
1.46	1052.63	0.08
1.46	1052.63	0.08
1.46	1052.63	0.08
1.46	1052.63	0.08
1.46	1052.63	0.08
1.47	1052.63	0.08
1.47	1052.63	0.08
1.47	1052.63	0.08
1.47	1052.63	0.08
1.48	3636.36	0.02
1.48	3636.36	0.02
1.48	3636.36	0.02
1.48	3636.36	0.02
1.48	3636.36	0.02
1.49	3636.36	0.02
1.49	3636.36	0.02
1.49	3636.36	0.02
1.49	3636.36	0.02
1.49	3636.36	0.02
1.50	3636.36	0.02
1.50	3636.36	0.02
1.50	3636.36	0.02
1.50	3636.36	0.02
1.51	3636.36	0.02
1.51	3636.36	0.02
1.51	3636.36	0.02
1.51	3636.36	0.02
1.51	3636.36	0.02
1.52	3636.36	0.02
1.52	3636.36	0.02
1.52	3636.36	0.02
1.52	3636.36	0.02
1.60	851.06	0.09
1.60	851.06	0.09
1.60	851.06	0.09
1.60	851.06	0.09
1.61	851.06	0.09
1.61	851.06	0.09
1.61	851.06	0.09
1.61	869.57	0.09
1.61	869.57	0.09
1.62	869.57	0.09
1.62	4000.00	0.02
1.62	4000.00	0.02
1.62	4000.00	0.02
1.62	4000.00	0.02
1.63	4000.00	0.02
1.63	4000.00	0.02
1.63	4000.00	0.02
1.68	1176.47	0.07
1.68	1176.47	0.07
1.68	1176.47	0.07
1.69	1176.47	0.07
1.69	1176.47	0.07
1.69	1176.47	0.07
1.69	1176.47	0.07
1.69	1176.47	0.07
1.70	1176.47	0.07
1.70	1176.47	0.07
1.70	3636.36	0.02
1.70	3636.36	0.02
1.71	3636.36	0.02
1.71	3636.36	0.02
1.71	3636.36	0.02
1.71	3636.36	0.02
1.71	3636.36	0.02
1.72	3636.36	0.02
1.72	3636.36	0.02
1.72	3636.36	0.02
1.72	3636.36	0.02
1.73	3636.36	0.02
1.73	3636.36	0.02
1.73	3636.36	0.02
1.73	3636.36	0.02
1.73	3636.36	0.02
1.74	3636.36	0.02
1.74	3636.36	0.02
1.74	3636.36	0.02
1.74	3333.33	0.02
1.81	888.89	0.09
1.82	888.89	0.09
1.82	888.89	0.09
1.82	888.89	0.09
1.82	888.89	0.09
1.82	888.89	0.09
1.83	888.89	0.09
1.83	888.89	0.09
1.83	888.89	0.09
1.83	909.09	0.09
1.83	4000.00	0.02
1.84	4000.00	0.02
1.84	4000.00	0.02
1.84	4000.00	0.02
1.84	4000.00	0.02
1.84	4000.00	0.02
1.85	4000.00	0.02
1.85	4000.00	0.02
1.85	4000.00	0.02
1.85	4000.00	0.02
1.91	1081.08	0.07
1.91	1081.08	0.07
1.91	1081.08	0.07
1.91	1081.08	0.07
1.92	1081.08	0.07
1.92	1081.08	0.07
1.92	1081.08	0.07
1.92	1081.08	0.07
1.92	1081.08	0.07
1.93	1081.08	0.07
1.93	4000.00	0.02
1.93	4000.00	0.02
1.93	4000.00	0.02
1.93	4000.00	0.02
1.94	4000.00	0.02
1.94	4000.00	0.02
1.94	4000.00	0.02
1.94	4000.00	0.02
1.94	4000.00	0.02
1.95	4000.00	0.02
1.95	4000.00	0.02
1.95	4000.00	0.02
1.95	4000.00	0.02
1.95	4000.00	0.02
1.96	4000.00	0.02
1.96	4000.00	0.02
1.96	4000.00	0.02
1.96	4000.00	0.02
1.96	4000.00	0.02
1.97	3636.36	0.02
2.03	975.61	0.08
2.03	975.61	0.08
2.03	975.61	0.08
2.04	975.61	0.08
2.04	975.61	0.08
2.04	975.61	0.08
2.04	975.61	0.08
2.04	975.61	0.08
2.05	975.61	0.08
2.05	1000.00	0.08
2.05	4000.00	0.02
2.05	4000.00	0.02
2.05	4000.00	0.02
2.06	4000.00	0.02
2.06	4000.00	0.02
2.06	4000.00	0.02
2.06	4000.00	0.02
2.06	4000.00	0.02
2.07	4000.00	0.02
2.07	4000.00	0.02
2.12	1142.86	0.07
2.12	1142.86	0.07
2.12	1142.86	0.07
2.13	1142.86	0.07
2.13	1142.86	0.07
2.13	1142.86	0.07
2.13	1142.86	0.07
2.13	1142.86	0.07
2.14	1142.86	0.07
2.14	1142.86	0.07
2.14	4000.00	0.02
2.14	4000.00	0.02
2.14	4000.00	0.02
2.15	4000.00	0.02
2.15	4000.00	0.02
2.15	4000.00	0.02
2.15	4000.00	0.02
2.15	4000.00	0.02
2.16	4000.00	0.02
2.16	4000.00	0.02
2.16	3636.36	0.02
2.16	3636.36	0.02
2.17	3636.36	0.02
2.17	3636.36	0.02
2.17	3636.36	0.02
2.17	3636.36	0.02
2.17	3636.36	0.02
2.18	3636.36	0.02
2.24	952.38	0.08
2.24	952.38	0.08
2.24	975.61	0.08
2.25	975.61	0.08
2.25	975.61	0.08
2.25	975.61	0.08
2.25	975.61	0.08
2.25	975.61	0.08
2.26	975.61	0.08
2.26	975.61	0.08
2.26	4000.00	0.02
2.26	4000.00	0.02
2.26	4000.00	0.02
2.27	4000.00	0.02
2.27	4000.00	0.02
2.27	4000.00	0.02
2.27	4000.00	0.02
2.27	4000.00	0.02
2.28	4000.00	0.02
2.28	4000.00	0.02
2.28	4000.00	0.02
2.28	4000.00	0.02
2.34	1025.64	0.08
2.34	1025.64	0.08
2.35	1025.64	0.08
2.35	1025.64	0.08
2.35	1025.64	0.08
2.35	1025.64	0.08
2.35	1025.64	0.08
2.36	1025.64	0.08
2.36	1025.64	0.08
2.36	1025.64	0.08
2.36	4000.00	0.02
2.36	4000.00	0.02
2.37	4000.00	0.02
2.37	4000.00	0.02
2.37	4000.00	0.02
2.37	4000.00	0.02
2.37	4000.00	0.02
2.38	4000.00	0.02
2.38	4000.00	0.02
2.38	4000.00	0.02
2.38	3636.36	0.02
2.39	3636.36	0.02
2.39	3636.36	0.02
2.39	3636.36	0.02
2.39	3636.36	0.02
2.39	3636.36	0.02
2.40	3636.36	0.02
2.40	3636.36	0.02
2.40	3636.36	0.02
2.40	3636.36	0.02
2.41	3636.36	0.02
2.41	3636.36	0.02
2.41	3636.36	0.02
2.48	888.89	0.09
2.48	888.89	0.09
2.48	888.89	0.09
2.49	888.89	0.09
2.49	888.89	0.09
2.49	888.89	0.09
2.49	888.89	0.09
2.49	909.09	0.09
2.50	909.09	0.09
2.50	909.09	0.09
2.50	4000.00	0.02
2.50	4000.00	0.02
2.50	4000.00	0.02
2.51	4000.00	0.02
2.51	4000.00	0.02
2.51	4000.00	0.02
2.51	4000.00	0.02
2.56	1212.12	0.07
2.56	1212.12	0.07
2.56	1212.12	0.07
2.57	1212.12	0.07
2.57	1212.12	0.07
2.57	1212.12	0.07
2.57	1212.12	0.07
2.57	1212.12	0.07
2.58	1212.12	0.07
2.58	1212.12	0.07
2.58	4000.00	0.02
2.58	4000.00	0.02
2.58	4000.00	0.02
2.59	4000.00	0.02
2.59	4000.00	0.02
2.59	4000.00	0.02
2.59	4000.00	0.02
2.59	4000.00	0.02
2.60	4000.00	0.02
2.60	4000.00	0.02
2.60	3636.36	0.02
2.60	3636.36	0.02
2.61	3636.36	0.02
2.61	3636.36	0.02
2.61	3636.36	0.02
2.61	3636.36	0.02
2.61	3636.36	0.02
2.62	3636.36	0.02
2.62	3636.36	0.02
2.62	3333.33	0.02
2.68	975.61	0.08
2.69	975.61	0.08
2.69	975.61	0.08
2.69	975.61	0.08
2.69	975.61	0.08
2.69	975.61	0.08
2.70	975.61	0.08
2.70	975.61	0.08
2.70	975.61	0.08
2.70	1000.00	0.08
2.70	4000.00	0.02
2.71	4000.00	0.02
2.71	4000.00	0.02
2.71	4000.00	0.02
2.71	4000.00	0.02
2.71	4000.00	0.02
2.72	4000.00	0.02
2.72	4000.00	0.02
2.72	4000.00	0.02
2.72	4000.00	0.02
2.78	1025.64	0.08
2.78	1025.64	0.08
2.79	1025.64	0.08
2.79	1025.64	0.08
2.79	1025.64	0.08
2.79	1025.64	0.08
2.79	1025.64	0.08
2.80	1025.64	0.08
2.80	1025.64	0.08
2.80	1025.64	0.08
2.80	4000.00	0.02
2.80	4000.00	0.02
2.81	4000.00	0.02
2.81	4000.00	0.02
2.81	4000.00	0.02
2.81	4000.00	0.02
2.81	4000.00	0.02
2.82	4000.00	0.02
2.82	4000.00	0.02
2.82	4000.00	0.02
2.82	3636.36	0.02
2.83	3636.36	0.02
2.83	3636.36	0.02
2.83	3636.36	0.02
2.83	3636.36	0.02
2.83	3636.36	0.02
2.84	3636.36	0.02
2.84	3636.36	0.02
2.84	3636.36	0.02
2.84	3636.36	0.02
2.85	3636.36	0.02
2.85	3636.36	0.02
2.85	3636.36	0.02
2.92	888.89	0.09
2.92	888.89	0.09
2.92	888.89	0.09
2.93	888.89	0.09
2.93	888.89	0.09
2.93	888.89	0.09
2.93	888.89	0.09
2.93	909.09	0.09
2.94	909.09	0.09
2.94	909.09	0.09
2.94	4000.00	0.02
2.94	4000.00	0.02
2.94	4000.00	0.02
2.95	4000.00	0.02
2.95	4000.00	0.02
2.95	4000.00	0.02
2.95	4000.00	0.02
3.00	1212.12	0.07
3.00	1212.12	0.07
3.00	1212.12	0.07
3.01	1212.12	0.07
3.01	1212.12	0.07
3.01	1212.12	0.07
3.01	1212.12	0.07
3.01	1212.12	0.07
3.02	1212.12	0.07
3.02	1212.12	0.07
3.02	4000.00	0.02
3.02	4000.00	0.02
3.02	4000.00	0.02
3.03	4000.00	0.02
3.03	4000.00	0.02
3.03	4000.00	0.02
3.03	4000.00	0.02
3.03	4000.00	0.02
3.04	4000.00	0.02
3.04	4000.00	0.02
3.04	3636.36	0.02
3.04	3636.36	0.02
3.05	3636.36	0.02
3.05	3636.36	0.02
3.05	3636.36	0.02
3.05	3636.36	0.02
3.05	3636.36	0.02
3.06	3636.36	0.02
3.06	3636.36	0.02
3.06	3333.33	0.02
3.12	975.61	0.08
3.13	975.61	0.08
3.13	975.61	0.08
3.13	975.61	0.08
3.13	975.61	0.08
3.13	975.61	0.08
3.14	975.61	0.08
3.14	975.61	0.08
3.14	975.61	0.08
3.14	1000.00	0.08
3.14	4000.00	0.02
3.15	4000.00	0.02
3.15	4000.00	0.02
3.15	4000.00	0.02
3.15	4000.00	0.02
3.15	4000.00	0.02
3.16	4000.00	0.02
3.16	4000.00	0.02
3.16	4000.00	0.02
3.16	4000.00	0.02
3.22	1025.64	0.08
3.22	1025.64	0.08
3.23	1025.64	0.08
3.23	1025.64	0.08
3.23	1025.64	0.08
3.23	1025.64	0.08
3.23	1025.64	0.08
3.24	1025.64	0.08
3.24	1025.64	0.08
3.24	1025.64	0.08
3.24	4000.00	0.02
3.24	4000.00	0.02
3.25	4000.00	0.02
3.25	4000.00	0.02
3.25	4000.00	0.02
3.25	4000.00	0.02
3.25	4000.00	0.02
3.26	4000.00	0.02
3.26	4000.00	0.02
3.26	4000.00	0.02
3.26	3636.36	0.02
3.27	3636.36	0.02
3.27	3636.36	0.02
3.27	3636.36	0.02
3.27	3636.36	0.02
3.27	3636.36	0.02
3.28	3636.36	0.02
3.28	3636.36	0.02
3.28	3636.36	0.02
3.28	3636.36	0.02
3.29	3636.36	0.02
3.29	3636.36	0.02
3.29	3636.36	0.02
3.36	888.89	0.09
3.36	888.89	0.09
3.36	888.89	0.09
3.37	888.89	0.09
3.37	888.89	0.09
3.37	888.89	0.09
3.37	888.89	0.09
3.37	909.09	0.09
3.38	909.09	0.09
3.38	909.09	0.09
3.38	4000.00	0.02
3.38	4000.00	0.02
3.38	4000.00	0.02
3.39	4000.00	0.02
3.39	4000.00	0.02
3.39	4000.00	0.02
3.39	4000.00	0.02
3.44	1212.12	0.07
3.44	1212.12	0.07
3.44	1212.12	0.07
3.45	1212.12	0.07
3.45	1212.12	0.07
3.45	1212.12	0.07
3.45	1212.12	0.07
3.45	1212.12	0.07
3.46	1212.12	0.07
3.46	1212.12	0.07
3.46	4000.00	0.02
3.46	4000.00	0.02
3.46	4000.00	0.02
3.47	4000.00	0.02
3.47	4000.00	0.02
3.47	4000.00	0.02
3.47	4000.00	0.02
3.47	4000.00	0.02
3.48	4000.00	0.02
3.48	4000.00	0.02
3.48	3636.36	0.02
3.48	3636.36	0.02
3.49	3636.36	0.02
3.49	3636.36	0.02
3.49	3636.36	0.02
3.49	3636.36	0.02
3.49	3636.36	0.02
3.50	3636.36	0.02
3.50	3636.36	0.02
3.50	3333.33	0.02
3.56	975.61	0.08
3.57	975.61	0.08
3.57	975.61	0.08
3.57	975.61	0.08
3.57	975.61	0.08
3.57	975.61	0.08
3.58	975.61	0.08
3.58	975.61	0.08
3.58	975.61	0.08
3.58	1000.00	0.08
3.58	4000.00	0.02
3.59	4000.00	0.02
3.59	4000.00	0.02
3.59	4000.00	0.02
3.59	4000.00	0.02
3.59	4000.00	0.02
3.60	4000.00	0.02
3.60	4000.00	0.02
3.60	4000.00	0.02
3.60	4000.00	0.02
3.66	1025.64	0.08
3.66	1025.64	0.08
3.67	1025.64	0.08
3.67	1025.64	0.08
3.67	1025.64	0.08
3.67	1025.64	0.08
3.67	1025.64	0.08
3.68	1025.64	0.08
3.68	1025.64	0.08
3.68	1025.64	0.08
3.68	4000.00	0.02
3.68	4000.00	0.02
3.69	4000.00	0.02
3.69	4000.00	0.02
3.69	4000.00	0.02
3.69	4000.00	0.02
3.69	4000.00	0.02
3.70	4000.00	0.02
3.70	4000.00	0.02
3.70	4000.00	0.02
3.70	3636.36	0.02
3.71	3636.36	0.02
3.71	3636.36	0.02
3.71	3636.36	0.02
3.71	3636.36	0.02
3.71	3636.36	0.02
3.72	3636.36	0.02
3.72	3636.36	0.02
3.72	3636.36	0.02
3.72	3636.36	0.02
3.73	3636.36	0.02
3.73	3636.36	0.02
3.73	3636.36	0.02
3.80	888.89	0.09
3.80	888.89	0.09
3.80	888.89	0.09
3.81	888.89	0.09
3.81	888.89	0.09
3.81	888.89	0.09
3.81	888.89	0.09
3.81	909.09	0.09
3.82	909.09	0.09
3.82	909.09	0.09
3.82	4000.00	0.02
3.82	4000.00	0.02
3.82	4000.00	0.02
3.83	4000.00	0.02
3.83	4000.00	0.02
3.83	4000.00	0.02
3.83	4000.00	0.02
3.88	1212.12	0.07
3.88	1212.12	0.07
3.88	1212.12	0.07
3.89	1212.12	0.07
3.89	1212.12	0.07
3.89	1212.12	0.07
3.89	1212.12	0.07
3.89	1212.12	0.07
3.90	1212.12	0.07
3.90	1212.12	0.07
3.90	4000.00	0.02
3.90	4000.00	0.02
3.90	4000.00	0.02
3.91	4000.00	0.02
3.91	4000.00	0.02
3.91	4000.00	0.02
3.91	4000.00	0.02
3.91	4000.00	0.02
3.92	4000.00	0.02
3.92	4000.00	0.02
3.92	3636.36	0.02
3.92	3636.36	0.02
3.93	3636.36	0.02
3.93	3636.36	0.02
3.93	3636.36	0.02
3.93	3636.36	0.02
3.93	3636.36	0.02
3.94	3636.36	0.02
3.94	3636.36	0.02
3.94	3333.33	0.02
4.00	975.61	0.08
4.01	975.61	0.08
4.01	975.61	0.08
4.01	975.61	0.08
4.01	975.61	0.08
4.01	975.61	0.08
4.02	975.61	0.08
4.02	975.61	0.08
4.02	975.61	0.08
4.02	1000.00	0.08
4.02	4000.00	0.02
4.03	4000.00	0.02
4.03	4000.00	0.02
4.03	4000.00	0.02
4.03	4000.00	0.02
4.03	4000.00	0.02
4.04	4000.00	0.02
4.04	4000.00	0.02
4.04	4000.00	0.02
4.04	4000.00	0.02
4.10	1025.64	0.08
4.10	1025.64	0.08
4.11	1025.64	0.08
4.11	1025.64	0.08
4.11	1025.64	0.08
4.11	1025.64	0.08
4.11	1025.64	0.08
4.12	1025.64	0.08
4.12	1025.64	0.08
4.12	1025.64	0.08
4.12	4000.00	0.02
4.12	4000.00	0.02
4.13	4000.00	0.02
4.13	4000.00	0.02
4.13	4000.00	0.02
4.13	4000.00	0.02
4.13	4000.00	0.02
4.14	4000.00	0.02
4.14	4000.00	0.02
4.14	4000.00	0.02
4.14	3636.36	0.02
4.15	3636.36	0.02
4.15	3636.36	0.02
4.15	3636.36	0.02
4.15	3636.36	0.02
4.15	3636.36	0.02
4.16	3636.36	0.02
4.16	3636.36	0.02
4.16	3636.36	0.02
4.16	3636.36	0.02
4.17	3636.36	0.02
4.17	3636.36	0.02
4.17	3636.36	0.02
4.24	888.89	0.09
4.24	888.89	0.09
4.24	888.89	0.09
4.25	888.89	0.09
4.25	888.89	0.09
4.25	888.89	0.09
4.25	888.89	0.09
4.25	909.09	0.09
4.26	909.09	0.09
4.26	909.09	0.09
4.26	4000.00	0.02
4.26	4000.00	0.02
4.26	4000.00	0.02
4.27	4000.00	0.02
4.27	4000.00	0.02
4.27	4000.00	0.02
4.27	4000.00	0.02
4.32	1212.12	0.07
4.32	1212.12	0.07
4.32	1212.12	0.07
4.33	1212.12	0.07
4.33	1212.12	0.07
4.33	1212.12	0.07
4.33	1212.12	0.07
4.33	1212.12	0.07
4.34	1212.12	0.07
4.34	1212.12	0.07
4.34	4000.00	0.02
4.34	4000.00	0.02
4.34	4000.00	0.02
4.35	4000.00	0.02
4.35	4000.00	0.02
4.35	4000.00	0.02
4.35	4000.00	0.02
4.35	4000.00	0.02
4.36	4000.00	0.02
4.36	4000.00	0.02
4.36	3636.36	0.02
4.36	3636.36	0.02
4.37	3636.36	0.02
4.37	3636.36	0.02
4.37	3636.36	0.02
4.37	3636.36	0.02
4.37	3636.36	0.02
4.38	3636.36	0.02
4.38	3636.36	0.02
4.38	3333.33	0.02
4.44	975.61	0.08
4.45	975.61	0.08
4.45	975.61	0.08
4.45	975.61	0.08
4.45	975.61	0.08
4.45	975.61	0.08
4.46	975.61	0.08
4.46	975.61	0.08
4.46	975.61	0.08
4.46	1000.00	0.08
4.46	4000.00	0.02
4.47	4000.00	0.02
4.47	4000.00	0.02
4.47	4000.00	0.02
4.47	4000.00	0.02
4.47	4000.00	0.02
4.48	4000.00	0.02
4.48	4000.00	0.02
4.48	4000.00	0.02
4.48	4000.00	0.02
4.54	1025.64	0.08
4.54	1025.64	0.08
4.55	1025.64	0.08
4.55	1025.64	0.08
4.55	1025.64	0.08
4.55	1025.64	0.08
4.55	1025.64	0.08
4.56	1025.64	0.08
4.56	1025.64	0.08
4.56	1025.64	0.08
4.56	4000.00	0.02
4.56	4000.00	0.02
4.57	4000.00	0.02
4.57	4000.00	0.02
4.57	4000.00	0.02
4.57	4000.00	0.02
4.57	4000.00	0.02
4.58	4000.00	0.02
4.58	4000.00	0.02
4.58	4000.00	0.02
4.58	3636.36	0.02
4.59	3636.36	0.02
4.59	3636.36	0.02
4.59	3636.36	0.02
4.59	3636.36	0.02
4.59	3636.36	0.02
4.60	3636.36	0.02
4.60	3636.36	0.02
4.60	3636.36	0.02
4.60	3636.36	0.02
4.61	3636.36	0.02
4.61	3636.36	0.02
4.61	3636.36	0.02
4.68	888.89	0.09
4.68	888.89	0.09
4.68	888.89	0.09
4.69	888.89	0.09
4.69	888.89	0.09
4.69	888.89	0.09
4.69	888.89	0.09
4.69	909.09	0.09
4.70	909.09	0.09
4.70	909.09	0.09
4.70	4000.00	0.02
4.70	4000.00	0.02
4.70	4000.00	0.02
4.71	4000.00	0.02
4.71	4000.00	0.02
4.71	4000.00	0.02
4.71	4000.00	0.02
4.76	1212.12	0.07
4.76	1212.12	0.07
4.76	1212.12	0.07
4.77	1212.12	0.07
4.77	1212.12	0.07
4.77	1212.12	0.07
4.77	1212.12	0.07
4.77	1212.12	0.07
4.78	1212.12	0.07
4.78	1212.12	0.07
4.78	4000.00	0.02
4.78	4000.00	0.02
4.78	4000.00	0.02
4.79	4000.00	0.02
4.79	4000.00	0.02
4.79	4000.00	0.02
4.79	4000.00	0.02
4.79	4000.00	0.02
4.80	4000.00	0.02
4.80	4000.00	0.02
4.80	3636.36	0.02
4.80	3636.36	0.02
4.81	3636.36	0.02
4.81	3636.36	0.02
4.81	3636.36	0.02
4.81	3636.36	0.02
4.81	3636.36	0.02
4.82	3636.36	0.02
4.82	3636.36	0.02
4.82	3333.33	0.02
4.88	975.61	0.08
4.89	975.61	0.08
4.89	975.61	0.08
4.89	975.61	0.08
4.89	975.61	0.08
4.89	975.61	0.08
4.90	975.61	0.08
4.90	975.61	0.08
4.90	975.61	0.08
4.90	1000.00	0.08
4.90	4000.00	0.02
4.91	4000.00	0.02
4.91	4000.00	0.02
4.91	4000.00	0.02
4.91	4000.00	0.02
4.91	4000.00	0.02
4.92	4000.00	0.02
4.92	4000.00	0.02
4.92	4000.00	0.02
4.92	4000.00	0.02
4.98	1025.64	0.08
4.98	1025.64	0.08
4.99	1025.64	0.08
4.99	1025.64	0.08
4.99	1025.64	0.08
4.99	1025.64	0.08
4.99	1025.64	0.08
5.00	1025.64	0.08
5.00	1025.64	0.08
5.00	1025.64	0.08
5.00	4000.00	0.02
5.00	4000.00	0.02
5.01	4000.00	0.02
5.01	4000.00	0.02
5.01	4000.00	0.02
5.01	4000.00	0.02
5.01	4000.00	0.02
5.02	4000.00	0.02
5.02	4000.00	0.02
5.02	4000.00	0.02
5.02	3636.36	0.02
5.03	3636.36	0.02
5.03	3636.36	0.02
5.03	3636.36	0.02
5.03	3636.36	0.02
5.03	3636.36	0.02
5.04	3636.36	0.02
5.04	3636.36	0.02
5.04	3636.36	0.02
5.04	3636.36	0.02
5.05	3636.36	0.02
5.05	3636.36	0.02
5.05	3636.36	0.02
5.12	888.89	0.09
5.12	888.89	0.09
5.12	888.89	0.09
5.13	888.89	0.09
5.13	888.89	0.09
5.13	888.89	0.09
5.13	888.89	0.09
5.13	909.09	0.09
5.14	909.09	0.09
5.14	909.09	0.09
5.14	4000.00	0.02
5.14	4000.00	0.02
5.14	4000.00	0.02
5.15	4000.00	0.02
5.15	4000.00	0.02
5.15	4000.00	0.02
5.15	4000.00	0.02
5.20	1212.12	0.07
5.20	1212.12	0.07
5.20	1212.12	0.07
5.21	1212.12	0.07
5.21	1212.12	0.07
5.21	1212.12	0.07
5.21	1212.12	0.07
5.21	1212.12	0.07
5.22	1212.12	0.07
5.22	1212.12	0.07
5.22	4000.00	0.02
5.22	4000.00	0.02
5.22	4000.00	0.02
5.23	4000.00	0.02
5.23	4000.00	0.02
5.23	4000.00	0.02
5.23	4000.00	0.02
5.23	4000.00	0.02
5.24	4000.00	0.02
5.24	4000.00	0.02
5.24	3636.36	0.02
5.24	3636.36	0.02
5.25	3636.36	0.02
5.25	3636.36	0.02
5.25	3636.36	0.02
5.25	3636.36	0.02
5.25	3636.36	0.02
5.26	3636.36	0.02
5.26	3636.36	0.02
5.26	3333.33	0.02
5.32	975.61	0.08
5.33	975.61	0.08
5.33	975.61	0.08
5.33	975.61	0.08
5.33	975.61	0.08
5.33	975.61	0.08
5.34	975.61	0.08
5.34	975.61	0.08
5.34	975.61	0.08
5.34	1000.00	0.08
5.34	4000.00	0.02
5.35	4000.00	0.02
5.35	4000.00	0.02
5.35	4000.00	0.02
5.35	4000.00	0.02
5.35	4000.00	0.02
5.36	4000.00	0.02
5.36	4000.00	0.02
5.36	4000.00	0.02
5.36	4000.00	0.02
5.42	1025.64	0.08
5.42	1025.64	0.08
5.43	1025.64	0.08
5.43	1025.64	0.08
5.43	1025.64	0.08
5.43	1025.64	0.08
5.43	1025.64	0.08
5.44	1025.64	0.08
5.44	1025.64	0.08
5.44	1025.64	0.08
5.44	4000.00	0.02
5.44	4000.00	0.02
5.45	4000.00	0.02
5.45	4000.00	0.02
5.45	4000.00	0.02
5.45	4000.00	0.02
5.45	4000.00	0.02
5.46	4000.00	0.02
5.46	4000.00	0.02
5.46	4000.00	0.02
5.46	3636.36	0.02
5.47	3636.36	0.02
5.47	3636.36	0.02
5.47	3636.36	0.02
5.47	3636.36	0.02
5.47	3636.36	0.02
5.48	3636.36	0.02
5.48	3636.36	0.02
5.48	3636.36	0.02
5.48	3636.36	0.02
5.49	3636.36	0.02
5.49	3636.36	0.02
5.49	3636.36	0.02
5.56	888.89	0.09
5.56	888.89	0.09
5.56	888.89	0.09
5.57	888.89	0.09
5.57	888.89	0.09
5.57	888.89	0.09
5.57	888.89	0.09
5.57	909.09	0.09
5.58	909.09	0.09
5.58	909.09	0.09
5.58	4000.00	0.02
5.58	4000.00	0.02
5.58	4000.00	0.02
5.59	4000.00	0.02
5.59	4000.00	0.02
5.59	4000.00	0.02
5.59	4000.00	0.02
5.64	1212.12	0.07
5.64	1212.12	0.07
5.64	1212.12	0.07
5.65	1212.12	0.07
5.65	1212.12	0.07
5.65	1212.12	0.07
5.65	1212.12	0.07
5.65	1212.12	0.07
5.66	1212.12	0.07
5.66	1212.12	0.07
5.66	4000.00	0.02
5.66	4000.00	0.02
5.66	4000.00	0.02
5.67	4000.00	0.02
5.67	4000.00	0.02
5.67	4000.00	0.02
5.67	4000.00	0.02
5.67	4000.00	0.02
5.68	4000.00	0.02
5.68	4000.00	0.02
5.68	3636.36	0.02
5.68	3636.36	0.02
5.69	3636.36	0.02
5.69	3636.36	0.02
5.69	3636.36	0.02
5.69	3636.36	0.02
5.69	3636.36	0.02
5.70	3636.36	0.02
5.70	3636.36	0.02
5.70	3333.33	0.02
5.76	975.61	0.08
5.77	975.61	0.08
5.77	975.61	0.08
5.77	975.61	0.08
5.77	975.61	0.08
5.77	975.61	0.08
5.78	975.61	0.08
5.78	975.61	0.08
5.78	975.61	0.08
5.78	1000.00	0.08
5.78	4000.00	0.02
5.79	4000.00	0.02
5.79	4000.00	0.02
5.79	4000.00	0.02
5.79	4000.00	0.02
5.79	4000.00	0.02
5.80	4000.00	0.02
5.80	4000.00	0.02
5.80	4000.00	0.02
5.80	4000.00	0.02
5.86	1025.64	0.08
5.86	1025.64	0.08
5.87	1025.64	0.08
5.87	1025.64	0.08
5.87	1025.64	0.08
5.87	1025.64	0.08
5.87	1025.64	0.08
5.88	1025.64	0.08
5.88	1025.64	0.08
5.88	1025.64	0.08
5.88	4000.00	0.02
5.88	4000.00	0.02
5.89	4000.00	0.02
5.89	4000.00	0.02
5.89	4000.00	0.02
5.89	4000.00	0.02
5.89	4000.00	0.02
5.90	4000.00	0.02
5.90	4000.00	0.02
5.90	4000.00	0.02
5.90	3636.36	0.02
5.91	3636.36	0.02
5.91	3636.36	0.02
5.91	3636.36	0.02
5.91	3636.36	0.02
5.91	3636.36	0.02
5.92	3636.36	0.02
5.92	3636.36	0.02
5.92	3636.36	0.02
5.92	3636.36	0.02
5.93	3636.36	0.02
5.93	3636.36	0.02
5.93	3636.36	0.02
6.00	888.89	0.09
6.00	888.89	0.09
6.00	888.89	0.09
6.01	888.89	0.09
6.01	888.89	0.09
6.01	888.89	0.09
6.01	888.89	0.09
6.01	909.09	0.09
6.02	909.09	0.09
6.02	909.09	0.09
6.02	4000.00	0.02
6.02	4000.00	0.02
6.02	4000.00	0.02
6.03	4000.00	0.02
6.03	4000.00	0.02
6.03	4000.00	0.02
6.03	4000.00	0.02
6.08	1212.12	0.07
6.08	1212.12	0.07
6.08	1212.12	0.07
6.09	1212.12	0.07
6.09	1212.12	0.07
6.09	1212.12	0.07
6.09	1212.12	0.07
6.09	1212.12	0.07
6.10	1212.12	0.07
6.10	1212.12	0.07
6.10	4000.00	0.02
6.10	4000.00	0.02
6.10	4000.00	0.02
6.11	4000.00	0.02
6.11	4000.00	0.02
6.11	4000.00	0.02
6.11	4000.00	0.02
6.11	4000.00	0.02
6.12	4000.00	0.02
6.12	4000.00	0.02
6.12	3636.36	0.02
6.12	3636.36	0.02
6.13	3636.36	0.02
6.13	3636.36	0.02
6.13	3636.36	0.02
6.13	3636.36	0.02
6.13	3636.36	0.02
6.14	3636.36	0.02
6.14	3636.36	0.02
6.14	3333.33	0.02
6.20	975.61	0.08
6.21	975.61	0.08
6.21	975.61	0.08
6.21	975.61	0.08
6.21	975.61	0.08
6.21	975.61	0.08
6.22	975.61	0.08
6.22	975.61	0.08
6.22	975.61	0.08
6.22	1000.00	0.08
6.22	4000.00	0.02
6.23	4000.00	0.02
6.23	4000.00	0.02
6.23	4000.00	0.02
6.23	4000.00	0.02
6.23	4000.00	0.02
6.24	4000.00	0.02
6.24	4000.00	0.02
6.24	4000.00	0.02
6.24	4000.00	0.02
6.30	1025.64	0.08
6.30	1025.64	0.08
6.31	1025.64	0.08
6.31	1025.64	0.08
6.31	1025.64	0.08
6.31	1025.64	0.08
6.31	1025.64	0.08
6.32	1025.64	0.08
6.32	1025.64	0.08
6.32	1025.64	0.08
6.32	4000.00	0.02
6.32	4000.00	0.02
6.33	4000.00	0.02
6.33	4000.00	0.02
6.33	4000.00	0.02
6.33	4000.00	0.02
6.33	4000.00	0.02
6.34	4000.00	0.02
6.34	4000.00	0.02
6.34	4000.00	0.02
6.34	3636.36	0.02
6.35	3636.36	0.02
6.35	3636.36	0.02
6.35	3636.36	0.02
6.35	3636.36	0.02
6.35	3636.36	0.02
6.36	3636.36	0.02
6.36	3636.36	0.02
6.36	3636.36	0.02
6.36	3636.36	0.02
6.37	3636.36	0.02
6.37	3636.36	0.02
6.37	3636.36	0.02
6.44	888.89	0.09
6.44	888.89	0.09
6.44	888.89	0.09
6.45	888.89	0.09
6.45	888.89	0.09
6.45	888.89	0.09
6.45	888.89	0.09
6.45	909.09	0.09
6.46	909.09	0.09
6.46	909.09	0.09
6.46	4000.00	0.02
6.46	4000.00	0.02
6.46	4000.00	0.02
6.47	4000.00	0.02
6.47	4000.00	0.02
6.47	4000.00	0.02
6.47	4000.00	0.02
6.52	1212.12	0.07
6.52	1212.12	0.07
6.52	1212.12	0.07
6.53	1212.12	0.07
6.53	1212.12	0.07
6.53	1212.12	0.07
6.53	1212.12	0.07
6.53	1212.12	0.07
6.54	1212.12	0.07
6.54	1212.12	0.07
6.54	4000.00	0.02
6.54	4000.00	0.02
6.54	4000.00	0.02
6.55	4000.00	0.02
6.55	4000.00	0.02
6.55	4000.00	0.02
6.55	4000.00	0.02
6.55	4000.00	0.02
6.56	4000.00	0.02
6.56	4000.00	0.02
6.56	3636.36	0.02
6.56	3636.36	0.02
6.57	3636.36	0.02
6.57	3636.36	0.02
6.57	3636.36	0.02
6.57	3636.36	0.02
6.57	3636.36	0.02
6.58	3636.36	0.02
6.58	3636.36	0.02
6.58	3333.33	0.02
6.64	975.61	0.08
6.65	975.61	0.08
6.65	975.61	0.08
6.65	975.61	0.08
6.65	975.61	0.08
6.65	975.61	0.08
6.66	975.61	0.08
6.66	975.61	0.08
6.66	975.61	0.08
6.66	1000.00	0.08
6.66	4000.00	0.02
6.67	4000.00	0.02
6.67	4000.00	0.02
6.67	4000.00	0.02
6.67	4000.00	0.02
6.67	4000.00	0.02
6.68	4000.00	0.02
6.68	4000.00	0.02
6.68	4000.00	0.02
6.68	4000.00	0.02
6.74	1025.64	0.08
6.74	1025.64	0.08
6.75	1025.64	0.08
6.75	1025.64	0.08
6.75	1025.64	0.08
6.75	1025.64	0.08
6.75	1025.64	0.08
6.76	1025.64	0.08
6.76	1025.64	0.08
6.76	1025.64	0.08
6.76	4000.00	0.02
6.76	4000.00	0.02
6.77	4000.00	0.02
6.77	4000.00	0.02
6.77	4000.00	0.02
6.77	4000.00	0.02
6.77	4000.00	0.02
6.78	4000.00	0.02
6.78	4000.00	0.02
6.78	4000.00	0.02
6.78	3636.36	0.02
6.79	3636.36	0.02
6.79	3636.36	0.02
6.79	3636.36	0.02
6.79	3636.36	0.02
6.79	3636.36	0.02
6.80	3636.36	0.02
6.80	3636.36	0.02
6.80	3636.36	0.02
6.80	3636.36	0.02
6.81	3636.36	0.02
6.81	3636.36	0.02
6.81	3636.36	0.02
6.88	888.89	0.09
6.88	888.89	0.09
6.88	888.89	0.09
6.89	888.89	0.09
6.89	888.89	0.09
6.89	888.89	0.09
6.89	888.89	0.09
6.89	909.09	0.09
6.90	909.09	0.09
6.90	909.09	0.09
6.90	4000.00	0.02
6.90	4000.00	0.02
6.90	4000.00	0.02
6.91	4000.00	0.02
6.91	4000.00	0.02
6.91	4000.00	0.02
6.91	4000.00	0.02
6.96	1212.12	0.07
6.96	1212.12	0.07
6.96	1212.12	0.07
6.97	1212.12	0.07
6.97	1212.12	0.07
6.97	1212.12	0.07
6.97	1212.12	0.07
6.97	1212.12	0.07
6.98	1212.12	0.07
6.98	1212.12	0.07
6.98	4000.00	0.02
6.98	4000.00	0.02
6.98	4000.00	0.02
6.99	4000.00	0.02
6.99	4000.00	0.02
6.99	4000.00	0.02
6.99	4000.00	0.02
6.99	4000.00	0.02
7.00	4000.00	0.02
7.00	4000.00	0.02
7.00	3636.36	0.02
7.00	3636.36	0.02
7.01	3636.36	0.02
7.01	3636.36	0.02
7.01	3636.36	0.02
7.01	3636.36	0.02
7.01	3636.36	0.02
7.02	3636.36	0.02
7.02	3636.36	0.02
7.02	3333.33	0.02
7.08	975.61	0.08
7.09	975.61	0.08
7.09	975.61	0.08
7.09	975.61	0.08
7.09	975.61	0.08
7.09	975.61	0.08
7.10	975.61	0.08
7.10	975.61	0.08
7.10	975.61	0.08
7.10	1000.00	0.08
7.10	4000.00	0.02
7.11	4000.00	0.02
7.11	4000.00	0.02
7.11	4000.00	0.02
7.11	4000.00	0.02
7.11	4000.00	0.02
7.12	4000.00	0.02
7.12	4000.00	0.02
7.12	4000.00	0.02
7.12	4000.00	0.02
7.18	1025.64	0.08
7.18	1025.64	0.08
7.19	1025.64	0.08
7.19	1025.64	0.08
7.19	1025.64	0.08
7.19	1025.64	0.08
7.19	1025.64	0.08
7.20	1025.64	0.08
7.20	1025.64	0.08
7.20	1025.64	0.08
7.20	4000.00	0.02
7.20	4000.00	0.02
7.21	4000.00	0.02
7.21	4000.00	0.02
7.21	4000.00	0.02
7.21	4000.00	0.02
7.21	4000.00	0.02
7.22	4000.00	0.02
7.22	4000.00	0.02
7.22	4000.00	0.02
7.22	3636.36	0.02
7.23	3636.36	0.02
7.23	3636.36	0.02
7.23	3636.36	0.02
7.23	3636.36	0.02
7.23	3636.36	0.02
7.24	3636.36	0.02
7.24	3636.36	0.02
7.24	3636.36	0.02
7.24	3636.36	0.02
7.25	3636.36	0.02
7.25	3636.36	0.02
7.25	3636.36	0.02
7.32	888.89	0.09
7.32	888.89	0.09
7.32	888.89	0.09
7.33	888.89	0.09
7.33	888.89	0.09
7.33	888.89	0.09
7.33	888.89	0.09
7.33	909.09	0.09
7.34	909.09	0.09
7.34	909.09	0.09
7.34	4000.00	0.02
7.34	4000.00	0.02
7.34	4000.00	0.02
7.35	4000.00	0.02
7.35	4000.00	0.02
7.35	4000.00	0.02
7.35	4000.00	0.02
7.40	1212.12	0.07
7.40	1212.12	0.07
7.40	1212.12	0.07
7.41	1212.12	0.07
7.41	1212.12	0.07
7.41	1212.12	0.07
7.41	1212.12	0.07
7.41	1212.12	0.07
7.42	1212.12	0.07
7.42	1212.12	0.07
7.42	4000.00	0.02
7.42	4000.00	0.02
7.42	4000.00	0.02
7.43	4000.00	0.02
7.43	4000.00	0.02
7.43	4000.00	0.02
7.43	4000.00	0.02
7.43	4000.00	0.02
7.44	4000.00	0.02
7.44	4000.00	0.02
7.44	3636.36	0.02
7.44	3636.36	0.02
7.45	3636.36	0.02
7.45	3636.36	0.02
7.45	3636.36	0.02
7.45	3636.36	0.02
7.45	3636.36	0.02
7.46	3636.36	0.02
7.46	3636.36	0.02
7.46	3333.33	0.02
7.52	975.61	0.08
7.53	975.61	0.08
7.53	975.61	0.08
7.53	975.61	0.08
7.53	975.61	0.08
7.53	975.61	0.08
7.54	975.61	0.08
7.54	975.61	0.08
7.54	975.61	0.08
7.54	1000.00	0.08
7.54	4000.00	0.02
7.55	4000.00	0.02
7.55	4000.00	0.02
7.55	4000.00	0.02
7.55	4000.00	0.02
7.55	4000.00	0.02
7.56	4000.00	0.02
7.56	4000.00	0.02
7.56	4000.00	0.02
7.56	4000.00	0.02
7.62	1025.64	0.08
7.62	1025.64	0.08
7.63	1025.64	0.08
7.63	1025.64	0.08
7.63	1025.64	0.08
7.63	1025.64	0.08
7.63	1025.64	0.08
7.64	1025.64	0.08
7.64	1025.64	0.08
7.64	1025.64	0.08
7.64	4000.00	0.02
7.64	4000.00	0.02
7.65	4000.00	0.02
7.65	4000.00	0.02
7.65	4000.00	0.02
7.65	4000.00	0.02
7.65	4000.00	0.02
7.66	4000.00	0.02
7.66	4000.00	0.02
7.66	4000.00	0.02
7.66	3636.36	0.02
7.67	3636.36	0.02
7.67	3636.36	0.02
7.67	3636.36	0.02
7.67	3636.36	0.02
7.67	3636.36	0.02
7.68	3636.36	0.02
7.68	3636.36	0.02
7.68	3636.36	0.02
7.68	3636.36	0.02
7.69	3636.36	0.02
7.69	3636.36	0.02
7.69	3636.36	0.02
7.76	888.89	0.09
7.76	888.89	0.09
7.76	888.89	0.09
7.77	888.89	0.09
7.77	888.89	0.09
7.77	888.89	0.09
7.77	888.89	0.09
7.77	909.09	0.09
7.78	909.09	0.09
7.78	909.09	0.09
7.78	4000.00	0.02
7.78	4000.00	0.02
7.78	4000.00	0.02
7.79	4000.00	0.02
7.79	4000.00	0.02
7.79	4000.00	0.02
7.79	4000.00	0.02
7.84	1212.12	0.07
7.84	1212.12	0.07
7.84	1212.12	0.07
7.85	1212.12	0.07
7.85	1212.12	0.07
7.85	1212.12	0.07
7.85	1212.12	0.07
7.85	1212.12	0.07
7.86	1212.12	0.07
7.86	1212.12	0.07
7.86	4000.00	0.02
7.86	4000.00	0.02
7.86	4000.00	0.02
7.87	4000.00	0.02
7.87	4000.00	0.02
7.87	4000.00	0.02
7.87	4000.00	0.02
7.87	4000.00	0.02
7.88	4000.00	0.02
7.88	4000.00	0.02
7.88	3636.36	0.02
7.88	3636.36	0.02
7.89	3636.36	0.02
7.89	3636.36	0.02
7.89	3636.36	0.02
7.89	3636.36	0.02
7.89	3636.36	0.02
7.90	3636.36	0.02
7.90	3636.36	0.02
7.90	3333.33	0.02
7.96	975.61	0.08
7.97	975.61	0.08
7.97	975.61	0.08
7.97	975.61	0.08
7.97	975.61	0.08
7.97	975.61	0.08
7.98	975.61	0.08
7.98	975.61	0.08
7.98	975.61	0.08
7.98	1000.00	0.08
7.98	4000.00	0.02
7.99	4000.00	0.02
7.99	4000.00	0.02
7.99	4000.00	0.02
7.99	4000.00	0.02
7.99	4000.00	0.02
8.00	4000.00	0.02
8.00	4000.00	0.02
8.00	4000.00	0.02
8.00	4000.00	0.02
8.06	1025.64	0.08
8.06	1025.64	0.08
8.07	1025.64	0.08
8.07	1025.64	0.08
8.07	1025.64	0.08
8.07	1025.64	0.08
8.07	1025.64	0.08
8.08	1025.64	0.08
8.08	1025.64	0.08
8.08	1025.64	0.08
8.08	4000.00	0.02
8.08	4000.00	0.02
8.09	4000.00	0.02
8.09	4000.00	0.02
8.09	4000.00	0.02
8.09	4000.00	0.02
8.09	4000.00	0.02
8.10	4000.00	0.02
8.10	4000.00	0.02
8.10	4000.00	0.02
8.10	3636.36	0.02
8.11	3636.36	0.02
8.11	3636.36	0.02
8.11	3636.36	0.02
8.11	3636.36	0.02
8.11	3636.36	0.02
8.12	3636.36	0.02
8.12	3636.36	0.02
8.12	3636.36	0.02
8.12	3636.36	0.02
8.13	3636.36	0.02
8.13	3636.36	0.02
8.13	3636.36	0.02
8.20	888.89	0.09
8.20	888.89	0.09
8.20	888.89	0.09
8.21	888.89	0.09
8.21	888.89	0.09
8.21	888.89	0.09
8.21	888.89	0.09
8.21	909.09	0.09
8.22	909.09	0.09
8.22	909.09	0.09
8.22	4000.00	0.02
8.22	4000.00	0.02
8.22	4000.00	0.02
8.23	4000.00	0.02
8.23	4000.00	0.02
8.23	4000.00	0.02
8.23	4000.00	0.02
8.28	1212.12	0.07
8.28	1212.12	0.07
8.28	1212.12	0.07
8.29	1212.12	0.07
8.29	1212.12	0.07
8.29	1212.12	0.07
8.29	1212.12	0.07
8.29	1212.12	0.07
8.30	1212.12	0.07
8.30	1212.12	0.07
8.30	4000.00	0.02
8.30	4000.00	0.02
8.30	4000.00	0.02
8.31	4000.00	0.02
8.31	4000.00	0.02
8.31	4000.00	0.02
8.31	4000.00	0.02
8.31	4000.00	0.02
8.32	4000.00	0.02
8.32	4000.00	0.02
8.32	3636.36	0.02
8.32	3636.36	0.02
8.33	3636.36	0.02
8.33	3636.36	0.02
8.33	3636.36	0.02
8.33	3636.36	0.02
8.33	3636.36	0.02
8.34	3636.36	0.02
8.34	3636.36	0.02
8.34	3333.33	0.02
8.40	975.61	0.08
8.41	975.61	0.08
8.41	975.61	0.08
8.41	975.61	0.08
8.41	975.61	0.08
8.41	975.61	0.08
8.42	975.61	0.08
8.42	975.61	0.08
8.42	975.61	0.08
8.42	1000.00	0.08
8.42	4000.00	0.02
8.43	4000.00	0.02
8.43	4000.00	0.02
8.43	4000.00	0.02
8.43	4000.00	0.02
8.43	4000.00	0.02
8.44	4000.00	0.02
8.44	4000.00	0.02
8.44	4000.00	0.02
8.44	4000.00	0.02
8.50	1025.64	0.08
8.50	1025.64	0.08
8.51	1025.64	0.08
8.51	1025.64	0.08
8.51	1025.64	0.08
8.51	1025.64	0.08
8.51	1025.64	0.08
8.52	1025.64	0.08
8.52	1025.64	0.08
8.52	1025.64	0.08
8.52	4000.00	0.02
8.52	4000.00	0.02
8.53	4000.00	0.02
8.53	4000.00	0.02
8.53	4000.00	0.02
8.53	4000.00	0.02
8.53	4000.00	0.02
8.54	4000.00	0.02
8.54	4000.00	0.02
8.54	4000.00	0.02
8.54	3636.36	0.02
8.55	3636.36	0.02
8.55	3636.36	0.02
8.55	3636.36	0.02
8.55	3636.36	0.02
8.55	3636.36	0.02
8.56	3636.36	0.02
8.56	3636.36	0.02
8.56	3636.36	0.02
8.56	3636.36	0.02
8.57	3636.36	0.02
8.57	3636.36	0.02
8.57	3636.36	0.02
8.57	3636.36	0.02
8.57	3636.36	0.02
8.65	851.06	0.09
8.65	851.06	0.09
8.65	851.06	0.09
8.65	851.06	0.09
8.66	851.06	0.09
8.66	869.57	0.09
8.66	869.57	0.09
8.66	869.57	0.09
8.66	869.57	0.09
8.67	869.57	0.09
8.67	4000.00	0.02
8.67	4000.00	0.02
8.67	4000.00	0.02
8.67	4000.00	0.02
8.68	4000.00	0.02
8.72	1290.32	0.06
8.72	1290.32	0.06
8.72	1290.32	0.06
8.73	1290.32	0.06
8.73	1290.32	0.06
8.73	1290.32	0.06
8.73	1290.32	0.06
8.73	1290.32	0.06
8.74	1290.32	0.06
8.74	1290.32	0.06
8.74	4000.00	0.02
8.74	4000.00	0.02
8.74	4000.00	0.02
8.75	4000.00	0.02
8.75	4000.00	0.02
8.75	4000.00	0.02
8.75	4000.00	0.02
8.75	4000.00	0.02
8.76	4000.00	0.02
8.76	4000.00	0.02
8.76	3636.36	0.02
8.76	3636.36	0.02
8.77	3636.36	0.02
8.77	3636.36	0.02
8.77	3636.36	0.02
8.77	3636.36	0.02
8.77	3636.36	0.02
8.78	3636.36	0.02
8.78	3636.36	0.02
8.78	3636.36	0.02
8.78	3636.36	0.02
8.79	3636.36	0.02
8.86	888.89	0.09
8.86	888.89	0.09
8.86	888.89	0.09
8.86	888.89	0.09
8.86	888.89	0.09
8.87	888.89	0.09
8.87	888.89	0.09
8.87	888.89	0.09
8.87	909.09	0.09
8.87	909.09	0.09
8.88	4000.00	0.02
8.88	4000.00	0.02
8.88	4000.00	0.02
8.88	4000.00	0.02
8.88	4000.00	0.02
8.89	4000.00	0.02
8.89	4000.00	0.02
8.89	4000.00	0.02
8.94	1142.86	0.07
8.94	1142.86	0.07
8.95	1142.86	0.07
8.95	1142.86	0.07
8.95	1142.86	0.07
8.95	1142.86	0.07
8.95	1142.86	0.07
8.96	1142.86	0.07
8.96	1142.86	0.07
8.96	1142.86	0.07
8.96	4000.00	0.02
8.96	4000.00	0.02
8.97	4000.00	0.02
8.97	4000.00	0.02
8.97	4000.00	0.02
8.97	4000.00	0.02
8.97	4000.00	0.02
8.98	4000.00	0.02
8.98	4000.00	0.02
8.98	4000.00	0.02
8.98	3636.36	0.02
8.99	3636.36	0.02
8.99	3636.36	0.02
8.99	3636.36	0.02
8.99	3636.36	0.02
8.99	3636.36	0.02
9.00	3636.36	0.02
9.00	3636.36	0.02
9.00	3636.36	0.02
9.00	3636.36	0.02
9.01	3636.36	0.02
9.01	3636.36	0.02
9.01	3636.36	0.02
9.08	888.89	0.09
9.08	888.89	0.09
9.08	888.89	0.09
9.09	888.89	0.09
9.09	888.89	0.09
9.09	888.89	0.09
9.09	888.89	0.09
9.09	909.09	0.09
9.10	909.09	0.09
9.10	909.09	0.09
9.10	4000.00	0.02
9.10	4000.00	0.02
9.10	4000.00	0.02
9.11	4000.00	0.02
9.11	4000.00	0.02
9.11	4000.00	0.02
9.11	4000.00	0.02
9.16	1212.12	0.07
9.16	1212.12	0.07
9.16	1212.12	0.07
9.17	1212.12	0.07
9.17	1212.12	0.07
9.17	1212.12	0.07
9.17	1212.12	0.07
9.17	1212.12	0.07
9.18	1212.12	0.07
9.18	1212.12	0.07
9.18	4000.00	0.02
9.18	4000.00	0.02
9.18	4000.00	0.02
9.19	4000.00	0.02
9.19	4000.00	0.02
9.19	4000.00	0.02
9.19	4000.00	0.02
9.19	4000.00	0.02
9.20	4000.00	0.02
9.20	4000.00	0.02
9.20	3636.36	0.02
9.20	3636.36	0.02
9.21	3636.36	0.02
9.21	3636.36	0.02
9.21	3636.36	0.02
9.21	3636.36	0.02
9.21	3636.36	0.02
9.22	3636.36	0.02
9.22	3636.36	0.02
9.22	3636.36	0.02
9.22	3636.36	0.02
9.23	3636.36	0.02
9.30	888.89	0.09
9.30	888.89	0.09
9.30	888.89	0.09
9.30	888.89	0.09
9.30	888.89	0.09
9.31	888.89	0.09
9.31	888.89	0.09
9.31	888.89	0.09
9.31	909.09	0.09
9.31	909.09	0.09
9.32	4000.00	0.02
9.32	4000.00	0.02
9.32	4000.00	0.02
9.32	4000.00	0.02
9.32	4000.00	0.02
9.33	4000.00	0.02
9.33	4000.00	0.02
9.33	4000.00	0.02
9.38	1142.86	0.07
9.38	1142.86	0.07
9.39	1142.86	0.07
9.39	1142.86	0.07
9.39	1142.86	0.07
9.39	1142.86	0.07
9.39	1142.86	0.07
9.40	1142.86	0.07
9.40	1142.86	0.07
9.40	1142.86	0.07
9.40	4000.00	0.02
9.40	4000.00	0.02
9.41	4000.00	0.02
9.41	4000.00	0.02
9.41	4000.00	0.02
9.41	4000.00	0.02
9.41	4000.00	0.02
9.42	4000.00	0.02
9.42	4000.00	0.02
9.42	4000.00	0.02
9.42	3636.36	0.02
9.43	3636.36	0.02
9.43	3636.36	0.02
9.43	3636.36	0.02
9.43	3636.36	0.02
9.43	3636.36	0.02
9.44	3636.36	0.02
9.44	3636.36	0.02
9.44	3636.36	0.02
9.44	3636.36	0.02
9.45	3636.36	0.02
9.45	3636.36	0.02
9.45	3636.36	0.02
9.52	851.06	0.09
9.53	851.06	0.09
9.53	851.06	0.09
9.53	851.06	0.09
9.53	851.06	0.09
9.53	851.06	0.09
9.54	851.06	0.09
9.54	869.57	0.09
9.54	869.57	0.09
9.54	869.57	0.09
9.54	4000.00	0.02
9.55	4000.00	0.02
9.55	4000.00	0.02
9.55	4000.00	0.02
9.55	4000.00	0.02
9.55	4000.00	0.02
9.56	4000.00	0.02
9.60	1212.12	0.07
9.61	1212.12	0.07
9.61	1212.12	0.07
9.61	1212.12	0.07
9.61	1212.12	0.07
9.61	1212.12	0.07
9.62	1212.12	0.07
9.62	1212.12	0.07
9.62	1212.12	0.07
9.62	1212.12	0.07
9.62	4000.00	0.02
9.63	4000.00	0.02
9.63	4000.00	0.02
9.63	4000.00	0.02
9.63	4000.00	0.02
9.63	4000.00	0.02
9.64	4000.00	0.02
9.64	4000.00	0.02
9.64	4000.00	0.02
9.64	4000.00	0.02
9.65	3636.36	0.02
9.65	3636.36	0.02
9.65	3636.36	0.02
9.65	3636.36	0.02
9.65	3636.36	0.02
9.66	3636.36	0.02
9.66	3636.36	0.02
9.66	3636.36	0.02
9.66	3636.36	0.02
9.66	3636.36	0.02
9.67	3636.36	0.02
9.67	3636.36	0.02
9.67	3636.36	0.02
9.74	888.89	0.09
9.74	888.89	0.09
9.75	888.89	0.09
9.75	888.89	0.09
9.75	888.89	0.09
9.75	888.89	0.09
9.75	888.89	0.09
9.76	909.09	0.09
9.76	909.09	0.09
9.76	909.09	0.09
9.76	4000.00	0.02
9.76	4000.00	0.02
9.77	4000.00	0.02
9.77	4000.00	0.02
9.77	4000.00	0.02
9.77	4000.00	0.02
9.77	4000.00	0.02
9.82	1212.12	0.07
9.82	1212.12	0.07
9.83	1212.12	0.07
9.83	1212.12	0.07
9.83	1212.12	0.07
9.83	1212.12	0.07
9.83	1212.12	0.07
9.84	1212.12	0.07
9.84	1212.12	0.07
9.84	1212.12	0.07
9.84	4000.00	0.02
9.84	4000.00	0.02
9.85	4000.00	0.02
9.85	4000.00	0.02
9.85	4000.00	0.02
9.85	4000.00	0.02
9.85	4000.00	0.02
9.86	4000.00	0.02
9.86	4000.00	0.02
9.86	4000.00	0.02
9.86	3636.36	0.02
9.87	3636.36	0.02
9.87	3636.36	0.02
9.87	3636.36	0.02
9.87	3636.36	0.02
9.87	3636.36	0.02
9.88	3636.36	0.02
9.88	3636.36	0.02
9.88	3636.36	0.02
9.88	3333.33	0.02
9.95	975.61	0.08
9.95	975.61	0.08
9.95	975.61	0.08
9.95	975.61	0.08
9.95	975.61	0.08
9.96	975.61	0.08
9.96	975.61	0.08
9.96	975.61	0.08
9.96	975.61	0.08
9.96	1000.00	0.08
9.97	4000.00	0.02
9.97	4000.00	0.02
9.97	4000.00	0.02
9.97	4000.00	0.02
9.97	4000.00	0.02
9.98	4000.00	0.02
9.98	4000.00	0.02
9.98	4000.00	0.02
9.98	4000.00	0.02
9.98	4000.00	0.02
10.04	1025.64	0.08
10.05	1025.64	0.08
10.05	1025.64	0.08
10.05	1025.64	0.08
10.05	1025.64	0.08
10.05	1025.64	0.08
10.06	1025.64	0.08
10.06	1025.64	0.08
10.06	1025.64	0.08
10.06	1025.64	0.08
10.06	4000.00	0.02
10.07	4000.00	0.02
10.07	4000.00	0.02
10.07	4000.00	0.02
10.07	4000.00	0.02
10.07	4000.00	0.02
10.08	4000.00	0.02
10.08	4000.00	0.02
10.08	4000.00	0.02
10.08	4000.00	0.02
10.09	3636.36	0.02
10.09	3636.36	0.02
10.09	3636.36	0.02
10.09	3636.36	0.02
10.09	3636.36	0.02
10.10	3636.36	0.02
10.10	3636.36	0.02
10.10	3636.36	0.02
10.10	3636.36	0.02
10.10	3636.36	0.02
10.11	3636.36	0.02
10.11	3636.36	0.02
10.11	3636.36	0.02
10.18	888.89	0.09
10.18	888.89	0.09
10.19	888.89	0.09
10.19	888.89	0.09
10.19	888.89	0.09
10.19	888.89	0.09
10.19	888.89	0.09
10.20	909.09	0.09
10.20	909.09	0.09
10.20	909.09	0.09
10.20	4000.00	0.02
10.20	4000.00	0.02
10.21	4000.00	0.02
10.21	4000.00	0.02
10.21	4000.00	0.02
10.21	4000.00	0.02
10.21	4000.00	0.02
10.26	1212.12	0.07
10.26	1212.12	0.07
10.27	1212.12	0.07
10.27	1212.12	0.07
10.27	1212.12	0.07
10.27	1212.12	0.07
10.27	1212.12	0.07
10.28	1212.12	0.07
10.28	1212.12	0.07
10.28	1212.12	0.07
10.28	4000.00	0.02
10.28	4000.00	0.02
10.29	4000.00	0.02
10.29	4000.00	0.02
10.29	4000.00	0.02
10.29	4000.00	0.02
10.29	4000.00	0.02
10.30	4000.00	0.02
10.30	4000.00	0.02
10.30	4000.00	0.02
10.30	3636.36	0.02
10.31	3636.36	0.02
10.31	3636.36	0.02
10.31	3636.36	0.02
10.31	3636.36	0.02
10.31	3636.36	0.02
10.32	3636.36	0.02
10.32	3636.36	0.02
10.32	3636.36	0.02
10.32	3333.33	0.02
10.39	975.61	0.08
10.39	975.61	0.08
10.39	975.61	0.08
10.39	975.61	0.08
10.39	975.61	0.08
10.40	975.61	0.08
10.40	975.61	0.08
10.40	975.61	0.08
10.40	975.61	0.08
10.40	1000.00	0.08
10.41	4000.00	0.02
10.41	4000.00	0.02
10.41	4000.00	0.02
10.41	4000.00	0.02
10.41	4000.00	0.02
10.42	4000.00	0.02
10.42	4000.00	0.02
10.42	4000.00	0.02
10.42	4000.00	0.02
10.42	4000.00	0.02
10.48	1025.64	0.08
10.49	1025.64	0.08
10.49	1025.64	0.08
10.49	1025.64	0.08
10.49	1025.64	0.08
10.49	1025.64	0.08
10.50	1025.64	0.08
10.50	1025.64	0.08
10.50	1025.64	0.08
10.50	1025.64	0.08
10.50	4000.00	0.02
10.51	4000.00	0.02
10.51	4000.00	0.02
10.51	4000.00	0.02
10.51	4000.00	0.02
10.51	4000.00	0.02
10.52	4000.00	0.02
10.52	4000.00	0.02
10.52	4000.00	0.02
10.52	4000.00	0.02
10.53	3636.36	0.02
10.53	3636.36	0.02
10.53	3636.36	0.02
10.53	3636.36	0.02
10.53	3636.36	0.02
10.54	3636.36	0.02
10.54	3636.36	0.02
10.54	3636.36	0.02
10.54	3636.36	0.02
10.54	3636.36	0.02
10.55	3636.36	0.02
10.55	3636.36	0.02
10.55	3636.36	0.02
10.62	888.89	0.09
10.62	888.89	0.09
10.63	888.89	0.09
10.63	888.89	0.09
10.63	888.89	0.09
10.63	888.89	0.09
10.63	888.89	0.09
10.64	909.09	0.09
10.64	909.09	0.09
10.64	909.09	0.09
10.64	4000.00	0.02
10.64	4000.00	0.02
10.65	4000.00	0.02
10.65	4000.00	0.02
10.65	4000.00	0.02
10.65	4000.00	0.02
10.65	4000.00	0.02
10.70	1212.12	0.07
10.70	1212.12	0.07
10.71	1212.12	0.07
10.71	1212.12	0.07
10.71	1212.12	0.07
10.71	1212.12	0.07
10.71	1212.12	0.07
10.72	1212.12	0.07
10.72	1212.12	0.07
10.72	1212.12	0.07
10.72	4000.00	0.02
10.72	4000.00	0.02
10.73	4000.00	0.02
10.73	4000.00	0.02
10.73	4000.00	0.02
10.73	4000.00	0.02
10.73	4000.00	0.02
10.74	4000.00	0.02
10.74	4000.00	0.02
10.74	4000.00	0.02
10.74	3636.36	0.02
10.75	3636.36	0.02
10.75	3636.36	0.02
10.75	3636.36	0.02
10.75	3636.36	0.02
10.75	3636.36	0.02
10.76	3636.36	0.02
10.76	3636.36	0.02
10.76	3636.36	0.02
10.76	3333.33	0.02
10.83	975.61	0.08
10.83	975.61	0.08
10.83	975.61	0.08
10.83	975.61	0.08
10.83	975.61	0.08
10.84	975.61	0.08
10.84	975.61	0.08
10.84	975.61	0.08
10.84	975.61	0.08
10.84	1000.00	0.08
10.85	4000.00	0.02
10.85	4000.00	0.02
10.85	4000.00	0.02
10.85	4000.00	0.02
10.85	4000.00	0.02
10.86	4000.00	0.02
10.86	4000.00	0.02
10.86	4000.00	0.02
10.86	4000.00	0.02
10.86	4000.00	0.02
10.92	1025.64	0.08
10.93	1025.64	0.08
10.93	1025.64	0.08
10.93	1025.64	0.08
10.93	1025.64	0.08
10.93	1025.64	0.08
10.94	1025.64	0.08
10.94	1025.64	0.08
10.94	1025.64	0.08
10.94	1025.64	0.08
10.94	4000.00	0.02
10.95	4000.00	0.02
10.95	4000.00	0.02
10.95	4000.00	0.02
10.95	4000.00	0.02
10.95	4000.00	0.02
10.96	4000.00	0.02
10.96	4000.00	0.02
10.96	4000.00	0.02
10.96	4000.00	0.02
10.97	3636.36	0.02
10.97	3636.36	0.02
10.97	3636.36	0.02
10.97	3636.36	0.02
10.97	3636.36	0.02
10.98	3636.36	0.02
10.98	3636.36	0.02
10.98	3636.36	0.02
10.98	3636.36	0.02
10.98	3636.36	0.02
10.99	3636.36	0.02
10.99	3636.36	0.02
10.99	3636.36	0.02
11.06	888.89	0.09
11.06	888.89	0.09
11.07	888.89	0.09
11.07	888.89	0.09
11.07	888.89	0.09
11.07	888.89	0.09
11.07	888.89	0.09
11.08	909.09	0.09
11.08	909.09	0.09
11.08	909.09	0.09
11.08	4000.00	0.02
11.08	4000.00	0.02
11.09	4000.00	0.02
11.09	4000.00	0.02
11.09	4000.00	0.02
11.09	4000.00	0.02
11.09	4000.00	0.02
11.14	1212.12	0.07
11.14	1212.12	0.07
11.15	1212.12	0.07
11.15	1212.12	0.07
11.15	1212.12	0.07
11.15	1212.12	0.07
11.15	1212.12	0.07
11.16	1212.12	0.07
11.16	1212.12	0.07
11.16	1212.12	0.07
11.16	4000.00	0.02
11.16	4000.00	0.02
11.17	4000.00	0.02
11.17	4000.00	0.02
11.17	4000.00	0.02
11.17	4000.00	0.02
11.17	4000.00	0.02
11.18	4000.00	0.02
11.18	4000.00	0.02
11.18	4000.00	0.02
11.18	3636.36	0.02
11.19	3636.36	0.02
11.19	3636.36	0.02
11.19	3636.36	0.02
11.19	3636.36	0.02
11.19	3636.36	0.02
11.20	3636.36	0.02
11.20	3636.36	0.02
11.20	3636.36	0.02
11.20	3333.33	0.02
11.27	975.61	0.08
11.27	975.61	0.08
11.27	975.61	0.08
11.27	975.61	0.08
11.27	975.61	0.08
11.28	975.61	0.08
11.28	975.61	0.08
11.28	975.61	0.08
11.28	975.61	0.08
11.28	1000.00	0.08
11.29	4000.00	0.02
11.29	4000.00	0.02
11.29	4000.00	0.02
11.29	4000.00	0.02
11.29	4000.00	0.02
11.30	4000.00	0.02
11.30	4000.00	0.02
11.30	4000.00	0.02
11.30	4000.00	0.02
11.30	4000.00	0.02
11.36	1025.64	0.08
11.37	1025.64	0.08
11.37	1025.64	0.08
11.37	1025.64	0.08
11.37	1025.64	0.08
11.37	1025.64	0.08
11.38	1025.64	0.08
11.38	1025.64	0.08
11.38	1025.64	0.08
11.38	1025.64	0.08
11.38	4000.00	0.02
11.39	4000.00	0.02
11.39	4000.00	0.02
11.39	4000.00	0.02
11.39	4000.00	0.02
11.39	4000.00	0.02
11.40	4000.00	0.02
11.40	4000.00	0.02
11.40	4000.00	0.02
11.40	4000.00	0.02
11.41	3636.36	0.02
11.41	3636.36	0.02
11.41	3636.36	0.02
11.41	3636.36	0.02
11.41	3636.36	0.02
11.42	3636.36	0.02
11.42	3636.36	0.02
11.42	3636.36	0.02
11.42	3636.36	0.02
11.42	3636.36	0.02
11.43	3636.36	0.02
11.43	3636.36	0.02
11.43	3636.36	0.02
11.50	888.89	0.09
11.50	888.89	0.09
11.51	888.89	0.09
11.51	888.89	0.09
11.51	888.89	0.09
11.51	888.89	0.09
11.51	888.89	0.09
11.52	909.09	0.09
11.52	909.09	0.09
11.52	909.09	0.09
11.52	4000.00	0.02
11.52	4000.00	0.02
11.53	4000.00	0.02
11.53	4000.00	0.02
11.53	4000.00	0.02
11.53	4000.00	0.02
11.53	4000.00	0.02
11.58	1212.12	0.07
11.58	1212.12	0.07
11.59	1212.12	0.07
11.59	1212.12	0.07
11.59	1212.12	0.07
11.59	1212.12	0.07
11.59	1212.12	0.07
11.60	1212.12	0.07
11.60	1212.12	0.07
11.60	1212.12	0.07
11.60	4000.00	0.02
11.60	4000.00	0.02
11.61	4000.00	0.02
11.61	4000.00	0.02
11.61	4000.00	0.02
11.61	4000.00	0.02
11.61	4000.00	0.02
11.62	4000.00	0.02
11.62	4000.00	0.02
11.62	4000.00	0.02
11.62	3636.36	0.02
11.63	3636.36	0.02
11.63	3636.36	0.02
11.63	3636.36	0.02
11.63	3636.36	0.02
11.63	3636.36	0.02
11.64	3636.36	0.02
11.64	3636.36	0.02
11.64	3636.36	0.02
11.64	3333.33	0.02
11.71	975.61	0.08
11.71	975.61	0.08
11.71	975.61	0.08
11.71	975.61	0.08
11.71	975.61	0.08
11.72	975.61	0.08
11.72	975.61	0.08
11.72	975.61	0.08
11.72	975.61	0.08
11.72	1000.00	0.08
11.73	4000.00	0.02
11.73	4000.00	0.02
11.73	4000.00	0.02
11.73	4000.00	0.02
11.73	4000.00	0.02
11.74	4000.00	0.02
11.74	4000.00	0.02
11.74	4000.00	0.02
11.74	4000.00	0.02
11.74	4000.00	0.02
11.80	1025.64	0.08
11.81	1025.64	0.08
11.81	1025.64	0.08
11.81	1025.64	0.08
11.81	1025.64	0.08
11.81	1025.64	0.08
11.82	1025.64	0.08
11.82	1025.64	0.08
11.82	1025.64	0.08
11.82	1025.64	0.08
11.82	4000.00	0.02
11.83	4000.00	0.02
11.83	4000.00	0.02
11.83	4000.00	0.02
11.83	4000.00	0.02
11.83	4000.00	0.02
11.84	4000.00	0.02
11.84	4000.00	0.02
11.84	4000.00	0.02
11.84	4000.00	0.02
11.85	3636.36	0.02
11.85	3636.36	0.02
11.85	3636.36	0.02
11.85	3636.36	0.02
11.85	3636.36	0.02
11.86	3636.36	0.02
11.86	3636.36	0.02
11.86	3636.36	0.02
11.86	3636.36	0.02
11.86	3636.36	0.02
11.87	3636.36	0.02
11.87	3636.36	0.02
11.87	3636.36	0.02
11.94	888.89	0.09
11.94	888.89	0.09
11.95	888.89	0.09
11.95	888.89	0.09
11.95	888.89	0.09
11.95	888.89	0.09
11.95	888.89	0.09
11.96	909.09	0.09
11.96	909.09	0.09
11.96	909.09	0.09
11.96	4000.00	0.02
11.96	4000.00	0.02
11.97	4000.00	0.02
11.97	4000.00	0.02
11.97	4000.00	0.02
11.97	4000.00	0.02
11.97	4000.00	0.02
12.02	1290.32	0.06
12.02	1290.32	0.06
12.02	1290.32	0.06
12.02	1290.32	0.06
12.03	1290.32	0.06
12.03	1290.32	0.06
12.03	1290.32	0.06
12.03	1290.32	0.06
12.03	1290.32	0.06
12.04	1290.32	0.06
12.04	4000.00	0.02
12.04	4000.00	0.02
12.04	4000.00	0.02
12.04	4000.00	0.02
12.05	4000.00	0.02
12.05	4000.00	0.02
12.05	4000.00	0.02
12.05	4000.00	0.02
12.05	4000.00	0.02
12.06	4000.00	0.02
12.06	3636.36	0.02
12.06	3636.36	0.02
12.06	3636.36	0.02
12.07	3636.36	0.02
12.07	3636.36	0.02
12.07	3636.36	0.02
12.07	3636.36	0.02
12.07	3636.36	0.02
12.08	3076.92	0.03
12.08	3076.92	0.03
12.08	3333.33	0.02
12.09	3333.33	0.02
12.09	3333.33	0.02
12.10	2666.67	0.03
12.10	2666.67	0.03
12.10	2666.67	0.03
12.11	2222.22	0.04
12.11	2222.22	0.04
12.11	2500.00	0.03
12.12	2105.26	0.04
12.12	2105.26	0.04
12.12	2105.26	0.04
12.13	1818.18	0.04
12.13	2105.26	0.04
12.14	2105.26	0.04
12.14	1818.18	0.04
12.15	2105.26	0.04
12.15	2105.26	0.04
12.15	2000.00	0.04
12.16	2222.22	0.04
12.16	2105.26	0.04
12.16	2000.00	0.04
12.17	2222.22	0.04
12.17	2105.26	0.04
12.18	2000.00	0.04
12.18	2222.22	0.04
12.18	2105.26	0.04
12.19	2000.00	0.04
12.19	2000.00	0.04
12.20	2000.00	0.04
12.20	2000.00	0.04
12.20	2000.00	0.04
12.20	0.00	0.00
