0.000000	0.014000
1.000000	0.016000
2.000000	0.016000
3.000000	0.018000
4.000000	0.018000
5.000000	0.020000
6.000000	0.020000
7.000000	0.022000
8.000000	0.022000
9.000000	0.022000
10.000000	0.022000
11.000000	0.022000
12.000000	0.022000
13.000000	0.022000
14.000000	0.022000
15.000000	0.022000
16.000000	0.022000
17.000000	0.022000
18.000000	0.022000
19.000000	0.022000
20.000000	0.022000
21.000000	0.022000
22.000000	0.022000
23.000000	0.022000
24.000000	0.022000
25.000000	0.022000
26.000000	0.022000
27.000000	0.022000
28.000000	0.022000
29.000000	0.022000
30.000000	0.022000
31.000000	0.022000
32.000000	0.022000
33.000000	0.022000
34.000000	0.022000
35.000000	0.022000
36.000000	0.022000
37.000000	0.022000
38.000000	0.022000
39.000000	0.022000
40.000000	0.022000
41.000000	0.022000
42.000000	0.022000
43.000000	0.022000
44.000000	0.022000
45.000000	0.022000
46.000000	0.022000
47.000000	0.022000
48.000000	0.022000
49.000000	0.022000
50.000000	0.022000
51.000000	0.022000
52.000000	0.022000
53.000000	0.022000
54.000000	0.022000
55.000000	0.022000
56.000000	0.022000
57.000000	0.022000
58.000000	0.022000
59.000000	0.022000
60.000000	0.022000
61.000000	0.022000
62.000000	0.022000
63.000000	0.022000
64.000000	0.022000
65.000000	0.022000
66.000000	0.022000
67.000000	0.022000
68.000000	0.022000
69.000000	0.022000
70.000000	0.022000
71.000000	0.022000
72.000000	0.022000
73.000000	0.022000
74.000000	0.022000
75.000000	0.022000
76.000000	0.022000
77.000000	0.022000
78.000000	0.022000
79.000000	0.022000
80.000000	0.022000
81.000000	0.022000
82.000000	0.022000
83.000000	0.022000
84.000000	0.022000
85.000000	0.022000
86.000000	0.022000
87.000000	0.022000
88.000000	0.022000
89.000000	0.022000
90.000000	0.022000
91.000000	0.022000
92.000000	0.022000
93.000000	0.022000
94.000000	0.022000
95.000000	0.022000
96.000000	0.022000
97.000000	0.022000
98.000000	0.022000
99.000000	0.022000
100.000000	0.022000
101.000000	0.022000
102.000000	0.022000
103.000000	0.022000
104.000000	0.022000
105.000000	0.022000
106.000000	0.022000
107.000000	0.022000
108.000000	0.022000
109.000000	0.022000
110.000000	0.022000
111.000000	0.022000
112.000000	0.022000
113.000000	0.022000
114.000000	0.022000
115.000000	0.022000
116.000000	0.022000
117.000000	0.022000
118.000000	0.022000
119.000000	0.022000
120.000000	0.022000
121.000000	0.022000
122.000000	0.022000
123.000000	0.022000
124.000000	0.022000
125.000000	0.022000
126.000000	0.022000
127.000000	0.022000
128.000000	0.022000
129.000000	0.022000
130.000000	0.022000
131.000000	0.022000
132.000000	0.022000
133.000000	0.022000
134.000000	0.022000
135.000000	0.022000
136.000000	0.022000
137.000000	0.022000
138.000000	0.022000
139.000000	0.022000
140.000000	0.022000
141.000000	0.022000
142.000000	0.022000
143.000000	0.022000
144.000000	0.022000
145.000000	0.022000
146.000000	0.022000
147.000000	0.022000
148.000000	0.022000
149.000000	0.022000
150.000000	0.022000
151.000000	0.022000
152.000000	0.022000
153.000000	0.022000
154.000000	0.022000
155.000000	0.022000
156.000000	0.022000
157.000000	0.022000
158.000000	0.022000
159.000000	0.022000
160.000000	0.022000
161.000000	0.022000
162.000000	0.022000
163.000000	0.022000
164.000000	0.022000
165.000000	0.022000
166.000000	0.022000
167.000000	0.022000
168.000000	0.022000
169.000000	0.022000
170.000000	0.022000
171.000000	0.022000
172.000000	0.022000
173.000000	0.022000
174.000000	0.022000
175.000000	0.022000
176.000000	0.022000
177.000000	0.022000
178.000000	0.022000
179.000000	0.022000
180.000000	0.022000
181.000000	0.022000
182.000000	0.022000
183.000000	0.022000
184.000000	0.022000
185.000000	0.022000
186.000000	0.022000
187.000000	0.022000
188.000000	0.022000
189.000000	0.022000
190.000000	0.022000
191.000000	0.022000
192.000000	0.022000
193.000000	0.022000
194.000000	0.022000
195.000000	0.022000
196.000000	0.022000
197.000000	0.022000
198.000000	0.022000
199.000000	0.022000
200.000000	0.022000
201.000000	0.022000
202.000000	0.022000
203.000000	0.022000
204.000000	0.022000
205.000000	0.022000
206.000000	0.022000
207.000000	0.022000
208.000000	0.022000
209.000000	0.022000
210.000000	0.022000
211.000000	0.022000
212.000000	0.022000
213.000000	0.022000
214.000000	0.022000
215.000000	0.022000
216.000000	0.022000
217.000000	0.022000
218.000000	0.022000
219.000000	0.022000
220.000000	0.022000
221.000000	0.022000
222.000000	0.022000
223.000000	0.022000
224.000000	0.022000
225.000000	0.022000
226.000000	0.022000
227.000000	0.022000
228.000000	0.022000
229.000000	0.022000
230.000000	0.022000
231.000000	0.022000
232.000000	0.022000
233.000000	0.022000
234.000000	0.022000
235.000000	0.022000
236.000000	0.022000
237.000000	0.022000
238.000000	0.024000
239.000000	0.024000
240.000000	0.024000
241.000000	0.024000
242.000000	0.024000
243.000000	0.024000
244.000000	0.024000
245.000000	0.024000
246.000000	0.024000
247.000000	0.024000
248.000000	0.024000
249.000000	0.024000
250.000000	0.024000
251.000000	0.024000
252.000000	0.024000
253.000000	0.024000
254.000000	0.024000
255.000000	0.024000
256.000000	0.024000
257.000000	0.024000
258.000000	0.024000
259.000000	0.024000
260.000000	0.024000
261.000000	0.024000
262.000000	0.024000
263.000000	0.024000
264.000000	0.024000
265.000000	0.024000
266.000000	0.024000
267.000000	0.024000
268.000000	0.024000
269.000000	0.024000
270.000000	0.024000
271.000000	0.024000
272.000000	0.024000
273.000000	0.024000
274.000000	0.024000
275.000000	0.024000
276.000000	0.024000
277.000000	0.024000
278.000000	0.024000
279.000000	0.024000
280.000000	0.024000
281.000000	0.024000
282.000000	0.024000
283.000000	0.024000
284.000000	0.024000
285.000000	0.024000
286.000000	0.024000
287.000000	0.024000
288.000000	0.024000
289.000000	0.024000
290.000000	0.024000
291.000000	0.024000
292.000000	0.024000
293.000000	0.024000
294.000000	0.024000
295.000000	0.024000
296.000000	0.024000
297.000000	0.024000
298.000000	0.024000
299.000000	0.024000
300.000000	0.024000
301.000000	0.024000
302.000000	0.024000
303.000000	0.024000
304.000000	0.024000
305.000000	0.024000
306.000000	0.024000
307.000000	0.024000
308.000000	0.024000
309.000000	0.024000
310.000000	0.024000
311.000000	0.024000
312.000000	0.024000
313.000000	0.024000
314.000000	0.024000
315.000000	0.024000
316.000000	0.024000
317.000000	0.024000
318.000000	0.024000
319.000000	0.024000
320.000000	0.024000
321.000000	0.024000
322.000000	0.024000
323.000000	0.024000
324.000000	0.024000
325.000000	0.024000
326.000000	0.024000
327.000000	0.024000
328.000000	0.024000
329.000000	0.024000
330.000000	0.024000
331.000000	0.024000
332.000000	0.024000
333.000000	0.024000
334.000000	0.024000
335.000000	0.024000
336.000000	0.024000
337.000000	0.024000
338.000000	0.024000
339.000000	0.024000
340.000000	0.024000
341.000000	0.024000
342.000000	0.024000
343.000000	0.024000
344.000000	0.024000
345.000000	0.024000
346.000000	0.024000
347.000000	0.024000
348.000000	0.024000
349.000000	0.024000
350.000000	0.024000
351.000000	0.024000
352.000000	0.024000
353.000000	0.024000
354.000000	0.024000
355.000000	0.024000
356.000000	0.024000
357.000000	0.024000
358.000000	0.024000
359.000000	0.024000
360.000000	0.024000
361.000000	0.024000
362.000000	0.024000
363.000000	0.024000
364.000000	0.024000
365.000000	0.024000
366.000000	0.024000
367.000000	0.024000
368.000000	0.024000
369.000000	0.024000
370.000000	0.024000
371.000000	0.024000
372.000000	0.024000
373.000000	0.024000
374.000000	0.024000
375.000000	0.024000
376.000000	0.024000
377.000000	0.024000
378.000000	0.024000
379.000000	0.024000
380.000000	0.024000
381.000000	0.024000
382.000000	0.024000
383.000000	0.024000
384.000000	0.024000
385.000000	0.024000
386.000000	0.024000
387.000000	0.024000
388.000000	0.024000
389.000000	0.024000
390.000000	0.024000
391.000000	0.024000
392.000000	0.024000
393.000000	0.024000
394.000000	0.024000
395.000000	0.024000
396.000000	0.024000
397.000000	0.024000
398.000000	0.024000
399.000000	0.024000
400.000000	0.024000
401.000000	0.024000
402.000000	0.024000
403.000000	0.024000
404.000000	0.024000
405.000000	0.024000
406.000000	0.024000
407.000000	0.024000
408.000000	0.024000
409.000000	0.024000
410.000000	0.024000
411.000000	0.024000
412.000000	0.024000
413.000000	0.024000
414.000000	0.024000
415.000000	0.024000
416.000000	0.024000
417.000000	0.024000
418.000000	0.024000
419.000000	0.024000
420.000000	0.024000
421.000000	0.024000
422.000000	0.024000
423.000000	0.024000
424.000000	0.024000
425.000000	0.024000
426.000000	0.024000
427.000000	0.024000
428.000000	0.024000
429.000000	0.024000
430.000000	0.024000
431.000000	0.024000
432.000000	0.024000
433.000000	0.024000
434.000000	0.024000
435.000000	0.024000
436.000000	0.024000
437.000000	0.024000
438.000000	0.024000
439.000000	0.024000
440.000000	0.024000
441.000000	0.024000
442.000000	0.024000
443.000000	0.024000
444.000000	0.024000
445.000000	0.024000
446.000000	0.024000
447.000000	0.024000
448.000000	0.024000
449.000000	0.024000
450.000000	0.024000
451.000000	0.024000
452.000000	0.024000
453.000000	0.024000
454.000000	0.024000
455.000000	0.024000
456.000000	0.024000
457.000000	0.024000
458.000000	0.024000
459.000000	0.024000
460.000000	0.024000
461.000000	0.024000
462.000000	0.024000
463.000000	0.024000
464.000000	0.024000
465.000000	0.024000
466.000000	0.024000
467.000000	0.024000
468.000000	0.024000
469.000000	0.024000
470.000000	0.024000
471.000000	0.024000
472.000000	0.024000
473.000000	0.024000
474.000000	0.024000
475.000000	0.024000
476.000000	0.024000
477.000000	0.024000
478.000000	0.024000
479.000000	0.024000
480.000000	0.024000
481.000000	0.024000
482.000000	0.024000
483.000000	0.024000
484.000000	0.024000
485.000000	0.024000
486.000000	0.024000
487.000000	0.024000
488.000000	0.024000
489.000000	0.024000
490.000000	0.024000
491.000000	0.024000
492.000000	0.024000
493.000000	0.024000
494.000000	0.024000
495.000000	0.024000
496.000000	0.024000
497.000000	0.024000
498.000000	0.024000
499.000000	0.024000
500.000000	0.024000
501.000000	0.024000
502.000000	0.024000
503.000000	0.024000
504.000000	0.024000
505.000000	0.024000
506.000000	0.024000
507.000000	0.024000
508.000000	0.024000
509.000000	0.024000
510.000000	0.024000
511.000000	0.024000
512.000000	0.024000
513.000000	0.024000
514.000000	0.024000
515.000000	0.024000
516.000000	0.024000
517.000000	0.024000
518.000000	0.024000
519.000000	0.024000
520.000000	0.024000
521.000000	0.024000
522.000000	0.024000
523.000000	0.024000
524.000000	0.024000
525.000000	0.024000
526.000000	0.024000
527.000000	0.024000
528.000000	0.024000
529.000000	0.024000
530.000000	0.024000
531.000000	0.024000
532.000000	0.024000
533.000000	0.024000
534.000000	0.024000
535.000000	0.024000
536.000000	0.024000
537.000000	0.024000
538.000000	0.024000
539.000000	0.024000
540.000000	0.024000
541.000000	0.024000
542.000000	0.024000
543.000000	0.024000
544.000000	0.024000
545.000000	0.024000
546.000000	0.024000
547.000000	0.024000
548.000000	0.024000
549.000000	0.024000
550.000000	0.024000
551.000000	0.024000
552.000000	0.024000
553.000000	0.024000
554.000000	0.024000
555.000000	0.024000
556.000000	0.024000
557.000000	0.024000
558.000000	0.024000
559.000000	0.024000
560.000000	0.024000
561.000000	0.024000
562.000000	0.024000
563.000000	0.024000
564.000000	0.024000
565.000000	0.024000
566.000000	0.024000
567.000000	0.024000
568.000000	0.024000
569.000000	0.024000
570.000000	0.024000
571.000000	0.024000
572.000000	0.024000
573.000000	0.024000
574.000000	0.024000
575.000000	0.024000
576.000000	0.024000
577.000000	0.024000
578.000000	0.024000
579.000000	0.024000
580.000000	0.024000
581.000000	0.024000
582.000000	0.024000
583.000000	0.024000
584.000000	0.024000
585.000000	0.024000
586.000000	0.024000
587.000000	0.024000
588.000000	0.024000
589.000000	0.024000
590.000000	0.024000
591.000000	0.024000
592.000000	0.024000
593.000000	0.024000
594.000000	0.024000
595.000000	0.024000
596.000000	0.024000
597.000000	0.024000
598.000000	0.024000
599.000000	0.024000
600.000000	0.024000
601.000000	0.024000
602.000000	0.024000
603.000000	0.024000
604.000000	0.024000
605.000000	0.024000
606.000000	0.024000
607.000000	0.024000
608.000000	0.024000
609.000000	0.024000
610.000000	0.024000
611.000000	0.024000
612.000000	0.024000
613.000000	0.024000
614.000000	0.024000
615.000000	0.024000
616.000000	0.024000
617.000000	0.024000
618.000000	0.024000
619.000000	0.024000
620.000000	0.024000
621.000000	0.024000
622.000000	0.024000
623.000000	0.024000
624.000000	0.024000
625.000000	0.024000
626.000000	0.024000
627.000000	0.024000
628.000000	0.024000
629.000000	0.024000
630.000000	0.024000
631.000000	0.024000
632.000000	0.024000
633.000000	0.024000
634.000000	0.024000
635.000000	0.024000
636.000000	0.024000
637.000000	0.024000
638.000000	0.024000
639.000000	0.024000
640.000000	0.024000
641.000000	0.024000
642.000000	0.024000
643.000000	0.024000
644.000000	0.024000
645.000000	0.024000
646.000000	0.024000
647.000000	0.024000
648.000000	0.024000
649.000000	0.024000
650.000000	0.024000
651.000000	0.024000
652.000000	0.024000
653.000000	0.024000
654.000000	0.024000
655.000000	0.024000
656.000000	0.024000
657.000000	0.024000
658.000000	0.024000
659.000000	0.024000
660.000000	0.024000
661.000000	0.024000
662.000000	0.024000
663.000000	0.024000
664.000000	0.024000
665.000000	0.024000
666.000000	0.024000
667.000000	0.024000
668.000000	0.024000
669.000000	0.024000
670.000000	0.024000
671.000000	0.024000
672.000000	0.024000
673.000000	0.024000
674.000000	0.024000
675.000000	0.024000
676.000000	0.024000
677.000000	0.024000
678.000000	0.024000
679.000000	0.024000
680.000000	0.024000
681.000000	0.024000
682.000000	0.024000
683.000000	0.024000
684.000000	0.024000
685.000000	0.024000
686.000000	0.024000
687.000000	0.024000
688.000000	0.024000
689.000000	0.024000
690.000000	0.024000
691.000000	0.024000
692.000000	0.024000
693.000000	0.024000
694.000000	0.024000
695.000000	0.024000
696.000000	0.024000
697.000000	0.024000
698.000000	0.024000
699.000000	0.024000
700.000000	0.024000
701.000000	0.024000
702.000000	0.024000
703.000000	0.024000
704.000000	0.024000
705.000000	0.024000
706.000000	0.024000
707.000000	0.024000
708.000000	0.024000
709.000000	0.024000
710.000000	0.024000
711.000000	0.024000
712.000000	0.024000
713.000000	0.024000
714.000000	0.024000
715.000000	0.024000
716.000000	0.024000
717.000000	0.024000
718.000000	0.024000
719.000000	0.024000
720.000000	0.024000
721.000000	0.024000
722.000000	0.024000
723.000000	0.024000
724.000000	0.024000
725.000000	0.024000
726.000000	0.024000
727.000000	0.024000
728.000000	0.024000
729.000000	0.024000
730.000000	0.024000
731.000000	0.024000
732.000000	0.024000
733.000000	0.024000
734.000000	0.024000
735.000000	0.024000
736.000000	0.024000
737.000000	0.024000
738.000000	0.024000
739.000000	0.024000
740.000000	0.024000
741.000000	0.024000
742.000000	0.024000
743.000000	0.024000
744.000000	0.024000
745.000000	0.024000
746.000000	0.024000
747.000000	0.024000
748.000000	0.024000
749.000000	0.024000
750.000000	0.024000
751.000000	0.024000
752.000000	0.024000
753.000000	0.024000
754.000000	0.024000
755.000000	0.024000
756.000000	0.024000
757.000000	0.024000
758.000000	0.024000
759.000000	0.024000
760.000000	0.024000
761.000000	0.024000
762.000000	0.024000
763.000000	0.024000
764.000000	0.024000
765.000000	0.024000
766.000000	0.024000
767.000000	0.024000
768.000000	0.024000
769.000000	0.024000
770.000000	0.024000
771.000000	0.024000
772.000000	0.024000
773.000000	0.024000
774.000000	0.024000
775.000000	0.024000
776.000000	0.024000
777.000000	0.024000
778.000000	0.024000
779.000000	0.024000
780.000000	0.024000
781.000000	0.024000
782.000000	0.024000
783.000000	0.024000
784.000000	0.024000
785.000000	0.024000
786.000000	0.024000
787.000000	0.024000
788.000000	0.024000
789.000000	0.024000
790.000000	0.024000
791.000000	0.024000
792.000000	0.024000
793.000000	0.024000
794.000000	0.024000
795.000000	0.024000
796.000000	0.024000
797.000000	0.024000
798.000000	0.024000
799.000000	0.024000
800.000000	0.024000
801.000000	0.024000
802.000000	0.024000
803.000000	0.024000
804.000000	0.024000
805.000000	0.024000
806.000000	0.024000
807.000000	0.024000
808.000000	0.024000
809.000000	0.024000
810.000000	0.024000
811.000000	0.024000
812.000000	0.024000
813.000000	0.024000
814.000000	0.024000
815.000000	0.024000
816.000000	0.024000
817.000000	0.024000
818.000000	0.024000
819.000000	0.024000
820.000000	0.024000
821.000000	0.024000
822.000000	0.024000
823.000000	0.024000
824.000000	0.024000
825.000000	0.024000
826.000000	0.024000
827.000000	0.024000
828.000000	0.024000
829.000000	0.024000
830.000000	0.024000
831.000000	0.024000
832.000000	0.024000
833.000000	0.024000
834.000000	0.024000
835.000000	0.024000
836.000000	0.024000
837.000000	0.024000
838.000000	0.024000
839.000000	0.024000
840.000000	0.024000
841.000000	0.024000
842.000000	0.024000
843.000000	0.024000
844.000000	0.024000
845.000000	0.024000
846.000000	0.024000
847.000000	0.024000
848.000000	0.024000
849.000000	0.024000
850.000000	0.024000
851.000000	0.024000
852.000000	0.024000
853.000000	0.024000
854.000000	0.024000
855.000000	0.024000
856.000000	0.024000
857.000000	0.024000
858.000000	0.024000
859.000000	0.024000
860.000000	0.024000
861.000000	0.024000
862.000000	0.024000
863.000000	0.024000
864.000000	0.024000
865.000000	0.024000
866.000000	0.024000
867.000000	0.024000
868.000000	0.024000
869.000000	0.024000
870.000000	0.024000
871.000000	0.024000
872.000000	0.024000
873.000000	0.024000
874.000000	0.024000
875.000000	0.024000
876.000000	0.024000
877.000000	0.024000
878.000000	0.024000
879.000000	0.024000
880.000000	0.024000
881.000000	0.024000
882.000000	0.024000
883.000000	0.024000
884.000000	0.024000
885.000000	0.024000
886.000000	0.024000
887.000000	0.024000
888.000000	0.024000
889.000000	0.024000
890.000000	0.024000
891.000000	0.024000
892.000000	0.024000
893.000000	0.024000
894.000000	0.024000
895.000000	0.024000
896.000000	0.024000
897.000000	0.024000
898.000000	0.024000
899.000000	0.024000
900.000000	0.024000
901.000000	0.024000
902.000000	0.024000
903.000000	0.024000
904.000000	0.024000
905.000000	0.024000
906.000000	0.024000
907.000000	0.024000
908.000000	0.024000
909.000000	0.024000
910.000000	0.024000
911.000000	0.024000
912.000000	0.024000
913.000000	0.024000
914.000000	0.024000
915.000000	0.024000
916.000000	0.024000
917.000000	0.024000
918.000000	0.024000
919.000000	0.024000
920.000000	0.024000
921.000000	0.024000
922.000000	0.024000
923.000000	0.024000
924.000000	0.024000
925.000000	0.024000
926.000000	0.024000
927.000000	0.024000
928.000000	0.024000
929.000000	0.024000
930.000000	0.024000
931.000000	0.024000
932.000000	0.024000
933.000000	0.024000
934.000000	0.024000
935.000000	0.024000
936.000000	0.024000
937.000000	0.024000
938.000000	0.024000
939.000000	0.024000
940.000000	0.024000
941.000000	0.024000
942.000000	0.024000
943.000000	0.024000
944.000000	0.024000
945.000000	0.024000
946.000000	0.024000
947.000000	0.024000
948.000000	0.024000
949.000000	0.024000
950.000000	0.024000
951.000000	0.024000
952.000000	0.024000
953.000000	0.024000
954.000000	0.024000
955.000000	0.024000
956.000000	0.024000
957.000000	0.024000
958.000000	0.024000
959.000000	0.024000
960.000000	0.024000
961.000000	0.024000
962.000000	0.024000
963.000000	0.024000
964.000000	0.024000
965.000000	0.024000
966.000000	0.024000
967.000000	0.024000
968.000000	0.024000
969.000000	0.024000
970.000000	0.024000
971.000000	0.024000
972.000000	0.024000
973.000000	0.024000
974.000000	0.024000
975.000000	0.024000
976.000000	0.024000
977.000000	0.024000
978.000000	0.024000
979.000000	0.024000
980.000000	0.024000
981.000000	0.024000
982.000000	0.024000
983.000000	0.024000
984.000000	0.024000
985.000000	0.024000
986.000000	0.024000
987.000000	0.024000
988.000000	0.024000
989.000000	0.024000
990.000000	0.024000
991.000000	0.024000
992.000000	0.024000
993.000000	0.024000
994.000000	0.024000
995.000000	0.024000
996.000000	0.024000
997.000000	0.024000
998.000000	0.024000
999.000000	0.024000
1000.000000	0.024000
1001.000000	0.024000
1002.000000	0.024000
1003.000000	0.024000
1004.000000	0.024000
1005.000000	0.024000
1006.000000	0.024000
1007.000000	0.024000
1008.000000	0.024000
1009.000000	0.024000
1010.000000	0.024000
1011.000000	0.024000
1012.000000	0.024000
1013.000000	0.024000
1014.000000	0.024000
1015.000000	0.024000
1016.000000	0.024000
1017.000000	0.024000
1018.000000	0.024000
1019.000000	0.024000
1020.000000	0.024000
1021.000000	0.024000
1022.000000	0.024000
1023.000000	0.024000
1024.000000	0.024000
1025.000000	0.024000
1026.000000	0.024000
1027.000000	0.024000
1028.000000	0.024000
1029.000000	0.024000
1030.000000	0.024000
1031.000000	0.024000
1032.000000	0.024000
1033.000000	0.024000
1034.000000	0.024000
1035.000000	0.024000
1036.000000	0.024000
1037.000000	0.024000
1038.000000	0.024000
1039.000000	0.024000
1040.000000	0.024000
1041.000000	0.024000
1042.000000	0.024000
1043.000000	0.024000
1044.000000	0.024000
1045.000000	0.024000
1046.000000	0.024000
1047.000000	0.024000
1048.000000	0.024000
1049.000000	0.024000
1050.000000	0.024000
1051.000000	0.024000
1052.000000	0.024000
1053.000000	0.024000
1054.000000	0.024000
1055.000000	0.024000
1056.000000	0.024000
1057.000000	0.024000
1058.000000	0.024000
1059.000000	0.024000
1060.000000	0.024000
1061.000000	0.024000
1062.000000	0.024000
1063.000000	0.024000
1064.000000	0.024000
1065.000000	0.024000
1066.000000	0.024000
1067.000000	0.024000
1068.000000	0.024000
1069.000000	0.024000
1070.000000	0.024000
1071.000000	0.024000
1072.000000	0.024000
1073.000000	0.024000
1074.000000	0.024000
1075.000000	0.024000
1076.000000	0.024000
1077.000000	0.024000
1078.000000	0.024000
1079.000000	0.024000
1080.000000	0.024000
1081.000000	0.024000
1082.000000	0.024000
1083.000000	0.024000
1084.000000	0.024000
1085.000000	0.024000
1086.000000	0.024000
1087.000000	0.024000
1088.000000	0.024000
1089.000000	0.024000
1090.000000	0.024000
1091.000000	0.024000
1092.000000	0.024000
1093.000000	0.024000
1094.000000	0.024000
1095.000000	0.024000
1096.000000	0.024000
1097.000000	0.024000
1098.000000	0.024000
1099.000000	0.024000
1100.000000	0.024000
1101.000000	0.024000
1102.000000	0.024000
1103.000000	0.024000
1104.000000	0.024000
1105.000000	0.024000
1106.000000	0.024000
1107.000000	0.024000
1108.000000	0.024000
1109.000000	0.024000
1110.000000	0.024000
1111.000000	0.024000
1112.000000	0.024000
1113.000000	0.024000
1114.000000	0.024000
1115.000000	0.024000
1116.000000	0.024000
1117.000000	0.024000
1118.000000	0.024000
1119.000000	0.024000
1120.000000	0.024000
1121.000000	0.024000
1122.000000	0.024000
1123.000000	0.024000
1124.000000	0.024000
1125.000000	0.024000
1126.000000	0.024000
1127.000000	0.024000
1128.000000	0.024000
1129.000000	0.024000
1130.000000	0.024000
1131.000000	0.024000
1132.000000	0.024000
1133.000000	0.024000
1134.000000	0.024000
1135.000000	0.024000
1136.000000	0.024000
1137.000000	0.024000
1138.000000	0.024000
1139.000000	0.024000
1140.000000	0.024000
1141.000000	0.024000
1142.000000	0.024000
1143.000000	0.024000
1144.000000	0.024000
1145.000000	0.024000
1146.000000	0.024000
1147.000000	0.024000
1148.000000	0.024000
1149.000000	0.024000
1150.000000	0.024000
1151.000000	0.024000
1152.000000	0.024000
1153.000000	0.024000
1154.000000	0.024000
1155.000000	0.024000
1156.000000	0.024000
1157.000000	0.024000
1158.000000	0.024000
1159.000000	0.024000
1160.000000	0.024000
1161.000000	0.024000
1162.000000	0.024000
1163.000000	0.024000
1164.000000	0.024000
1165.000000	0.024000
1166.000000	0.024000
1167.000000	0.024000
1168.000000	0.024000
1169.000000	0.024000
1170.000000	0.024000
1171.000000	0.024000
1172.000000	0.024000
1173.000000	0.024000
1174.000000	0.024000
1175.000000	0.024000
1176.000000	0.024000
1177.000000	0.024000
1178.000000	0.024000
1179.000000	0.024000
1180.000000	0.024000
1181.000000	0.024000
1182.000000	0.024000
1183.000000	0.024000
1184.000000	0.024000
1185.000000	0.024000
1186.000000	0.024000
1187.000000	0.024000
1188.000000	0.024000
1189.000000	0.024000
1190.000000	0.024000
1191.000000	0.024000
1192.000000	0.024000
1193.000000	0.024000
1194.000000	0.024000
1195.000000	0.024000
1196.000000	0.024000
1197.000000	0.024000
1198.000000	0.024000
1199.000000	0.024000
1200.000000	0.024000
1201.000000	0.024000
1202.000000	0.024000
1203.000000	0.024000
1204.000000	0.024000
1205.000000	0.024000
1206.000000	0.024000
1207.000000	0.024000
1208.000000	0.024000
1209.000000	0.024000
1210.000000	0.024000
1211.000000	0.024000
1212.000000	0.024000
1213.000000	0.024000
1214.000000	0.024000
1215.000000	0.024000
1216.000000	0.024000
1217.000000	0.024000
1218.000000	0.024000
1219.000000	0.024000
1220.000000	0.024000
1221.000000	0.024000
1222.000000	0.024000
1223.000000	0.024000
1224.000000	0.024000
1225.000000	0.024000
1226.000000	0.024000
1227.000000	0.024000
1228.000000	0.024000
1229.000000	0.024000
1230.000000	0.024000
1231.000000	0.024000
1232.000000	0.024000
1233.000000	0.024000
1234.000000	0.024000
1235.000000	0.024000
1236.000000	0.024000
1237.000000	0.024000
1238.000000	0.024000
1239.000000	0.024000
1240.000000	0.024000
1241.000000	0.024000
1242.000000	0.024000
1243.000000	0.024000
1244.000000	0.024000
1245.000000	0.024000
1246.000000	0.024000
1247.000000	0.024000
1248.000000	0.024000
1249.000000	0.024000
1250.000000	0.024000
1251.000000	0.024000
1252.000000	0.024000
1253.000000	0.024000
1254.000000	0.024000
1255.000000	0.024000
1256.000000	0.024000
1257.000000	0.024000
1258.000000	0.024000
1259.000000	0.024000
1260.000000	0.024000
1261.000000	0.024000
1262.000000	0.024000
1263.000000	0.024000
1264.000000	0.024000
1265.000000	0.024000
1266.000000	0.024000
1267.000000	0.024000
1268.000000	0.024000
1269.000000	0.024000
1270.000000	0.024000
1271.000000	0.024000
1272.000000	0.024000
1273.000000	0.024000
1274.000000	0.024000
1275.000000	0.024000
1276.000000	0.024000
1277.000000	0.024000
1278.000000	0.024000
1279.000000	0.024000
1280.000000	0.024000
1281.000000	0.024000
1282.000000	0.024000
1283.000000	0.024000
1284.000000	0.024000
1285.000000	0.024000
1286.000000	0.024000
1287.000000	0.024000
1288.000000	0.024000
1289.000000	0.024000
1290.000000	0.024000
1291.000000	0.024000
1292.000000	0.024000
1293.000000	0.024000
1294.000000	0.024000
1295.000000	0.024000
1296.000000	0.024000
1297.000000	0.024000
1298.000000	0.024000
1299.000000	0.024000
1300.000000	0.024000
1301.000000	0.024000
1302.000000	0.024000
1303.000000	0.024000
1304.000000	0.024000
1305.000000	0.024000
1306.000000	0.024000
1307.000000	0.024000
1308.000000	0.024000
1309.000000	0.024000
1310.000000	0.024000
1311.000000	0.024000
1312.000000	0.024000
1313.000000	0.024000
1314.000000	0.024000
1315.000000	0.024000
1316.000000	0.024000
1317.000000	0.024000
1318.000000	0.024000
1319.000000	0.024000
1320.000000	0.024000
1321.000000	0.024000
1322.000000	0.024000
1323.000000	0.024000
1324.000000	0.024000
1325.000000	0.024000
1326.000000	0.024000
1327.000000	0.024000
1328.000000	0.024000
1329.000000	0.024000
1330.000000	0.024000
1331.000000	0.024000
1332.000000	0.024000
1333.000000	0.024000
1334.000000	0.024000
1335.000000	0.024000
1336.000000	0.024000
1337.000000	0.024000
1338.000000	0.024000
1339.000000	0.024000
1340.000000	0.024000
1341.000000	0.024000
1342.000000	0.024000
1343.000000	0.024000
1344.000000	0.024000
1345.000000	0.024000
1346.000000	0.024000
1347.000000	0.024000
1348.000000	0.024000
1349.000000	0.024000
1350.000000	0.024000
1351.000000	0.024000
1352.000000	0.024000
1353.000000	0.024000
1354.000000	0.024000
1355.000000	0.024000
1356.000000	0.024000
1357.000000	0.024000
1358.000000	0.024000
1359.000000	0.024000
1360.000000	0.024000
1361.000000	0.024000
1362.000000	0.024000
1363.000000	0.024000
1364.000000	0.024000
1365.000000	0.024000
1366.000000	0.024000
1367.000000	0.024000
1368.000000	0.024000
1369.000000	0.024000
1370.000000	0.024000
1371.000000	0.024000
1372.000000	0.024000
1373.000000	0.024000
1374.000000	0.024000
1375.000000	0.024000
1376.000000	0.024000
1377.000000	0.024000
1378.000000	0.024000
1379.000000	0.024000
1380.000000	0.024000
1381.000000	0.024000
1382.000000	0.024000
1383.000000	0.024000
1384.000000	0.024000
1385.000000	0.024000
1386.000000	0.024000
1387.000000	0.024000
1388.000000	0.024000
1389.000000	0.024000
1390.000000	0.024000
1391.000000	0.024000
1392.000000	0.024000
1393.000000	0.024000
1394.000000	0.024000
1395.000000	0.024000
1396.000000	0.024000
1397.000000	0.024000
1398.000000	0.024000
1399.000000	0.024000
1400.000000	0.024000
1401.000000	0.024000
1402.000000	0.024000
1403.000000	0.024000
1404.000000	0.024000
1405.000000	0.024000
1406.000000	0.024000
1407.000000	0.024000
1408.000000	0.024000
1409.000000	0.024000
1410.000000	0.024000
1411.000000	0.024000
1412.000000	0.024000
1413.000000	0.024000
1414.000000	0.024000
1415.000000	0.024000
1416.000000	0.024000
1417.000000	0.024000
1418.000000	0.024000
1419.000000	0.024000
1420.000000	0.024000
1421.000000	0.024000
1422.000000	0.024000
1423.000000	0.024000
1424.000000	0.024000
1425.000000	0.024000
1426.000000	0.024000
1427.000000	0.024000
1428.000000	0.024000
1429.000000	0.024000
1430.000000	0.024000
1431.000000	0.024000
1432.000000	0.024000
1433.000000	0.024000
1434.000000	0.024000
1435.000000	0.024000
1436.000000	0.024000
1437.000000	0.024000
1438.000000	0.024000
1439.000000	0.024000
1440.000000	0.024000
1441.000000	0.024000
1442.000000	0.024000
1443.000000	0.024000
1444.000000	0.024000
1445.000000	0.024000
1446.000000	0.024000
1447.000000	0.024000
1448.000000	0.024000
1449.000000	0.024000
1450.000000	0.024000
1451.000000	0.024000
1452.000000	0.024000
1453.000000	0.024000
1454.000000	0.024000
1455.000000	0.024000
1456.000000	0.024000
1457.000000	0.024000
1458.000000	0.024000
1459.000000	0.024000
1460.000000	0.024000
1461.000000	0.024000
1462.000000	0.024000
1463.000000	0.024000
1464.000000	0.024000
1465.000000	0.024000
1466.000000	0.024000
1467.000000	0.024000
1468.000000	0.024000
1469.000000	0.024000
1470.000000	0.024000
1471.000000	0.024000
1472.000000	0.024000
1473.000000	0.024000
1474.000000	0.024000
1475.000000	0.024000
1476.000000	0.024000
1477.000000	0.024000
1478.000000	0.024000
1479.000000	0.024000
1480.000000	0.024000
1481.000000	0.024000
1482.000000	0.024000
1483.000000	0.024000
1484.000000	0.024000
1485.000000	0.024000
1486.000000	0.024000
1487.000000	0.024000
