0.12	0.00
0.12	4000.00
0.13	1600.00
0.14	1333.33
0.14	1600.00
0.15	1428.57
0.15	1333.33
0.16	1473.68
0.16	1391.30
0.17	1333.33
0.17	1428.57
0.18	1375.00
0.19	1333.33
0.20	1300.00
0.21	1272.73
0.21	1250.00
0.22	1230.77
0.23	1214.29
0.24	1200.00
0.25	1187.50
0.25	1176.47
0.26	1166.67
0.27	1157.89
0.28	1150.00
0.29	1142.86
0.29	1136.36
0.30	1130.43
0.31	1125.00
0.32	1120.00
0.33	1115.38
0.33	1111.11
0.34	1107.14
0.35	1103.45
0.36	1100.00
0.37	1096.77
0.37	1093.75
0.38	1090.91
0.39	1088.24
0.40	1085.71
0.41	1083.33
0.41	1081.08
0.42	1078.95
0.43	1076.92
0.44	1075.00
0.45	1073.17
0.45	1071.43
0.46	1069.77
0.47	1068.18
0.48	1066.67
0.49	1065.22
0.49	1063.83
0.50	1062.50
0.51	1061.22
0.52	1060.00
0.53	1058.82
0.53	1057.69
0.54	1056.60
0.55	1055.56
0.56	1054.55
0.57	1053.57
0.57	1052.63
0.58	1051.72
0.59	1050.85
0.60	1050.00
0.61	1049.18
0.61	1048.39
0.62	1047.62
0.63	1046.88
0.64	1046.15
0.65	1045.45
0.65	1044.78
0.66	1044.12
0.67	1043.48
0.68	1042.86
0.69	1042.25
0.69	1041.67
0.70	1041.10
0.71	1040.54
0.72	1040.00
0.73	1039.47
0.73	1038.96
0.74	1038.46
0.75	1037.97
0.76	1037.50
0.77	1037.04
0.77	1036.59
0.78	1036.14
0.79	1035.71
0.80	1035.29
0.81	1034.88
0.81	1034.48
0.82	1034.09
0.83	1033.71
0.84	1033.33
0.85	1032.97
0.85	1032.61
0.86	1032.26
0.87	1031.91
0.88	1031.58
0.89	1031.25
0.89	1030.93
0.90	1030.61
0.91	1030.30
0.92	1030.00
0.93	1029.70
0.93	1029.41
0.94	1029.13
0.95	1028.85
0.96	1028.57
0.97	1028.30
0.97	1028.04
0.98	1027.78
0.99	1027.52
1.00	1027.27
1.01	1027.03
1.01	1026.79
1.02	1026.55
1.03	1026.32
1.04	1026.09
1.05	1025.86
1.05	1025.64
1.06	1025.42
1.07	1025.21
1.08	1025.00
1.09	1024.79
1.09	1024.59
1.10	1024.39
1.11	1024.19
1.12	1024.00
1.13	1023.81
1.13	1023.62
1.14	1023.44
1.15	1023.26
1.16	1023.08
1.17	1022.90
1.17	1022.73
1.18	1022.56
1.19	1022.39
1.20	1022.22
1.21	1022.06
1.21	1021.90
1.22	1021.74
1.23	1021.58
1.24	1021.43
1.25	1021.28
1.25	1021.13
1.26	1020.98
1.27	1020.83
1.28	1020.69
1.29	1020.55
1.29	1020.41
1.30	1020.27
1.31	1020.13
1.32	1020.00
1.33	1019.87
1.33	1019.74
1.34	1019.61
1.35	1019.48
1.36	1019.35
1.37	1019.23
1.37	1019.11
1.38	1018.99
1.39	1018.87
1.40	1018.75
1.41	1018.63
1.41	1018.52
1.42	1018.40
1.43	1018.29
1.44	1018.18
1.45	1018.07
1.45	1017.96
1.46	1017.86
1.47	1017.75
1.48	1017.65
1.49	1017.54
1.49	1017.44
1.50	1017.34
1.51	1017.24
1.52	1017.14
1.53	1017.05
1.53	1016.95
1.54	1016.85
1.55	1016.76
1.56	1016.67
1.57	1016.57
1.57	1016.48
1.58	1016.39
1.59	1016.30
1.60	1016.22
1.61	1016.13
1.61	1016.04
1.62	1015.96
1.63	1015.87
1.64	1015.79
1.65	1015.71
1.65	1015.62
1.66	1015.54
1.67	1015.46
1.68	1015.38
1.69	1015.31
1.69	1015.23
1.70	1015.15
1.71	1015.08
1.72	1015.00
1.73	1014.93
1.73	1014.85
1.74	1014.78
1.75	1014.71
1.76	1014.63
1.77	1014.56
1.77	1014.49
1.78	1014.42
1.79	1014.35
1.80	1014.29
1.81	1014.22
1.81	1014.15
1.82	1014.08
1.83	1014.02
1.84	1013.95
1.85	1013.89
1.85	1013.82
1.86	1013.76
1.87	1013.70
1.88	1013.64
1.89	1013.57
1.89	1013.51
1.90	1013.45
1.91	1013.39
1.92	1013.33
1.93	1013.27
1.93	1013.22
1.94	1013.16
1.95	1013.10
1.96	1013.04
1.97	1012.99
1.97	1012.93
1.98	1012.88
1.99	1012.82
2.00	1012.77
2.01	1012.71
2.01	1012.66
2.02	1012.61
2.02	1015.74
2.03	1015.67
2.04	1015.61
2.05	1015.54
2.06	1015.48
2.06	1015.42
2.07	1015.35
2.08	1015.29
2.09	1015.23
2.10	1015.17
2.10	1015.11
2.11	1015.05
2.12	1014.99
2.13	1014.93
2.14	1014.87
2.14	1014.81
2.15	1014.75
2.16	1014.69
2.17	1014.63
2.18	1014.58
2.18	1014.52
2.19	1014.46
2.20	1014.41
2.21	1014.35
2.22	1014.30
2.22	1014.25
2.23	1014.19
2.24	1014.14
2.25	1014.08
2.26	1014.03
2.26	1013.98
2.27	1013.93
2.28	1013.88
2.29	1013.82
2.30	1013.77
2.30	1013.72
2.31	1013.67
2.32	1013.62
2.33	1013.57
2.34	1013.53
2.34	1013.48
2.35	1013.43
2.36	1013.38
2.37	1013.33
2.38	1013.29
2.38	1013.24
2.39	1013.19
2.40	1013.15
2.41	1013.10
2.42	1013.05
2.42	1013.01
2.43	1012.96
2.44	1012.92
2.45	1012.88
2.46	1012.83
2.46	1012.79
2.47	1012.74
2.48	1012.70
2.49	1012.66
2.50	1012.62
2.50	1012.57
2.51	1012.53
2.52	1012.49
2.53	1012.45
2.54	1012.41
2.54	1012.37
2.55	1012.33
2.56	1012.29
2.57	1012.24
2.58	1012.21
2.58	1012.17
2.59	1012.13
2.60	1012.09
2.61	1012.05
2.62	1012.01
2.62	1011.97
2.63	1011.93
2.64	1011.90
2.65	1011.86
2.66	1011.82
2.66	1011.78
2.67	1011.75
2.68	1011.71
2.69	1011.67
2.70	1011.64
2.70	1011.60
2.71	1011.57
2.72	1011.53
2.73	1011.49
2.74	1011.46
2.74	1011.42
2.75	1011.39
2.76	1011.36
2.77	1011.32
2.78	1011.29
2.78	1011.25
2.79	1011.22
2.80	1011.19
2.81	1011.15
2.82	1011.12
2.82	1011.09
2.83	1011.05
2.84	1011.02
2.85	1010.99
2.86	1010.96
2.86	1010.92
2.87	1010.89
2.88	1010.86
2.89	1010.83
2.90	1010.80
2.90	1010.77
2.91	1010.74
2.92	1010.71
2.93	1010.68
2.94	1010.65
2.94	1010.62
2.95	1010.59
2.96	1010.56
2.97	1010.53
2.98	1010.50
2.98	1010.47
2.99	1010.44
3.00	1010.41
3.01	1010.38
3.02	1010.35
3.02	1010.32
3.03	1010.30
3.04	1010.27
3.05	1010.24
3.06	1010.21
3.06	1010.18
3.07	1010.16
3.08	1010.13
3.09	1010.10
3.10	1010.07
3.10	1010.05
3.11	1010.02
3.12	1009.99
3.13	1009.97
3.14	1009.94
3.14	1009.91
3.15	1009.89
3.16	1009.86
3.17	1009.84
3.18	1009.81
3.18	1009.78
3.19	1009.76
3.20	1009.73
3.21	1009.71
3.22	1009.68
3.22	1009.66
3.23	1009.63
3.24	1009.61
3.25	1009.58
3.26	1009.56
3.26	1009.54
3.27	1009.51
3.28	1009.49
3.29	1009.46
3.30	1009.44
3.30	1009.42
3.31	1009.39
3.32	1009.37
3.33	1009.35
3.34	1009.32
3.34	1009.30
3.35	1009.28
3.36	1009.25
3.37	1009.23
3.38	1009.21
3.38	1009.19
3.39	1009.16
3.40	1009.14
3.41	1009.12
3.42	1009.10
3.42	1009.07
3.43	1009.05
3.44	1009.03
3.45	1009.01
3.46	1008.99
3.46	1008.97
3.47	1008.94
3.48	1008.92
3.49	1008.90
3.50	1008.88
3.50	1008.86
3.51	1008.84
3.52	1008.82
3.53	1008.80
3.54	1008.78
3.54	1008.76
3.55	1008.74
3.56	1008.72
3.57	1008.70
3.58	1008.68
3.58	1008.66
3.59	1008.64
3.60	1008.62
3.61	1008.60
3.62	1008.58
3.62	1008.56
3.63	1008.54
3.64	1008.52
3.65	1008.50
3.66	1008.48
3.66	1008.46
3.67	1008.44
3.68	1008.42
3.69	1008.40
3.70	1008.38
3.70	1008.37
3.71	1008.35
3.72	1008.33
3.73	1008.31
3.74	1008.29
3.74	1008.27
3.75	1008.26
3.76	1008.24
3.77	1008.22
3.78	1008.20
3.78	1008.18
3.79	1008.17
3.80	1008.15
3.81	1008.13
3.82	1008.11
3.82	1008.09
3.83	1008.08
3.84	1008.06
3.85	1008.04
3.86	1008.03
3.86	1008.01
3.87	1007.99
3.88	1007.97
3.89	1007.96
3.90	1007.94
3.90	1007.92
3.91	1007.91
3.92	1007.89
3.93	1007.87
3.94	1007.86
3.94	1007.84
3.95	1007.82
3.96	1007.81
3.97	1007.79
3.98	1007.78
3.98	1007.76
3.99	1007.74
4.00	1007.73
4.01	1007.71
4.02	1007.70
4.02	1007.68
4.03	1007.66
4.04	1007.65
4.05	1007.63
4.06	1007.62
4.06	1007.60
4.07	1007.59
4.08	1007.57
4.09	1007.56
4.10	1007.54
4.10	1007.53
4.11	1007.51
4.12	1007.50
4.13	1007.48
4.14	1007.47
4.14	1007.45
4.15	1007.44
4.16	1007.42
4.17	1007.41
4.18	1007.39
4.18	1007.38
4.19	1007.36
4.20	1007.35
4.21	1007.33
4.22	1007.32
4.22	1007.31
4.23	1007.29
4.24	1007.28
4.25	1007.26
4.26	1007.25
4.26	1007.24
4.27	1007.22
4.28	1007.21
4.29	1007.19
4.30	1007.18
4.30	1007.17
4.31	1007.15
4.32	1007.14
4.33	1007.13
4.34	1007.11
4.34	1007.10
4.35	1007.09
4.36	1007.07
4.37	1007.06
4.38	1007.05
4.38	1007.03
4.39	1007.02
4.40	1007.01
4.41	1006.99
4.42	1006.98
4.42	1006.97
4.43	1006.95
4.44	1006.94
4.45	1006.93
4.46	1006.92
4.46	1006.90
4.47	1006.89
4.48	1006.88
4.49	1006.86
4.50	1006.85
4.50	1006.84
4.51	1006.83
4.52	1006.82
4.53	1006.80
4.54	1006.79
4.54	1006.78
4.55	1006.77
4.56	1006.75
4.57	1006.74
4.58	1006.73
4.58	1006.72
4.59	1006.71
4.60	1006.69
4.61	1006.68
4.62	1006.67
4.62	1006.66
4.63	1006.65
4.64	1006.63
4.65	1006.62
4.66	1006.61
4.66	1006.60
4.67	1006.59
4.68	1006.58
4.69	1006.56
4.70	1006.55
4.70	1006.54
4.71	1006.53
4.72	1006.52
4.73	1006.51
4.74	1006.50
4.74	1006.49
4.75	1006.47
4.76	1006.46
4.77	1006.45
4.78	1006.44
4.78	1006.43
4.79	1006.42
4.80	1006.41
4.81	1006.40
4.82	1006.39
4.82	1006.37
4.83	1006.36
4.84	1006.35
4.85	1006.34
4.86	1006.33
4.86	1006.32
4.87	1006.31
4.88	1006.30
4.89	1006.29
4.90	1006.28
4.90	1006.27
4.91	1006.26
4.92	1006.25
4.93	1006.24
4.94	1006.23
4.94	1006.22
4.95	1006.21
4.96	1006.20
4.97	1006.19
4.98	1006.18
4.98	1006.17
4.99	1006.16
5.00	1006.15
5.01	1006.13
5.02	1006.12
5.02	1006.11
5.03	1006.11
5.04	1006.10
5.05	1006.09
5.06	1006.08
5.06	1006.07
5.07	1006.06
5.08	1006.05
5.09	1006.04
5.10	1006.03
5.10	1006.02
5.11	1006.01
5.12	1006.00
5.13	1005.99
5.14	1005.98
5.14	1005.97
5.15	1005.96
5.16	1005.95
5.17	1005.94
5.18	1005.93
5.18	1005.92
5.19	1005.91
5.20	1005.90
5.21	1005.89
5.22	1005.88
5.22	1005.88
5.23	1005.87
5.24	1005.86
5.25	1005.85
5.26	1005.84
5.26	1005.83
5.27	1005.82
5.28	1005.81
5.29	1005.80
5.30	1005.79
5.30	1005.78
5.31	1005.78
5.32	1005.77
5.33	1005.76
5.34	1005.75
5.34	1005.74
5.35	1005.73
5.36	1005.72
5.37	1005.71
5.38	1005.71
5.38	1005.70
5.39	1005.69
5.40	1005.68
5.41	1005.67
5.42	1005.66
5.42	1005.65
5.43	1005.65
5.44	1005.64
5.45	1005.63
5.46	1005.62
5.46	1005.61
5.47	1005.60
5.48	1005.59
5.49	1005.59
5.50	1005.58
5.50	1005.57
5.51	1005.56
5.52	1005.55
5.53	1005.55
5.54	1005.54
5.54	1005.53
5.55	1005.52
5.56	1005.51
5.57	1005.50
5.58	1005.50
5.58	1005.49
5.59	1005.48
5.60	1005.47
5.61	1005.46
5.62	1005.46
5.62	1005.45
5.63	1005.44
5.64	1005.43
5.65	1005.42
5.66	1005.42
5.66	1005.41
5.67	1005.40
5.68	1005.39
5.69	1005.39
5.70	1005.38
5.70	1005.37
5.71	1005.36
5.72	1005.36
5.73	1005.35
5.74	1005.34
5.74	1005.33
5.75	1005.32
5.76	1005.32
5.77	1005.31
5.78	1005.30
5.78	1005.29
5.79	1005.29
5.80	1005.28
5.81	1005.27
5.82	1005.27
5.82	1005.26
5.83	1005.25
5.84	1005.24
5.85	1005.24
5.86	1005.23
5.86	1005.22
5.87	1005.21
5.88	1005.21
5.89	1005.20
5.90	1005.19
5.90	1005.18
5.91	1005.18
5.92	1005.17
5.93	1005.16
5.94	1005.16
5.94	1005.15
5.95	1005.14
5.96	1005.14
5.97	1005.13
5.98	1005.12
5.98	1005.11
5.99	1005.11
6.00	1005.10
6.01	1005.09
6.02	1005.09
6.02	1005.08
6.03	1005.07
6.04	1005.07
6.05	1005.06
6.06	1005.05
6.06	1005.05
6.07	1005.04
6.08	1005.03
6.09	1005.03
6.10	1005.02
6.10	1005.01
6.11	1005.01
6.12	1005.00
6.13	1004.99
6.14	1004.99
6.14	1004.98
6.15	1004.97
6.16	1004.97
6.17	1004.96
6.18	1004.95
6.18	1004.95
6.19	1004.94
6.20	1004.93
6.21	1004.93
6.22	1004.92
6.22	1004.91
6.23	1004.91
6.24	1004.90
6.25	1004.89
6.26	1004.89
6.26	1004.88
6.27	1004.87
6.28	1004.87
6.29	1004.86
6.30	1004.86
6.30	1004.85
6.31	1004.84
6.32	1004.84
6.33	1004.83
6.34	1004.82
6.34	1004.82
6.35	1004.81
6.36	1004.81
6.37	1004.80
6.38	1004.79
6.38	1004.79
6.39	1004.78
6.40	1004.78
6.41	1004.77
6.42	1004.76
6.42	1004.76
6.43	1004.75
6.44	1004.75
6.45	1004.74
6.46	1004.73
6.46	1004.73
6.47	1004.72
6.48	1004.72
6.49	1004.71
6.50	1004.70
6.50	1004.70
6.51	1004.69
6.52	1004.69
6.53	1004.68
6.54	1004.67
6.54	1004.67
6.55	1004.66
6.56	1004.66
6.57	1004.65
6.58	1004.65
6.58	1004.64
6.59	1004.63
6.60	1004.63
6.61	1004.62
6.62	1004.62
6.62	1004.61
6.63	1004.61
6.64	1004.60
6.65	1004.59
6.66	1004.59
6.66	1004.58
6.67	1004.58
6.68	1004.57
6.69	1004.57
6.70	1004.56
6.70	1004.56
6.71	1004.55
6.72	1004.54
6.73	1004.54
6.74	1004.53
6.74	1004.53
6.75	1004.52
6.76	1004.52
6.77	1004.51
6.78	1004.51
6.78	1004.50
6.79	1004.50
6.80	1004.49
6.81	1004.48
6.82	1004.48
6.82	1004.47
6.83	1004.47
6.84	1004.46
6.85	1004.46
6.86	1004.45
6.86	1004.45
6.87	1004.44
6.88	1004.44
6.89	1004.43
6.90	1004.43
6.90	1004.42
6.91	1004.42
6.92	1004.41
6.93	1004.41
6.94	1004.40
6.94	1004.39
6.95	1004.39
6.96	1004.38
6.97	1004.38
6.98	1004.37
6.98	1004.37
6.99	1004.36
7.00	1004.36
7.01	1004.35
7.02	1004.35
7.02	1004.34
7.03	1004.34
7.04	1004.33
7.05	1004.33
7.06	1004.32
7.06	1004.32
7.07	1004.31
7.08	1004.31
7.09	1004.30
7.10	1004.30
7.10	1004.29
7.11	1004.29
7.12	1004.28
7.13	1004.28
7.14	1004.27
7.14	1004.27
7.15	1004.26
7.16	1004.26
7.17	1004.26
7.18	1004.25
7.18	1004.25
7.19	1004.24
7.20	1004.24
7.21	1004.23
7.22	1004.23
7.22	1004.22
7.23	1004.22
7.24	1004.21
7.25	1004.21
7.26	1004.20
7.26	1004.20
7.27	1004.19
7.28	1004.19
7.29	1004.18
7.30	1004.18
7.30	1004.17
7.31	1004.17
7.32	1004.17
7.33	1004.16
7.34	1004.16
7.34	1004.15
7.35	1004.15
7.36	1004.14
7.37	1004.14
7.38	1004.13
7.38	1004.13
7.39	1004.12
7.40	1004.12
7.41	1004.12
7.42	1004.11
7.42	1004.11
7.43	1004.10
7.44	1004.10
7.45	1004.09
7.46	1004.09
7.46	1004.08
7.47	1004.08
7.48	1004.07
7.49	1004.07
7.50	1004.07
7.50	1004.06
7.51	1004.06
7.52	1004.05
7.53	1004.05
7.54	1004.04
7.54	1004.04
7.55	1004.04
7.56	1004.03
7.57	1004.03
7.58	1004.02
7.58	1004.02
7.59	1004.01
7.60	1004.01
7.61	1004.01
7.62	1004.00
7.62	1004.00
7.63	1003.99
7.64	1003.99
7.65	1003.98
7.66	1003.98
7.66	1003.98
7.67	1003.97
7.68	1003.97
7.69	1003.96
7.70	1003.96
7.70	1003.95
7.71	1003.95
7.72	1003.95
7.73	1003.94
7.74	1003.94
7.74	1003.93
7.75	1003.93
7.76	1003.93
7.77	1003.92
7.78	1003.92
7.78	1003.91
7.79	1003.91
7.80	1003.91
7.81	1003.90
7.82	1003.90
7.82	1003.89
7.83	1003.89
7.84	1003.89
7.85	1003.88
7.86	1003.88
7.86	1003.87
7.87	1003.87
7.88	1003.86
7.89	1003.86
7.90	1003.86
7.90	1003.85
7.91	1003.85
7.92	1003.85
7.93	1003.84
7.94	1003.84
7.94	1003.83
7.95	1003.83
7.96	1003.83
7.97	1003.82
7.98	1003.82
7.98	1003.81
7.99	1003.81
8.00	1003.81
8.01	1003.80
8.02	1003.80
8.02	1003.79
8.03	1003.79
8.04	1003.79
8.05	1003.78
8.06	1003.78
8.06	1003.78
8.07	1003.77
8.08	1003.77
8.09	1003.76
8.10	1003.76
8.10	1003.76
8.11	1003.75
8.12	1003.75
8.13	1003.75
8.14	1003.74
8.14	1003.74
8.15	1003.73
8.16	1003.73
8.17	1003.73
8.18	1003.72
8.18	1003.72
8.19	1003.72
8.20	1003.71
8.21	1003.71
8.22	1003.70
8.22	1003.70
8.23	1003.70
8.24	1003.69
8.25	1003.69
8.26	1003.69
8.26	1003.68
8.27	1003.68
8.28	1003.68
8.29	1003.67
8.30	1003.67
8.30	1003.66
8.31	1003.66
8.32	1003.66
8.33	1003.65
8.34	1003.65
8.34	1003.65
8.35	1003.64
8.36	1003.64
8.37	1003.64
8.38	1003.63
8.38	1003.63
8.39	1003.63
8.40	1003.62
8.41	1003.62
8.42	1003.62
8.42	1003.61
8.43	1003.61
8.44	1003.60
8.45	1003.60
8.46	1003.60
8.46	1003.59
8.47	1003.59
8.48	1003.59
8.49	1003.58
8.50	1003.58
8.50	1003.58
8.51	1003.57
8.52	1003.57
8.53	1003.57
8.54	1003.56
8.54	1003.56
8.55	1003.56
8.56	1003.55
8.57	1003.55
8.58	1003.55
8.58	1003.54
8.59	1003.54
8.60	1003.54
8.61	1003.53
8.62	1003.53
8.62	1003.53
8.63	1003.52
8.64	1003.52
8.65	1003.52
8.66	1003.51
8.66	1003.51
8.67	1003.51
8.68	1003.50
8.69	1003.50
8.70	1003.50
8.70	1003.49
8.71	1003.49
8.72	1003.49
8.73	1003.48
8.74	1003.48
8.74	1003.48
8.75	1003.47
8.76	1003.47
8.77	1003.47
8.78	1003.47
8.78	1003.46
8.79	1003.46
8.80	1003.46
8.81	1003.45
8.82	1003.45
8.82	1003.45
8.83	1003.44
8.84	1003.44
8.85	1003.44
8.86	1003.43
8.86	1003.43
8.87	1003.43
8.88	1003.42
8.89	1003.42
8.90	1003.42
8.90	1003.41
8.91	1003.41
8.92	1003.41
8.93	1003.41
8.94	1003.40
8.94	1003.40
8.95	1003.40
8.96	1003.39
8.97	1003.39
8.98	1003.39
8.98	1003.38
8.99	1003.38
9.00	1003.38
9.01	1003.37
9.02	1003.37
9.02	1003.37
9.03	1003.37
9.04	1003.36
9.05	1003.36
9.06	1003.36
9.06	1003.35
9.07	1003.35
9.08	1003.35
9.09	1003.34
9.10	1003.34
9.10	1003.34
9.11	1003.34
9.12	1003.33
9.13	1003.33
9.14	1003.33
9.14	1003.32
9.15	1003.32
9.16	1003.32
9.17	1003.31
9.18	1003.31
9.18	1003.31
9.19	1003.31
9.20	1003.30
9.21	1003.30
9.22	1003.30
9.22	1003.29
9.23	1003.29
9.24	1003.29
9.25	1003.29
9.26	1003.28
9.26	1003.28
9.27	1003.28
9.28	1003.27
9.29	1003.27
9.30	1003.27
9.30	1003.27
9.31	1003.26
9.32	1003.26
9.33	1003.26
9.34	1003.25
9.34	1003.25
9.35	1003.25
9.36	1003.25
9.37	1003.24
9.38	1003.24
9.38	1003.24
9.39	1003.23
9.40	1003.23
9.41	1003.23
9.42	1003.23
9.42	1003.22
9.43	1003.22
9.44	1003.22
9.45	1003.22
9.46	1003.21
9.46	1003.21
9.47	1003.21
9.48	1003.20
9.49	1003.20
9.50	1003.20
9.50	1003.20
9.51	1003.19
9.52	1003.19
9.53	1003.19
9.54	1003.19
9.54	1003.18
9.55	1003.18
9.56	1003.18
9.57	1003.17
9.58	1003.17
9.58	1003.17
9.59	1003.17
9.60	1003.16
9.61	1003.16
9.62	1003.16
9.62	1003.16
9.63	1003.15
9.64	1003.15
9.65	1003.15
9.66	1003.15
9.66	1003.14
9.67	1003.14
9.68	1003.14
9.69	1003.13
9.70	1003.13
9.70	1003.13
9.71	1003.13
9.72	1003.12
9.73	1003.12
9.74	1003.12
9.74	1003.12
9.75	1003.11
9.76	1003.11
9.77	1003.11
9.78	1003.11
9.78	1003.10
9.79	1003.10
9.80	1003.10
9.81	1003.10
9.82	1003.09
9.82	1003.09
9.83	1003.09
9.84	1003.09
9.85	1003.08
9.86	1003.08
9.86	1003.08
9.87	1003.08
9.88	1003.07
9.89	1003.07
9.90	1003.07
9.90	1003.07
9.91	1003.06
9.92	1003.06
9.93	1003.06
9.94	1003.06
9.94	1003.05
9.95	1003.05
9.96	1003.05
9.97	1003.05
9.98	1003.04
9.98	1003.04
9.99	1003.04
10.00	1003.04
10.01	1003.03
10.02	1003.03
10.02	1003.03
10.03	1003.03
10.04	1003.02
10.05	1003.02
10.06	1003.02
10.06	1003.02
10.07	1003.01
10.08	1003.01
10.09	1003.01
10.10	1003.01
10.10	1003.00
10.11	1003.00
10.12	1003.00
10.13	1003.00
10.14	1002.99
10.14	1002.99
10.15	1002.99
10.16	1002.99
10.17	1002.99
10.18	1002.98
10.18	1002.98
10.19	1002.98
10.20	1002.98
10.21	1002.97
10.22	1002.97
10.22	1002.97
10.23	1002.97
10.24	1002.96
10.25	1002.96
10.26	1002.96
10.26	1002.96
10.27	1002.95
10.28	1002.95
10.29	1002.95
10.30	1002.95
10.30	1002.95
10.31	1002.94
10.32	1002.94
10.33	1002.94
10.34	1002.94
10.34	1002.93
10.35	1002.93
10.36	1002.93
10.37	1002.93
10.38	1002.92
10.38	1002.92
10.39	1002.92
10.40	1002.92
10.41	1002.92
10.42	1002.91
10.42	1002.91
10.43	1002.91
10.44	1002.91
10.45	1002.90
10.46	1002.90
10.46	1002.90
10.47	1002.90
10.48	1002.90
10.49	1002.89
10.50	1002.89
10.50	1002.89
10.51	1002.89
10.52	1002.88
10.53	1002.88
10.54	1002.88
10.54	1002.88
10.55	1002.88
10.56	1002.87
10.57	1002.87
10.58	1002.87
10.58	1002.87
10.59	1002.86
10.60	1002.86
10.61	1002.86
10.62	1002.86
10.62	1002.86
10.63	1002.85
10.64	1002.85
10.65	1002.85
10.66	1002.85
10.66	1002.84
10.67	1002.84
10.68	1002.84
10.69	1002.84
10.70	1002.84
10.70	1002.83
10.71	1002.83
10.72	1002.83
10.73	1002.83
10.74	1002.83
10.74	1002.82
10.75	1002.82
10.76	1002.82
10.77	1002.82
10.78	1002.81
10.78	1002.81
10.79	1002.81
10.80	1002.81
10.81	1002.81
10.82	1002.80
10.82	1002.80
10.83	1002.80
10.84	1002.80
10.85	1002.80
10.86	1002.79
10.86	1002.79
10.87	1002.79
10.88	1002.79
10.89	1002.79
10.90	1002.78
10.90	1002.78
10.91	1002.78
10.92	1002.78
10.93	1002.78
10.94	1002.77
10.94	1002.77
10.95	1002.77
10.96	1002.77
10.97	1002.76
10.98	1002.76
10.98	1002.76
10.99	1002.76
11.00	1002.76
11.01	1002.75
11.02	1002.75
11.02	1002.75
11.03	1002.75
11.04	1002.75
11.05	1002.74
11.06	1002.74
11.06	1002.74
11.07	1002.74
11.08	1002.74
11.09	1002.73
11.10	1002.73
11.10	1002.73
11.11	1002.73
11.12	1002.73
11.13	1002.72
11.14	1002.72
11.14	1002.72
11.15	1002.72
11.16	1002.72
11.17	1002.71
11.18	1002.71
11.18	1002.71
11.19	1002.71
11.20	1002.71
11.21	1002.71
11.22	1002.70
11.22	1002.70
11.23	1002.70
11.24	1002.70
11.25	1002.70
11.26	1002.69
11.26	1002.69
11.27	1002.69
11.28	1002.69
11.29	1002.69
11.30	1002.68
11.30	1002.68
11.31	1002.68
11.32	1002.68
11.33	1002.68
11.34	1002.67
11.34	1002.67
11.35	1002.67
11.36	1002.67
11.37	1002.67
11.38	1002.66
11.38	1002.66
11.39	1002.66
11.40	1002.66
11.41	1002.66
11.42	1002.66
11.42	1002.65
11.43	1002.65
11.44	1002.65
11.45	1002.65
11.46	1002.65
11.46	1002.64
11.47	1002.64
11.48	1002.64
11.49	1002.64
11.50	1002.64
11.50	1002.63
11.51	1002.63
11.52	1002.63
11.53	1002.63
11.54	1002.63
11.54	1002.63
11.55	1002.62
11.56	1002.62
11.57	1002.62
11.58	1002.62
11.58	1002.62
11.59	1002.61
11.60	1002.61
11.61	1002.61
11.62	1002.61
11.62	1002.61
11.63	1002.61
11.64	1002.60
11.65	1002.60
11.66	1002.60
11.66	1002.60
11.67	1002.60
11.68	1002.59
11.69	1002.59
11.70	1002.59
11.70	1002.59
11.71	1002.59
11.72	1002.59
11.73	1002.58
11.74	1002.58
11.74	1002.58
11.75	1002.58
11.76	1002.58
11.77	1002.58
11.78	1002.57
11.78	1002.57
11.79	1002.57
11.80	1002.57
11.81	1002.57
11.82	1002.56
11.82	1002.56
11.83	1002.56
11.84	1002.56
11.85	1002.56
11.86	1002.56
11.86	1002.55
11.87	1002.55
11.88	1002.55
11.89	1002.55
11.90	1002.55
11.90	1002.55
11.91	1002.54
11.92	1002.54
11.93	1002.54
11.94	1002.54
11.94	1002.54
11.95	1002.54
11.96	1002.53
11.97	1002.53
11.98	1002.53
11.98	1002.53
11.99	1002.53
12.00	1002.52
12.01	1002.52
12.02	1002.52
12.02	1002.52
12.03	1003.02
12.03	1003.53
12.03	1004.03
12.03	1004.53
12.03	1005.04
12.04	1005.54
12.04	1006.04
12.04	1006.54
12.04	1007.04
12.04	1007.55
12.05	1008.05
12.05	1008.55
12.05	1009.05
12.05	1009.55
12.05	1010.05
12.06	1010.55
12.06	1011.06
12.06	1011.56
12.06	1012.06
12.06	1012.56
12.07	1013.06
12.07	1013.56
12.07	1014.06
12.07	1014.56
12.07	1015.06
12.08	1015.55
12.08	1016.05
12.08	1016.55
12.08	1017.05
12.08	1017.55
12.09	1018.05
12.09	1018.55
12.09	1019.04
12.09	1019.54
12.09	1020.04
12.10	1020.54
12.10	1021.04
12.10	1021.53
12.10	1022.03
12.10	1022.53
12.11	1023.02
12.11	1023.52
12.11	1024.02
12.11	1024.51
12.11	1025.01
12.12	1025.50
12.12	1026.00
12.12	1026.50
12.12	1026.99
12.12	1027.49
12.13	1027.98
12.13	1028.48
12.13	1028.97
12.13	1029.47
12.13	1029.96
12.14	1030.45
12.14	1030.95
12.14	1031.44
12.14	1031.94
12.14	1032.43
12.15	1032.92
12.15	1033.42
12.15	1033.91
12.15	1034.40
12.15	1034.90
12.16	1035.39
12.16	1035.88
12.16	1036.37
12.16	1036.69
12.17	1037.01
12.17	1037.33
12.18	1037.65
12.18	1037.97
12.18	1038.29
12.19	1038.61
12.19	1038.93
12.20	1039.24
12.20	1039.56
12.20	1039.88
12.20	0.00
