0 0.108333
1 0.120333
2 0.124333
3 0.135000
4 0.145667
5 0.149667
6 0.160333
7 0.167000
8 0.181667
9 0.185667
10 0.196333
11 0.200333
12 0.211000
13 0.215000
14 0.225667
15 0.248333
16 0.257667
17 0.267000
18 0.276333
19 0.285667
20 0.295000
21 0.304333
22 0.313667
23 0.323000
24 0.332333
25 0.336333
26 0.340333
27 0.344333
28 0.348333
29 0.352333
30 0.356333
31 0.360333
32 0.407000
33 0.416333
34 0.425667
35 0.435000
36 0.444333
37 0.451000
38 0.455000
39 0.459000
40 0.463000
41 0.467000
42 0.471000
43 0.475000
44 0.479000
45 0.483000
46 0.487000
47 0.491000
48 0.495000
49 0.565667
50 0.569667
51 0.573667
52 0.577667
53 0.581667
54 0.585667
55 0.589667
56 0.593667
57 0.597667
58 0.601667
59 0.605667
60 0.609667
61 0.613667
62 0.617667
63 0.621667
64 0.625667
65 0.693667
66 0.700333
67 0.704333
68 0.708333
69 0.712333
70 0.716333
71 0.720333
72 0.724333
73 0.728333
74 0.732333
75 0.736333
76 0.740333
77 0.744333
78 0.748333
79 0.752333
80 0.756333
81 0.760333
82 0.771000
83 0.775000
84 0.785667
85 0.789667
86 0.800333
87 0.811000
88 0.815000
89 0.825667
90 0.829667
91 0.840333
92 0.849667
93 0.855000
94 0.865667
95 0.869667
96 0.880333
97 0.891000
98 0.895000
99 0.905667
100 0.913667
101 0.923000
102 0.931000
103 0.939000
104 0.948333
105 0.956333
106 0.964333
107 0.973667
108 0.981667
109 0.989667
110 0.995000
111 1.003000
112 1.011000
113 1.019000
114 1.025667
115 1.029667
116 1.041667
117 1.049667
118 1.057667
119 1.065667
120 1.073667
121 1.083000
122 1.091000
123 1.099000
124 1.108333
125 1.116333
126 1.124333
127 1.133667
128 1.141667
129 1.149667
130 1.155000
131 1.160333
132 1.169667
133 1.177667
134 1.185667
135 1.193667
136 1.201667
137 1.209667
138 1.217667
139 1.225667
140 1.233667
141 1.243000
142 1.251000
143 1.259000
144 1.268333
145 1.276333
146 1.284333
147 1.289667
148 1.295000
149 1.304333
150 1.312333
151 1.320333
152 1.328333
153 1.336333
154 1.344333
155 1.352333
156 1.360333
157 1.368333
158 1.377667
159 1.385667
160 1.393667
161 1.403000
162 1.411000
163 1.419000
164 1.425667
165 1.429667
166 1.440333
167 1.448333
168 1.457667
169 1.465667
170 1.473667
171 1.483000
172 1.491000
173 1.499000
174 1.508333
175 1.516333
176 1.524333
177 1.529667
178 1.537667
179 1.545667
180 1.553667
181 1.560333
182 1.564333
183 1.576333
184 1.584333
185 1.592333
186 1.600333
187 1.608333
188 1.617667
189 1.625667
190 1.633667
191 1.643000
192 1.651000
193 1.659000
194 1.668333
195 1.676333
196 1.684333
197 1.689667
198 1.695000
199 1.704333
200 1.712333
201 1.720333
202 1.728333
203 1.736333
204 1.744333
205 1.752333
206 1.760333
207 1.768333
208 1.777667
209 1.785667
210 1.793667
211 1.803000
212 1.811000
213 1.819000
214 1.825667
215 1.829667
216 1.840333
217 1.848333
218 1.857667
219 1.865667
220 1.873667
221 1.883000
222 1.891000
223 1.899000
224 1.908333
225 1.916333
226 1.924333
227 1.929667
228 1.937667
229 1.945667
230 1.953667
231 1.960333
232 1.964333
233 1.976333
234 1.984333
235 1.992333
236 2.000333
237 2.008333
238 2.017667
239 2.025667
240 2.033667
241 2.043000
242 2.051000
243 2.059000
244 2.068333
245 2.076333
246 2.084333
247 2.089667
248 2.095000
249 2.104333
250 2.109667
251 2.120333
252 2.124333
253 2.135000
254 2.144333
255 2.149667
256 2.160333
257 2.164333
258 2.173667
259 2.184333
260 2.189667
261 2.200333
262 2.204333
263 2.215000
264 2.224333
265 2.229667
266 2.240333
267 2.248333
268 2.257667
269 2.265667
270 2.273667
271 2.283000
272 2.291000
273 2.299000
274 2.308333
275 2.316333
276 2.324333
277 2.329667
278 2.337667
279 2.345667
280 2.353667
281 2.360333
282 2.364333
283 2.376333
284 2.384333
285 2.392333
286 2.400333
287 2.408333
288 2.417667
289 2.425667
290 2.433667
291 2.443000
292 2.451000
293 2.459000
294 2.468333
295 2.476333
296 2.484333
297 2.491000
298 2.495000
299 2.505667
300 2.513667
301 2.523000
302 2.531000
303 2.539000
304 2.548333
305 2.556333
306 2.564333
307 2.573667
308 2.581667
309 2.589667
310 2.595000
311 2.603000
312 2.611000
313 2.619000
314 2.625667
315 2.629667
316 2.641667
317 2.649667
318 2.657667
319 2.665667
320 2.673667
321 2.683000
322 2.691000
323 2.699000
324 2.708333
325 2.716333
326 2.724333
327 2.733667
328 2.741667
329 2.749667
330 2.755000
331 2.760333
332 2.769667
333 2.777667
334 2.785667
335 2.793667
336 2.801667
337 2.809667
338 2.817667
339 2.825667
340 2.833667
341 2.843000
342 2.851000
343 2.859000
344 2.868333
345 2.876333
346 2.884333
347 2.891000
348 2.895000
349 2.905667
350 2.913667
351 2.923000
352 2.931000
353 2.939000
354 2.948333
355 2.956333
356 2.964333
357 2.973667
358 2.981667
359 2.989667
360 2.995000
361 3.003000
362 3.011000
363 3.019000
364 3.025667
365 3.029667
366 3.041667
367 3.049667
368 3.057667
369 3.065667
370 3.073667
371 3.083000
372 3.091000
373 3.099000
374 3.108333
375 3.116333
376 3.124333
377 3.133667
378 3.141667
379 3.149667
380 3.155000
381 3.160333
382 3.169667
383 3.177667
384 3.185667
385 3.193667
386 3.201667
387 3.209667
388 3.217667
389 3.225667
390 3.233667
391 3.243000
392 3.251000
393 3.259000
394 3.268333
395 3.276333
396 3.284333
397 3.291000
398 3.295000
399 3.305667
400 3.313667
401 3.323000
402 3.331000
403 3.339000
404 3.348333
405 3.356333
406 3.364333
407 3.373667
408 3.381667
409 3.389667
410 3.395000
411 3.403000
412 3.411000
413 3.419000
414 3.425667
415 3.429667
416 3.440333
417 3.449667
418 3.455000
419 3.465667
420 3.469667
421 3.480333
422 3.489667
423 3.495000
424 3.501667
425 3.513667
426 3.520333
427 3.529667
428 3.535000
429 3.545667
430 3.549667
431 3.560333
432 3.569667
433 3.577667
434 3.585667
435 3.593667
436 3.601667
437 3.609667
438 3.617667
439 3.625667
440 3.633667
441 3.643000
442 3.651000
443 3.659000
444 3.668333
445 3.676333
446 3.684333
447 3.691000
448 3.695000
449 3.705667
450 3.713667
451 3.723000
452 3.731000
453 3.739000
454 3.748333
455 3.756333
456 3.764333
457 3.773667
458 3.781667
459 3.789667
460 3.795000
461 3.803000
462 3.811000
463 3.819000
464 3.825667
465 3.829667
466 3.841667
467 3.849667
468 3.857667
469 3.865667
470 3.873667
471 3.883000
472 3.891000
473 3.899000
474 3.908333
475 3.916333
476 3.924333
477 3.933667
478 3.941667
479 3.949667
480 3.955000
481 3.960333
482 3.969667
483 3.977667
484 3.985667
485 3.993667
486 4.001667
487 4.009667
488 4.017667
489 4.025667
490 4.033667
491 4.043000
492 4.051000
493 4.059000
494 4.068333
495 4.076333
496 4.084333
497 4.091000
498 4.095000
499 4.105667
500 4.113667
501 4.123000
502 4.131000
503 4.139000
504 4.148333
505 4.156333
506 4.164333
507 4.173667
508 4.181667
509 4.189667
510 4.195000
511 4.203000
512 4.211000
513 4.219000
514 4.225667
515 4.229667
516 4.241667
517 4.249667
518 4.257667
519 4.265667
520 4.273667
521 4.283000
522 4.291000
523 4.299000
524 4.308333
525 4.316333
526 4.324333
527 4.333667
528 4.341667
529 4.349667
530 4.355000
531 4.360333
532 4.369667
533 4.377667
534 4.385667
535 4.393667
536 4.401667
537 4.409667
538 4.417667
539 4.425667
540 4.433667
541 4.443000
542 4.451000
543 4.459000
544 4.468333
545 4.476333
546 4.484333
547 4.491000
548 4.495000
549 4.505667
550 4.513667
551 4.523000
552 4.531000
553 4.539000
554 4.548333
555 4.556333
556 4.564333
557 4.573667
558 4.581667
559 4.589667
560 4.595000
561 4.603000
562 4.611000
563 4.619000
564 4.625667
565 4.629667
566 4.641667
567 4.649667
568 4.657667
569 4.665667
570 4.673667
571 4.683000
572 4.691000
573 4.699000
574 4.708333
575 4.716333
576 4.724333
577 4.733667
578 4.741667
579 4.749667
580 4.755000
581 4.760333
582 4.769667
583 4.775000
584 4.785667
585 4.789667
586 4.800333
587 4.809667
588 4.815000
589 4.825667
590 4.829667
591 4.839000
592 4.849667
593 4.855000
594 4.865667
595 4.869667
596 4.880333
597 4.889667
598 4.895000
599 4.905667
600 4.913667
601 4.923000
602 4.931000
603 4.939000
604 4.948333
605 4.956333
606 4.964333
607 4.973667
608 4.981667
609 4.989667
610 4.995000
611 5.003000
612 5.011000
613 5.019000
614 5.025667
615 5.029667
616 5.041667
617 5.049667
618 5.057667
619 5.065667
620 5.073667
621 5.083000
622 5.091000
623 5.099000
624 5.108333
625 5.116333
626 5.124333
627 5.133667
628 5.141667
629 5.149667
630 5.155000
631 5.160333
632 5.169667
633 5.177667
634 5.185667
635 5.193667
636 5.201667
637 5.209667
638 5.217667
639 5.225667
640 5.233667
641 5.243000
642 5.251000
643 5.259000
644 5.268333
645 5.276333
646 5.284333
647 5.291000
648 5.295000
649 5.305667
650 5.313667
651 5.323000
652 5.331000
653 5.339000
654 5.348333
655 5.356333
656 5.364333
657 5.373667
658 5.381667
659 5.389667
660 5.395000
661 5.403000
662 5.411000
663 5.419000
664 5.425667
665 5.429667
666 5.441667
667 5.449667
668 5.457667
669 5.465667
670 5.473667
671 5.483000
672 5.491000
673 5.499000
674 5.508333
675 5.516333
676 5.524333
677 5.533667
678 5.541667
679 5.549667
680 5.555000
681 5.560333
682 5.569667
683 5.577667
684 5.585667
685 5.593667
686 5.601667
687 5.609667
688 5.617667
689 5.625667
690 5.633667
691 5.643000
692 5.651000
693 5.659000
694 5.668333
695 5.676333
696 5.684333
697 5.691000
698 5.695000
699 5.705667
700 5.713667
701 5.723000
702 5.731000
703 5.739000
704 5.748333
705 5.756333
706 5.764333
707 5.773667
708 5.781667
709 5.789667
710 5.795000
711 5.803000
712 5.811000
713 5.819000
714 5.825667
715 5.829667
716 5.841667
717 5.849667
718 5.857667
719 5.865667
720 5.873667
721 5.883000
722 5.891000
723 5.899000
724 5.908333
725 5.916333
726 5.924333
727 5.933667
728 5.941667
729 5.949667
730 5.955000
731 5.960333
732 5.969667
733 5.977667
734 5.985667
735 5.993667
736 6.001667
737 6.009667
738 6.017667
739 6.025667
740 6.033667
741 6.043000
742 6.051000
743 6.059000
744 6.068333
745 6.076333
746 6.084333
747 6.091000
748 6.095000
749 6.105667
750 6.109667
751 6.120333
752 6.129667
753 6.135000
754 6.145667
755 6.149667
756 6.160333
757 6.167000
758 6.181667
759 6.185667
760 6.196333
761 6.200333
762 6.211000
763 6.215000
764 6.225667
765 6.285667
766 6.295000
767 6.304333
768 6.308333
769 6.312333
770 6.316333
771 6.320333
772 6.324333
773 6.328333
774 6.332333
775 6.336333
776 6.340333
777 6.344333
778 6.348333
779 6.352333
780 6.356333
781 6.360333
782 6.431000
783 6.435000
784 6.439000
785 6.443000
786 6.447000
787 6.451000
788 6.455000
789 6.459000
790 6.463000
791 6.467000
792 6.471000
793 6.475000
794 6.479000
795 6.483000
796 6.487000
797 6.491000
798 6.495000
799 6.565667
800 6.569667
801 6.573667
802 6.577667
803 6.581667
804 6.585667
805 6.589667
806 6.593667
807 6.597667
808 6.601667
809 6.605667
810 6.609667
811 6.613667
812 6.617667
813 6.621667
814 6.625667
815 6.693667
816 6.700333
817 6.704333
818 6.708333
819 6.712333
820 6.716333
821 6.720333
822 6.724333
823 6.728333
824 6.732333
825 6.736333
826 6.740333
827 6.744333
828 6.748333
829 6.752333
830 6.756333
831 6.760333
832 6.831000
833 6.835000
834 6.839000
835 6.843000
836 6.847000
837 6.851000
838 6.855000
839 6.859000
840 6.863000
841 6.867000
842 6.871000
843 6.875000
844 6.879000
845 6.883000
846 6.887000
847 6.891000
848 6.895000
849 6.965667
850 6.969667
851 6.973667
852 6.977667
853 6.981667
854 6.985667
855 6.989667
856 6.993667
857 6.997667
858 7.001667
859 7.005667
860 7.009667
861 7.013667
862 7.017667
863 7.021667
864 7.025667
865 7.093667
866 7.100333
867 7.104333
868 7.108333
869 7.112333
870 7.116333
871 7.120333
872 7.124333
873 7.128333
874 7.132333
875 7.136333
876 7.140333
877 7.144333
878 7.148333
879 7.152333
880 7.156333
881 7.160333
882 7.231000
883 7.235000
884 7.239000
885 7.243000
886 7.247000
887 7.251000
888 7.255000
889 7.259000
890 7.263000
891 7.267000
892 7.271000
893 7.275000
894 7.279000
895 7.283000
896 7.287000
897 7.291000
898 7.295000
899 7.365667
900 7.369667
901 7.373667
902 7.377667
903 7.381667
904 7.385667
905 7.389667
906 7.393667
907 7.397667
908 7.401667
909 7.405667
910 7.409667
911 7.413667
912 7.417667
913 7.421667
914 7.425667
915 7.436333
916 7.440333
917 7.451000
918 7.455000
919 7.465667
920 7.469667
921 7.480333
922 7.491000
923 7.495000
924 7.505667
925 7.509667
926 7.520333
927 7.529667
928 7.535000
929 7.545667
930 7.549667
931 7.560333
932 7.569667
933 7.577667
934 7.585667
935 7.593667
936 7.601667
937 7.609667
938 7.617667
939 7.625667
940 7.633667
941 7.643000
942 7.651000
943 7.659000
944 7.668333
945 7.676333
946 7.684333
947 7.691000
948 7.695000
949 7.705667
950 7.713667
951 7.723000
952 7.731000
953 7.739000
954 7.748333
955 7.756333
956 7.764333
957 7.773667
958 7.781667
959 7.789667
960 7.795000
961 7.803000
962 7.811000
963 7.819000
964 7.825667
965 7.829667
966 7.841667
967 7.849667
968 7.857667
969 7.865667
970 7.873667
971 7.883000
972 7.891000
973 7.899000
974 7.908333
975 7.916333
976 7.924333
977 7.933667
978 7.941667
979 7.949667
980 7.955000
981 7.960333
982 7.969667
983 7.977667
984 7.985667
985 7.993667
986 8.001667
987 8.009667
988 8.017667
989 8.025667
990 8.033667
991 8.043000
992 8.051000
993 8.059000
994 8.068333
995 8.076333
996 8.084333
997 8.091000
998 8.095000
999 8.105667
1000 8.113667
1001 8.123000
1002 8.131000
1003 8.139000
1004 8.148333
1005 8.156333
1006 8.164333
1007 8.173667
1008 8.181667
1009 8.189667
1010 8.195000
1011 8.203000
1012 8.211000
1013 8.219000
1014 8.225667
1015 8.229667
1016 8.241667
1017 8.249667
1018 8.257667
1019 8.265667
1020 8.273667
1021 8.283000
1022 8.291000
1023 8.299000
1024 8.308333
1025 8.316333
1026 8.324333
1027 8.333667
1028 8.341667
1029 8.349667
1030 8.355000
1031 8.360333
1032 8.369667
1033 8.377667
1034 8.385667
1035 8.393667
1036 8.401667
1037 8.409667
1038 8.417667
1039 8.425667
1040 8.433667
1041 8.443000
1042 8.451000
1043 8.459000
1044 8.468333
1045 8.476333
1046 8.484333
1047 8.491000
1048 8.495000
1049 8.505667
1050 8.513667
1051 8.523000
1052 8.531000
1053 8.539000
1054 8.548333
1055 8.556333
1056 8.564333
1057 8.573667
1058 8.581667
1059 8.589667
1060 8.595000
1061 8.603000
1062 8.611000
1063 8.619000
1064 8.625667
1065 8.629667
1066 8.641667
1067 8.649667
1068 8.657667
1069 8.665667
1070 8.673667
1071 8.683000
1072 8.691000
1073 8.699000
1074 8.708333
1075 8.716333
1076 8.724333
1077 8.733667
1078 8.741667
1079 8.749667
1080 8.755000
1081 8.760333
1082 8.769667
1083 8.775000
1084 8.785667
1085 8.789667
1086 8.800333
1087 8.809667
1088 8.815000
1089 8.825667
1090 8.829667
1091 8.839000
1092 8.849667
1093 8.855000
1094 8.865667
1095 8.869667
1096 8.880333
1097 8.889667
1098 8.895000
1099 8.905667
1100 8.913667
1101 8.923000
1102 8.931000
1103 8.939000
1104 8.948333
1105 8.956333
1106 8.964333
1107 8.973667
1108 8.981667
1109 8.989667
1110 8.995000
1111 9.003000
1112 9.011000
1113 9.019000
1114 9.025667
1115 9.029667
1116 9.041667
1117 9.049667
1118 9.057667
1119 9.065667
1120 9.073667
1121 9.083000
1122 9.091000
1123 9.099000
1124 9.108333
1125 9.116333
1126 9.124333
1127 9.133667
1128 9.141667
1129 9.149667
1130 9.155000
1131 9.160333
1132 9.169667
1133 9.177667
1134 9.185667
1135 9.193667
1136 9.201667
1137 9.209667
1138 9.217667
1139 9.225667
1140 9.233667
1141 9.243000
1142 9.251000
1143 9.259000
1144 9.268333
1145 9.276333
1146 9.284333
1147 9.291000
1148 9.295000
1149 9.305667
1150 9.313667
1151 9.323000
1152 9.331000
1153 9.339000
1154 9.348333
1155 9.356333
1156 9.364333
1157 9.373667
1158 9.381667
1159 9.389667
1160 9.395000
1161 9.403000
1162 9.411000
1163 9.419000
1164 9.425667
1165 9.429667
1166 9.441667
1167 9.449667
1168 9.457667
1169 9.465667
1170 9.473667
1171 9.483000
1172 9.491000
1173 9.499000
1174 9.508333
1175 9.516333
1176 9.524333
1177 9.533667
1178 9.541667
1179 9.549667
1180 9.555000
1181 9.560333
1182 9.569667
1183 9.577667
1184 9.585667
1185 9.593667
1186 9.601667
1187 9.609667
1188 9.617667
1189 9.625667
1190 9.633667
1191 9.643000
1192 9.651000
1193 9.659000
1194 9.668333
1195 9.676333
1196 9.684333
1197 9.691000
1198 9.695000
1199 9.705667
1200 9.713667
1201 9.723000
1202 9.731000
1203 9.739000
1204 9.748333
1205 9.756333
1206 9.764333
1207 9.773667
1208 9.781667
1209 9.789667
1210 9.795000
1211 9.803000
1212 9.811000
1213 9.819000
1214 9.825667
1215 9.829667
1216 9.841667
1217 9.849667
1218 9.857667
1219 9.865667
1220 9.873667
1221 9.883000
1222 9.891000
1223 9.899000
1224 9.908333
1225 9.916333
1226 9.924333
1227 9.933667
1228 9.941667
1229 9.949667
1230 9.955000
1231 9.960333
1232 9.969667
1233 9.977667
1234 9.985667
1235 9.993667
1236 10.001667
1237 10.009667
1238 10.017667
1239 10.025667
1240 10.033667
1241 10.043000
1242 10.051000
1243 10.059000
1244 10.068333
1245 10.076333
1246 10.084333
1247 10.091000
1248 10.095000
1249 10.105667
1250 10.109667
1251 10.120333
1252 10.129667
1253 10.135000
1254 10.145667
1255 10.149667
1256 10.160333
1257 10.167000
1258 10.181667
1259 10.185667
1260 10.196333
1261 10.200333
1262 10.211000
1263 10.215000
1264 10.225667
1265 10.284333
1266 10.293667
1267 10.303000
1268 10.308333
1269 10.312333
1270 10.316333
1271 10.320333
1272 10.324333
1273 10.328333
1274 10.332333
1275 10.336333
1276 10.340333
1277 10.344333
1278 10.348333
1279 10.352333
1280 10.356333
1281 10.360333
1282 10.429667
1283 10.435000
1284 10.439000
1285 10.443000
1286 10.447000
1287 10.451000
1288 10.455000
1289 10.459000
1290 10.463000
1291 10.467000
1292 10.471000
1293 10.475000
1294 10.479000
1295 10.483000
1296 10.487000
1297 10.491000
1298 10.495000
1299 10.565667
1300 10.569667
1301 10.573667
1302 10.577667
1303 10.581667
1304 10.585667
1305 10.589667
1306 10.593667
1307 10.597667
1308 10.601667
1309 10.605667
1310 10.609667
1311 10.613667
1312 10.617667
1313 10.621667
1314 10.625667
1315 10.693667
1316 10.700333
1317 10.704333
1318 10.708333
1319 10.712333
1320 10.716333
1321 10.720333
1322 10.724333
1323 10.728333
1324 10.732333
1325 10.736333
1326 10.740333
1327 10.744333
1328 10.748333
1329 10.752333
1330 10.756333
1331 10.760333
1332 10.829667
1333 10.835000
1334 10.839000
1335 10.843000
1336 10.847000
1337 10.851000
1338 10.855000
1339 10.859000
1340 10.863000
1341 10.867000
1342 10.871000
1343 10.875000
1344 10.879000
1345 10.883000
1346 10.887000
1347 10.891000
1348 10.895000
1349 10.965667
1350 10.969667
1351 10.973667
1352 10.977667
1353 10.981667
1354 10.985667
1355 10.989667
1356 10.993667
1357 10.997667
1358 11.001667
1359 11.005667
1360 11.009667
1361 11.013667
1362 11.017667
1363 11.021667
1364 11.025667
1365 11.093667
1366 11.100333
1367 11.104333
1368 11.108333
1369 11.112333
1370 11.116333
1371 11.120333
1372 11.124333
1373 11.128333
1374 11.132333
1375 11.136333
1376 11.140333
1377 11.144333
1378 11.148333
1379 11.152333
1380 11.156333
1381 11.160333
1382 11.229667
1383 11.235000
1384 11.239000
1385 11.243000
1386 11.247000
1387 11.251000
1388 11.255000
1389 11.259000
1390 11.263000
1391 11.267000
1392 11.271000
1393 11.275000
1394 11.279000
1395 11.283000
1396 11.287000
1397 11.291000
1398 11.295000
1399 11.365667
1400 11.369667
1401 11.373667
1402 11.377667
1403 11.381667
1404 11.385667
1405 11.389667
1406 11.393667
1407 11.397667
1408 11.401667
1409 11.405667
1410 11.409667
1411 11.413667
1412 11.417667
1413 11.421667
1414 11.425667
1415 11.436333
1416 11.440333
1417 11.451000
1418 11.455000
1419 11.465667
1420 11.469667
1421 11.480333
1422 11.491000
1423 11.495000
1424 11.505667
1425 11.509667
1426 11.520333
1427 11.529667
1428 11.535000
1429 11.545667
1430 11.549667
1431 11.560333
1432 11.569667
1433 11.577667
1434 11.585667
1435 11.593667
1436 11.601667
1437 11.609667
1438 11.617667
1439 11.625667
1440 11.633667
1441 11.643000
1442 11.651000
1443 11.659000
1444 11.668333
1445 11.676333
1446 11.684333
1447 11.691000
1448 11.695000
1449 11.705667
1450 11.713667
1451 11.723000
1452 11.731000
1453 11.739000
1454 11.748333
1455 11.756333
1456 11.764333
1457 11.773667
1458 11.781667
1459 11.789667
1460 11.795000
1461 11.803000
1462 11.811000
1463 11.819000
1464 11.825667
1465 11.829667
1466 11.841667
1467 11.849667
1468 11.857667
1469 11.865667
1470 11.873667
1471 11.883000
1472 11.891000
1473 11.899000
1474 11.908333
1475 11.916333
1476 11.924333
1477 11.933667
1478 11.941667
1479 11.949667
1480 11.955000
1481 11.960333
1482 11.969667
1483 11.977667
1484 11.985667
1485 11.993667
1486 12.001667
1487 12.009667
