0.000000 0.018000
1.000000 0.016000
2.000000 0.020000
3.000000 0.018000
4.000000 0.022000
5.000000 0.020000
6.000000 0.024000
7.000000 0.028000
8.000000 0.026000
9.000000 0.024000
10.000000 0.028000
11.000000 0.026000
12.000000 0.042000
13.000000 0.040000
14.000000 0.038000
15.000000 0.036000
16.000000 0.034000
17.000000 0.056000
18.000000 0.054000
19.000000 0.052000
20.000000 0.050000
21.000000 0.048000
22.000000 0.076000
23.000000 0.080000
24.000000 0.084000
25.000000 0.088000
26.000000 0.092000
27.000000 0.096000
28.000000 0.094000
29.000000 0.092000
30.000000 0.090000
31.000000 0.088000
32.000000 0.116000
33.000000 0.114000
34.000000 0.112000
35.000000 0.110000
36.000000 0.108000
37.000000 0.136000
38.000000 0.134000
39.000000 0.132000
40.000000 0.130000
41.000000 0.128000
42.000000 0.156000
43.000000 0.154000
44.000000 0.152000
45.000000 0.150000
46.000000 0.148000
47.000000 0.176000
48.000000 0.174000
49.000000 0.172000
50.000000 0.170000
51.000000 0.168000
52.000000 0.166000
53.000000 0.164000
54.000000 0.162000
55.000000 0.160000
56.000000 0.158000
57.000000 0.156000
58.000000 0.154000
59.000000 0.152000
60.000000 0.150000
61.000000 0.148000
62.000000 0.146000
63.000000 0.144000
64.000000 0.142000
65.000000 0.140000
66.000000 0.138000
67.000000 0.136000
68.000000 0.134000
69.000000 0.132000
70.000000 0.130000
71.000000 0.128000
72.000000 0.126000
73.000000 0.124000
74.000000 0.122000
75.000000 0.120000
76.000000 0.118000
77.000000 0.116000
78.000000 0.114000
79.000000 0.112000
80.000000 0.110000
81.000000 0.108000
82.000000 0.106000
83.000000 0.104000
84.000000 0.102000
85.000000 0.100000
86.000000 0.104000
87.000000 0.102000
88.000000 0.106000
89.000000 0.104000
90.000000 0.108000
91.000000 0.106000
92.000000 0.110000
93.000000 0.108000
94.000000 0.112000
95.000000 0.110000
96.000000 0.114000
97.000000 0.286000
98.000000 0.284000
99.000000 0.282000
100.000000 0.280000
101.000000 0.278000
102.000000 0.276000
103.000000 0.274000
104.000000 0.272000
105.000000 0.270000
106.000000 0.268000
107.000000 0.266000
108.000000 0.264000
109.000000 0.262000
110.000000 0.260000
111.000000 0.258000
112.000000 0.256000
113.000000 0.254000
114.000000 0.252000
115.000000 0.250000
116.000000 0.248000
117.000000 0.246000
118.000000 0.244000
119.000000 0.242000
120.000000 0.240000
121.000000 0.238000
122.000000 0.236000
123.000000 0.234000
124.000000 0.232000
125.000000 0.230000
126.000000 0.228000
127.000000 0.226000
128.000000 0.224000
129.000000 0.222000
130.000000 0.220000
131.000000 0.218000
132.000000 0.216000
133.000000 0.214000
134.000000 0.212000
135.000000 0.210000
136.000000 0.208000
138.000000 0.202000
140.000000 0.196000
142.000000 0.190000
144.000000 0.184000
146.000000 0.178000
149.000000 0.168000
152.000000 0.158000
156.000000 0.150000
160.000000 0.148000
163.000000 0.144000
166.000000 0.362000
167.000000 0.360000
168.000000 0.358000
169.000000 0.356000
170.000000 0.354000
171.000000 0.352000
172.000000 0.350000
173.000000 0.348000
174.000000 0.346000
175.000000 0.344000
176.000000 0.342000
177.000000 0.340000
178.000000 0.338000
179.000000 0.336000
180.000000 0.334000
181.000000 0.332000
182.000000 0.330000
183.000000 0.328000
184.000000 0.326000
185.000000 0.324000
186.000000 0.322000
187.000000 0.320000
188.000000 0.318000
190.000000 0.312000
191.000000 0.310000
193.000000 0.304000
195.000000 0.298000
197.000000 0.292000
199.000000 0.286000
201.000000 0.280000
203.000000 0.274000
205.000000 0.268000
207.000000 0.262000
209.000000 0.256000
211.000000 0.250000
213.000000 0.244000
215.000000 0.238000
217.000000 0.232000
219.000000 0.226000
221.000000 0.220000
223.000000 0.214000
225.000000 0.208000
228.000000 0.198000
231.000000 0.188000
234.000000 0.178000
237.000000 0.168000
241.000000 0.160000
245.000000 0.158000
248.000000 0.160000
251.000000 0.156000
254.000000 0.386000
255.000000 0.384000
256.000000 0.382000
257.000000 0.380000
258.000000 0.378000
259.000000 0.376000
260.000000 0.374000
261.000000 0.372000
262.000000 0.370000
263.000000 0.368000
264.000000 0.366000
265.000000 0.364000
266.000000 0.362000
267.000000 0.360000
268.000000 0.358000
269.000000 0.356000
270.000000 0.354000
271.000000 0.352000
272.000000 0.350000
274.000000 0.344000
275.000000 0.342000
277.000000 0.336000
279.000000 0.330000
281.000000 0.324000
283.000000 0.318000
285.000000 0.312000
287.000000 0.306000
289.000000 0.300000
291.000000 0.294000
293.000000 0.288000
295.000000 0.282000
297.000000 0.276000
299.000000 0.270000
301.000000 0.264000
303.000000 0.258000
305.000000 0.252000
307.000000 0.246000
309.000000 0.240000
311.000000 0.234000
313.000000 0.228000
315.000000 0.222000
318.000000 0.212000
321.000000 0.202000
324.000000 0.192000
327.000000 0.182000
331.000000 0.168000
335.000000 0.166000
339.000000 0.164000
342.000000 0.166000
345.000000 0.162000
348.000000 0.398000
349.000000 0.396000
350.000000 0.394000
351.000000 0.392000
352.000000 0.390000
353.000000 0.418000
354.000000 0.416000
355.000000 0.414000
356.000000 0.412000
357.000000 0.410000
358.000000 0.438000
359.000000 0.436000
360.000000 0.434000
361.000000 0.432000
362.000000 0.430000
363.000000 0.458000
364.000000 0.456000
366.000000 0.450000
367.000000 0.448000
369.000000 0.442000
371.000000 0.466000
373.000000 0.460000
375.000000 0.454000
377.000000 0.448000
379.000000 0.442000
381.000000 0.466000
383.000000 0.466000
385.000000 0.460000
387.000000 0.460000
389.000000 0.454000
391.000000 0.466000
393.000000 0.460000
395.000000 0.454000
397.000000 0.448000
399.000000 0.442000
401.000000 0.466000
403.000000 0.460000
405.000000 0.454000
407.000000 0.448000
409.000000 0.442000
412.000000 0.462000
415.000000 0.452000
418.000000 0.442000
421.000000 0.432000
424.000000 0.422000
428.000000 0.438000
432.000000 0.424000
436.000000 0.410000
439.000000 0.400000
442.000000 0.390000
445.000000 0.410000
447.000000 0.404000
449.000000 0.398000
451.000000 0.392000
453.000000 0.386000
455.000000 0.380000
457.000000 0.374000
459.000000 0.368000
461.000000 0.362000
464.000000 0.352000
465.000000 0.350000
467.000000 0.344000
470.000000 0.334000
472.000000 0.328000
474.000000 0.322000
475.000000 0.320000
477.000000 0.314000
479.000000 0.308000
481.000000 0.302000
483.000000 0.296000
485.000000 0.290000
487.000000 0.284000
489.000000 0.278000
491.000000 0.272000
493.000000 0.266000
495.000000 0.260000
497.000000 0.254000
500.000000 0.244000
502.000000 0.238000
503.000000 0.236000
505.000000 0.230000
507.000000 0.224000
509.000000 0.218000
511.000000 0.212000
513.000000 0.206000
515.000000 0.200000
517.000000 0.194000
519.000000 0.188000
521.000000 0.182000
523.000000 0.176000
525.000000 0.170000
527.000000 0.164000
529.000000 0.164000
531.000000 0.164000
533.000000 0.164000
535.000000 0.164000
537.000000 0.164000
539.000000 0.164000
541.000000 0.164000
543.000000 0.164000
545.000000 0.404000
546.000000 0.402000
547.000000 0.400000
548.000000 0.398000
549.000000 0.396000
550.000000 0.394000
551.000000 0.392000
552.000000 0.390000
553.000000 0.388000
554.000000 0.386000
555.000000 0.384000
556.000000 0.382000
557.000000 0.380000
558.000000 0.378000
559.000000 0.376000
560.000000 0.374000
561.000000 0.372000
562.000000 0.370000
564.000000 0.364000
566.000000 0.358000
568.000000 0.352000
570.000000 0.346000
572.000000 0.340000
574.000000 0.334000
576.000000 0.328000
578.000000 0.322000
580.000000 0.316000
582.000000 0.310000
584.000000 0.304000
586.000000 0.298000
588.000000 0.292000
590.000000 0.286000
592.000000 0.280000
594.000000 0.274000
596.000000 0.268000
598.000000 0.262000
600.000000 0.256000
602.000000 0.250000
604.000000 0.244000
606.000000 0.238000
609.000000 0.228000
612.000000 0.218000
615.000000 0.208000
618.000000 0.198000
621.000000 0.188000
625.000000 0.174000
629.000000 0.172000
633.000000 0.170000
637.000000 0.168000
640.000000 0.170000
643.000000 0.406000
644.000000 0.404000
645.000000 0.402000
646.000000 0.400000
647.000000 0.398000
648.000000 0.396000
649.000000 0.394000
650.000000 0.392000
651.000000 0.390000
652.000000 0.388000
653.000000 0.386000
654.000000 0.384000
655.000000 0.382000
656.000000 0.380000
657.000000 0.378000
658.000000 0.376000
660.000000 0.370000
661.000000 0.368000
663.000000 0.362000
665.000000 0.356000
667.000000 0.350000
669.000000 0.344000
671.000000 0.338000
673.000000 0.332000
675.000000 0.326000
677.000000 0.320000
679.000000 0.314000
681.000000 0.308000
683.000000 0.302000
685.000000 0.296000
687.000000 0.290000
689.000000 0.284000
691.000000 0.278000
693.000000 0.272000
695.000000 0.266000
697.000000 0.260000
699.000000 0.254000
701.000000 0.248000
703.000000 0.242000
705.000000 0.236000
708.000000 0.226000
711.000000 0.216000
714.000000 0.206000
717.000000 0.196000
720.000000 0.186000
724.000000 0.178000
728.000000 0.176000
732.000000 0.174000
736.000000 0.172000
739.000000 0.168000
742.000000 0.410000
743.000000 0.408000
744.000000 0.406000
745.000000 0.404000
746.000000 0.402000
747.000000 0.400000
748.000000 0.398000
749.000000 0.396000
750.000000 0.394000
751.000000 0.392000
752.000000 0.390000
753.000000 0.388000
754.000000 0.386000
755.000000 0.384000
756.000000 0.382000
757.000000 0.380000
758.000000 0.378000
760.000000 0.372000
762.000000 0.366000
764.000000 0.360000
766.000000 0.354000
768.000000 0.348000
770.000000 0.342000
772.000000 0.336000
774.000000 0.330000
776.000000 0.324000
778.000000 0.318000
780.000000 0.312000
782.000000 0.306000
784.000000 0.300000
786.000000 0.294000
788.000000 0.288000
790.000000 0.282000
792.000000 0.276000
794.000000 0.270000
796.000000 0.264000
798.000000 0.258000
800.000000 0.252000
802.000000 0.246000
804.000000 0.240000
807.000000 0.230000
810.000000 0.220000
813.000000 0.210000
816.000000 0.200000
819.000000 0.190000
823.000000 0.176000
827.000000 0.174000
831.000000 0.172000
835.000000 0.170000
839.000000 0.168000
842.000000 0.410000
843.000000 0.408000
844.000000 0.406000
845.000000 0.404000
846.000000 0.402000
847.000000 0.400000
848.000000 0.398000
849.000000 0.396000
850.000000 0.394000
851.000000 0.392000
852.000000 0.390000
853.000000 0.388000
854.000000 0.386000
855.000000 0.384000
856.000000 0.382000
857.000000 0.380000
858.000000 0.378000
860.000000 0.372000
862.000000 0.366000
864.000000 0.360000
866.000000 0.354000
868.000000 0.348000
870.000000 0.342000
872.000000 0.336000
874.000000 0.330000
876.000000 0.324000
878.000000 0.318000
880.000000 0.312000
882.000000 0.306000
884.000000 0.300000
886.000000 0.294000
888.000000 0.288000
890.000000 0.282000
892.000000 0.276000
894.000000 0.270000
896.000000 0.264000
898.000000 0.258000
900.000000 0.252000
902.000000 0.246000
904.000000 0.240000
907.000000 0.230000
910.000000 0.220000
913.000000 0.210000
916.000000 0.200000
919.000000 0.190000
923.000000 0.176000
927.000000 0.174000
931.000000 0.172000
935.000000 0.170000
939.000000 0.168000
942.000000 0.410000
943.000000 0.408000
944.000000 0.406000
945.000000 0.404000
946.000000 0.402000
947.000000 0.400000
948.000000 0.398000
949.000000 0.396000
950.000000 0.394000
951.000000 0.392000
952.000000 0.390000
953.000000 0.388000
954.000000 0.386000
955.000000 0.384000
956.000000 0.382000
957.000000 0.380000
958.000000 0.378000
960.000000 0.372000
962.000000 0.366000
964.000000 0.360000
966.000000 0.354000
968.000000 0.348000
970.000000 0.342000
972.000000 0.336000
974.000000 0.330000
976.000000 0.324000
978.000000 0.318000
980.000000 0.312000
982.000000 0.306000
984.000000 0.300000
986.000000 0.294000
988.000000 0.288000
990.000000 0.282000
992.000000 0.276000
994.000000 0.270000
996.000000 0.264000
998.000000 0.258000
1000.000000 0.252000
1002.000000 0.246000
1004.000000 0.240000
1007.000000 0.230000
1010.000000 0.220000
1013.000000 0.210000
1016.000000 0.200000
1019.000000 0.190000
1023.000000 0.176000
1027.000000 0.174000
1031.000000 0.172000
1035.000000 0.170000
1039.000000 0.168000
1042.000000 0.410000
1043.000000 0.408000
1044.000000 0.406000
1045.000000 0.404000
1046.000000 0.402000
1047.000000 0.400000
1048.000000 0.398000
1049.000000 0.396000
1050.000000 0.394000
1051.000000 0.392000
1052.000000 0.390000
1053.000000 0.388000
1054.000000 0.386000
1055.000000 0.384000
1056.000000 0.382000
1057.000000 0.380000
1058.000000 0.378000
1060.000000 0.372000
1062.000000 0.366000
1064.000000 0.360000
1066.000000 0.354000
1068.000000 0.348000
1070.000000 0.342000
1072.000000 0.336000
1074.000000 0.330000
1076.000000 0.324000
1078.000000 0.318000
1080.000000 0.312000
1082.000000 0.306000
1084.000000 0.300000
1086.000000 0.294000
1088.000000 0.288000
1090.000000 0.282000
1092.000000 0.276000
1094.000000 0.270000
1096.000000 0.264000
1098.000000 0.258000
1100.000000 0.252000
1102.000000 0.246000
1104.000000 0.240000
1107.000000 0.230000
1110.000000 0.220000
1113.000000 0.210000
1116.000000 0.200000
1119.000000 0.190000
1123.000000 0.176000
1127.000000 0.174000
1131.000000 0.172000
1135.000000 0.170000
1139.000000 0.168000
1142.000000 0.410000
1143.000000 0.408000
1144.000000 0.406000
1145.000000 0.404000
1146.000000 0.402000
1147.000000 0.400000
1148.000000 0.398000
1149.000000 0.396000
1150.000000 0.394000
1151.000000 0.392000
1152.000000 0.390000
1153.000000 0.388000
1154.000000 0.386000
1155.000000 0.384000
1156.000000 0.382000
1157.000000 0.380000
1158.000000 0.378000
1160.000000 0.372000
1162.000000 0.366000
1164.000000 0.360000
1166.000000 0.354000
1168.000000 0.348000
1170.000000 0.342000
1172.000000 0.336000
1174.000000 0.330000
1176.000000 0.324000
1178.000000 0.318000
1180.000000 0.312000
1182.000000 0.306000
1184.000000 0.300000
1186.000000 0.294000
1188.000000 0.288000
1190.000000 0.282000
1192.000000 0.276000
1194.000000 0.270000
1196.000000 0.264000
1198.000000 0.258000
1200.000000 0.252000
1202.000000 0.246000
1204.000000 0.240000
1207.000000 0.230000
1210.000000 0.220000
1213.000000 0.210000
1216.000000 0.200000
1219.000000 0.190000
1223.000000 0.176000
1227.000000 0.174000
1231.000000 0.172000
1235.000000 0.170000
1239.000000 0.168000
1242.000000 0.410000
1243.000000 0.408000
1244.000000 0.406000
1245.000000 0.404000
1246.000000 0.402000
1247.000000 0.400000
1248.000000 0.398000
1249.000000 0.396000
1250.000000 0.394000
1251.000000 0.392000
1252.000000 0.390000
1253.000000 0.388000
1254.000000 0.386000
1255.000000 0.384000
1256.000000 0.382000
1257.000000 0.380000
1258.000000 0.378000
1260.000000 0.372000
1262.000000 0.366000
1264.000000 0.360000
1266.000000 0.354000
1268.000000 0.348000
1270.000000 0.342000
1272.000000 0.336000
1274.000000 0.330000
1276.000000 0.324000
1278.000000 0.318000
1280.000000 0.312000
1282.000000 0.306000
1284.000000 0.300000
1286.000000 0.294000
1288.000000 0.288000
1290.000000 0.282000
1292.000000 0.276000
1294.000000 0.270000
1296.000000 0.264000
1298.000000 0.258000
1300.000000 0.252000
1302.000000 0.246000
1304.000000 0.240000
1307.000000 0.230000
1310.000000 0.220000
1313.000000 0.210000
1316.000000 0.200000
1319.000000 0.190000
1323.000000 0.176000
1327.000000 0.174000
1331.000000 0.172000
1335.000000 0.170000
1339.000000 0.168000
1342.000000 0.410000
1343.000000 0.408000
1344.000000 0.406000
1345.000000 0.404000
1346.000000 0.402000
1347.000000 0.430000
1348.000000 0.428000
1349.000000 0.426000
1350.000000 0.424000
1351.000000 0.422000
1352.000000 0.450000
1353.000000 0.448000
1354.000000 0.446000
1355.000000 0.444000
1356.000000 0.442000
1357.000000 0.470000
1358.000000 0.468000
1360.000000 0.462000
1362.000000 0.456000
1364.000000 0.450000
1366.000000 0.474000
1368.000000 0.468000
1370.000000 0.462000
1372.000000 0.456000
1374.000000 0.450000
1376.000000 0.474000
1378.000000 0.468000
1380.000000 0.468000
1382.000000 0.462000
1384.000000 0.462000
1386.000000 0.474000
1388.000000 0.468000
1390.000000 0.462000
1392.000000 0.456000
1394.000000 0.450000
1396.000000 0.474000
1398.000000 0.468000
1400.000000 0.462000
1402.000000 0.456000
1404.000000 0.450000
1407.000000 0.470000
1410.000000 0.460000
1413.000000 0.450000
1416.000000 0.440000
1419.000000 0.430000
1423.000000 0.446000
1427.000000 0.432000
1431.000000 0.418000
1435.000000 0.404000
1439.000000 0.390000
1442.000000 0.410000
1444.000000 0.404000
1446.000000 0.398000
1448.000000 0.392000
1450.000000 0.386000
1452.000000 0.380000
1454.000000 0.374000
1456.000000 0.368000
1458.000000 0.362000
1461.000000 0.352000
1462.000000 0.350000
1464.000000 0.344000
1466.000000 0.338000
1468.000000 0.332000
1470.000000 0.326000
1472.000000 0.320000
1474.000000 0.314000
1476.000000 0.308000
1478.000000 0.302000
1480.000000 0.296000
1482.000000 0.290000
1484.000000 0.284000
1486.000000 0.278000
1488.000000 0.272000
1490.000000 0.266000
1492.000000 0.260000
1494.000000 0.254000
1497.000000 0.244000
1499.000000 0.238000
1500.000000 0.236000
1502.000000 0.230000
1504.000000 0.224000
1506.000000 0.218000
1508.000000 0.212000
1510.000000 0.206000
1512.000000 0.200000
1514.000000 0.194000
1516.000000 0.188000
1518.000000 0.182000
1520.000000 0.176000
1522.000000 0.170000
1524.000000 0.164000
1526.000000 0.164000
1528.000000 0.164000
1530.000000 0.164000
1532.000000 0.164000
1534.000000 0.164000
1536.000000 0.164000
1538.000000 0.164000
1540.000000 0.164000
1542.000000 0.410000
1543.000000 0.408000
1544.000000 0.406000
1545.000000 0.404000
1546.000000 0.402000
1547.000000 0.400000
1548.000000 0.398000
1549.000000 0.396000
1550.000000 0.394000
1551.000000 0.392000
1552.000000 0.390000
1553.000000 0.388000
1554.000000 0.386000
1555.000000 0.384000
1556.000000 0.382000
1557.000000 0.380000
1558.000000 0.378000
1560.000000 0.372000
1562.000000 0.366000
1564.000000 0.360000
1566.000000 0.354000
1568.000000 0.348000
1570.000000 0.342000
1572.000000 0.336000
1574.000000 0.330000
1576.000000 0.324000
1578.000000 0.318000
1580.000000 0.312000
1582.000000 0.306000
1584.000000 0.300000
1586.000000 0.294000
1588.000000 0.288000
1590.000000 0.282000
1592.000000 0.276000
1594.000000 0.270000
1596.000000 0.264000
1598.000000 0.258000
1600.000000 0.252000
1602.000000 0.246000
1604.000000 0.240000
1607.000000 0.230000
1610.000000 0.220000
1613.000000 0.210000
1616.000000 0.200000
1619.000000 0.190000
1623.000000 0.176000
1627.000000 0.174000
1631.000000 0.172000
1635.000000 0.170000
1639.000000 0.168000
1642.000000 0.410000
1643.000000 0.408000
1644.000000 0.406000
1645.000000 0.404000
1646.000000 0.402000
1647.000000 0.400000
1648.000000 0.398000
1649.000000 0.396000
1650.000000 0.394000
1651.000000 0.392000
1652.000000 0.390000
1653.000000 0.388000
1654.000000 0.386000
1655.000000 0.384000
1656.000000 0.382000
1657.000000 0.380000
1658.000000 0.378000
1660.000000 0.372000
1662.000000 0.366000
1664.000000 0.360000
1666.000000 0.354000
1668.000000 0.348000
1670.000000 0.342000
1672.000000 0.336000
1674.000000 0.330000
1676.000000 0.324000
1678.000000 0.318000
1680.000000 0.312000
1682.000000 0.306000
1684.000000 0.300000
1686.000000 0.294000
1688.000000 0.288000
1690.000000 0.282000
1692.000000 0.276000
1694.000000 0.270000
1696.000000 0.264000
1698.000000 0.258000
1700.000000 0.252000
1702.000000 0.246000
1704.000000 0.240000
1707.000000 0.230000
1710.000000 0.220000
1713.000000 0.210000
1716.000000 0.200000
1719.000000 0.190000
1723.000000 0.176000
1727.000000 0.174000
1731.000000 0.172000
1735.000000 0.170000
1739.000000 0.168000
1742.000000 0.410000
1743.000000 0.408000
1744.000000 0.406000
1745.000000 0.404000
1746.000000 0.402000
1747.000000 0.400000
1748.000000 0.398000
1749.000000 0.396000
1750.000000 0.394000
1751.000000 0.392000
1752.000000 0.390000
1753.000000 0.388000
1754.000000 0.386000
1755.000000 0.384000
1756.000000 0.382000
1757.000000 0.380000
1758.000000 0.378000
1760.000000 0.372000
1762.000000 0.366000
1764.000000 0.360000
1766.000000 0.354000
1768.000000 0.348000
1770.000000 0.342000
1772.000000 0.336000
1774.000000 0.330000
1776.000000 0.324000
1778.000000 0.318000
1780.000000 0.312000
1782.000000 0.306000
1784.000000 0.300000
1786.000000 0.294000
1788.000000 0.288000
1790.000000 0.282000
1792.000000 0.276000
1794.000000 0.270000
1796.000000 0.264000
1798.000000 0.258000
1800.000000 0.252000
1802.000000 0.246000
1804.000000 0.240000
1807.000000 0.230000
1810.000000 0.220000
1813.000000 0.210000
1816.000000 0.200000
1819.000000 0.190000
1823.000000 0.176000
1827.000000 0.174000
1831.000000 0.172000
1835.000000 0.170000
1839.000000 0.168000
1842.000000 0.410000
1843.000000 0.408000
1844.000000 0.406000
1845.000000 0.404000
1846.000000 0.402000
1847.000000 0.400000
1848.000000 0.398000
1849.000000 0.396000
1850.000000 0.394000
1851.000000 0.392000
1852.000000 0.390000
1853.000000 0.388000
1854.000000 0.386000
1855.000000 0.384000
1856.000000 0.382000
1857.000000 0.380000
1858.000000 0.378000
1860.000000 0.372000
1862.000000 0.366000
1864.000000 0.360000
1866.000000 0.354000
1868.000000 0.348000
1870.000000 0.342000
1872.000000 0.336000
1874.000000 0.330000
1876.000000 0.324000
1878.000000 0.318000
1880.000000 0.312000
1882.000000 0.306000
1884.000000 0.300000
1886.000000 0.294000
1888.000000 0.288000
1890.000000 0.282000
1892.000000 0.276000
1894.000000 0.270000
1896.000000 0.264000
1898.000000 0.258000
1900.000000 0.252000
1902.000000 0.246000
1904.000000 0.240000
1907.000000 0.230000
1910.000000 0.220000
1913.000000 0.210000
1916.000000 0.200000
1919.000000 0.190000
1923.000000 0.176000
1927.000000 0.174000
1931.000000 0.172000
1935.000000 0.170000
1939.000000 0.168000
1942.000000 0.410000
1943.000000 0.408000
1944.000000 0.406000
1945.000000 0.404000
1946.000000 0.402000
1947.000000 0.400000
1948.000000 0.398000
1949.000000 0.396000
1950.000000 0.394000
1951.000000 0.392000
1952.000000 0.390000
1953.000000 0.388000
1954.000000 0.386000
1955.000000 0.384000
1956.000000 0.382000
1957.000000 0.380000
1958.000000 0.378000
1960.000000 0.372000
1962.000000 0.366000
1964.000000 0.360000
1966.000000 0.354000
1968.000000 0.348000
1970.000000 0.342000
1972.000000 0.336000
1974.000000 0.330000
1976.000000 0.324000
1978.000000 0.318000
1980.000000 0.312000
1982.000000 0.306000
1984.000000 0.300000
1986.000000 0.294000
1988.000000 0.288000
1990.000000 0.282000
1992.000000 0.276000
1994.000000 0.270000
1996.000000 0.264000
1998.000000 0.258000
2000.000000 0.252000
2002.000000 0.246000
2004.000000 0.240000
2007.000000 0.230000
2010.000000 0.220000
2013.000000 0.210000
2016.000000 0.200000
2019.000000 0.190000
2023.000000 0.176000
2027.000000 0.174000
2031.000000 0.172000
2035.000000 0.170000
2039.000000 0.168000
2042.000000 0.410000
2043.000000 0.408000
2044.000000 0.406000
2045.000000 0.404000
2046.000000 0.402000
2047.000000 0.400000
2048.000000 0.398000
2049.000000 0.396000
2050.000000 0.394000
2051.000000 0.392000
2052.000000 0.390000
2053.000000 0.388000
2054.000000 0.386000
2055.000000 0.384000
2056.000000 0.382000
2057.000000 0.380000
2058.000000 0.378000
2060.000000 0.372000
2062.000000 0.366000
2064.000000 0.360000
2066.000000 0.354000
2068.000000 0.348000
2070.000000 0.342000
2072.000000 0.336000
2074.000000 0.330000
2076.000000 0.324000
2078.000000 0.318000
2080.000000 0.312000
2082.000000 0.306000
2084.000000 0.300000
2086.000000 0.294000
2088.000000 0.288000
2090.000000 0.282000
2092.000000 0.276000
2094.000000 0.270000
2096.000000 0.264000
2098.000000 0.258000
2100.000000 0.252000
2102.000000 0.246000
2105.000000 0.236000
2108.000000 0.226000
2111.000000 0.216000
2114.000000 0.206000
2117.000000 0.196000
2120.000000 0.186000
2124.000000 0.172000
2128.000000 0.170000
2132.000000 0.168000
2136.000000 0.166000
2139.000000 0.168000
2142.000000 0.410000
2143.000000 0.408000
2144.000000 0.406000
2145.000000 0.404000
2146.000000 0.402000
2147.000000 0.400000
2148.000000 0.398000
2149.000000 0.396000
2150.000000 0.394000
2151.000000 0.392000
2152.000000 0.390000
2153.000000 0.388000
2154.000000 0.386000
2155.000000 0.384000
2156.000000 0.382000
2157.000000 0.380000
2159.000000 0.374000
2160.000000 0.372000
2162.000000 0.366000
2164.000000 0.360000
2166.000000 0.354000
2168.000000 0.348000
2170.000000 0.342000
2172.000000 0.336000
2174.000000 0.330000
2176.000000 0.324000
2178.000000 0.318000
2180.000000 0.312000
2182.000000 0.306000
2184.000000 0.300000
2186.000000 0.294000
2188.000000 0.288000
2190.000000 0.282000
2192.000000 0.276000
2194.000000 0.270000
2196.000000 0.264000
2198.000000 0.258000
2200.000000 0.252000
2202.000000 0.246000
2205.000000 0.236000
2208.000000 0.226000
2211.000000 0.216000
2214.000000 0.206000
2217.000000 0.196000
2220.000000 0.186000
2224.000000 0.172000
2228.000000 0.170000
2232.000000 0.168000
2236.000000 0.166000
2239.000000 0.168000
2242.000000 0.410000
2243.000000 0.408000
2244.000000 0.406000
2245.000000 0.404000
2246.000000 0.402000
2247.000000 0.400000
2248.000000 0.398000
2249.000000 0.396000
2250.000000 0.394000
2251.000000 0.392000
2252.000000 0.390000
2253.000000 0.388000
2254.000000 0.386000
2255.000000 0.384000
2256.000000 0.382000
2257.000000 0.380000
2259.000000 0.374000
2260.000000 0.372000
2262.000000 0.366000
2264.000000 0.360000
2266.000000 0.354000
2268.000000 0.348000
2270.000000 0.342000
2272.000000 0.336000
2274.000000 0.330000
2276.000000 0.324000
2278.000000 0.318000
2280.000000 0.312000
2282.000000 0.306000
2284.000000 0.300000
2286.000000 0.294000
2288.000000 0.288000
2290.000000 0.282000
2292.000000 0.276000
2294.000000 0.270000
2296.000000 0.264000
2298.000000 0.258000
2300.000000 0.252000
2302.000000 0.246000
2305.000000 0.236000
2308.000000 0.226000
2311.000000 0.216000
2314.000000 0.206000
2317.000000 0.196000
2320.000000 0.186000
2324.000000 0.172000
2328.000000 0.170000
2332.000000 0.168000
2336.000000 0.166000
2339.000000 0.168000
2342.000000 0.410000
2343.000000 0.408000
2344.000000 0.406000
2345.000000 0.404000
2346.000000 0.402000
2347.000000 0.430000
2348.000000 0.428000
2349.000000 0.426000
2350.000000 0.424000
2351.000000 0.422000
2352.000000 0.450000
2353.000000 0.448000
2354.000000 0.446000
2355.000000 0.444000
2356.000000 0.442000
2358.000000 0.466000
2359.000000 0.464000
2361.000000 0.458000
2363.000000 0.452000
2365.000000 0.446000
2367.000000 0.470000
2369.000000 0.464000
2371.000000 0.458000
2373.000000 0.452000
2375.000000 0.446000
2377.000000 0.470000
2379.000000 0.464000
2381.000000 0.464000
2383.000000 0.458000
2385.000000 0.458000
2387.000000 0.470000
2389.000000 0.464000
2391.000000 0.458000
2393.000000 0.452000
2395.000000 0.446000
2397.000000 0.470000
2399.000000 0.464000
2401.000000 0.458000
2403.000000 0.452000
2405.000000 0.446000
2408.000000 0.466000
2411.000000 0.456000
2414.000000 0.446000
2417.000000 0.436000
2421.000000 0.422000
2425.000000 0.438000
2429.000000 0.424000
2433.000000 0.410000
2436.000000 0.400000
2439.000000 0.390000
2442.000000 0.410000
2444.000000 0.404000
2446.000000 0.398000
2448.000000 0.392000
2450.000000 0.386000
2452.000000 0.380000
2454.000000 0.374000
2456.000000 0.368000
2458.000000 0.362000
2460.000000 0.356000
2462.000000 0.350000
2464.000000 0.344000
2467.000000 0.334000
2469.000000 0.328000
2471.000000 0.322000
2472.000000 0.320000
2474.000000 0.314000
2477.000000 0.304000
2479.000000 0.298000
2481.000000 0.292000
2482.000000 0.290000
2484.000000 0.284000
2487.000000 0.274000
2489.000000 0.268000
2491.000000 0.262000
2492.000000 0.260000
2495.000000 0.250000
2497.000000 0.244000
2499.000000 0.238000
2501.000000 0.232000
2502.000000 0.230000
2504.000000 0.224000
2507.000000 0.214000
2509.000000 0.208000
2511.000000 0.202000
2512.000000 0.200000
2514.000000 0.194000
2517.000000 0.184000
2519.000000 0.178000
2521.000000 0.172000
2522.000000 0.170000
2524.000000 0.164000
2527.000000 0.166000
2529.000000 0.166000
2531.000000 0.166000
2532.000000 0.164000
2534.000000 0.164000
2537.000000 0.166000
2539.000000 0.166000
2541.000000 0.166000
2542.000000 0.410000
2543.000000 0.408000
2544.000000 0.406000
2545.000000 0.404000
2546.000000 0.402000
2547.000000 0.400000
2548.000000 0.398000
2549.000000 0.396000
2550.000000 0.394000
2551.000000 0.392000
2552.000000 0.390000
2553.000000 0.388000
2554.000000 0.386000
2555.000000 0.384000
2556.000000 0.382000
2558.000000 0.376000
2559.000000 0.374000
2561.000000 0.368000
2563.000000 0.362000
2565.000000 0.356000
2567.000000 0.350000
2569.000000 0.344000
2571.000000 0.338000
2573.000000 0.332000
2575.000000 0.326000
2577.000000 0.320000
2579.000000 0.314000
2581.000000 0.308000
2583.000000 0.302000
2585.000000 0.296000
2587.000000 0.290000
2589.000000 0.284000
2591.000000 0.278000
2593.000000 0.272000
2595.000000 0.266000
2597.000000 0.260000
2599.000000 0.254000
2601.000000 0.248000
2603.000000 0.242000
2605.000000 0.236000
2608.000000 0.226000
2611.000000 0.216000
2614.000000 0.206000
2617.000000 0.196000
2621.000000 0.182000
2625.000000 0.174000
2629.000000 0.172000
2633.000000 0.170000
2636.000000 0.166000
2639.000000 0.168000
2642.000000 0.410000
2643.000000 0.408000
2644.000000 0.406000
2645.000000 0.404000
2646.000000 0.402000
2647.000000 0.400000
2648.000000 0.398000
2649.000000 0.396000
2650.000000 0.394000
2651.000000 0.392000
2652.000000 0.390000
2653.000000 0.388000
2654.000000 0.386000
2655.000000 0.384000
2656.000000 0.382000
2658.000000 0.376000
2659.000000 0.374000
2661.000000 0.368000
2663.000000 0.362000
2665.000000 0.356000
2667.000000 0.350000
2669.000000 0.344000
2671.000000 0.338000
2673.000000 0.332000
2675.000000 0.326000
2677.000000 0.320000
2679.000000 0.314000
2681.000000 0.308000
2683.000000 0.302000
2685.000000 0.296000
2687.000000 0.290000
2689.000000 0.284000
2691.000000 0.278000
2693.000000 0.272000
2695.000000 0.266000
2697.000000 0.260000
2699.000000 0.254000
2701.000000 0.248000
2703.000000 0.242000
2705.000000 0.236000
2708.000000 0.226000
2711.000000 0.216000
2714.000000 0.206000
2717.000000 0.196000
2721.000000 0.182000
2725.000000 0.174000
2729.000000 0.172000
2733.000000 0.170000
2736.000000 0.166000
2739.000000 0.168000
2742.000000 0.410000
2743.000000 0.408000
2744.000000 0.406000
2745.000000 0.404000
2746.000000 0.402000
2747.000000 0.400000
2748.000000 0.398000
2749.000000 0.396000
2750.000000 0.394000
2751.000000 0.392000
2752.000000 0.390000
2753.000000 0.388000
2754.000000 0.386000
2755.000000 0.384000
2756.000000 0.382000
2758.000000 0.376000
2759.000000 0.374000
2761.000000 0.368000
2763.000000 0.362000
2765.000000 0.356000
2767.000000 0.350000
2769.000000 0.344000
2771.000000 0.338000
2773.000000 0.332000
2775.000000 0.326000
2777.000000 0.320000
2779.000000 0.314000
2781.000000 0.308000
2783.000000 0.302000
2785.000000 0.296000
2787.000000 0.290000
2789.000000 0.284000
2791.000000 0.278000
2793.000000 0.272000
2795.000000 0.266000
2797.000000 0.260000
2799.000000 0.254000
2801.000000 0.248000
2803.000000 0.242000
2805.000000 0.236000
2808.000000 0.226000
2811.000000 0.216000
2814.000000 0.206000
2817.000000 0.196000
2821.000000 0.182000
2825.000000 0.174000
2829.000000 0.172000
2833.000000 0.170000
2836.000000 0.166000
2839.000000 0.168000
2842.000000 0.410000
2843.000000 0.408000
2844.000000 0.406000
2845.000000 0.404000
2846.000000 0.402000
2847.000000 0.400000
2848.000000 0.398000
2849.000000 0.396000
2850.000000 0.394000
2851.000000 0.392000
2852.000000 0.390000
2853.000000 0.388000
2854.000000 0.386000
2855.000000 0.384000
2856.000000 0.382000
2858.000000 0.376000
2859.000000 0.374000
2861.000000 0.368000
2863.000000 0.362000
2865.000000 0.356000
2867.000000 0.350000
2869.000000 0.344000
2871.000000 0.338000
2873.000000 0.332000
2875.000000 0.326000
2877.000000 0.320000
2879.000000 0.314000
2881.000000 0.308000
2883.000000 0.302000
2885.000000 0.296000
2887.000000 0.290000
2889.000000 0.284000
2891.000000 0.278000
2893.000000 0.272000
2895.000000 0.266000
2897.000000 0.260000
2899.000000 0.254000
2901.000000 0.248000
2903.000000 0.242000
2905.000000 0.236000
2908.000000 0.226000
2911.000000 0.216000
2914.000000 0.206000
2917.000000 0.196000
2921.000000 0.182000
2925.000000 0.174000
2929.000000 0.172000
2933.000000 0.170000
2936.000000 0.166000
2939.000000 0.168000
2942.000000 0.266000
2943.000000 0.264000
2944.000000 0.262000
2945.000000 0.260000
2946.000000 0.258000
2947.000000 0.256000
2948.000000 0.254000
2949.000000 0.252000
2950.000000 0.250000
2951.000000 0.248000
2952.000000 0.246000
2953.000000 0.244000
2954.000000 0.242000
2955.000000 0.240000
2956.000000 0.238000
2958.000000 0.232000
2959.000000 0.230000
2961.000000 0.224000
2963.000000 0.218000
2965.000000 0.212000
2967.000000 0.206000
2969.000000 0.200000
2971.000000 0.194000
2973.000000 0.188000
2975.000000 0.182000
