0 0.111000
1 0.121000
2 0.131000
3 0.141000
4 0.149000
5 0.161000
6 0.171000
7 0.177000
8 0.183000
9 0.199000
10 0.205000
11 0.211000
12 0.217000
13 0.233000
14 0.239000
15 0.245000
16 0.251000
17 0.257000
18 0.265000
19 0.273000
20 0.281000
21 0.289000
22 0.297000
23 0.313000
24 0.319000
25 0.325000
26 0.331000
27 0.337000
28 0.353000
29 0.359000
30 0.365000
31 0.371000
32 0.377000
33 0.393000
34 0.399000
35 0.405000
36 0.411000
37 0.417000
38 0.433000
39 0.439000
40 0.445000
41 0.451000
42 0.457000
43 0.541000
44 0.551000
45 0.561000
46 0.571000
47 0.581000
48 0.591000
49 0.599000
50 0.605000
51 0.611000
52 0.617000
53 0.623000
54 0.629000
55 0.635000
56 0.641000
57 0.647000
58 0.653000
59 0.659000
60 0.665000
61 0.671000
62 0.677000
63 0.683000
64 0.689000
65 0.695000
66 0.701000
67 0.707000
68 0.713000
69 0.719000
70 0.725000
71 0.731000
72 0.737000
73 0.743000
74 0.749000
75 0.755000
76 0.761000
77 0.767000
78 0.867000
79 0.875000
80 0.881000
81 0.889000
82 0.897000
83 0.903000
84 0.909000
85 0.915000
86 0.921000
87 0.927000
88 0.933000
89 0.939000
90 0.945000
91 0.951000
92 0.957000
93 0.963000
94 0.969000
95 0.975000
96 0.981000
97 0.987000
98 0.993000
99 0.999000
100 1.005000
101 1.011000
102 1.017000
103 1.023000
104 1.029000
105 1.035000
106 1.041000
107 1.047000
108 1.053000
109 1.059000
110 1.065000
111 1.071000
112 1.077000
113 1.083000
114 1.089000
115 1.095000
116 1.101000
117 1.107000
118 1.113000
119 1.119000
120 1.217000
121 1.225000
122 1.231000
123 1.239000
124 1.245000
125 1.253000
126 1.261000
127 1.267000
128 1.273000
129 1.279000
130 1.285000
131 1.291000
132 1.297000
133 1.303000
134 1.309000
135 1.315000
136 1.321000
137 1.327000
138 1.333000
139 1.339000
140 1.345000
141 1.351000
142 1.357000
143 1.363000
144 1.369000
145 1.375000
146 1.381000
147 1.387000
148 1.393000
149 1.399000
150 1.405000
151 1.411000
152 1.417000
153 1.423000
154 1.429000
155 1.435000
156 1.441000
157 1.447000
158 1.453000
159 1.459000
160 1.465000
161 1.471000
162 1.477000
163 1.483000
164 1.489000
165 1.495000
166 1.593000
167 1.599000
168 1.607000
169 1.613000
170 1.621000
171 1.627000
172 1.635000
173 1.643000
174 1.649000
175 1.655000
176 1.661000
177 1.667000
178 1.673000
179 1.679000
180 1.685000
181 1.691000
182 1.697000
183 1.703000
184 1.709000
185 1.715000
186 1.721000
187 1.727000
188 1.733000
189 1.739000
190 1.745000
191 1.751000
192 1.757000
193 1.763000
194 1.769000
195 1.775000
196 1.781000
197 1.787000
198 1.793000
199 1.799000
200 1.805000
201 1.811000
202 1.817000
203 1.823000
204 1.829000
205 1.835000
206 1.841000
207 1.847000
208 1.853000
209 1.859000
210 1.865000
211 1.871000
212 1.877000
213 1.883000
214 1.899000
215 1.905000
216 1.911000
217 1.917000
218 1.923000
219 1.939000
220 1.945000
221 1.951000
222 1.957000
223 1.963000
224 1.979000
225 1.985000
226 1.991000
227 1.997000
228 2.003000
229 2.019000
230 2.025000
231 2.031000
232 2.037000
233 2.043000
234 2.059000
235 2.065000
236 2.071000
237 2.077000
238 2.083000
239 2.091000
240 2.101000
241 2.111000
242 2.117000
243 2.123000
244 2.139000
245 2.145000
246 2.151000
247 2.157000
248 2.163000
249 2.179000
250 2.185000
251 2.191000
252 2.197000
253 2.203000
254 2.219000
255 2.225000
256 2.231000
257 2.237000
258 2.243000
259 2.259000
260 2.265000
261 2.271000
262 2.277000
263 2.283000
264 2.373000
265 2.381000
266 2.389000
267 2.397000
268 2.405000
269 2.413000
270 2.421000
271 2.429000
272 2.437000
273 2.443000
274 2.449000
275 2.455000
276 2.461000
277 2.467000
278 2.473000
279 2.479000
280 2.485000
281 2.491000
282 2.497000
283 2.503000
284 2.509000
285 2.515000
286 2.521000
287 2.527000
288 2.533000
289 2.539000
290 2.545000
291 2.551000
292 2.557000
293 2.563000
294 2.569000
295 2.575000
296 2.581000
297 2.587000
298 2.593000
299 2.599000
300 2.605000
301 2.611000
302 2.617000
303 2.623000
304 2.629000
305 2.635000
306 2.641000
307 2.647000
308 2.653000
309 2.659000
310 2.665000
311 2.671000
312 2.677000
313 2.775000
314 2.781000
315 2.789000
316 2.795000
317 2.803000
318 2.809000
319 2.817000
320 2.823000
321 2.831000
322 2.837000
323 2.843000
324 2.849000
325 2.855000
326 2.861000
327 2.867000
328 2.873000
329 2.879000
330 2.885000
331 2.891000
332 2.897000
333 2.903000
334 2.909000
335 2.915000
336 2.921000
337 2.927000
338 2.933000
339 2.939000
340 2.945000
341 2.951000
342 2.957000
343 2.963000
344 2.969000
345 2.975000
346 2.981000
347 2.987000
348 2.993000
349 2.999000
350 3.005000
351 3.011000
352 3.017000
353 3.023000
354 3.029000
355 3.035000
356 3.041000
357 3.047000
358 3.053000
359 3.059000
360 3.065000
361 3.071000
362 3.167000
363 3.175000
364 3.181000
365 3.189000
366 3.195000
367 3.203000
368 3.209000
369 3.217000
370 3.225000
371 3.231000
372 3.237000
373 3.243000
374 3.249000
375 3.255000
376 3.261000
377 3.267000
378 3.273000
379 3.279000
380 3.285000
381 3.291000
382 3.297000
383 3.303000
384 3.309000
385 3.315000
386 3.321000
387 3.327000
388 3.333000
389 3.339000
390 3.345000
391 3.351000
392 3.357000
393 3.363000
394 3.369000
395 3.375000
396 3.381000
397 3.387000
398 3.393000
399 3.399000
400 3.405000
401 3.411000
402 3.417000
403 3.423000
404 3.429000
405 3.435000
406 3.441000
407 3.447000
408 3.453000
409 3.459000
410 3.465000
411 3.471000
412 3.569000
413 3.575000
414 3.583000
415 3.589000
416 3.597000
417 3.603000
418 3.611000
419 3.617000
420 3.625000
421 3.631000
422 3.637000
423 3.643000
424 3.649000
425 3.655000
426 3.661000
427 3.667000
428 3.673000
429 3.679000
430 3.685000
431 3.691000
432 3.697000
433 3.703000
434 3.709000
435 3.715000
436 3.721000
437 3.727000
438 3.733000
439 3.739000
440 3.745000
441 3.751000
442 3.757000
443 3.763000
444 3.769000
445 3.775000
446 3.781000
447 3.787000
448 3.793000
449 3.799000
450 3.805000
451 3.811000
452 3.817000
453 3.823000
454 3.829000
455 3.835000
456 3.841000
457 3.847000
458 3.853000
459 3.859000
460 3.865000
461 3.871000
462 3.969000
463 3.975000
464 3.983000
465 3.989000
466 3.997000
467 4.003000
468 4.011000
469 4.017000
470 4.025000
471 4.031000
472 4.037000
473 4.043000
474 4.049000
475 4.055000
476 4.061000
477 4.067000
478 4.073000
479 4.079000
480 4.085000
481 4.091000
482 4.097000
483 4.103000
484 4.109000
485 4.115000
486 4.121000
487 4.127000
488 4.133000
489 4.139000
490 4.145000
491 4.151000
492 4.157000
493 4.163000
494 4.169000
495 4.175000
496 4.181000
497 4.187000
498 4.193000
499 4.199000
500 4.205000
501 4.211000
502 4.217000
503 4.223000
504 4.229000
505 4.235000
506 4.241000
507 4.247000
508 4.253000
509 4.259000
510 4.265000
511 4.271000
512 4.369000
513 4.375000
514 4.383000
515 4.389000
516 4.397000
517 4.403000
518 4.411000
519 4.417000
520 4.425000
521 4.431000
522 4.437000
523 4.443000
524 4.449000
525 4.455000
526 4.461000
527 4.467000
528 4.473000
529 4.479000
530 4.485000
531 4.491000
532 4.497000
533 4.503000
534 4.509000
535 4.515000
536 4.521000
537 4.527000
538 4.533000
539 4.539000
540 4.545000
541 4.551000
542 4.557000
543 4.563000
544 4.569000
545 4.575000
546 4.581000
547 4.587000
548 4.593000
549 4.599000
550 4.605000
551 4.611000
552 4.617000
553 4.623000
554 4.629000
555 4.635000
556 4.641000
557 4.647000
558 4.653000
559 4.659000
560 4.665000
561 4.671000
562 4.769000
563 4.775000
564 4.783000
565 4.789000
566 4.797000
567 4.803000
568 4.811000
569 4.817000
570 4.825000
571 4.831000
572 4.837000
573 4.843000
574 4.849000
575 4.855000
576 4.861000
577 4.867000
578 4.873000
579 4.879000
580 4.885000
581 4.891000
582 4.897000
583 4.903000
584 4.909000
585 4.915000
586 4.921000
587 4.927000
588 4.933000
589 4.939000
590 4.945000
591 4.951000
592 4.957000
593 4.963000
594 4.969000
595 4.975000
596 4.981000
597 4.987000
598 4.993000
599 4.999000
600 5.005000
601 5.011000
602 5.017000
603 5.023000
604 5.029000
605 5.035000
606 5.041000
607 5.047000
608 5.053000
609 5.059000
610 5.065000
611 5.071000
612 5.169000
613 5.175000
614 5.183000
615 5.189000
616 5.197000
617 5.203000
618 5.211000
619 5.217000
620 5.225000
621 5.231000
622 5.237000
623 5.243000
624 5.249000
625 5.255000
626 5.261000
627 5.267000
628 5.273000
629 5.279000
630 5.285000
631 5.291000
632 5.297000
633 5.303000
634 5.309000
635 5.315000
636 5.321000
637 5.327000
638 5.333000
639 5.339000
640 5.345000
641 5.351000
642 5.357000
643 5.363000
644 5.369000
645 5.375000
646 5.381000
647 5.387000
648 5.393000
649 5.399000
650 5.405000
651 5.411000
652 5.417000
653 5.423000
654 5.429000
655 5.435000
656 5.441000
657 5.447000
658 5.453000
659 5.459000
660 5.465000
661 5.471000
662 5.569000
663 5.575000
664 5.583000
665 5.589000
666 5.597000
667 5.603000
668 5.611000
669 5.617000
670 5.625000
671 5.631000
672 5.637000
673 5.643000
674 5.649000
675 5.655000
676 5.661000
677 5.667000
678 5.673000
679 5.679000
680 5.685000
681 5.691000
682 5.697000
683 5.703000
684 5.709000
685 5.715000
686 5.721000
687 5.727000
688 5.733000
689 5.739000
690 5.745000
691 5.751000
692 5.757000
693 5.763000
694 5.769000
695 5.775000
696 5.781000
697 5.787000
698 5.793000
699 5.799000
700 5.805000
701 5.811000
702 5.817000
703 5.823000
704 5.829000
705 5.835000
706 5.841000
707 5.847000
708 5.853000
709 5.859000
710 5.865000
711 5.871000
712 5.887000
713 5.893000
714 5.899000
715 5.905000
716 5.911000
717 5.927000
718 5.933000
719 5.939000
720 5.945000
721 5.951000
722 5.967000
723 5.973000
724 5.979000
725 5.985000
726 5.991000
727 6.007000
728 6.013000
729 6.019000
730 6.025000
731 6.031000
732 6.047000
733 6.053000
734 6.059000
735 6.065000
736 6.071000
737 6.081000
738 6.091000
739 6.099000
740 6.105000
741 6.111000
742 6.127000
743 6.133000
744 6.139000
745 6.145000
746 6.151000
747 6.167000
748 6.173000
749 6.179000
750 6.185000
751 6.191000
752 6.207000
753 6.213000
754 6.219000
755 6.225000
756 6.231000
757 6.247000
758 6.253000
759 6.259000
760 6.265000
761 6.271000
762 6.361000
763 6.369000
764 6.377000
765 6.385000
766 6.393000
767 6.401000
768 6.409000
769 6.417000
770 6.425000
771 6.431000
772 6.437000
773 6.443000
774 6.449000
775 6.455000
776 6.461000
777 6.467000
778 6.473000
779 6.479000
780 6.485000
781 6.491000
782 6.497000
783 6.503000
784 6.509000
785 6.515000
786 6.521000
787 6.527000
788 6.533000
789 6.539000
790 6.545000
791 6.551000
792 6.557000
793 6.563000
794 6.569000
795 6.575000
796 6.581000
797 6.587000
798 6.593000
799 6.599000
800 6.605000
801 6.611000
802 6.617000
803 6.623000
804 6.629000
805 6.635000
806 6.641000
807 6.647000
808 6.653000
809 6.659000
810 6.665000
811 6.671000
812 6.769000
813 6.775000
814 6.783000
815 6.789000
816 6.797000
817 6.803000
818 6.811000
819 6.817000
820 6.825000
821 6.831000
822 6.837000
823 6.843000
824 6.849000
825 6.855000
826 6.861000
827 6.867000
828 6.873000
829 6.879000
830 6.885000
831 6.891000
832 6.897000
833 6.903000
834 6.909000
835 6.915000
836 6.921000
837 6.927000
838 6.933000
839 6.939000
840 6.945000
841 6.951000
842 6.957000
843 6.963000
844 6.969000
845 6.975000
846 6.981000
847 6.987000
848 6.993000
849 6.999000
850 7.005000
851 7.011000
852 7.017000
853 7.023000
854 7.029000
855 7.035000
856 7.041000
857 7.047000
858 7.053000
859 7.059000
860 7.065000
861 7.071000
862 7.169000
863 7.175000
864 7.183000
865 7.189000
866 7.197000
867 7.203000
868 7.211000
869 7.217000
870 7.225000
871 7.231000
872 7.237000
873 7.243000
874 7.249000
875 7.255000
876 7.261000
877 7.267000
878 7.273000
879 7.279000
880 7.285000
881 7.291000
882 7.297000
883 7.303000
884 7.309000
885 7.315000
886 7.321000
887 7.327000
888 7.333000
889 7.339000
890 7.345000
891 7.351000
892 7.357000
893 7.363000
894 7.369000
895 7.375000
896 7.381000
897 7.387000
898 7.393000
899 7.399000
900 7.405000
901 7.411000
902 7.417000
903 7.423000
904 7.429000
905 7.435000
906 7.441000
907 7.447000
908 7.453000
909 7.459000
910 7.465000
911 7.471000
912 7.569000
913 7.575000
914 7.583000
915 7.589000
916 7.597000
917 7.603000
918 7.611000
919 7.617000
920 7.625000
921 7.631000
922 7.637000
923 7.643000
924 7.649000
925 7.655000
926 7.661000
927 7.667000
928 7.673000
929 7.679000
930 7.685000
931 7.691000
932 7.697000
933 7.703000
934 7.709000
935 7.715000
936 7.721000
937 7.727000
938 7.733000
939 7.739000
940 7.745000
941 7.751000
942 7.757000
943 7.763000
944 7.769000
945 7.775000
946 7.781000
947 7.787000
948 7.793000
949 7.799000
950 7.805000
951 7.811000
952 7.817000
953 7.823000
954 7.829000
955 7.835000
956 7.841000
957 7.847000
958 7.853000
959 7.859000
960 7.865000
961 7.871000
962 7.969000
963 7.975000
964 7.983000
965 7.989000
966 7.997000
967 8.003000
968 8.011000
969 8.017000
970 8.025000
971 8.031000
972 8.037000
973 8.043000
974 8.049000
975 8.055000
976 8.061000
977 8.067000
978 8.073000
979 8.079000
980 8.085000
981 8.091000
982 8.097000
983 8.103000
984 8.109000
985 8.115000
986 8.121000
987 8.127000
988 8.133000
989 8.139000
990 8.145000
991 8.151000
992 8.157000
993 8.163000
994 8.169000
995 8.175000
996 8.181000
997 8.187000
998 8.193000
999 8.199000
1000 8.205000
1001 8.211000
1002 8.217000
1003 8.223000
1004 8.229000
1005 8.235000
1006 8.241000
1007 8.247000
1008 8.253000
1009 8.259000
1010 8.265000
1011 8.271000
1012 8.369000
1013 8.375000
1014 8.383000
1015 8.389000
1016 8.397000
1017 8.403000
1018 8.411000
1019 8.417000
1020 8.425000
1021 8.431000
1022 8.437000
1023 8.443000
1024 8.449000
1025 8.455000
1026 8.461000
1027 8.467000
1028 8.473000
1029 8.479000
1030 8.485000
1031 8.491000
1032 8.497000
1033 8.503000
1034 8.509000
1035 8.515000
1036 8.521000
1037 8.527000
1038 8.533000
1039 8.539000
1040 8.545000
1041 8.551000
1042 8.557000
1043 8.563000
1044 8.569000
1045 8.575000
1046 8.581000
1047 8.587000
1048 8.593000
1049 8.599000
1050 8.605000
1051 8.611000
1052 8.617000
1053 8.623000
1054 8.629000
1055 8.635000
1056 8.641000
1057 8.647000
1058 8.653000
1059 8.659000
1060 8.665000
1061 8.671000
1062 8.769000
1063 8.775000
1064 8.783000
1065 8.789000
1066 8.797000
1067 8.803000
1068 8.811000
1069 8.817000
1070 8.825000
1071 8.831000
1072 8.837000
1073 8.843000
1074 8.849000
1075 8.855000
1076 8.861000
1077 8.867000
1078 8.873000
1079 8.879000
1080 8.885000
1081 8.891000
1082 8.897000
1083 8.903000
1084 8.909000
1085 8.915000
1086 8.921000
1087 8.927000
1088 8.933000
1089 8.939000
1090 8.945000
1091 8.951000
1092 8.957000
1093 8.963000
1094 8.969000
1095 8.975000
1096 8.981000
1097 8.987000
1098 8.993000
1099 8.999000
1100 9.005000
1101 9.011000
1102 9.017000
1103 9.023000
1104 9.029000
1105 9.035000
1106 9.041000
1107 9.047000
1108 9.053000
1109 9.059000
1110 9.065000
1111 9.071000
1112 9.169000
1113 9.175000
1114 9.183000
1115 9.189000
1116 9.197000
1117 9.203000
1118 9.211000
1119 9.217000
1120 9.225000
1121 9.231000
1122 9.237000
1123 9.243000
1124 9.249000
1125 9.255000
1126 9.261000
1127 9.267000
1128 9.273000
1129 9.279000
1130 9.285000
1131 9.291000
1132 9.297000
1133 9.303000
1134 9.309000
1135 9.315000
1136 9.321000
1137 9.327000
1138 9.333000
1139 9.339000
1140 9.345000
1141 9.351000
1142 9.357000
1143 9.363000
1144 9.369000
1145 9.375000
1146 9.381000
1147 9.387000
1148 9.393000
1149 9.399000
1150 9.405000
1151 9.411000
1152 9.417000
1153 9.423000
1154 9.429000
1155 9.435000
1156 9.441000
1157 9.447000
1158 9.453000
1159 9.459000
1160 9.465000
1161 9.471000
1162 9.569000
1163 9.575000
1164 9.583000
1165 9.589000
1166 9.597000
1167 9.603000
1168 9.611000
1169 9.617000
1170 9.625000
1171 9.631000
1172 9.637000
1173 9.643000
1174 9.649000
1175 9.655000
1176 9.661000
1177 9.667000
1178 9.673000
1179 9.679000
1180 9.685000
1181 9.691000
1182 9.697000
1183 9.703000
1184 9.709000
1185 9.715000
1186 9.721000
1187 9.727000
1188 9.733000
1189 9.739000
1190 9.745000
1191 9.751000
1192 9.757000
1193 9.763000
1194 9.769000
1195 9.775000
1196 9.781000
1197 9.787000
1198 9.793000
1199 9.799000
1200 9.805000
1201 9.811000
1202 9.817000
1203 9.823000
1204 9.829000
1205 9.835000
1206 9.841000
1207 9.847000
1208 9.853000
1209 9.859000
1210 9.865000
1211 9.871000
1212 9.887000
1213 9.893000
1214 9.899000
1215 9.905000
1216 9.911000
1217 9.927000
1218 9.933000
1219 9.939000
1220 9.945000
1221 9.951000
1222 9.967000
1223 9.973000
1224 9.979000
1225 9.985000
1226 9.991000
1227 10.007000
1228 10.013000
1229 10.019000
1230 10.025000
1231 10.031000
1232 10.047000
1233 10.053000
1234 10.059000
1235 10.065000
1236 10.071000
1237 10.081000
1238 10.091000
1239 10.099000
1240 10.105000
1241 10.111000
1242 10.127000
1243 10.133000
1244 10.139000
1245 10.145000
1246 10.151000
1247 10.167000
1248 10.173000
1249 10.179000
1250 10.185000
1251 10.191000
1252 10.207000
1253 10.213000
1254 10.219000
1255 10.225000
1256 10.231000
1257 10.247000
1258 10.253000
1259 10.259000
1260 10.265000
1261 10.271000
1262 10.361000
1263 10.367000
1264 10.375000
1265 10.383000
1266 10.393000
1267 10.401000
1268 10.407000
1269 10.415000
1270 10.423000
1271 10.431000
1272 10.437000
1273 10.443000
1274 10.449000
1275 10.455000
1276 10.461000
1277 10.467000
1278 10.473000
1279 10.479000
1280 10.485000
1281 10.491000
1282 10.497000
1283 10.503000
1284 10.509000
1285 10.515000
1286 10.521000
1287 10.527000
1288 10.533000
1289 10.539000
1290 10.545000
1291 10.551000
1292 10.557000
1293 10.563000
1294 10.569000
1295 10.575000
1296 10.581000
1297 10.587000
1298 10.593000
1299 10.599000
1300 10.605000
1301 10.611000
1302 10.617000
1303 10.623000
1304 10.629000
1305 10.635000
1306 10.641000
1307 10.647000
1308 10.653000
1309 10.659000
1310 10.665000
1311 10.671000
1312 10.767000
1313 10.775000
1314 10.781000
1315 10.789000
1316 10.795000
1317 10.803000
1318 10.811000
1319 10.817000
1320 10.825000
1321 10.831000
1322 10.837000
1323 10.843000
1324 10.849000
1325 10.855000
1326 10.861000
1327 10.867000
1328 10.873000
1329 10.879000
1330 10.885000
1331 10.891000
1332 10.897000
1333 10.903000
1334 10.909000
1335 10.915000
1336 10.921000
1337 10.927000
1338 10.933000
1339 10.939000
1340 10.945000
1341 10.951000
1342 10.957000
1343 10.963000
1344 10.969000
1345 10.975000
1346 10.981000
1347 10.987000
1348 10.993000
1349 10.999000
1350 11.005000
1351 11.011000
1352 11.017000
1353 11.023000
1354 11.029000
1355 11.035000
1356 11.041000
1357 11.047000
1358 11.053000
1359 11.059000
1360 11.065000
1361 11.071000
1362 11.167000
1363 11.175000
1364 11.181000
1365 11.189000
1366 11.195000
1367 11.203000
1368 11.211000
1369 11.217000
1370 11.225000
1371 11.231000
1372 11.237000
1373 11.243000
1374 11.249000
1375 11.255000
1376 11.261000
1377 11.267000
1378 11.273000
1379 11.279000
1380 11.285000
1381 11.291000
1382 11.297000
1383 11.303000
1384 11.309000
1385 11.315000
1386 11.321000
1387 11.327000
1388 11.333000
1389 11.339000
1390 11.345000
1391 11.351000
1392 11.357000
1393 11.363000
1394 11.369000
1395 11.375000
1396 11.381000
1397 11.387000
1398 11.393000
1399 11.399000
1400 11.405000
1401 11.411000
1402 11.417000
1403 11.423000
1404 11.429000
1405 11.435000
1406 11.441000
1407 11.447000
1408 11.453000
1409 11.459000
1410 11.465000
1411 11.471000
1412 11.567000
1413 11.575000
1414 11.581000
1415 11.589000
1416 11.595000
1417 11.603000
1418 11.611000
1419 11.617000
1420 11.625000
1421 11.631000
1422 11.637000
1423 11.643000
1424 11.649000
1425 11.655000
1426 11.661000
1427 11.667000
1428 11.673000
1429 11.679000
1430 11.685000
1431 11.691000
1432 11.697000
1433 11.703000
1434 11.709000
1435 11.715000
1436 11.721000
1437 11.727000
1438 11.733000
1439 11.739000
1440 11.745000
1441 11.751000
1442 11.757000
1443 11.763000
1444 11.769000
1445 11.775000
1446 11.781000
1447 11.787000
1448 11.793000
1449 11.799000
1450 11.805000
1451 11.811000
1452 11.817000
1453 11.823000
1454 11.829000
1455 11.835000
1456 11.841000
1457 11.847000
1458 11.853000
1459 11.859000
1460 11.865000
1461 11.871000
1462 11.967000
1463 11.975000
1464 11.981000
1465 11.989000
1466 11.995000
1467 12.003000
1468 12.011000
1469 12.017000
1470 12.025000
1471 12.031000
1472 12.037000
1473 12.043000
1474 12.049000
1475 12.055000
1476 12.061000
1477 12.067000
1478 12.073000
1479 12.079000
1480 12.085000
1481 12.091000
1482 12.097000
1483 12.103000
1484 12.109000
1485 12.115000
1486 12.121000
1487 12.127000
