0 0.113000
1 0.115000
2 0.123000
3 0.125000
4 0.133000
5 0.135000
6 0.143000
7 0.151000
8 0.153000
9 0.155000
10 0.163000
11 0.165000
12 0.185000
13 0.187000
14 0.189000
15 0.191000
16 0.193000
17 0.219000
18 0.221000
19 0.223000
20 0.225000
21 0.227000
22 0.259000
23 0.267000
24 0.275000
25 0.283000
26 0.291000
27 0.299000
28 0.301000
29 0.303000
30 0.305000
31 0.307000
32 0.339000
33 0.341000
34 0.343000
35 0.345000
36 0.347000
37 0.379000
38 0.381000
39 0.383000
40 0.385000
41 0.387000
42 0.419000
43 0.421000
44 0.423000
45 0.425000
46 0.427000
47 0.459000
48 0.461000
49 0.463000
50 0.465000
51 0.467000
52 0.469000
53 0.471000
54 0.473000
55 0.475000
56 0.477000
57 0.479000
58 0.481000
59 0.483000
60 0.485000
61 0.487000
62 0.489000
63 0.491000
64 0.493000
65 0.495000
66 0.497000
67 0.499000
68 0.501000
69 0.503000
70 0.505000
71 0.507000
72 0.509000
73 0.511000
74 0.513000
75 0.515000
76 0.517000
77 0.519000
78 0.521000
79 0.523000
80 0.525000
81 0.527000
82 0.529000
83 0.531000
84 0.533000
85 0.535000
86 0.543000
87 0.545000
88 0.553000
89 0.555000
90 0.563000
91 0.565000
92 0.573000
93 0.575000
94 0.583000
95 0.585000
96 0.593000
97 0.769000
98 0.771000
99 0.773000
100 0.775000
101 0.777000
102 0.779000
103 0.781000
104 0.783000
105 0.785000
106 0.787000
107 0.789000
108 0.791000
109 0.793000
110 0.795000
111 0.797000
112 0.799000
113 0.801000
114 0.803000
115 0.805000
116 0.807000
117 0.809000
118 0.811000
119 0.813000
120 0.815000
121 0.817000
122 0.819000
123 0.821000
124 0.823000
125 0.825000
126 0.827000
127 0.829000
128 0.831000
129 0.833000
130 0.835000
131 0.837000
132 0.839000
133 0.841000
134 0.843000
135 0.845000
136 0.847000
138 0.849000
140 0.851000
142 0.853000
144 0.855000
146 0.857000
149 0.859000
152 0.861000
156 0.869000
160 0.883000
163 0.891000
166 1.121000
167 1.123000
168 1.125000
169 1.127000
170 1.129000
171 1.131000
172 1.133000
173 1.135000
174 1.137000
175 1.139000
176 1.141000
177 1.143000
178 1.145000
179 1.147000
180 1.149000
181 1.151000
182 1.153000
183 1.155000
184 1.157000
185 1.159000
186 1.161000
187 1.163000
188 1.165000
190 1.167000
191 1.169000
193 1.171000
195 1.173000
197 1.175000
199 1.177000
201 1.179000
203 1.181000
205 1.183000
207 1.185000
209 1.187000
211 1.189000
213 1.191000
215 1.193000
217 1.195000
219 1.197000
221 1.199000
223 1.201000
225 1.203000
228 1.205000
231 1.207000
234 1.209000
237 1.211000
241 1.219000
245 1.233000
248 1.247000
251 1.255000
254 1.497000
255 1.499000
256 1.501000
257 1.503000
258 1.505000
259 1.507000
260 1.509000
261 1.511000
262 1.513000
263 1.515000
264 1.517000
265 1.519000
266 1.521000
267 1.523000
268 1.525000
269 1.527000
270 1.529000
271 1.531000
272 1.533000
274 1.535000
275 1.537000
277 1.539000
279 1.541000
281 1.543000
283 1.545000
285 1.547000
287 1.549000
289 1.551000
291 1.553000
293 1.555000
295 1.557000
297 1.559000
299 1.561000
301 1.563000
303 1.565000
305 1.567000
307 1.569000
309 1.571000
311 1.573000
313 1.575000
315 1.577000
318 1.579000
321 1.581000
324 1.583000
327 1.585000
331 1.587000
335 1.601000
339 1.615000
342 1.629000
345 1.637000
348 1.885000
349 1.887000
350 1.889000
351 1.891000
352 1.893000
353 1.925000
354 1.927000
355 1.929000
356 1.931000
357 1.933000
358 1.965000
359 1.967000
360 1.969000
361 1.971000
362 1.973000
363 2.005000
364 2.007000
366 2.009000
367 2.011000
369 2.013000
371 2.045000
373 2.047000
375 2.049000
377 2.051000
379 2.053000
381 2.085000
383 2.093000
385 2.095000
387 2.103000
389 2.105000
391 2.125000
393 2.127000
395 2.129000
397 2.131000
399 2.133000
401 2.165000
403 2.167000
405 2.169000
407 2.171000
409 2.173000
412 2.205000
415 2.207000
418 2.209000
421 2.211000
424 2.213000
428 2.245000
432 2.247000
436 2.249000
439 2.251000
442 2.253000
445 2.285000
447 2.287000
449 2.289000
451 2.291000
453 2.293000
455 2.295000
457 2.297000
459 2.299000
461 2.301000
464 2.303000
465 2.305000
467 2.307000
470 2.309000
472 2.311000
474 2.313000
475 2.315000
477 2.317000
479 2.319000
481 2.321000
483 2.323000
485 2.325000
487 2.327000
489 2.329000
491 2.331000
493 2.333000
495 2.335000
497 2.337000
500 2.339000
502 2.341000
503 2.343000
505 2.345000
507 2.347000
509 2.349000
511 2.351000
513 2.353000
515 2.355000
517 2.357000
519 2.359000
521 2.361000
523 2.363000
525 2.365000
527 2.367000
529 2.375000
531 2.383000
533 2.391000
535 2.399000
537 2.407000
539 2.415000
541 2.423000
543 2.431000
545 2.679000
546 2.681000
547 2.683000
548 2.685000
549 2.687000
550 2.689000
551 2.691000
552 2.693000
553 2.695000
554 2.697000
555 2.699000
556 2.701000
557 2.703000
558 2.705000
559 2.707000
560 2.709000
561 2.711000
562 2.713000
564 2.715000
566 2.717000
568 2.719000
570 2.721000
572 2.723000
574 2.725000
576 2.727000
578 2.729000
580 2.731000
582 2.733000
584 2.735000
586 2.737000
588 2.739000
590 2.741000
592 2.743000
594 2.745000
596 2.747000
598 2.749000
600 2.751000
602 2.753000
604 2.755000
606 2.757000
609 2.759000
612 2.761000
615 2.763000
618 2.765000
621 2.767000
625 2.769000
629 2.783000
633 2.797000
637 2.811000
640 2.825000
643 3.073000
644 3.075000
645 3.077000
646 3.079000
647 3.081000
648 3.083000
649 3.085000
650 3.087000
651 3.089000
652 3.091000
653 3.093000
654 3.095000
655 3.097000
656 3.099000
657 3.101000
658 3.103000
660 3.105000
661 3.107000
663 3.109000
665 3.111000
667 3.113000
669 3.115000
671 3.117000
673 3.119000
675 3.121000
677 3.123000
679 3.125000
681 3.127000
683 3.129000
685 3.131000
687 3.133000
689 3.135000
691 3.137000
693 3.139000
695 3.141000
697 3.143000
699 3.145000
701 3.147000
703 3.149000
705 3.151000
708 3.153000
711 3.155000
714 3.157000
717 3.159000
720 3.161000
724 3.169000
728 3.183000
732 3.197000
736 3.211000
739 3.219000
742 3.473000
743 3.475000
744 3.477000
745 3.479000
746 3.481000
747 3.483000
748 3.485000
749 3.487000
750 3.489000
751 3.491000
752 3.493000
753 3.495000
754 3.497000
755 3.499000
756 3.501000
757 3.503000
758 3.505000
760 3.507000
762 3.509000
764 3.511000
766 3.513000
768 3.515000
770 3.517000
772 3.519000
774 3.521000
776 3.523000
778 3.525000
780 3.527000
782 3.529000
784 3.531000
786 3.533000
788 3.535000
790 3.537000
792 3.539000
794 3.541000
796 3.543000
798 3.545000
800 3.547000
802 3.549000
804 3.551000
807 3.553000
810 3.555000
813 3.557000
816 3.559000
819 3.561000
823 3.563000
827 3.577000
831 3.591000
835 3.605000
839 3.619000
842 3.873000
843 3.875000
844 3.877000
845 3.879000
846 3.881000
847 3.883000
848 3.885000
849 3.887000
850 3.889000
851 3.891000
852 3.893000
853 3.895000
854 3.897000
855 3.899000
856 3.901000
857 3.903000
858 3.905000
860 3.907000
862 3.909000
864 3.911000
866 3.913000
868 3.915000
870 3.917000
872 3.919000
874 3.921000
876 3.923000
878 3.925000
880 3.927000
882 3.929000
884 3.931000
886 3.933000
888 3.935000
890 3.937000
892 3.939000
894 3.941000
896 3.943000
898 3.945000
900 3.947000
902 3.949000
904 3.951000
907 3.953000
910 3.955000
913 3.957000
916 3.959000
919 3.961000
923 3.963000
927 3.977000
931 3.991000
935 4.005000
939 4.019000
942 4.273000
943 4.275000
944 4.277000
945 4.279000
946 4.281000
947 4.283000
948 4.285000
949 4.287000
950 4.289000
951 4.291000
952 4.293000
953 4.295000
954 4.297000
955 4.299000
956 4.301000
957 4.303000
958 4.305000
960 4.307000
962 4.309000
964 4.311000
966 4.313000
968 4.315000
970 4.317000
972 4.319000
974 4.321000
976 4.323000
978 4.325000
980 4.327000
982 4.329000
984 4.331000
986 4.333000
988 4.335000
990 4.337000
992 4.339000
994 4.341000
996 4.343000
998 4.345000
1000 4.347000
1002 4.349000
1004 4.351000
1007 4.353000
1010 4.355000
1013 4.357000
1016 4.359000
1019 4.361000
1023 4.363000
1027 4.377000
1031 4.391000
1035 4.405000
1039 4.419000
1042 4.673000
1043 4.675000
1044 4.677000
1045 4.679000
1046 4.681000
1047 4.683000
1048 4.685000
1049 4.687000
1050 4.689000
1051 4.691000
1052 4.693000
1053 4.695000
1054 4.697000
1055 4.699000
1056 4.701000
1057 4.703000
1058 4.705000
1060 4.707000
1062 4.709000
1064 4.711000
1066 4.713000
1068 4.715000
1070 4.717000
1072 4.719000
1074 4.721000
1076 4.723000
1078 4.725000
1080 4.727000
1082 4.729000
1084 4.731000
1086 4.733000
1088 4.735000
1090 4.737000
1092 4.739000
1094 4.741000
1096 4.743000
1098 4.745000
1100 4.747000
1102 4.749000
1104 4.751000
1107 4.753000
1110 4.755000
1113 4.757000
1116 4.759000
1119 4.761000
1123 4.763000
1127 4.777000
1131 4.791000
1135 4.805000
1139 4.819000
1142 5.073000
1143 5.075000
1144 5.077000
1145 5.079000
1146 5.081000
1147 5.083000
1148 5.085000
1149 5.087000
1150 5.089000
1151 5.091000
1152 5.093000
1153 5.095000
1154 5.097000
1155 5.099000
1156 5.101000
1157 5.103000
1158 5.105000
1160 5.107000
1162 5.109000
1164 5.111000
1166 5.113000
1168 5.115000
1170 5.117000
1172 5.119000
1174 5.121000
1176 5.123000
1178 5.125000
1180 5.127000
1182 5.129000
1184 5.131000
1186 5.133000
1188 5.135000
1190 5.137000
1192 5.139000
1194 5.141000
1196 5.143000
1198 5.145000
1200 5.147000
1202 5.149000
1204 5.151000
1207 5.153000
1210 5.155000
1213 5.157000
1216 5.159000
1219 5.161000
1223 5.163000
1227 5.177000
1231 5.191000
1235 5.205000
1239 5.219000
1242 5.473000
1243 5.475000
1244 5.477000
1245 5.479000
1246 5.481000
1247 5.483000
1248 5.485000
1249 5.487000
1250 5.489000
1251 5.491000
1252 5.493000
1253 5.495000
1254 5.497000
1255 5.499000
1256 5.501000
1257 5.503000
1258 5.505000
1260 5.507000
1262 5.509000
1264 5.511000
1266 5.513000
1268 5.515000
1270 5.517000
1272 5.519000
1274 5.521000
1276 5.523000
1278 5.525000
1280 5.527000
1282 5.529000
1284 5.531000
1286 5.533000
1288 5.535000
1290 5.537000
1292 5.539000
1294 5.541000
1296 5.543000
1298 5.545000
1300 5.547000
1302 5.549000
1304 5.551000
1307 5.553000
1310 5.555000
1313 5.557000
1316 5.559000
1319 5.561000
1323 5.563000
1327 5.577000
1331 5.591000
1335 5.605000
1339 5.619000
1342 5.873000
1343 5.875000
1344 5.877000
1345 5.879000
1346 5.881000
1347 5.913000
1348 5.915000
1349 5.917000
1350 5.919000
1351 5.921000
1352 5.953000
1353 5.955000
1354 5.957000
1355 5.959000
1356 5.961000
1357 5.993000
1358 5.995000
1360 5.997000
1362 5.999000
1364 6.001000
1366 6.033000
1368 6.035000
1370 6.037000
1372 6.039000
1374 6.041000
1376 6.073000
1378 6.075000
1380 6.083000
1382 6.085000
1384 6.093000
1386 6.113000
1388 6.115000
1390 6.117000
1392 6.119000
1394 6.121000
1396 6.153000
1398 6.155000
1400 6.157000
1402 6.159000
1404 6.161000
1407 6.193000
1410 6.195000
1413 6.197000
1416 6.199000
1419 6.201000
1423 6.233000
1427 6.235000
1431 6.237000
1435 6.239000
1439 6.241000
1442 6.273000
1444 6.275000
1446 6.277000
1448 6.279000
1450 6.281000
1452 6.283000
1454 6.285000
1456 6.287000
1458 6.289000
1461 6.291000
1462 6.293000
1464 6.295000
1466 6.297000
1468 6.299000
1470 6.301000
1472 6.303000
1474 6.305000
1476 6.307000
1478 6.309000
1480 6.311000
1482 6.313000
1484 6.315000
1486 6.317000
1488 6.319000
1490 6.321000
1492 6.323000
1494 6.325000
1497 6.327000
1499 6.329000
1500 6.331000
1502 6.333000
1504 6.335000
1506 6.337000
1508 6.339000
1510 6.341000
1512 6.343000
1514 6.345000
1516 6.347000
1518 6.349000
1520 6.351000
1522 6.353000
1524 6.355000
1526 6.363000
1528 6.371000
1530 6.379000
1532 6.387000
1534 6.395000
1536 6.403000
1538 6.411000
1540 6.419000
1542 6.673000
1543 6.675000
1544 6.677000
1545 6.679000
1546 6.681000
1547 6.683000
1548 6.685000
1549 6.687000
1550 6.689000
1551 6.691000
1552 6.693000
1553 6.695000
1554 6.697000
1555 6.699000
1556 6.701000
1557 6.703000
1558 6.705000
1560 6.707000
1562 6.709000
1564 6.711000
1566 6.713000
1568 6.715000
1570 6.717000
1572 6.719000
1574 6.721000
1576 6.723000
1578 6.725000
1580 6.727000
1582 6.729000
1584 6.731000
1586 6.733000
1588 6.735000
1590 6.737000
1592 6.739000
1594 6.741000
1596 6.743000
1598 6.745000
1600 6.747000
1602 6.749000
1604 6.751000
1607 6.753000
1610 6.755000
1613 6.757000
1616 6.759000
1619 6.761000
1623 6.763000
1627 6.777000
1631 6.791000
1635 6.805000
1639 6.819000
1642 7.073000
1643 7.075000
1644 7.077000
1645 7.079000
1646 7.081000
1647 7.083000
1648 7.085000
1649 7.087000
1650 7.089000
1651 7.091000
1652 7.093000
1653 7.095000
1654 7.097000
1655 7.099000
1656 7.101000
1657 7.103000
1658 7.105000
1660 7.107000
1662 7.109000
1664 7.111000
1666 7.113000
1668 7.115000
1670 7.117000
1672 7.119000
1674 7.121000
1676 7.123000
1678 7.125000
1680 7.127000
1682 7.129000
1684 7.131000
1686 7.133000
1688 7.135000
1690 7.137000
1692 7.139000
1694 7.141000
1696 7.143000
1698 7.145000
1700 7.147000
1702 7.149000
1704 7.151000
1707 7.153000
1710 7.155000
1713 7.157000
1716 7.159000
1719 7.161000
1723 7.163000
1727 7.177000
1731 7.191000
1735 7.205000
1739 7.219000
1742 7.473000
1743 7.475000
1744 7.477000
1745 7.479000
1746 7.481000
1747 7.483000
1748 7.485000
1749 7.487000
1750 7.489000
1751 7.491000
1752 7.493000
1753 7.495000
1754 7.497000
1755 7.499000
1756 7.501000
1757 7.503000
1758 7.505000
1760 7.507000
1762 7.509000
1764 7.511000
1766 7.513000
1768 7.515000
1770 7.517000
1772 7.519000
1774 7.521000
1776 7.523000
1778 7.525000
1780 7.527000
1782 7.529000
1784 7.531000
1786 7.533000
1788 7.535000
1790 7.537000
1792 7.539000
1794 7.541000
1796 7.543000
1798 7.545000
1800 7.547000
1802 7.549000
1804 7.551000
1807 7.553000
1810 7.555000
1813 7.557000
1816 7.559000
1819 7.561000
1823 7.563000
1827 7.577000
1831 7.591000
1835 7.605000
1839 7.619000
1842 7.873000
1843 7.875000
1844 7.877000
1845 7.879000
1846 7.881000
1847 7.883000
1848 7.885000
1849 7.887000
1850 7.889000
1851 7.891000
1852 7.893000
1853 7.895000
1854 7.897000
1855 7.899000
1856 7.901000
1857 7.903000
1858 7.905000
1860 7.907000
1862 7.909000
1864 7.911000
1866 7.913000
1868 7.915000
1870 7.917000
1872 7.919000
1874 7.921000
1876 7.923000
1878 7.925000
1880 7.927000
1882 7.929000
1884 7.931000
1886 7.933000
1888 7.935000
1890 7.937000
1892 7.939000
1894 7.941000
1896 7.943000
1898 7.945000
1900 7.947000
1902 7.949000
1904 7.951000
1907 7.953000
1910 7.955000
1913 7.957000
1916 7.959000
1919 7.961000
1923 7.963000
1927 7.977000
1931 7.991000
1935 8.005000
1939 8.019000
1942 8.273000
1943 8.275000
1944 8.277000
1945 8.279000
1946 8.281000
1947 8.283000
1948 8.285000
1949 8.287000
1950 8.289000
1951 8.291000
1952 8.293000
1953 8.295000
1954 8.297000
1955 8.299000
1956 8.301000
1957 8.303000
1958 8.305000
1960 8.307000
1962 8.309000
1964 8.311000
1966 8.313000
1968 8.315000
1970 8.317000
1972 8.319000
1974 8.321000
1976 8.323000
1978 8.325000
1980 8.327000
1982 8.329000
1984 8.331000
1986 8.333000
1988 8.335000
1990 8.337000
1992 8.339000
1994 8.341000
1996 8.343000
1998 8.345000
2000 8.347000
2002 8.349000
2004 8.351000
2007 8.353000
2010 8.355000
2013 8.357000
2016 8.359000
2019 8.361000
2023 8.363000
2027 8.377000
2031 8.391000
2035 8.405000
2039 8.419000
2042 8.673000
2043 8.675000
2044 8.677000
2045 8.679000
2046 8.681000
2047 8.683000
2048 8.685000
2049 8.687000
2050 8.689000
2051 8.691000
2052 8.693000
2053 8.695000
2054 8.697000
2055 8.699000
2056 8.701000
2057 8.703000
2058 8.705000
2060 8.707000
2062 8.709000
2064 8.711000
2066 8.713000
2068 8.715000
2070 8.717000
2072 8.719000
2074 8.721000
2076 8.723000
2078 8.725000
2080 8.727000
2082 8.729000
2084 8.731000
2086 8.733000
2088 8.735000
2090 8.737000
2092 8.739000
2094 8.741000
2096 8.743000
2098 8.745000
2100 8.747000
2102 8.749000
2105 8.751000
2108 8.753000
2111 8.755000
2114 8.757000
2117 8.759000
2120 8.761000
2124 8.763000
2128 8.777000
2132 8.791000
2136 8.805000
2139 8.819000
2142 9.073000
2143 9.075000
2144 9.077000
2145 9.079000
2146 9.081000
2147 9.083000
2148 9.085000
2149 9.087000
2150 9.089000
2151 9.091000
2152 9.093000
2153 9.095000
2154 9.097000
2155 9.099000
2156 9.101000
2157 9.103000
2159 9.105000
2160 9.107000
2162 9.109000
2164 9.111000
2166 9.113000
2168 9.115000
2170 9.117000
2172 9.119000
2174 9.121000
2176 9.123000
2178 9.125000
2180 9.127000
2182 9.129000
2184 9.131000
2186 9.133000
2188 9.135000
2190 9.137000
2192 9.139000
2194 9.141000
2196 9.143000
2198 9.145000
2200 9.147000
2202 9.149000
2205 9.151000
2208 9.153000
2211 9.155000
2214 9.157000
2217 9.159000
2220 9.161000
2224 9.163000
2228 9.177000
2232 9.191000
2236 9.205000
2239 9.219000
2242 9.473000
2243 9.475000
2244 9.477000
2245 9.479000
2246 9.481000
2247 9.483000
2248 9.485000
2249 9.487000
2250 9.489000
2251 9.491000
2252 9.493000
2253 9.495000
2254 9.497000
2255 9.499000
2256 9.501000
2257 9.503000
2259 9.505000
2260 9.507000
2262 9.509000
2264 9.511000
2266 9.513000
2268 9.515000
2270 9.517000
2272 9.519000
2274 9.521000
2276 9.523000
2278 9.525000
2280 9.527000
2282 9.529000
2284 9.531000
2286 9.533000
2288 9.535000
2290 9.537000
2292 9.539000
2294 9.541000
2296 9.543000
2298 9.545000
2300 9.547000
2302 9.549000
2305 9.551000
2308 9.553000
2311 9.555000
2314 9.557000
2317 9.559000
2320 9.561000
2324 9.563000
2328 9.577000
2332 9.591000
2336 9.605000
2339 9.619000
2342 9.873000
2343 9.875000
2344 9.877000
2345 9.879000
2346 9.881000
2347 9.913000
2348 9.915000
2349 9.917000
2350 9.919000
2351 9.921000
2352 9.953000
2353 9.955000
2354 9.957000
2355 9.959000
2356 9.961000
2358 9.993000
2359 9.995000
2361 9.997000
2363 9.999000
2365 10.001000
2367 10.033000
2369 10.035000
2371 10.037000
2373 10.039000
2375 10.041000
2377 10.073000
2379 10.075000
2381 10.083000
2383 10.085000
2385 10.093000
2387 10.113000
2389 10.115000
2391 10.117000
2393 10.119000
2395 10.121000
2397 10.153000
2399 10.155000
2401 10.157000
2403 10.159000
2405 10.161000
2408 10.193000
2411 10.195000
2414 10.197000
2417 10.199000
2421 10.201000
2425 10.233000
2429 10.235000
2433 10.237000
2436 10.239000
2439 10.241000
2442 10.273000
2444 10.275000
2446 10.277000
2448 10.279000
2450 10.281000
2452 10.283000
2454 10.285000
2456 10.287000
2458 10.289000
2460 10.291000
2462 10.293000
2464 10.295000
2467 10.297000
2469 10.299000
2471 10.301000
2472 10.303000
2474 10.305000
2477 10.307000
2479 10.309000
2481 10.311000
2482 10.313000
2484 10.315000
2487 10.317000
2489 10.319000
2491 10.321000
2492 10.323000
2495 10.325000
2497 10.327000
2499 10.329000
2501 10.331000
2502 10.333000
2504 10.335000
2507 10.337000
2509 10.339000
2511 10.341000
2512 10.343000
2514 10.345000
2517 10.347000
2519 10.349000
2521 10.351000
2522 10.353000
2524 10.355000
2527 10.369000
2529 10.377000
2531 10.385000
2532 10.387000
2534 10.395000
2537 10.409000
2539 10.417000
2541 10.425000
2542 10.673000
2543 10.675000
2544 10.677000
2545 10.679000
2546 10.681000
2547 10.683000
2548 10.685000
2549 10.687000
2550 10.689000
2551 10.691000
2552 10.693000
2553 10.695000
2554 10.697000
2555 10.699000
2556 10.701000
2558 10.703000
2559 10.705000
2561 10.707000
2563 10.709000
2565 10.711000
2567 10.713000
2569 10.715000
2571 10.717000
2573 10.719000
2575 10.721000
2577 10.723000
2579 10.725000
2581 10.727000
2583 10.729000
2585 10.731000
2587 10.733000
2589 10.735000
2591 10.737000
2593 10.739000
2595 10.741000
2597 10.743000
2599 10.745000
2601 10.747000
2603 10.749000
2605 10.751000
2608 10.753000
2611 10.755000
2614 10.757000
2617 10.759000
2621 10.761000
2625 10.769000
2629 10.783000
2633 10.797000
2636 10.805000
2639 10.819000
2642 11.073000
2643 11.075000
2644 11.077000
2645 11.079000
2646 11.081000
2647 11.083000
2648 11.085000
2649 11.087000
2650 11.089000
2651 11.091000
2652 11.093000
2653 11.095000
2654 11.097000
2655 11.099000
2656 11.101000
2658 11.103000
2659 11.105000
2661 11.107000
2663 11.109000
2665 11.111000
2667 11.113000
2669 11.115000
2671 11.117000
2673 11.119000
2675 11.121000
2677 11.123000
2679 11.125000
2681 11.127000
2683 11.129000
2685 11.131000
2687 11.133000
2689 11.135000
2691 11.137000
2693 11.139000
2695 11.141000
2697 11.143000
2699 11.145000
2701 11.147000
2703 11.149000
2705 11.151000
2708 11.153000
2711 11.155000
2714 11.157000
2717 11.159000
2721 11.161000
2725 11.169000
2729 11.183000
2733 11.197000
2736 11.205000
2739 11.219000
2742 11.473000
2743 11.475000
2744 11.477000
2745 11.479000
2746 11.481000
2747 11.483000
2748 11.485000
2749 11.487000
2750 11.489000
2751 11.491000
2752 11.493000
2753 11.495000
2754 11.497000
2755 11.499000
2756 11.501000
2758 11.503000
2759 11.505000
2761 11.507000
2763 11.509000
2765 11.511000
2767 11.513000
2769 11.515000
2771 11.517000
2773 11.519000
2775 11.521000
2777 11.523000
2779 11.525000
2781 11.527000
2783 11.529000
2785 11.531000
2787 11.533000
2789 11.535000
2791 11.537000
2793 11.539000
2795 11.541000
2797 11.543000
2799 11.545000
2801 11.547000
2803 11.549000
2805 11.551000
2808 11.553000
2811 11.555000
2814 11.557000
2817 11.559000
2821 11.561000
2825 11.569000
2829 11.583000
2833 11.597000
2836 11.605000
2839 11.619000
2842 11.873000
2843 11.875000
2844 11.877000
2845 11.879000
2846 11.881000
2847 11.883000
2848 11.885000
2849 11.887000
2850 11.889000
2851 11.891000
2852 11.893000
2853 11.895000
2854 11.897000
2855 11.899000
2856 11.901000
2858 11.903000
2859 11.905000
2861 11.907000
2863 11.909000
2865 11.911000
2867 11.913000
2869 11.915000
2871 11.917000
2873 11.919000
2875 11.921000
2877 11.923000
2879 11.925000
2881 11.927000
2883 11.929000
2885 11.931000
2887 11.933000
2889 11.935000
2891 11.937000
2893 11.939000
2895 11.941000
2897 11.943000
2899 11.945000
2901 11.947000
2903 11.949000
2905 11.951000
2908 11.953000
2911 11.955000
2914 11.957000
2917 11.959000
2921 11.961000
2925 11.969000
2929 11.983000
2933 11.997000
2936 12.005000
2939 12.019000
2942 12.129000
2943 12.131000
2944 12.133000
2945 12.135000
2946 12.137000
2947 12.139000
2948 12.141000
2949 12.143000
2950 12.145000
2951 12.147000
2952 12.149000
2953 12.151000
2954 12.153000
2955 12.155000
2956 12.157000
2958 12.159000
2959 12.161000
2961 12.163000
2963 12.165000
2965 12.167000
2967 12.169000
2969 12.171000
2971 12.173000
2973 12.175000
2975 12.177000
