0 0.107000
1 0.117000
2 0.127000
3 0.137000
4 0.145000
5 0.157000
6 0.167000
7 0.173000
8 0.179000
9 0.195000
10 0.201000
11 0.207000
12 0.213000
13 0.229000
14 0.235000
15 0.241000
16 0.247000
17 0.253000
18 0.261000
19 0.269000
20 0.277000
21 0.285000
22 0.293000
23 0.309000
24 0.315000
25 0.321000
26 0.327000
27 0.333000
28 0.349000
29 0.355000
30 0.361000
31 0.367000
32 0.373000
33 0.389000
34 0.395000
35 0.401000
36 0.407000
37 0.413000
38 0.429000
39 0.435000
40 0.441000
41 0.447000
42 0.453000
43 0.537000
44 0.547000
45 0.557000
46 0.567000
47 0.577000
48 0.587000
49 0.595000
50 0.601000
51 0.607000
52 0.613000
53 0.619000
54 0.625000
55 0.631000
56 0.637000
57 0.643000
58 0.649000
59 0.655000
60 0.661000
61 0.667000
62 0.673000
63 0.679000
64 0.685000
65 0.691000
66 0.697000
67 0.703000
68 0.709000
69 0.715000
70 0.721000
71 0.727000
72 0.733000
73 0.739000
74 0.745000
75 0.751000
76 0.757000
77 0.763000
78 0.863000
79 0.871000
80 0.877000
81 0.885000
82 0.893000
83 0.899000
84 0.905000
85 0.911000
86 0.917000
87 0.923000
88 0.929000
89 0.935000
90 0.941000
91 0.947000
92 0.953000
93 0.959000
94 0.965000
95 0.971000
96 0.977000
97 0.983000
98 0.989000
99 0.995000
100 1.001000
101 1.007000
102 1.013000
103 1.019000
104 1.025000
105 1.031000
106 1.037000
107 1.043000
108 1.049000
109 1.055000
110 1.061000
111 1.067000
112 1.073000
113 1.079000
114 1.085000
115 1.091000
116 1.097000
117 1.103000
118 1.109000
119 1.115000
120 1.213000
121 1.221000
122 1.227000
123 1.235000
124 1.241000
125 1.249000
126 1.257000
127 1.263000
128 1.269000
129 1.275000
130 1.281000
131 1.287000
132 1.293000
133 1.299000
134 1.305000
135 1.311000
136 1.317000
137 1.323000
138 1.329000
139 1.335000
140 1.341000
141 1.347000
142 1.353000
143 1.359000
144 1.365000
145 1.371000
146 1.377000
147 1.383000
148 1.389000
149 1.395000
150 1.401000
151 1.407000
152 1.413000
153 1.419000
154 1.425000
155 1.431000
156 1.437000
157 1.443000
158 1.449000
159 1.455000
160 1.461000
161 1.467000
162 1.473000
163 1.479000
164 1.485000
165 1.491000
166 1.589000
167 1.595000
168 1.603000
169 1.609000
170 1.617000
171 1.623000
172 1.631000
173 1.639000
174 1.645000
175 1.651000
176 1.657000
177 1.663000
178 1.669000
179 1.675000
180 1.681000
181 1.687000
182 1.693000
183 1.699000
184 1.705000
185 1.711000
186 1.717000
187 1.723000
188 1.729000
189 1.735000
190 1.741000
191 1.747000
192 1.753000
193 1.759000
194 1.765000
195 1.771000
196 1.777000
197 1.783000
198 1.789000
199 1.795000
200 1.801000
201 1.807000
202 1.813000
203 1.819000
204 1.825000
205 1.831000
206 1.837000
207 1.843000
208 1.849000
209 1.855000
210 1.861000
211 1.867000
212 1.873000
213 1.879000
214 1.895000
215 1.901000
216 1.907000
217 1.913000
218 1.919000
219 1.935000
220 1.941000
221 1.947000
222 1.953000
223 1.959000
224 1.975000
225 1.981000
226 1.987000
227 1.993000
228 1.999000
229 2.015000
230 2.021000
231 2.027000
232 2.033000
233 2.039000
234 2.055000
235 2.061000
236 2.067000
237 2.073000
238 2.079000
239 2.087000
240 2.097000
241 2.107000
242 2.113000
243 2.119000
244 2.135000
245 2.141000
246 2.147000
247 2.153000
248 2.159000
249 2.175000
250 2.181000
251 2.187000
252 2.193000
253 2.199000
254 2.215000
255 2.221000
256 2.227000
257 2.233000
258 2.239000
259 2.255000
260 2.261000
261 2.267000
262 2.273000
263 2.279000
264 2.369000
265 2.377000
266 2.385000
267 2.393000
268 2.401000
269 2.409000
270 2.417000
271 2.425000
272 2.433000
273 2.439000
274 2.445000
275 2.451000
276 2.457000
277 2.463000
278 2.469000
279 2.475000
280 2.481000
281 2.487000
282 2.493000
283 2.499000
284 2.505000
285 2.511000
286 2.517000
287 2.523000
288 2.529000
289 2.535000
290 2.541000
291 2.547000
292 2.553000
293 2.559000
294 2.565000
295 2.571000
296 2.577000
297 2.583000
298 2.589000
299 2.595000
300 2.601000
301 2.607000
302 2.613000
303 2.619000
304 2.625000
305 2.631000
306 2.637000
307 2.643000
308 2.649000
309 2.655000
310 2.661000
311 2.667000
312 2.673000
313 2.771000
314 2.777000
315 2.785000
316 2.791000
317 2.799000
318 2.805000
319 2.813000
320 2.819000
321 2.827000
322 2.833000
323 2.839000
324 2.845000
325 2.851000
326 2.857000
327 2.863000
328 2.869000
329 2.875000
330 2.881000
331 2.887000
332 2.893000
333 2.899000
334 2.905000
335 2.911000
336 2.917000
337 2.923000
338 2.929000
339 2.935000
340 2.941000
341 2.947000
342 2.953000
343 2.959000
344 2.965000
345 2.971000
346 2.977000
347 2.983000
348 2.989000
349 2.995000
350 3.001000
351 3.007000
352 3.013000
353 3.019000
354 3.025000
355 3.031000
356 3.037000
357 3.043000
358 3.049000
359 3.055000
360 3.061000
361 3.067000
362 3.163000
363 3.171000
364 3.177000
365 3.185000
366 3.191000
367 3.199000
368 3.205000
369 3.213000
370 3.221000
371 3.227000
372 3.233000
373 3.239000
374 3.245000
375 3.251000
376 3.257000
377 3.263000
378 3.269000
379 3.275000
380 3.281000
381 3.287000
382 3.293000
383 3.299000
384 3.305000
385 3.311000
386 3.317000
387 3.323000
388 3.329000
389 3.335000
390 3.341000
391 3.347000
392 3.353000
393 3.359000
394 3.365000
395 3.371000
396 3.377000
397 3.383000
398 3.389000
399 3.395000
400 3.401000
401 3.407000
402 3.413000
403 3.419000
404 3.425000
405 3.431000
406 3.437000
407 3.443000
408 3.449000
409 3.455000
410 3.461000
411 3.467000
412 3.565000
413 3.571000
414 3.579000
415 3.585000
416 3.593000
417 3.599000
418 3.607000
419 3.613000
420 3.621000
421 3.627000
422 3.633000
423 3.639000
424 3.645000
425 3.651000
426 3.657000
427 3.663000
428 3.669000
429 3.675000
430 3.681000
431 3.687000
432 3.693000
433 3.699000
434 3.705000
435 3.711000
436 3.717000
437 3.723000
438 3.729000
439 3.735000
440 3.741000
441 3.747000
442 3.753000
443 3.759000
444 3.765000
445 3.771000
446 3.777000
447 3.783000
448 3.789000
449 3.795000
450 3.801000
451 3.807000
452 3.813000
453 3.819000
454 3.825000
455 3.831000
456 3.837000
457 3.843000
458 3.849000
459 3.855000
460 3.861000
461 3.867000
462 3.965000
463 3.971000
464 3.979000
465 3.985000
466 3.993000
467 3.999000
468 4.007000
469 4.013000
470 4.021000
471 4.027000
472 4.033000
473 4.039000
474 4.045000
475 4.051000
476 4.057000
477 4.063000
478 4.069000
479 4.075000
480 4.081000
481 4.087000
482 4.093000
483 4.099000
484 4.105000
485 4.111000
486 4.117000
487 4.123000
488 4.129000
489 4.135000
490 4.141000
491 4.147000
492 4.153000
493 4.159000
494 4.165000
495 4.171000
496 4.177000
497 4.183000
498 4.189000
499 4.195000
500 4.201000
501 4.207000
502 4.213000
503 4.219000
504 4.225000
505 4.231000
506 4.237000
507 4.243000
508 4.249000
509 4.255000
510 4.261000
511 4.267000
512 4.365000
513 4.371000
514 4.379000
515 4.385000
516 4.393000
517 4.399000
518 4.407000
519 4.413000
520 4.421000
521 4.427000
522 4.433000
523 4.439000
524 4.445000
525 4.451000
526 4.457000
527 4.463000
528 4.469000
529 4.475000
530 4.481000
531 4.487000
532 4.493000
533 4.499000
534 4.505000
535 4.511000
536 4.517000
537 4.523000
538 4.529000
539 4.535000
540 4.541000
541 4.547000
542 4.553000
543 4.559000
544 4.565000
545 4.571000
546 4.577000
547 4.583000
548 4.589000
549 4.595000
550 4.601000
551 4.607000
552 4.613000
553 4.619000
554 4.625000
555 4.631000
556 4.637000
557 4.643000
558 4.649000
559 4.655000
560 4.661000
561 4.667000
562 4.765000
563 4.771000
564 4.779000
565 4.785000
566 4.793000
567 4.799000
568 4.807000
569 4.813000
570 4.821000
571 4.827000
572 4.833000
573 4.839000
574 4.845000
575 4.851000
576 4.857000
577 4.863000
578 4.869000
579 4.875000
580 4.881000
581 4.887000
582 4.893000
583 4.899000
584 4.905000
585 4.911000
586 4.917000
587 4.923000
588 4.929000
589 4.935000
590 4.941000
591 4.947000
592 4.953000
593 4.959000
594 4.965000
595 4.971000
596 4.977000
597 4.983000
598 4.989000
599 4.995000
600 5.001000
601 5.007000
602 5.013000
603 5.019000
604 5.025000
605 5.031000
606 5.037000
607 5.043000
608 5.049000
609 5.055000
610 5.061000
611 5.067000
612 5.165000
613 5.171000
614 5.179000
615 5.185000
616 5.193000
617 5.199000
618 5.207000
619 5.213000
620 5.221000
621 5.227000
622 5.233000
623 5.239000
624 5.245000
625 5.251000
626 5.257000
627 5.263000
628 5.269000
629 5.275000
630 5.281000
631 5.287000
632 5.293000
633 5.299000
634 5.305000
635 5.311000
636 5.317000
637 5.323000
638 5.329000
639 5.335000
640 5.341000
641 5.347000
642 5.353000
643 5.359000
644 5.365000
645 5.371000
646 5.377000
647 5.383000
648 5.389000
649 5.395000
650 5.401000
651 5.407000
652 5.413000
653 5.419000
654 5.425000
655 5.431000
656 5.437000
657 5.443000
658 5.449000
659 5.455000
660 5.461000
661 5.467000
662 5.565000
663 5.571000
664 5.579000
665 5.585000
666 5.593000
667 5.599000
668 5.607000
669 5.613000
670 5.621000
671 5.627000
672 5.633000
673 5.639000
674 5.645000
675 5.651000
676 5.657000
677 5.663000
678 5.669000
679 5.675000
680 5.681000
681 5.687000
682 5.693000
683 5.699000
684 5.705000
685 5.711000
686 5.717000
687 5.723000
688 5.729000
689 5.735000
690 5.741000
691 5.747000
692 5.753000
693 5.759000
694 5.765000
695 5.771000
696 5.777000
697 5.783000
698 5.789000
699 5.795000
700 5.801000
701 5.807000
702 5.813000
703 5.819000
704 5.825000
705 5.831000
706 5.837000
707 5.843000
708 5.849000
709 5.855000
710 5.861000
711 5.867000
712 5.883000
713 5.889000
714 5.895000
715 5.901000
716 5.907000
717 5.923000
718 5.929000
719 5.935000
720 5.941000
721 5.947000
722 5.963000
723 5.969000
724 5.975000
725 5.981000
726 5.987000
727 6.003000
728 6.009000
729 6.015000
730 6.021000
731 6.027000
732 6.043000
733 6.049000
734 6.055000
735 6.061000
736 6.067000
737 6.077000
738 6.087000
739 6.095000
740 6.101000
741 6.107000
742 6.123000
743 6.129000
744 6.135000
745 6.141000
746 6.147000
747 6.163000
748 6.169000
749 6.175000
750 6.181000
751 6.187000
752 6.203000
753 6.209000
754 6.215000
755 6.221000
756 6.227000
757 6.243000
758 6.249000
759 6.255000
760 6.261000
761 6.267000
762 6.357000
763 6.365000
764 6.373000
765 6.381000
766 6.389000
767 6.397000
768 6.405000
769 6.413000
770 6.421000
771 6.427000
772 6.433000
773 6.439000
774 6.445000
775 6.451000
776 6.457000
777 6.463000
778 6.469000
779 6.475000
780 6.481000
781 6.487000
782 6.493000
783 6.499000
784 6.505000
785 6.511000
786 6.517000
787 6.523000
788 6.529000
789 6.535000
790 6.541000
791 6.547000
792 6.553000
793 6.559000
794 6.565000
795 6.571000
796 6.577000
797 6.583000
798 6.589000
799 6.595000
800 6.601000
801 6.607000
802 6.613000
803 6.619000
804 6.625000
805 6.631000
806 6.637000
807 6.643000
808 6.649000
809 6.655000
810 6.661000
811 6.667000
812 6.765000
813 6.771000
814 6.779000
815 6.785000
816 6.793000
817 6.799000
818 6.807000
819 6.813000
820 6.821000
821 6.827000
822 6.833000
823 6.839000
824 6.845000
825 6.851000
826 6.857000
827 6.863000
828 6.869000
829 6.875000
830 6.881000
831 6.887000
832 6.893000
833 6.899000
834 6.905000
835 6.911000
836 6.917000
837 6.923000
838 6.929000
839 6.935000
840 6.941000
841 6.947000
842 6.953000
843 6.959000
844 6.965000
845 6.971000
846 6.977000
847 6.983000
848 6.989000
849 6.995000
850 7.001000
851 7.007000
852 7.013000
853 7.019000
854 7.025000
855 7.031000
856 7.037000
857 7.043000
858 7.049000
859 7.055000
860 7.061000
861 7.067000
862 7.165000
863 7.171000
864 7.179000
865 7.185000
866 7.193000
867 7.199000
868 7.207000
869 7.213000
870 7.221000
871 7.227000
872 7.233000
873 7.239000
874 7.245000
875 7.251000
876 7.257000
877 7.263000
878 7.269000
879 7.275000
880 7.281000
881 7.287000
882 7.293000
883 7.299000
884 7.305000
885 7.311000
886 7.317000
887 7.323000
888 7.329000
889 7.335000
890 7.341000
891 7.347000
892 7.353000
893 7.359000
894 7.365000
895 7.371000
896 7.377000
897 7.383000
898 7.389000
899 7.395000
900 7.401000
901 7.407000
902 7.413000
903 7.419000
904 7.425000
905 7.431000
906 7.437000
907 7.443000
908 7.449000
909 7.455000
910 7.461000
911 7.467000
912 7.565000
913 7.571000
914 7.579000
915 7.585000
916 7.593000
917 7.599000
918 7.607000
919 7.613000
920 7.621000
921 7.627000
922 7.633000
923 7.639000
924 7.645000
925 7.651000
926 7.657000
927 7.663000
928 7.669000
929 7.675000
930 7.681000
931 7.687000
932 7.693000
933 7.699000
934 7.705000
935 7.711000
936 7.717000
937 7.723000
938 7.729000
939 7.735000
940 7.741000
941 7.747000
942 7.753000
943 7.759000
944 7.765000
945 7.771000
946 7.777000
947 7.783000
948 7.789000
949 7.795000
950 7.801000
951 7.807000
952 7.813000
953 7.819000
954 7.825000
955 7.831000
956 7.837000
957 7.843000
958 7.849000
959 7.855000
960 7.861000
961 7.867000
962 7.965000
963 7.971000
964 7.979000
965 7.985000
966 7.993000
967 7.999000
968 8.007000
969 8.013000
970 8.021000
971 8.027000
972 8.033000
973 8.039000
974 8.045000
975 8.051000
976 8.057000
977 8.063000
978 8.069000
979 8.075000
980 8.081000
981 8.087000
982 8.093000
983 8.099000
984 8.105000
985 8.111000
986 8.117000
987 8.123000
988 8.129000
989 8.135000
990 8.141000
991 8.147000
992 8.153000
993 8.159000
994 8.165000
995 8.171000
996 8.177000
997 8.183000
998 8.189000
999 8.195000
1000 8.201000
1001 8.207000
1002 8.213000
1003 8.219000
1004 8.225000
1005 8.231000
1006 8.237000
1007 8.243000
1008 8.249000
1009 8.255000
1010 8.261000
1011 8.267000
1012 8.365000
1013 8.371000
1014 8.379000
1015 8.385000
1016 8.393000
1017 8.399000
1018 8.407000
1019 8.413000
1020 8.421000
1021 8.427000
1022 8.433000
1023 8.439000
1024 8.445000
1025 8.451000
1026 8.457000
1027 8.463000
1028 8.469000
1029 8.475000
1030 8.481000
1031 8.487000
1032 8.493000
1033 8.499000
1034 8.505000
1035 8.511000
1036 8.517000
1037 8.523000
1038 8.529000
1039 8.535000
1040 8.541000
1041 8.547000
1042 8.553000
1043 8.559000
1044 8.565000
1045 8.571000
1046 8.577000
1047 8.583000
1048 8.589000
1049 8.595000
1050 8.601000
1051 8.607000
1052 8.613000
1053 8.619000
1054 8.625000
1055 8.631000
1056 8.637000
1057 8.643000
1058 8.649000
1059 8.655000
1060 8.661000
1061 8.667000
1062 8.765000
1063 8.771000
1064 8.779000
1065 8.785000
1066 8.793000
1067 8.799000
1068 8.807000
1069 8.813000
1070 8.821000
1071 8.827000
1072 8.833000
1073 8.839000
1074 8.845000
1075 8.851000
1076 8.857000
1077 8.863000
1078 8.869000
1079 8.875000
1080 8.881000
1081 8.887000
1082 8.893000
1083 8.899000
1084 8.905000
1085 8.911000
1086 8.917000
1087 8.923000
1088 8.929000
1089 8.935000
1090 8.941000
1091 8.947000
1092 8.953000
1093 8.959000
1094 8.965000
1095 8.971000
1096 8.977000
1097 8.983000
1098 8.989000
1099 8.995000
1100 9.001000
1101 9.007000
1102 9.013000
1103 9.019000
1104 9.025000
1105 9.031000
1106 9.037000
1107 9.043000
1108 9.049000
1109 9.055000
1110 9.061000
1111 9.067000
1112 9.165000
1113 9.171000
1114 9.179000
1115 9.185000
1116 9.193000
1117 9.199000
1118 9.207000
1119 9.213000
1120 9.221000
1121 9.227000
1122 9.233000
1123 9.239000
1124 9.245000
1125 9.251000
1126 9.257000
1127 9.263000
1128 9.269000
1129 9.275000
1130 9.281000
1131 9.287000
1132 9.293000
1133 9.299000
1134 9.305000
1135 9.311000
1136 9.317000
1137 9.323000
1138 9.329000
1139 9.335000
1140 9.341000
1141 9.347000
1142 9.353000
1143 9.359000
1144 9.365000
1145 9.371000
1146 9.377000
1147 9.383000
1148 9.389000
1149 9.395000
1150 9.401000
1151 9.407000
1152 9.413000
1153 9.419000
1154 9.425000
1155 9.431000
1156 9.437000
1157 9.443000
1158 9.449000
1159 9.455000
1160 9.461000
1161 9.467000
1162 9.565000
1163 9.571000
1164 9.579000
1165 9.585000
1166 9.593000
1167 9.599000
1168 9.607000
1169 9.613000
1170 9.621000
1171 9.627000
1172 9.633000
1173 9.639000
1174 9.645000
1175 9.651000
1176 9.657000
1177 9.663000
1178 9.669000
1179 9.675000
1180 9.681000
1181 9.687000
1182 9.693000
1183 9.699000
1184 9.705000
1185 9.711000
1186 9.717000
1187 9.723000
1188 9.729000
1189 9.735000
1190 9.741000
1191 9.747000
1192 9.753000
1193 9.759000
1194 9.765000
1195 9.771000
1196 9.777000
1197 9.783000
1198 9.789000
1199 9.795000
1200 9.801000
1201 9.807000
1202 9.813000
1203 9.819000
1204 9.825000
1205 9.831000
1206 9.837000
1207 9.843000
1208 9.849000
1209 9.855000
1210 9.861000
1211 9.867000
1212 9.883000
1213 9.889000
1214 9.895000
1215 9.901000
1216 9.907000
1217 9.923000
1218 9.929000
1219 9.935000
1220 9.941000
1221 9.947000
1222 9.963000
1223 9.969000
1224 9.975000
1225 9.981000
1226 9.987000
1227 10.003000
1228 10.009000
1229 10.015000
1230 10.021000
1231 10.027000
1232 10.043000
1233 10.049000
1234 10.055000
1235 10.061000
1236 10.067000
1237 10.077000
1238 10.087000
1239 10.095000
1240 10.101000
1241 10.107000
1242 10.123000
1243 10.129000
1244 10.135000
1245 10.141000
1246 10.147000
1247 10.163000
1248 10.169000
1249 10.175000
1250 10.181000
1251 10.187000
1252 10.203000
1253 10.209000
1254 10.215000
1255 10.221000
1256 10.227000
1257 10.243000
1258 10.249000
1259 10.255000
1260 10.261000
1261 10.267000
1262 10.357000
1263 10.363000
1264 10.371000
1265 10.379000
1266 10.389000
1267 10.397000
1268 10.403000
1269 10.411000
1270 10.419000
1271 10.427000
1272 10.433000
1273 10.439000
1274 10.445000
1275 10.451000
1276 10.457000
1277 10.463000
1278 10.469000
1279 10.475000
1280 10.481000
1281 10.487000
1282 10.493000
1283 10.499000
1284 10.505000
1285 10.511000
1286 10.517000
1287 10.523000
1288 10.529000
1289 10.535000
1290 10.541000
1291 10.547000
1292 10.553000
1293 10.559000
1294 10.565000
1295 10.571000
1296 10.577000
1297 10.583000
1298 10.589000
1299 10.595000
1300 10.601000
1301 10.607000
1302 10.613000
1303 10.619000
1304 10.625000
1305 10.631000
1306 10.637000
1307 10.643000
1308 10.649000
1309 10.655000
1310 10.661000
1311 10.667000
1312 10.763000
1313 10.771000
1314 10.777000
1315 10.785000
1316 10.791000
1317 10.799000
1318 10.807000
1319 10.813000
1320 10.821000
1321 10.827000
1322 10.833000
1323 10.839000
1324 10.845000
1325 10.851000
1326 10.857000
1327 10.863000
1328 10.869000
1329 10.875000
1330 10.881000
1331 10.887000
1332 10.893000
1333 10.899000
1334 10.905000
1335 10.911000
1336 10.917000
1337 10.923000
1338 10.929000
1339 10.935000
1340 10.941000
1341 10.947000
1342 10.953000
1343 10.959000
1344 10.965000
1345 10.971000
1346 10.977000
1347 10.983000
1348 10.989000
1349 10.995000
1350 11.001000
1351 11.007000
1352 11.013000
1353 11.019000
1354 11.025000
1355 11.031000
1356 11.037000
1357 11.043000
1358 11.049000
1359 11.055000
1360 11.061000
1361 11.067000
1362 11.163000
1363 11.171000
1364 11.177000
1365 11.185000
1366 11.191000
1367 11.199000
1368 11.207000
1369 11.213000
1370 11.221000
1371 11.227000
1372 11.233000
1373 11.239000
1374 11.245000
1375 11.251000
1376 11.257000
1377 11.263000
1378 11.269000
1379 11.275000
1380 11.281000
1381 11.287000
1382 11.293000
1383 11.299000
1384 11.305000
1385 11.311000
1386 11.317000
1387 11.323000
1388 11.329000
1389 11.335000
1390 11.341000
1391 11.347000
1392 11.353000
1393 11.359000
1394 11.365000
1395 11.371000
1396 11.377000
1397 11.383000
1398 11.389000
1399 11.395000
1400 11.401000
1401 11.407000
1402 11.413000
1403 11.419000
1404 11.425000
1405 11.431000
1406 11.437000
1407 11.443000
1408 11.449000
1409 11.455000
1410 11.461000
1411 11.467000
1412 11.563000
1413 11.571000
1414 11.577000
1415 11.585000
1416 11.591000
1417 11.599000
1418 11.607000
1419 11.613000
1420 11.621000
1421 11.627000
1422 11.633000
1423 11.639000
1424 11.645000
1425 11.651000
1426 11.657000
1427 11.663000
1428 11.669000
1429 11.675000
1430 11.681000
1431 11.687000
1432 11.693000
1433 11.699000
1434 11.705000
1435 11.711000
1436 11.717000
1437 11.723000
1438 11.729000
1439 11.735000
1440 11.741000
1441 11.747000
1442 11.753000
1443 11.759000
1444 11.765000
1445 11.771000
1446 11.777000
1447 11.783000
1448 11.789000
1449 11.795000
1450 11.801000
1451 11.807000
1452 11.813000
1453 11.819000
1454 11.825000
1455 11.831000
1456 11.837000
1457 11.843000
1458 11.849000
1459 11.855000
1460 11.861000
1461 11.867000
1462 11.963000
1463 11.971000
1464 11.977000
1465 11.985000
1466 11.991000
1467 11.999000
1468 12.007000
1469 12.013000
1470 12.021000
1471 12.027000
1472 12.033000
1473 12.039000
1474 12.045000
1475 12.051000
1476 12.057000
1477 12.063000
1478 12.069000
1479 12.075000
1480 12.081000
1481 12.087000
1482 12.093000
1483 12.099000
1484 12.105000
1485 12.111000
1486 12.117000
1487 12.123000
