0.100000	0.000000
0.120240	-0.002000
0.138480	0.000000
0.138480	0.006000
0.138480	0.006000
0.156720	-0.012000
0.162720	0.002000
0.168720	0.002000
0.174960	0.001760
0.174960	0.006000
0.182960	-0.002000
0.182960	0.006000
0.190960	-0.002000
0.190960	0.006000
0.198960	-0.002000
0.204960	0.000000
0.210960	-0.000000
0.216960	0.000000
0.222960	0.000000
0.228960	0.000000
0.240960	-0.006000
0.246960	0.000000
0.252960	0.000000
0.258960	0.000000
0.264960	0.000000
0.270960	0.000000
0.276960	0.000000
0.282960	0.000000
0.288960	0.000000
0.294960	0.000000
0.300960	0.000000
0.306960	0.000000
0.312960	0.000000
0.318960	0.000000
0.324960	-0.000000
0.330960	0.000000
0.336960	0.000000
0.342960	0.000000
0.348960	0.000000
0.354960	0.000000
0.360960	0.000000
0.366960	0.000000
0.372960	0.000000
0.378960	0.000000
0.384960	0.000000
0.390960	0.000000
0.396960	0.000000
0.402960	0.000000
0.408960	0.000000
0.414960	0.000000
0.420960	0.000000
0.426960	0.000000
0.432960	0.000000
0.438960	0.000000
0.444960	0.000000
0.450960	-0.000000
0.456960	0.000000
0.462960	0.000000
0.468960	0.000000
0.474960	0.000000
0.480960	-0.000000
0.486960	0.000000
0.492960	0.000000
0.498960	0.000000
0.504960	0.000000
0.510960	0.000000
0.516960	0.000000
0.522960	0.000000
0.528960	0.000000
0.534960	0.000000
0.540960	0.000000
0.546960	0.000000
0.552960	0.000000
0.558960	0.000000
0.564960	0.000000
0.570960	0.000000
0.576960	0.000000
0.582960	0.000000
0.588960	0.000000
0.594960	0.000000
0.600960	0.000000
0.606960	-0.000000
0.612960	0.000000
0.618960	0.000000
0.624960	0.000000
0.630960	0.000000
0.636960	0.000000
0.642960	0.000000
0.648960	0.000000
0.654960	0.000000
0.660960	0.000000
0.666960	0.000000
0.672960	0.000000
0.678960	0.000000
0.684960	0.000000
0.690960	0.000000
0.696960	0.000000
0.702960	0.000000
0.708960	0.000000
0.714960	0.000000
0.720960	0.000000
0.726960	0.000000
0.732960	0.000000
0.738960	0.000000
0.744960	0.000000
0.750960	0.000000
0.756960	0.000000
0.762960	0.000000
0.768960	0.000000
0.774960	0.000000
0.780960	0.000000
0.786960	0.000000
0.792960	0.000000
0.798960	0.000000
0.804960	0.000000
0.810960	0.000000
0.816960	0.000000
0.822960	0.000000
0.828960	0.000000
0.834960	0.000000
0.840960	0.000000
0.846960	0.000000
0.852960	0.000000
0.858960	0.000000
0.864960	0.000000
0.870960	0.000000
0.876960	0.000000
0.882960	0.000000
0.888960	0.000000
0.894960	0.000000
0.900960	0.000000
0.906960	0.000000
0.912960	0.000000
0.918960	0.000000
0.924960	0.000000
0.930960	0.000000
0.936960	0.000000
0.942960	0.000000
0.948960	0.000000
0.954960	0.000000
0.960960	0.000000
0.966960	0.000000
0.972960	0.000000
0.978960	0.000000
0.984960	0.000000
0.990960	0.000000
0.996960	0.000000
1.002960	-0.000000
1.008960	0.000000
1.014960	0.000000
1.020960	0.000000
1.026960	0.000000
1.032960	0.000000
1.038960	0.000000
1.044960	-0.000000
1.050960	0.000000
1.056960	0.000000
1.062960	0.000000
1.068960	0.000000
1.074960	0.000000
1.080960	0.000000
1.086960	0.000000
1.092960	0.000000
1.098960	0.000000
1.104960	0.000000
1.110960	0.000000
1.116960	0.000000
1.122960	0.000000
1.128960	0.000000
1.134960	0.000000
1.140960	0.000000
1.146960	0.000000
1.152960	0.000000
1.158960	0.000000
1.164960	0.000000
1.170960	0.000000
1.176960	0.000000
1.182960	0.000000
1.188960	0.000000
1.194960	0.000000
1.200960	0.000000
1.206960	0.000000
1.212960	0.000000
1.218960	0.000000
1.224960	0.000000
1.230960	0.000000
1.236960	0.000000
1.242960	0.000000
1.248960	0.000000
1.254960	0.000000
1.260960	0.000000
1.266960	0.000000
1.272960	0.000000
1.278960	0.000000
1.284960	0.000000
1.290960	0.000000
1.296960	0.000000
1.302960	0.000000
1.308960	0.000000
1.314960	0.000000
1.320960	0.000000
1.326960	0.000000
1.332960	0.000000
1.338960	0.000000
1.344960	0.000000
1.350960	0.000000
1.356960	0.000000
1.362960	0.000000
1.368960	0.000000
1.374960	0.000000
1.380960	0.000000
1.386960	0.000000
1.392960	0.000000
1.398960	0.000000
1.404960	0.000000
1.410960	0.000000
1.416960	0.000000
1.422960	0.000000
1.428960	0.000000
1.434960	0.000000
1.440960	0.000000
1.446960	0.000000
1.452960	0.000000
1.458960	0.000000
1.464960	0.000000
1.470960	0.000000
1.476960	0.000000
1.482960	0.000000
1.488960	0.000000
1.494960	0.000000
1.500960	0.000000
1.506960	0.000000
1.512960	0.000000
1.518960	0.000000
1.524960	0.000000
1.530960	0.000000
1.536960	0.000000
1.542960	-0.000000
1.548960	0.000000
1.554960	0.000000
1.560960	0.000000
1.566960	0.000000
1.572960	0.000000
1.578960	0.000000
1.584960	0.000000
1.590960	0.000000
1.596960	0.000000
1.602960	0.000000
1.608960	0.000000
1.614960	0.000000
1.620960	0.000000
1.626960	0.000000
1.632960	0.000000
1.638960	0.000000
1.644960	0.000000
1.650960	0.000000
1.656960	0.000000
1.662960	0.000000
1.668960	0.000000
1.674960	0.000000
1.680960	0.000000
1.686960	0.000000
1.692960	0.000000
1.698960	0.000000
1.704960	0.000000
1.710960	0.000000
1.716960	0.000000
1.722960	0.000000
1.728960	0.000000
1.734960	0.000000
1.740960	0.000000
1.746960	0.000000
1.752960	0.000000
1.758960	0.000000
1.764960	0.000000
1.770960	0.000000
1.776960	0.000000
1.782960	0.000000
1.788960	0.000000
1.794960	-0.000000
1.800960	0.000000
1.806960	0.000000
1.812960	0.000000
1.818960	0.000000
1.824960	0.000000
1.830960	0.000000
1.836960	0.000000
1.842960	0.000000
1.848960	0.000000
1.854960	0.000000
1.860960	0.000000
1.866960	0.000000
1.872960	0.000000
1.878960	0.000000
1.884960	0.000000
1.890960	0.000000
1.896960	0.000000
1.902960	0.000000
1.908960	0.000000
1.914960	0.000000
1.920960	0.000000
1.926960	0.000000
1.932960	0.000000
1.938960	0.000000
1.944960	0.000000
1.950960	0.000000
1.956960	0.000000
1.962960	0.000000
1.968960	0.000000
1.974960	0.000000
1.980960	-0.000000
1.986960	0.000000
1.992960	-0.000000
1.998960	0.000000
2.004960	-0.000000
2.010960	0.000000
2.016960	-0.000000
2.022960	0.000000
2.028960	-0.000000
2.034960	0.000000
2.040960	-0.000000
2.046960	0.000000
2.052960	-0.000000
2.058960	0.000000
2.064960	-0.000000
2.070960	0.000000
2.076960	-0.000000
2.082960	0.000000
2.088960	-0.000000
2.094960	0.000000
2.100960	-0.000000
2.106960	0.000000
2.112960	-0.000000
2.118960	0.000000
2.124960	-0.000000
2.130960	0.000000
2.136960	-0.000000
2.142960	0.000000
2.148960	-0.000000
2.154960	0.000000
2.160960	-0.000000
2.166960	0.000000
2.172960	0.000000
2.178960	-0.000000
2.184960	0.000000
2.190960	-0.000000
2.196960	0.000000
2.202960	-0.000000
2.208960	0.000000
2.214960	-0.000000
2.220960	0.000000
2.226960	-0.000000
2.232960	0.000000
2.238960	-0.000000
2.244960	0.000000
2.250960	-0.000000
2.256960	0.000000
2.262960	-0.000000
2.268960	0.000000
2.274960	-0.000000
2.280960	0.000000
2.286960	-0.000000
2.292960	0.000000
2.298960	-0.000000
2.304960	0.000000
2.310960	-0.000000
2.316960	0.000000
2.322960	-0.000000
2.328960	0.000000
2.334960	-0.000000
2.340960	0.000000
2.346960	-0.000000
2.352960	0.000000
2.358960	-0.000000
2.364960	0.000000
2.370960	-0.000000
2.376960	0.000000
2.382960	-0.000000
2.388960	0.000000
2.394960	-0.000000
2.400960	0.000000
2.406960	-0.000000
2.412960	0.000000
2.418960	-0.000000
2.424960	0.000000
2.430960	0.000000
2.436960	-0.000000
2.442960	0.000000
2.448960	-0.000000
2.454960	0.000000
2.460960	-0.000000
2.466960	0.000000
2.472960	-0.000000
2.478960	0.000000
2.484960	-0.000000
2.490960	0.000000
2.496960	-0.000000
2.502960	0.000000
2.508960	-0.000000
2.514960	0.000000
2.520960	-0.000000
2.526960	0.000000
2.532960	-0.000000
2.538960	0.000000
2.544960	-0.000000
2.550960	0.000000
2.556960	-0.000000
2.562960	0.000000
2.568960	-0.000000
2.574960	0.000000
2.580960	-0.000000
2.586960	0.000000
2.592960	-0.000000
2.598960	0.000000
2.604960	-0.000000
2.610960	0.000000
2.616960	-0.000000
2.622960	0.000000
2.628960	-0.000000
2.634960	0.000000
2.640960	-0.000000
2.646960	0.000000
2.652960	-0.000000
2.658960	0.000000
2.664960	-0.000000
2.670960	0.000000
2.676960	0.000000
2.682960	-0.000000
2.688960	0.000000
2.694960	-0.000000
2.700960	0.000000
2.706960	-0.000000
2.712960	0.000000
2.718960	-0.000000
2.724960	0.000000
2.730960	-0.000000
2.736960	0.000000
2.742960	-0.000000
2.748960	0.000000
2.754960	-0.000000
2.760960	0.000000
2.766960	-0.000000
2.772960	0.000000
2.778960	-0.000000
2.784960	0.000000
2.790960	-0.000000
2.796960	0.000000
2.802960	-0.000000
2.808960	0.000000
2.814960	-0.000000
2.820960	0.000000
2.826960	-0.000000
2.832960	0.000000
2.838960	-0.000000
2.844960	0.000000
2.850960	-0.000000
2.856960	0.000000
2.862960	-0.000000
2.868960	0.000000
2.874960	-0.000000
2.880960	0.000000
2.886960	-0.000000
2.892960	0.000000
2.898960	-0.000000
2.904960	0.000000
2.910960	-0.000000
2.916960	0.000000
2.922960	0.000000
2.928960	-0.000000
2.934960	0.000000
2.940960	-0.000000
2.946960	0.000000
2.952960	-0.000000
2.958960	0.000000
2.964960	-0.000000
2.970960	0.000000
2.976960	-0.000000
2.982960	0.000000
2.988960	-0.000000
2.994960	0.000000
3.000960	-0.000000
3.006960	0.000000
3.012960	-0.000000
3.018960	0.000000
3.024960	-0.000000
3.030960	0.000000
3.036960	-0.000000
3.042960	0.000000
3.048960	-0.000000
3.054960	0.000000
3.060960	-0.000000
3.066960	0.000000
3.072960	-0.000000
3.078960	0.000000
3.084960	-0.000000
3.090960	0.000000
3.096960	-0.000000
3.102960	0.000000
3.108960	-0.000000
3.114960	0.000000
3.120960	-0.000000
3.126960	0.000000
3.132960	-0.000000
3.138960	0.000000
3.144960	-0.000000
3.150960	0.000000
3.156960	-0.000000
3.162960	0.000000
3.168960	-0.000000
3.174960	0.000000
3.180960	0.000000
3.186960	-0.000000
3.192960	0.000000
3.198960	-0.000000
3.204960	0.000000
3.210960	-0.000000
3.216960	0.000000
3.222960	-0.000000
3.228960	0.000000
3.234960	-0.000000
3.240960	0.000000
3.246960	-0.000000
3.252960	0.000000
3.258960	-0.000000
3.264960	0.000000
3.270960	-0.000000
3.276960	0.000000
3.282960	-0.000000
3.288960	0.000000
3.294960	-0.000000
3.300960	0.000000
3.306960	-0.000000
3.312960	0.000000
3.318960	-0.000000
3.324960	0.000000
3.330960	-0.000000
3.336960	0.000000
3.342960	-0.000000
3.348960	0.000000
3.354960	-0.000000
3.360960	0.000000
3.366960	-0.000000
3.372960	0.000000
3.378960	-0.000000
3.384960	0.000000
3.390960	-0.000000
3.396960	0.000000
3.402960	-0.000000
3.408960	0.000000
3.414960	-0.000000
3.420960	0.000000
3.426960	0.000000
3.432960	-0.000000
3.438960	0.000000
3.444960	-0.000000
3.450960	0.000000
3.456960	-0.000000
3.462960	0.000000
3.468960	-0.000000
3.474960	0.000000
3.480960	-0.000000
3.486960	0.000000
3.492960	-0.000000
3.498960	0.000000
3.504960	-0.000000
3.510960	0.000000
3.516960	-0.000000
3.522960	0.000000
3.528960	-0.000000
3.534960	0.000000
3.540960	-0.000000
3.546960	0.000000
3.552960	-0.000000
3.558960	0.000000
3.564960	-0.000000
3.570960	0.000000
3.576960	-0.000000
3.582960	0.000000
3.588960	-0.000000
3.594960	0.000000
3.600960	-0.000000
3.606960	0.000000
3.612960	-0.000000
3.618960	0.000000
3.624960	-0.000000
3.630960	0.000000
3.636960	-0.000000
3.642960	0.000000
3.648960	-0.000000
3.654960	0.000000
3.660960	-0.000000
3.666960	0.000000
3.672960	0.000000
3.678960	-0.000000
3.684960	0.000000
3.690960	-0.000000
3.696960	0.000000
3.702960	-0.000000
3.708960	0.000000
3.714960	-0.000000
3.720960	0.000000
3.726960	-0.000000
3.732960	0.000000
3.738960	-0.000000
3.744960	0.000000
3.750960	-0.000000
3.756960	0.000000
3.762960	-0.000000
3.768960	0.000000
3.774960	-0.000000
3.780960	0.000000
3.786960	-0.000000
3.792960	0.000000
3.798960	-0.000000
3.804960	0.000000
3.810960	-0.000000
3.816960	0.000000
3.822960	-0.000000
3.828960	0.000000
3.834960	-0.000000
3.840960	0.000000
3.846960	-0.000000
3.852960	0.000000
3.858960	-0.000000
3.864960	0.000000
3.870960	-0.000000
3.876960	0.000000
3.882960	-0.000000
3.888960	0.000000
3.894960	-0.000000
3.900960	0.000000
3.906960	-0.000000
3.912960	0.000000
3.918960	-0.000000
3.924960	0.000000
3.930960	0.000000
3.936960	-0.000000
3.942960	0.000000
3.948960	-0.000000
3.954960	0.000000
3.960960	-0.000000
3.966960	0.000000
3.972960	-0.000000
3.978960	0.000000
3.984960	0.000000
3.990960	-0.000000
3.996960	0.000000
4.002960	0.000000
4.008960	0.000000
4.014960	-0.000000
4.020960	0.000000
4.026960	0.000000
4.032960	0.000000
4.038960	-0.000000
4.044960	0.000000
4.050960	0.000000
4.056960	0.000000
4.062960	-0.000000
4.068960	0.000000
4.074960	0.000000
4.080960	0.000000
4.086960	-0.000000
4.092960	0.000000
4.098960	0.000000
4.104960	0.000000
4.110960	-0.000000
4.116960	0.000000
4.122960	0.000000
4.128960	0.000000
4.134960	-0.000000
4.140960	0.000000
4.146960	0.000000
4.152960	0.000000
4.158960	-0.000000
4.164960	0.000000
4.170960	0.000000
4.176960	-0.000000
4.182960	0.000000
4.188960	0.000000
4.194960	0.000000
4.200960	-0.000000
4.206960	0.000000
4.212960	0.000000
4.218960	0.000000
4.224960	-0.000000
4.230960	0.000000
4.236960	0.000000
4.242960	0.000000
4.248960	-0.000000
4.254960	0.000000
4.260960	0.000000
4.266960	0.000000
4.272960	-0.000000
4.278960	0.000000
4.284960	0.000000
4.290960	0.000000
4.296960	-0.000000
4.302960	0.000000
4.308960	0.000000
4.314960	0.000000
4.320960	-0.000000
4.326960	0.000000
4.332960	0.000000
4.338960	0.000000
4.344960	-0.000000
4.350960	0.000000
4.356960	0.000000
4.362960	0.000000
4.368960	-0.000000
4.374960	0.000000
4.380960	0.000000
4.386960	0.000000
4.392960	-0.000000
4.398960	0.000000
4.404960	0.000000
4.410960	0.000000
4.416960	-0.000000
4.422960	0.000000
4.428960	0.000000
4.434960	-0.000000
4.440960	0.000000
4.446960	0.000000
4.452960	0.000000
4.458960	-0.000000
4.464960	0.000000
4.470960	0.000000
4.476960	0.000000
4.482960	-0.000000
4.488960	0.000000
4.494960	0.000000
4.500960	0.000000
4.506960	-0.000000
4.512960	0.000000
4.518960	0.000000
4.524960	0.000000
4.530960	-0.000000
4.536960	0.000000
4.542960	0.000000
4.548960	0.000000
4.554960	-0.000000
4.560960	0.000000
4.566960	0.000000
4.572960	0.000000
4.578960	-0.000000
4.584960	0.000000
4.590960	0.000000
4.596960	0.000000
4.602960	-0.000000
4.608960	0.000000
4.614960	0.000000
4.620960	0.000000
4.626960	-0.000000
4.632960	0.000000
4.638960	0.000000
4.644960	0.000000
4.650960	-0.000000
4.656960	0.000000
4.662960	0.000000
4.668960	-0.000000
4.674960	0.000000
4.680960	0.000000
4.686960	0.000000
4.692960	-0.000000
4.698960	0.000000
4.704960	0.000000
4.710960	0.000000
4.716960	-0.000000
4.722960	0.000000
4.728960	0.000000
4.734960	0.000000
4.740960	-0.000000
4.746960	0.000000
4.752960	0.000000
4.758960	0.000000
4.764960	-0.000000
4.770960	0.000000
4.776960	0.000000
4.782960	0.000000
4.788960	-0.000000
4.794960	0.000000
4.800960	0.000000
4.806960	0.000000
4.812960	-0.000000
4.818960	0.000000
4.824960	0.000000
4.830960	0.000000
4.836960	-0.000000
4.842960	0.000000
4.848960	0.000000
4.854960	0.000000
4.860960	-0.000000
4.866960	0.000000
4.872960	0.000000
4.878960	0.000000
4.884960	-0.000000
4.890960	0.000000
4.896960	0.000000
4.902960	0.000000
4.908960	-0.000000
4.914960	0.000000
4.920960	0.000000
4.926960	-0.000000
4.932960	0.000000
4.938960	0.000000
4.944960	0.000000
4.950960	-0.000000
4.956960	0.000000
4.962960	0.000000
4.968960	0.000000
4.974960	-0.000000
4.980960	0.000000
4.986960	0.000000
4.992960	0.000000
4.998960	-0.000000
5.004960	0.000000
5.010960	0.000000
5.016960	0.000000
5.022960	-0.000000
5.028960	0.000000
5.034960	0.000000
5.040960	0.000000
5.046960	-0.000000
5.052960	0.000000
5.058960	0.000000
5.064960	0.000000
5.070960	-0.000000
5.076960	0.000000
5.082960	0.000000
5.088960	0.000000
5.094960	-0.000000
5.100960	0.000000
5.106960	0.000000
5.112960	0.000000
5.118960	-0.000000
5.124960	0.000000
5.130960	0.000000
5.136960	0.000000
5.142960	-0.000000
5.148960	0.000000
5.154960	0.000000
5.160960	0.000000
5.166960	-0.000000
5.172960	0.000000
5.178960	0.000000
5.184960	-0.000000
5.190960	0.000000
5.196960	0.000000
5.202960	0.000000
5.208960	-0.000000
5.214960	0.000000
5.220960	0.000000
5.226960	0.000000
5.232960	-0.000000
5.238960	0.000000
5.244960	0.000000
5.250960	0.000000
5.256960	-0.000000
5.262960	0.000000
5.268960	0.000000
5.274960	0.000000
5.280960	-0.000000
5.286960	0.000000
5.292960	0.000000
5.298960	0.000000
5.304960	-0.000000
5.310960	0.000000
5.316960	0.000000
5.322960	0.000000
5.328960	-0.000000
5.334960	0.000000
5.340960	0.000000
5.346960	0.000000
5.352960	-0.000000
5.358960	0.000000
5.364960	0.000000
5.370960	0.000000
5.376960	-0.000000
5.382960	0.000000
5.388960	0.000000
5.394960	0.000000
5.400960	-0.000000
5.406960	0.000000
5.412960	0.000000
5.418960	-0.000000
5.424960	0.000000
5.430960	0.000000
5.436960	0.000000
5.442960	-0.000000
5.448960	0.000000
5.454960	0.000000
5.460960	0.000000
5.466960	-0.000000
5.472960	0.000000
5.478960	0.000000
5.484960	0.000000
5.490960	-0.000000
5.496960	0.000000
5.502960	0.000000
5.508960	0.000000
5.514960	-0.000000
5.520960	0.000000
5.526960	0.000000
5.532960	0.000000
5.538960	-0.000000
5.544960	0.000000
5.550960	0.000000
5.556960	0.000000
5.562960	-0.000000
5.568960	0.000000
5.574960	0.000000
5.580960	0.000000
5.586960	-0.000000
5.592960	0.000000
5.598960	0.000000
5.604960	0.000000
5.610960	-0.000000
5.616960	0.000000
5.622960	0.000000
5.628960	0.000000
5.634960	-0.000000
5.640960	0.000000
5.646960	0.000000
5.652960	0.000000
5.658960	-0.000000
5.664960	0.000000
5.670960	0.000000
5.676960	-0.000000
5.682960	0.000000
5.688960	0.000000
5.694960	0.000000
5.700960	-0.000000
5.706960	0.000000
5.712960	0.000000
5.718960	0.000000
5.724960	-0.000000
5.730960	0.000000
5.736960	0.000000
5.742960	0.000000
5.748960	-0.000000
5.754960	0.000000
5.760960	0.000000
5.766960	0.000000
5.772960	-0.000000
5.778960	0.000000
5.784960	0.000000
5.790960	0.000000
5.796960	-0.000000
5.802960	0.000000
5.808960	0.000000
5.814960	0.000000
5.820960	-0.000000
5.826960	0.000000
5.832960	0.000000
5.838960	0.000000
5.844960	-0.000000
5.850960	0.000000
5.856960	0.000000
5.862960	0.000000
5.868960	-0.000000
5.874960	0.000000
5.880960	0.000000
5.886960	0.000000
5.892960	-0.000000
5.898960	0.000000
5.904960	0.000000
5.910960	0.000000
5.916960	-0.000000
5.922960	0.000000
5.928960	0.000000
5.934960	-0.000000
5.940960	0.000000
5.946960	0.000000
5.952960	0.000000
5.958960	-0.000000
5.964960	0.000000
5.970960	0.000000
5.976960	0.000000
5.982960	-0.000000
5.988960	0.000000
5.994960	0.000000
6.000960	0.000000
6.006960	-0.000000
6.012960	0.000000
6.018960	0.000000
6.024960	0.000000
6.030960	-0.000000
6.036960	0.000000
6.042960	0.000000
6.048960	0.000000
6.054960	-0.000000
6.060960	0.000000
6.066960	0.000000
6.072960	0.000000
6.078960	-0.000000
6.084960	0.000000
6.090960	0.000000
6.096960	0.000000
6.102960	-0.000000
6.108960	0.000000
6.114960	0.000000
6.120960	0.000000
6.126960	-0.000000
6.132960	0.000000
6.138960	0.000000
6.144960	0.000000
6.150960	-0.000000
6.156960	0.000000
6.162960	0.000000
6.168960	-0.000000
6.174960	0.000000
6.180960	0.000000
6.186960	0.000000
6.192960	-0.000000
6.198960	0.000000
6.204960	0.000000
6.210960	0.000000
6.216960	-0.000000
6.222960	0.000000
6.228960	0.000000
6.234960	0.000000
6.240960	-0.000000
6.246960	0.000000
6.252960	0.000000
6.258960	0.000000
6.264960	-0.000000
6.270960	0.000000
6.276960	0.000000
6.282960	0.000000
6.288960	-0.000000
6.294960	0.000000
6.300960	0.000000
6.306960	0.000000
6.312960	-0.000000
6.318960	0.000000
6.324960	0.000000
6.330960	0.000000
6.336960	-0.000000
6.342960	0.000000
6.348960	0.000000
6.354960	0.000000
6.360960	-0.000000
6.366960	0.000000
6.372960	0.000000
6.378960	0.000000
6.384960	-0.000000
6.390960	0.000000
6.396960	0.000000
6.402960	0.000000
6.408960	-0.000000
6.414960	0.000000
6.420960	0.000000
6.426960	-0.000000
6.432960	0.000000
6.438960	0.000000
6.444960	0.000000
6.450960	-0.000000
6.456960	0.000000
6.462960	0.000000
6.468960	0.000000
6.474960	-0.000000
6.480960	0.000000
6.486960	0.000000
6.492960	0.000000
6.498960	-0.000000
6.504960	0.000000
6.510960	0.000000
6.516960	0.000000
6.522960	-0.000000
6.528960	0.000000
6.534960	0.000000
6.540960	0.000000
6.546960	-0.000000
6.552960	0.000000
6.558960	0.000000
6.564960	0.000000
6.570960	-0.000000
6.576960	0.000000
6.582960	0.000000
6.588960	0.000000
6.594960	-0.000000
6.600960	0.000000
6.606960	0.000000
6.612960	0.000000
6.618960	-0.000000
6.624960	0.000000
6.630960	0.000000
6.636960	0.000000
6.642960	-0.000000
6.648960	0.000000
6.654960	0.000000
6.660960	0.000000
6.666960	-0.000000
6.672960	0.000000
6.678960	0.000000
6.684960	-0.000000
6.690960	0.000000
6.696960	0.000000
6.702960	0.000000
6.708960	-0.000000
6.714960	0.000000
6.720960	0.000000
6.726960	0.000000
6.732960	-0.000000
6.738960	0.000000
6.744960	0.000000
6.750960	0.000000
6.756960	-0.000000
6.762960	0.000000
6.768960	0.000000
6.774960	0.000000
6.780960	-0.000000
6.786960	0.000000
6.792960	0.000000
6.798960	0.000000
6.804960	-0.000000
6.810960	0.000000
6.816960	0.000000
6.822960	0.000000
6.828960	-0.000000
6.834960	0.000000
6.840960	0.000000
6.846960	0.000000
6.852960	-0.000000
6.858960	0.000000
6.864960	0.000000
6.870960	0.000000
6.876960	-0.000000
6.882960	0.000000
6.888960	0.000000
6.894960	0.000000
6.900960	-0.000000
6.906960	0.000000
6.912960	0.000000
6.918960	-0.000000
6.924960	0.000000
6.930960	0.000000
6.936960	0.000000
6.942960	-0.000000
6.948960	0.000000
6.954960	0.000000
6.960960	0.000000
6.966960	-0.000000
6.972960	0.000000
6.978960	0.000000
6.984960	0.000000
6.990960	-0.000000
6.996960	0.000000
7.002960	0.000000
7.008960	0.000000
7.014960	-0.000000
7.020960	0.000000
7.026960	0.000000
7.032960	0.000000
7.038960	-0.000000
7.044960	0.000000
7.050960	0.000000
7.056960	0.000000
7.062960	-0.000000
7.068960	0.000000
7.074960	0.000000
7.080960	0.000000
7.086960	-0.000000
7.092960	0.000000
7.098960	0.000000
7.104960	0.000000
7.110960	-0.000000
7.116960	0.000000
7.122960	0.000000
7.128960	0.000000
7.134960	-0.000000
7.140960	0.000000
7.146960	0.000000
7.152960	0.000000
7.158960	-0.000000
7.164960	0.000000
7.170960	0.000000
7.176960	-0.000000
7.182960	0.000000
7.188960	0.000000
7.194960	0.000000
7.200960	-0.000000
7.206960	0.000000
7.212960	0.000000
7.218960	0.000000
7.224960	-0.000000
7.230960	0.000000
7.236960	0.000000
7.242960	0.000000
7.248960	-0.000000
7.254960	0.000000
7.260960	0.000000
7.266960	0.000000
7.272960	-0.000000
7.278960	0.000000
7.284960	0.000000
7.290960	0.000000
7.296960	-0.000000
7.302960	0.000000
7.308960	0.000000
7.314960	0.000000
7.320960	-0.000000
7.326960	0.000000
7.332960	0.000000
7.338960	0.000000
7.344960	-0.000000
7.350960	0.000000
7.356960	0.000000
7.362960	0.000000
7.368960	-0.000000
7.374960	0.000000
7.380960	0.000000
7.386960	0.000000
7.392960	-0.000000
7.398960	0.000000
7.404960	0.000000
7.410960	0.000000
7.416960	-0.000000
7.422960	0.000000
7.428960	0.000000
7.434960	-0.000000
7.440960	0.000000
7.446960	0.000000
7.452960	0.000000
7.458960	-0.000000
7.464960	0.000000
7.470960	0.000000
7.476960	0.000000
7.482960	-0.000000
7.488960	0.000000
7.494960	0.000000
7.500960	0.000000
7.506960	-0.000000
7.512960	0.000000
7.518960	0.000000
7.524960	0.000000
7.530960	-0.000000
7.536960	0.000000
7.542960	0.000000
7.548960	0.000000
7.554960	-0.000000
7.560960	0.000000
7.566960	0.000000
7.572960	0.000000
7.578960	-0.000000
7.584960	0.000000
7.590960	0.000000
7.596960	0.000000
7.602960	-0.000000
7.608960	0.000000
7.614960	0.000000
7.620960	0.000000
7.626960	-0.000000
7.632960	0.000000
7.638960	0.000000
7.644960	0.000000
7.650960	-0.000000
7.656960	0.000000
7.662960	0.000000
7.668960	-0.000000
7.674960	0.000000
7.680960	0.000000
7.686960	0.000000
7.692960	-0.000000
7.698960	0.000000
7.704960	0.000000
7.710960	0.000000
7.716960	-0.000000
7.722960	0.000000
7.728960	0.000000
7.734960	0.000000
7.740960	-0.000000
7.746960	0.000000
7.752960	0.000000
7.758960	0.000000
7.764960	-0.000000
7.770960	0.000000
7.776960	0.000000
7.782960	0.000000
7.788960	-0.000000
7.794960	0.000000
7.800960	0.000000
7.806960	0.000000
7.812960	-0.000000
7.818960	0.000000
7.824960	0.000000
7.830960	0.000000
7.836960	-0.000000
7.842960	0.000000
7.848960	0.000000
7.854960	0.000000
7.860960	-0.000000
7.866960	0.000000
7.872960	0.000000
7.878960	0.000000
7.884960	-0.000000
7.890960	0.000000
7.896960	0.000000
7.902960	0.000000
7.908960	-0.000000
7.914960	0.000000
7.920960	0.000000
7.926960	-0.000000
7.932960	0.000000
7.938960	0.000000
7.944960	0.000000
7.950960	-0.000000
7.956960	0.000000
7.962960	0.000000
7.968960	0.000000
7.974960	-0.000000
7.980960	0.000000
7.986960	-0.000000
7.992960	0.000000
7.998960	0.000000
8.004960	0.000000
8.010960	0.000000
8.016960	0.000000
8.022960	0.000000
8.028960	0.000000
8.034960	-0.000000
8.040960	0.000000
8.046960	0.000000
8.052960	0.000000
8.058960	0.000000
8.064960	0.000000
8.070960	0.000000
8.076960	0.000000
8.082960	-0.000000
8.088960	0.000000
8.094960	0.000000
8.100960	0.000000
8.106960	0.000000
8.112960	0.000000
8.118960	0.000000
8.124960	0.000000
8.130960	-0.000000
8.136960	0.000000
8.142960	0.000000
8.148960	0.000000
8.154960	0.000000
8.160960	0.000000
8.166960	0.000000
8.172960	-0.000000
8.178960	0.000000
8.184960	0.000000
8.190960	0.000000
8.196960	0.000000
8.202960	0.000000
8.208960	0.000000
8.214960	0.000000
8.220960	-0.000000
8.226960	0.000000
8.232960	0.000000
8.238960	0.000000
8.244960	0.000000
8.250960	0.000000
8.256960	0.000000
8.262960	0.000000
8.268960	-0.000000
8.274960	0.000000
8.280960	0.000000
8.286960	0.000000
8.292960	0.000000
8.298960	0.000000
8.304960	0.000000
8.310960	0.000000
8.316960	-0.000000
8.322960	0.000000
8.328960	0.000000
8.334960	0.000000
8.340960	0.000000
8.346960	0.000000
8.352960	0.000000
8.358960	0.000000
8.364960	-0.000000
8.370960	0.000000
8.376960	0.000000
8.382960	0.000000
8.388960	0.000000
8.394960	0.000000
8.400960	0.000000
8.406960	0.000000
8.412960	-0.000000
8.418960	0.000000
8.424960	0.000000
8.430960	0.000000
8.436960	0.000000
8.442960	0.000000
8.448960	0.000000
8.454960	-0.000000
8.460960	0.000000
8.466960	0.000000
8.472960	0.000000
8.478960	0.000000
8.484960	0.000000
8.490960	0.000000
8.496960	0.000000
8.502960	-0.000000
8.508960	0.000000
8.514960	0.000000
8.520960	0.000000
8.526960	0.000000
8.532960	0.000000
8.538960	0.000000
8.544960	0.000000
8.550960	-0.000000
8.556960	0.000000
8.562960	0.000000
8.568960	0.000000
8.574960	0.000000
8.580960	0.000000
8.586960	0.000000
8.592960	0.000000
8.598960	-0.000000
8.604960	0.000000
8.610960	0.000000
8.616960	0.000000
8.622960	0.000000
8.628960	0.000000
8.634960	0.000000
8.640960	0.000000
8.646960	-0.000000
8.652960	0.000000
8.658960	0.000000
8.664960	0.000000
8.670960	0.000000
8.676960	0.000000
8.682960	0.000000
8.688960	-0.000000
8.694960	0.000000
8.700960	0.000000
8.706960	0.000000
8.712960	0.000000
8.718960	0.000000
8.724960	0.000000
8.730960	0.000000
8.736960	-0.000000
8.742960	0.000000
8.748960	0.000000
8.754960	0.000000
8.760960	0.000000
8.766960	0.000000
8.772960	0.000000
8.778960	0.000000
8.784960	-0.000000
8.790960	0.000000
8.796960	0.000000
8.802960	0.000000
8.808960	0.000000
8.814960	0.000000
8.820960	0.000000
8.826960	0.000000
8.832960	-0.000000
8.838960	0.000000
8.844960	0.000000
8.850960	0.000000
8.856960	0.000000
8.862960	0.000000
8.868960	0.000000
8.874960	0.000000
8.880960	-0.000000
8.886960	0.000000
8.892960	0.000000
8.898960	0.000000
8.904960	0.000000
8.910960	0.000000
8.916960	0.000000
8.922960	-0.000000
8.928960	0.000000
8.934960	0.000000
8.940960	0.000000
8.946960	0.000000
8.952960	0.000000
8.958960	0.000000
8.964960	0.000000
8.970960	-0.000000
8.976960	0.000000
8.982960	0.000000
8.988960	0.000000
8.994960	0.000000
9.000960	0.000000
9.006960	0.000000
9.012960	0.000000
9.018960	-0.000000
9.024960	0.000000
9.030960	0.000000
9.036960	0.000000
9.042960	0.000000
9.048960	0.000000
9.054960	0.000000
9.060960	0.000000
9.066960	-0.000000
9.072960	0.000000
9.078960	0.000000
9.084960	0.000000
9.090960	0.000000
9.096960	0.000000
9.102960	0.000000
9.108960	0.000000
9.114960	-0.000000
9.120960	0.000000
9.126960	0.000000
9.132960	0.000000
9.138960	0.000000
9.144960	0.000000
9.150960	0.000000
9.156960	0.000000
9.162960	-0.000000
9.168960	0.000000
9.174960	0.000000
9.180960	0.000000
9.186960	0.000000
9.192960	0.000000
9.198960	0.000000
9.204960	-0.000000
9.210960	0.000000
9.216960	0.000000
9.222960	0.000000
9.228960	0.000000
9.234960	0.000000
9.240960	0.000000
9.246960	0.000000
9.252960	-0.000000
9.258960	0.000000
9.264960	0.000000
9.270960	0.000000
9.276960	0.000000
9.282960	0.000000
9.288960	0.000000
9.294960	0.000000
9.300960	-0.000000
9.306960	0.000000
9.312960	0.000000
9.318960	0.000000
9.324960	0.000000
9.330960	0.000000
9.336960	0.000000
9.342960	0.000000
9.348960	-0.000000
9.354960	0.000000
9.360960	0.000000
9.366960	0.000000
9.372960	0.000000
9.378960	0.000000
9.384960	0.000000
9.390960	0.000000
9.396960	-0.000000
9.402960	0.000000
9.408960	0.000000
9.414960	0.000000
9.420960	0.000000
9.426960	0.000000
9.432960	0.000000
9.438960	-0.000000
9.444960	0.000000
9.450960	0.000000
9.456960	0.000000
9.462960	0.000000
9.468960	0.000000
9.474960	0.000000
9.480960	0.000000
9.486960	-0.000000
9.492960	0.000000
9.498960	0.000000
9.504960	0.000000
9.510960	0.000000
9.516960	0.000000
9.522960	0.000000
9.528960	0.000000
9.534960	-0.000000
9.540960	0.000000
9.546960	0.000000
9.552960	0.000000
9.558960	0.000000
9.564960	0.000000
9.570960	0.000000
9.576960	0.000000
9.582960	-0.000000
9.588960	0.000000
9.594960	0.000000
9.600960	0.000000
9.606960	0.000000
9.612960	0.000000
9.618960	0.000000
9.624960	0.000000
9.630960	-0.000000
9.636960	0.000000
9.642960	0.000000
9.648960	0.000000
9.654960	0.000000
9.660960	0.000000
9.666960	0.000000
9.672960	-0.000000
9.678960	0.000000
9.684960	0.000000
9.690960	0.000000
9.696960	0.000000
9.702960	0.000000
9.708960	0.000000
9.714960	0.000000
9.720960	-0.000000
9.726960	0.000000
9.732960	0.000000
9.738960	0.000000
9.744960	0.000000
9.750960	0.000000
9.756960	0.000000
9.762960	0.000000
9.768960	-0.000000
9.774960	0.000000
9.780960	0.000000
9.786960	0.000000
9.792960	0.000000
9.798960	0.000000
9.804960	0.000000
9.810960	0.000000
9.816960	-0.000000
9.822960	0.000000
9.828960	0.000000
9.834960	0.000000
9.840960	0.000000
9.846960	0.000000
9.852960	0.000000
9.858960	0.000000
9.864960	-0.000000
9.870960	0.000000
9.876960	0.000000
9.882960	0.000000
9.888960	0.000000
9.894960	0.000000
9.900960	0.000000
9.906960	0.000000
9.912960	-0.000000
9.918960	0.000000
9.924960	0.000000
9.930960	0.000000
9.936960	0.000000
9.942960	0.000000
9.948960	0.000000
9.954960	-0.000000
9.960960	0.000000
9.966960	0.000000
9.972960	0.000000
9.978960	0.000000
9.984960	0.000000
9.990960	0.000000
9.996960	0.000000
10.002960	-0.000000
10.008960	0.000000
10.014960	0.000000
10.020960	0.000000
10.026960	0.000000
10.032960	0.000000
10.038960	0.000000
10.044960	0.000000
10.050960	-0.000000
10.056960	0.000000
10.062960	0.000000
10.068960	0.000000
10.074960	0.000000
10.080960	0.000000
10.086960	0.000000
10.092960	0.000000
10.098960	-0.000000
10.104960	0.000000
10.110960	0.000000
10.116960	0.000000
10.122960	0.000000
10.128960	0.000000
10.134960	0.000000
10.140960	0.000000
10.146960	-0.000000
10.152960	0.000000
10.158960	0.000000
10.164960	0.000000
10.170960	0.000000
10.176960	0.000000
10.182960	0.000000
10.188960	-0.000000
10.194960	0.000000
10.200960	0.000000
10.206960	0.000000
10.212960	0.000000
10.218960	0.000000
10.224960	0.000000
10.230960	0.000000
10.236960	-0.000000
10.242960	0.000000
10.248960	0.000000
10.254960	0.000000
10.260960	0.000000
10.266960	0.000000
10.272960	0.000000
10.278960	0.000000
10.284960	-0.000000
10.290960	0.000000
10.296960	0.000000
10.302960	0.000000
10.308960	0.000000
10.314960	0.000000
10.320960	0.000000
10.326960	0.000000
10.332960	-0.000000
10.338960	0.000000
10.344960	0.000000
10.350960	0.000000
10.356960	0.000000
10.362960	0.000000
10.368960	0.000000
10.374960	0.000000
10.380960	-0.000000
10.386960	0.000000
10.392960	0.000000
10.398960	0.000000
10.404960	0.000000
10.410960	0.000000
10.416960	0.000000
10.422960	-0.000000
10.428960	0.000000
10.434960	0.000000
10.440960	0.000000
10.446960	0.000000
10.452960	0.000000
10.458960	0.000000
10.464960	0.000000
10.470960	-0.000000
10.476960	0.000000
10.482960	0.000000
10.488960	0.000000
10.494960	0.000000
10.500960	0.000000
10.506960	0.000000
10.512960	0.000000
10.518960	-0.000000
10.524960	0.000000
10.530960	0.000000
10.536960	0.000000
10.542960	0.000000
10.548960	0.000000
10.554960	0.000000
10.560960	0.000000
10.566960	-0.000000
10.572960	0.000000
10.578960	0.000000
10.584960	0.000000
10.590960	0.000000
10.596960	0.000000
10.602960	0.000000
10.608960	0.000000
10.614960	-0.000000
10.620960	0.000000
10.626960	0.000000
10.632960	0.000000
10.638960	0.000000
10.644960	0.000000
10.650960	0.000000
10.656960	0.000000
10.662960	-0.000000
10.668960	0.000000
10.674960	0.000000
10.680960	0.000000
10.686960	0.000000
10.692960	0.000000
10.698960	0.000000
10.704960	-0.000000
10.710960	0.000000
10.716960	0.000000
10.722960	0.000000
10.728960	0.000000
10.734960	0.000000
10.740960	0.000000
10.746960	0.000000
10.752960	-0.000000
10.758960	0.000000
10.764960	0.000000
10.770960	0.000000
10.776960	0.000000
10.782960	0.000000
10.788960	0.000000
10.794960	0.000000
10.800960	-0.000000
10.806960	0.000000
10.812960	0.000000
10.818960	0.000000
10.824960	0.000000
10.830960	0.000000
10.836960	0.000000
10.842960	0.000000
10.848960	-0.000000
10.854960	0.000000
10.860960	0.000000
10.866960	0.000000
10.872960	0.000000
10.878960	0.000000
10.884960	0.000000
10.890960	0.000000
10.896960	-0.000000
10.902960	0.000000
10.908960	0.000000
10.914960	0.000000
10.920960	0.000000
10.926960	0.000000
10.932960	0.000000
10.938960	-0.000000
10.944960	0.000000
10.950960	0.000000
10.956960	0.000000
10.962960	0.000000
10.968960	0.000000
10.974960	0.000000
10.980960	0.000000
10.986960	-0.000000
10.992960	0.000000
10.998960	0.000000
11.004960	0.000000
11.010960	0.000000
11.016960	0.000000
11.022960	0.000000
11.028960	0.000000
11.034960	-0.000000
11.040960	0.000000
11.046960	0.000000
11.052960	0.000000
11.058960	0.000000
11.064960	0.000000
11.070960	0.000000
11.076960	0.000000
11.082960	-0.000000
11.088960	0.000000
11.094960	0.000000
11.100960	0.000000
11.106960	0.000000
11.112960	0.000000
11.118960	0.000000
11.124960	0.000000
11.130960	-0.000000
11.136960	0.000000
11.142960	0.000000
11.148960	0.000000
11.154960	0.000000
11.160960	0.000000
11.166960	0.000000
11.172960	-0.000000
11.178960	0.000000
11.184960	0.000000
11.190960	0.000000
11.196960	0.000000
11.202960	0.000000
11.208960	0.000000
11.214960	0.000000
11.220960	-0.000000
11.226960	0.000000
11.232960	0.000000
11.238960	0.000000
11.244960	0.000000
11.250960	0.000000
11.256960	0.000000
11.262960	0.000000
11.268960	-0.000000
11.274960	0.000000
11.280960	0.000000
11.286960	0.000000
11.292960	0.000000
11.298960	0.000000
11.304960	0.000000
11.310960	0.000000
11.316960	-0.000000
11.322960	0.000000
11.328960	0.000000
11.334960	0.000000
11.340960	0.000000
11.346960	0.000000
11.352960	0.000000
11.358960	0.000000
11.364960	-0.000000
11.370960	0.000000
11.376960	0.000000
11.382960	0.000000
11.388960	0.000000
11.394960	0.000000
11.400960	0.000000
11.406960	0.000000
11.412960	-0.000000
11.418960	0.000000
11.424960	0.000000
11.430960	0.000000
11.436960	0.000000
11.442960	0.000000
11.448960	0.000000
11.454960	-0.000000
11.460960	0.000000
11.466960	0.000000
11.472960	0.000000
11.478960	0.000000
11.484960	0.000000
11.490960	0.000000
11.496960	0.000000
11.502960	-0.000000
11.508960	0.000000
11.514960	0.000000
11.520960	0.000000
11.526960	0.000000
11.532960	0.000000
11.538960	0.000000
11.544960	0.000000
11.550960	-0.000000
11.556960	0.000000
11.562960	0.000000
11.568960	0.000000
11.574960	0.000000
11.580960	0.000000
11.586960	0.000000
11.592960	0.000000
11.598960	-0.000000
11.604960	0.000000
11.610960	0.000000
11.616960	0.000000
11.622960	0.000000
11.628960	0.000000
11.634960	0.000000
11.640960	0.000000
11.646960	-0.000000
11.652960	0.000000
11.658960	0.000000
11.664960	0.000000
11.670960	0.000000
11.676960	0.000000
11.682960	0.000000
11.688960	-0.000000
11.694960	0.000000
11.700960	0.000000
11.706960	0.000000
11.712960	0.000000
11.718960	0.000000
11.724960	0.000000
11.730960	0.000000
11.736960	-0.000000
11.742960	0.000000
11.748960	0.000000
11.754960	0.000000
11.760960	0.000000
11.766960	0.000000
11.772960	0.000000
11.778960	0.000000
11.784960	-0.000000
11.790960	0.000000
11.796960	0.000000
11.802960	0.000000
11.808960	0.000000
11.814960	0.000000
11.820960	0.000000
11.826960	0.000000
11.832960	-0.000000
11.838960	0.000000
11.844960	0.000000
11.850960	0.000000
11.856960	0.000000
11.862960	0.000000
11.868960	0.000000
11.874960	0.000000
11.880960	-0.000000
11.886960	0.000000
11.892960	0.000000
11.898960	0.000000
11.904960	0.000000
11.910960	0.000000
11.916960	0.000000
11.922960	-0.000000
11.928960	0.000000
11.934960	0.000000
11.940960	0.000000
11.946960	0.000000
11.952960	0.000000
11.958960	0.000000
11.964960	0.000000
11.970960	-0.000000
11.976960	0.000000
11.982960	0.000000
11.988960	0.000000
11.994960	0.000000
