0 0.103320
1 0.128387
2 0.130467
3 0.642147
4 0.710787
5 0.712867
4 0.717027
6 0.729267
7 0.733427
8 0.737587
9 0.747747
10 0.751907
11 0.756067
12 0.766707
13 0.770867
14 0.775027
15 0.779187
16 0.785187
17 0.789347
18 0.793507
19 0.797667
20 0.801827
21 0.805987
22 0.810147
23 0.814307
24 0.818467
25 0.822627
26 0.826787
27 0.830947
28 0.835107
29 0.839267
30 0.843427
31 0.847587
32 0.851747
33 0.855907
34 0.860067
35 0.864227
36 0.868387
37 0.872547
38 0.876707
39 0.880867
40 0.885027
41 0.889187
42 0.893347
43 0.897507
44 0.901667
45 0.905827
46 0.914147
47 0.918307
48 0.922467
49 0.926627
50 0.939107
51 0.947427
52 1.469507
53 1.752387
55 1.756547
53 1.760707
55 1.772947
56 1.777107
57 1.781267
58 1.785427
54 2.696227
59 2.920867
60 2.922947
61 2.939347
62 2.955987
63 3.072467
64 3.091187
65 3.525907
66 3.773427
67 3.933587
66 4.509747
68 5.065107
69 5.092147
69 5.096307
70 5.100467
71 5.112707
72 5.116867
73 5.131187
74 5.135347
75 5.139507
76 5.150147
77 5.154307
78 5.158467
79 5.162627
80 5.168627
81 5.172787
82 5.176947
83 5.181107
84 5.185267
85 5.189427
86 5.193587
87 5.197747
88 5.201907
89 5.206067
90 5.210227
91 5.214387
92 5.218547
93 5.222707
94 5.226867
95 5.231027
96 5.235187
97 5.239347
98 5.243507
99 5.247667
100 5.251827
101 5.255987
102 5.260147
103 5.264307
104 5.268467
105 5.272627
106 5.276787
107 5.289267
108 5.293427
109 5.819667
110 6.063027
111 6.067187
110 6.071347
112 6.083587
113 6.087747
114 6.091907
115 6.096067
116 6.100227
117 6.106227
118 6.110387
119 6.114547
120 6.118707
121 6.122867
122 6.127027
123 6.131187
124 6.135347
125 6.139507
126 6.143667
127 6.147827
128 6.151987
129 6.156147
130 6.160307
131 6.164467
132 6.168627
133 6.172787
134 6.176947
135 6.181107
136 6.185267
137 6.189427
138 6.193587
139 6.197747
140 6.201907
141 6.206067
142 6.210227
143 6.214387
144 6.218547
145 6.222707
146 6.226867
147 6.231027
148 6.235187
149 6.239347
150 6.243507
151 6.247667
152 6.251827
153 6.260147
154 6.268467
155 6.272627
156 6.293427
157 6.992307
158 7.273107
163 7.275187
157 7.279347
160 7.291587
161 7.295747
162 7.299907
159 8.339427
164 8.357907
165 8.362067
166 8.376627
167 8.380787
168 8.395107
169 8.399267
170 8.403427
171 8.414067
172 8.418227
173 8.422387
174 8.426547
175 8.432547
176 8.436707
177 8.440867
178 8.445027
179 8.449187
180 8.453347
181 8.457507
182 8.461667
183 8.465827
184 8.469987
185 8.474147
186 8.478307
187 8.482467
188 8.486627
189 8.490787
190 8.494947
191 8.499107
192 8.503267
193 8.507427
194 8.511587
195 8.515747
196 8.519907
197 8.524067
198 8.532387
199 8.536547
200 8.553187
201 8.557347
202 9.133507
203 9.572387
204 9.682627
205 10.129827
203 10.604067
207 10.878627
208 10.880707
209 10.901267
206 11.350547
210 11.583507
211 11.587667
212 11.601987
213 11.606147
214 11.620467
215 11.624627
216 11.628787
217 11.639427
218 11.643587
219 11.647747
220 11.651907
221 11.657907
222 11.662067
223 11.666227
224 11.670387
225 11.674547
226 11.678707
227 11.682867
228 11.687027
229 11.691187
230 11.695347
231 11.699507
232 11.703667
233 11.707827
234 11.711987
235 11.716147
236 11.720307
237 11.724467
238 11.728627
239 11.732787
240 11.736947
241 11.741107
242 11.745267
243 11.749427
244 11.753587
245 11.757747
246 11.761907
247 11.766067
248 11.770227
249 11.774387
250 11.778547
251 11.782707
252 11.786867
253 11.795187
254 11.803507
255 11.815987
256 12.036467
257 12.038547
259 12.040627
257 12.054947
258 12.059107
259 12.063267
260 12.067427
261 12.071587
262 12.075747
263 12.079907
