0 0.109000
1 0.117000
2 0.125000
3 0.133000
4 0.141000
5 0.149000
6 0.157000
7 0.165000
8 0.173000
9 0.181000
10 0.189000
11 0.197000
12 0.205000
13 0.213000
14 0.221000
15 0.229000
16 0.237000
17 0.245000
18 0.253000
19 0.261000
20 0.269000
21 0.277000
22 0.285000
23 0.293000
24 0.301000
25 0.309000
26 0.317000
27 0.325000
28 0.333000
29 0.341000
30 0.349000
31 0.357000
32 0.365000
33 0.373000
34 0.381000
35 0.389000
36 0.397000
37 0.405000
38 0.413000
39 0.421000
40 0.429000
41 0.437000
42 0.445000
43 0.453000
44 0.461000
45 0.469000
46 0.477000
47 0.485000
48 0.493000
49 0.501000
50 0.509000
51 0.517000
52 0.525000
53 0.533000
54 0.541000
55 0.549000
56 0.557000
57 0.565000
58 0.573000
59 0.581000
60 0.589000
61 0.597000
62 0.605000
63 0.613000
64 0.621000
65 0.629000
66 0.637000
67 0.645000
68 0.653000
69 0.661000
70 0.669000
71 0.677000
72 0.685000
73 0.693000
74 0.701000
75 0.709000
76 0.717000
77 0.725000
78 0.733000
79 0.741000
80 0.749000
81 0.757000
82 0.765000
83 0.773000
84 0.781000
85 0.789000
86 0.797000
87 0.805000
88 0.813000
89 0.821000
90 0.829000
91 0.837000
92 0.845000
93 0.853000
94 0.861000
95 0.869000
96 0.877000
97 0.885000
98 0.893000
99 0.901000
100 0.909000
101 0.917000
102 0.925000
103 0.933000
104 0.941000
105 0.949000
106 0.957000
107 0.965000
108 0.973000
109 0.981000
110 0.989000
111 0.997000
112 1.005000
113 1.013000
114 1.021000
115 1.029000
116 1.037000
117 1.045000
118 1.053000
119 1.061000
120 1.069000
121 1.077000
122 1.085000
123 1.093000
124 1.101000
125 1.109000
126 1.117000
127 1.125000
128 1.133000
129 1.141000
130 1.149000
131 1.157000
132 1.165000
133 1.173000
134 1.181000
135 1.189000
136 1.197000
137 1.205000
138 1.213000
139 1.221000
140 1.229000
141 1.237000
142 1.245000
143 1.253000
144 1.261000
145 1.269000
146 1.277000
147 1.285000
148 1.293000
149 1.301000
150 1.309000
151 1.317000
152 1.325000
153 1.333000
154 1.341000
155 1.349000
156 1.357000
157 1.365000
158 1.373000
159 1.381000
160 1.389000
161 1.397000
162 1.405000
163 1.413000
164 1.421000
165 1.429000
166 1.437000
167 1.445000
168 1.453000
169 1.461000
170 1.469000
171 1.477000
172 1.485000
173 1.493000
174 1.501000
175 1.509000
176 1.517000
177 1.525000
178 1.533000
179 1.541000
180 1.549000
181 1.557000
182 1.565000
183 1.573000
184 1.581000
185 1.589000
186 1.597000
187 1.605000
188 1.613000
189 1.621000
190 1.629000
191 1.637000
192 1.645000
193 1.653000
194 1.661000
195 1.669000
196 1.677000
197 1.685000
198 1.693000
199 1.701000
200 1.709000
201 1.717000
202 1.725000
203 1.733000
204 1.741000
205 1.749000
206 1.757000
207 1.765000
208 1.773000
209 1.781000
210 1.789000
211 1.797000
212 1.805000
213 1.813000
214 1.821000
215 1.829000
216 1.837000
217 1.845000
218 1.853000
219 1.861000
220 1.869000
221 1.877000
222 1.885000
223 1.893000
224 1.901000
225 1.909000
226 1.917000
227 1.925000
228 1.933000
229 1.941000
230 1.949000
231 1.957000
232 1.965000
233 1.973000
234 1.981000
235 1.989000
236 1.997000
237 2.005000
238 2.013000
239 2.021000
240 2.029000
241 2.037000
242 2.045000
243 2.053000
244 2.061000
245 2.069000
246 2.077000
247 2.085000
248 2.093000
249 2.101000
250 2.109000
251 2.117000
252 2.125000
253 2.133000
254 2.141000
255 2.149000
256 2.157000
257 2.165000
258 2.173000
259 2.181000
260 2.189000
261 2.197000
262 2.205000
263 2.213000
264 2.221000
265 2.229000
266 2.237000
267 2.245000
268 2.253000
269 2.261000
270 2.269000
271 2.277000
272 2.285000
273 2.293000
274 2.301000
275 2.309000
276 2.317000
277 2.325000
278 2.333000
279 2.341000
280 2.349000
281 2.357000
282 2.365000
283 2.373000
284 2.381000
285 2.389000
286 2.397000
287 2.405000
288 2.413000
289 2.421000
290 2.429000
291 2.437000
292 2.445000
293 2.453000
294 2.461000
295 2.469000
296 2.477000
297 2.485000
298 2.493000
299 2.501000
300 2.509000
301 2.517000
302 2.525000
303 2.533000
304 2.541000
305 2.549000
306 2.557000
307 2.565000
308 2.573000
309 2.581000
310 2.589000
311 2.597000
312 2.605000
313 2.613000
314 2.621000
315 2.629000
316 2.637000
317 2.645000
318 2.653000
319 2.661000
320 2.669000
321 2.677000
322 2.685000
323 2.693000
324 2.701000
325 2.709000
326 2.717000
327 2.725000
328 2.733000
329 2.741000
330 2.749000
331 2.757000
332 2.765000
333 2.773000
334 2.781000
335 2.789000
336 2.797000
337 2.805000
338 2.813000
339 2.821000
340 2.829000
341 2.837000
342 2.845000
343 2.853000
344 2.861000
345 2.869000
346 2.877000
347 2.885000
348 2.893000
349 2.901000
350 2.909000
351 2.917000
352 2.925000
353 2.933000
354 2.941000
355 2.949000
356 2.957000
357 2.965000
358 2.973000
359 2.981000
360 2.989000
361 2.997000
362 3.005000
363 3.013000
364 3.021000
365 3.029000
366 3.037000
367 3.045000
368 3.053000
369 3.061000
370 3.069000
371 3.077000
372 3.085000
373 3.093000
374 3.101000
375 3.109000
376 3.117000
377 3.125000
378 3.133000
379 3.141000
380 3.149000
381 3.157000
382 3.165000
383 3.173000
384 3.181000
385 3.189000
386 3.197000
387 3.205000
388 3.213000
389 3.221000
390 3.229000
391 3.237000
392 3.245000
393 3.253000
394 3.261000
395 3.269000
396 3.277000
397 3.285000
398 3.293000
399 3.301000
400 3.309000
401 3.317000
402 3.325000
403 3.333000
404 3.341000
405 3.349000
406 3.357000
407 3.365000
408 3.373000
409 3.381000
410 3.389000
411 3.397000
412 3.405000
413 3.413000
414 3.421000
415 3.429000
416 3.437000
417 3.445000
418 3.453000
419 3.461000
420 3.469000
421 3.477000
422 3.485000
423 3.493000
424 3.501000
425 3.509000
426 3.517000
427 3.525000
428 3.533000
429 3.541000
430 3.549000
431 3.557000
432 3.565000
433 3.573000
434 3.581000
435 3.589000
436 3.597000
437 3.605000
438 3.613000
439 3.621000
440 3.629000
441 3.637000
442 3.645000
443 3.653000
444 3.661000
445 3.669000
446 3.677000
447 3.685000
448 3.693000
449 3.701000
450 3.709000
451 3.717000
452 3.725000
453 3.733000
454 3.741000
455 3.749000
456 3.757000
457 3.765000
458 3.773000
459 3.781000
460 3.789000
461 3.797000
462 3.805000
463 3.813000
464 3.821000
465 3.829000
466 3.837000
467 3.845000
468 3.853000
469 3.861000
470 3.869000
471 3.877000
472 3.885000
473 3.893000
474 3.901000
475 3.909000
476 3.917000
477 3.925000
478 3.933000
479 3.941000
480 3.949000
481 3.957000
482 3.965000
483 3.973000
484 3.981000
485 3.989000
486 3.997000
487 4.005000
488 4.015000
489 4.023000
490 4.031000
491 4.039000
492 4.047000
493 4.055000
494 4.063000
495 4.071000
496 4.079000
497 4.087000
498 4.095000
499 4.103000
500 4.111000
501 4.119000
502 4.127000
503 4.135000
504 4.143000
505 4.151000
506 4.159000
507 4.167000
508 4.175000
509 4.183000
510 4.191000
511 4.199000
512 4.207000
513 4.215000
514 4.223000
515 4.231000
516 4.239000
517 4.247000
518 4.255000
519 4.263000
520 4.271000
521 4.279000
522 4.287000
523 4.295000
524 4.303000
525 4.311000
526 4.319000
527 4.327000
528 4.335000
529 4.343000
530 4.351000
531 4.359000
532 4.367000
533 4.375000
534 4.383000
535 4.391000
536 4.399000
537 4.407000
538 4.415000
539 4.423000
540 4.431000
541 4.439000
542 4.447000
543 4.455000
544 4.463000
545 4.471000
546 4.479000
547 4.487000
548 4.495000
549 4.503000
550 4.511000
551 4.519000
552 4.527000
553 4.535000
554 4.543000
555 4.551000
556 4.559000
557 4.567000
558 4.575000
559 4.583000
560 4.591000
561 4.599000
562 4.607000
563 4.615000
564 4.623000
565 4.631000
566 4.639000
567 4.647000
568 4.655000
569 4.663000
570 4.671000
571 4.679000
572 4.687000
573 4.695000
574 4.703000
575 4.711000
576 4.719000
577 4.727000
578 4.735000
579 4.743000
580 4.751000
581 4.759000
582 4.767000
583 4.775000
584 4.783000
585 4.791000
586 4.799000
587 4.807000
588 4.815000
589 4.823000
590 4.831000
591 4.839000
592 4.847000
593 4.855000
594 4.863000
595 4.871000
596 4.879000
597 4.887000
598 4.895000
599 4.903000
600 4.911000
601 4.919000
602 4.927000
603 4.935000
604 4.943000
605 4.951000
606 4.959000
607 4.967000
608 4.975000
609 4.983000
610 4.991000
611 4.999000
612 5.007000
613 5.015000
614 5.023000
615 5.031000
616 5.039000
617 5.047000
618 5.055000
619 5.063000
620 5.071000
621 5.079000
622 5.087000
623 5.095000
624 5.103000
625 5.111000
626 5.119000
627 5.127000
628 5.135000
629 5.143000
630 5.151000
631 5.159000
632 5.167000
633 5.175000
634 5.183000
635 5.191000
636 5.199000
637 5.207000
638 5.215000
639 5.223000
640 5.231000
641 5.239000
642 5.247000
643 5.255000
644 5.263000
645 5.271000
646 5.279000
647 5.287000
648 5.295000
649 5.303000
650 5.311000
651 5.319000
652 5.327000
653 5.335000
654 5.343000
655 5.351000
656 5.359000
657 5.367000
658 5.375000
659 5.383000
660 5.391000
661 5.399000
662 5.407000
663 5.415000
664 5.423000
665 5.431000
666 5.439000
667 5.447000
668 5.455000
669 5.463000
670 5.471000
671 5.479000
672 5.487000
673 5.495000
674 5.503000
675 5.511000
676 5.519000
677 5.527000
678 5.535000
679 5.543000
680 5.551000
681 5.559000
682 5.567000
683 5.575000
684 5.583000
685 5.591000
686 5.599000
687 5.607000
688 5.615000
689 5.623000
690 5.631000
691 5.639000
692 5.647000
693 5.655000
694 5.663000
695 5.671000
696 5.679000
697 5.687000
698 5.695000
699 5.703000
700 5.711000
701 5.719000
702 5.727000
703 5.735000
704 5.743000
705 5.751000
706 5.759000
707 5.767000
708 5.775000
709 5.783000
710 5.791000
711 5.799000
712 5.807000
713 5.815000
714 5.823000
715 5.831000
716 5.839000
717 5.847000
718 5.855000
719 5.863000
720 5.871000
721 5.879000
722 5.887000
723 5.895000
724 5.903000
725 5.911000
726 5.919000
727 5.927000
728 5.935000
729 5.943000
730 5.951000
731 5.959000
732 5.967000
733 5.975000
734 5.983000
735 5.991000
736 5.999000
737 6.007000
738 6.015000
739 6.023000
740 6.031000
741 6.039000
742 6.047000
743 6.055000
744 6.063000
745 6.071000
746 6.079000
747 6.087000
748 6.095000
749 6.103000
750 6.111000
751 6.119000
752 6.127000
753 6.135000
754 6.143000
755 6.151000
756 6.159000
757 6.167000
758 6.175000
759 6.183000
760 6.191000
761 6.199000
762 6.207000
763 6.215000
764 6.223000
765 6.231000
766 6.239000
767 6.247000
768 6.255000
769 6.263000
770 6.271000
771 6.279000
772 6.287000
773 6.295000
774 6.303000
775 6.311000
776 6.319000
777 6.327000
778 6.335000
779 6.343000
780 6.351000
781 6.359000
782 6.367000
783 6.375000
784 6.383000
785 6.391000
786 6.399000
787 6.407000
788 6.415000
789 6.423000
790 6.431000
791 6.439000
792 6.447000
793 6.455000
794 6.463000
795 6.471000
796 6.479000
797 6.487000
798 6.495000
799 6.503000
800 6.511000
801 6.519000
802 6.527000
803 6.535000
804 6.543000
805 6.551000
806 6.559000
807 6.567000
808 6.575000
809 6.583000
810 6.591000
811 6.599000
812 6.607000
813 6.615000
814 6.623000
815 6.631000
816 6.639000
817 6.647000
818 6.655000
819 6.663000
820 6.671000
821 6.679000
822 6.687000
823 6.695000
824 6.703000
825 6.711000
826 6.719000
827 6.727000
828 6.735000
829 6.743000
830 6.751000
831 6.759000
832 6.767000
833 6.775000
834 6.783000
835 6.791000
836 6.799000
837 6.807000
838 6.815000
839 6.823000
840 6.831000
841 6.839000
842 6.847000
843 6.855000
844 6.863000
845 6.871000
846 6.879000
847 6.887000
848 6.895000
849 6.903000
850 6.911000
851 6.919000
852 6.927000
853 6.935000
854 6.943000
855 6.951000
856 6.959000
857 6.967000
858 6.975000
859 6.983000
860 6.991000
861 6.999000
862 7.007000
863 7.015000
864 7.023000
865 7.031000
866 7.039000
867 7.047000
868 7.055000
869 7.063000
870 7.071000
871 7.079000
872 7.087000
873 7.095000
874 7.103000
875 7.111000
876 7.119000
877 7.127000
878 7.135000
879 7.143000
880 7.151000
881 7.159000
882 7.167000
883 7.175000
884 7.183000
885 7.191000
886 7.199000
887 7.207000
888 7.215000
889 7.223000
890 7.231000
891 7.239000
892 7.247000
893 7.255000
894 7.263000
895 7.271000
896 7.279000
897 7.287000
898 7.295000
899 7.303000
900 7.311000
901 7.319000
902 7.327000
903 7.335000
904 7.343000
905 7.351000
906 7.359000
907 7.367000
908 7.375000
909 7.383000
910 7.391000
911 7.399000
912 7.407000
913 7.415000
914 7.423000
915 7.431000
916 7.439000
917 7.447000
918 7.455000
919 7.463000
920 7.471000
921 7.479000
922 7.487000
923 7.495000
924 7.503000
925 7.511000
926 7.519000
927 7.527000
928 7.535000
929 7.543000
930 7.551000
931 7.559000
932 7.567000
933 7.575000
934 7.583000
935 7.591000
936 7.599000
937 7.607000
938 7.615000
939 7.623000
940 7.631000
941 7.639000
942 7.647000
943 7.655000
944 7.663000
945 7.671000
946 7.679000
947 7.687000
948 7.695000
949 7.703000
950 7.711000
951 7.719000
952 7.727000
953 7.735000
954 7.743000
955 7.751000
956 7.759000
957 7.767000
958 7.775000
959 7.783000
960 7.791000
961 7.799000
962 7.807000
963 7.815000
964 7.823000
965 7.831000
966 7.839000
967 7.847000
968 7.855000
969 7.863000
970 7.871000
971 7.879000
972 7.887000
973 7.895000
974 7.903000
975 7.911000
976 7.919000
977 7.927000
978 7.935000
979 7.943000
980 7.951000
981 7.959000
982 7.967000
983 7.975000
984 7.983000
985 7.991000
986 7.999000
987 8.007000
988 8.015000
989 8.023000
990 8.031000
991 8.039000
992 8.047000
993 8.055000
994 8.063000
995 8.071000
996 8.079000
997 8.087000
998 8.095000
999 8.103000
1000 8.111000
1001 8.119000
1002 8.127000
1003 8.135000
1004 8.143000
1005 8.151000
1006 8.159000
1007 8.167000
1008 8.175000
1009 8.183000
1010 8.191000
1011 8.199000
1012 8.207000
1013 8.215000
1014 8.223000
1015 8.231000
1016 8.239000
1017 8.247000
1018 8.255000
1019 8.263000
1020 8.271000
1021 8.279000
1022 8.287000
1023 8.295000
1024 8.303000
1025 8.311000
1026 8.319000
1027 8.327000
1028 8.335000
1029 8.343000
1030 8.351000
1031 8.359000
1032 8.367000
1033 8.375000
1034 8.383000
1035 8.391000
1036 8.399000
1037 8.407000
1038 8.415000
1039 8.423000
1040 8.431000
1041 8.439000
1042 8.447000
1043 8.455000
1044 8.463000
1045 8.471000
1046 8.479000
1047 8.487000
1048 8.495000
1049 8.503000
1050 8.511000
1051 8.519000
1052 8.527000
1053 8.535000
1054 8.543000
1055 8.551000
1056 8.559000
1057 8.567000
1058 8.575000
1059 8.583000
1060 8.591000
1061 8.599000
1062 8.607000
1063 8.615000
1064 8.623000
1065 8.631000
1066 8.639000
1067 8.647000
1068 8.655000
1069 8.663000
1070 8.671000
1071 8.679000
1072 8.687000
1073 8.695000
1074 8.703000
1075 8.711000
1076 8.719000
1077 8.727000
1078 8.735000
1079 8.743000
1080 8.751000
1081 8.759000
1082 8.767000
1083 8.775000
1084 8.783000
1085 8.791000
1086 8.799000
1087 8.807000
1088 8.815000
1089 8.823000
1090 8.831000
1091 8.839000
1092 8.847000
1093 8.855000
1094 8.863000
1095 8.871000
1096 8.879000
1097 8.887000
1098 8.895000
1099 8.903000
1100 8.911000
1101 8.919000
1102 8.927000
1103 8.935000
1104 8.943000
1105 8.951000
1106 8.959000
1107 8.967000
1108 8.975000
1109 8.983000
1110 8.991000
1111 8.999000
1112 9.007000
1113 9.015000
1114 9.023000
1115 9.031000
1116 9.039000
1117 9.047000
1118 9.055000
1119 9.063000
1120 9.071000
1121 9.079000
1122 9.087000
1123 9.095000
1124 9.103000
1125 9.111000
1126 9.119000
1127 9.127000
1128 9.135000
1129 9.143000
1130 9.151000
1131 9.159000
1132 9.167000
1133 9.175000
1134 9.183000
1135 9.191000
1136 9.199000
1137 9.207000
1138 9.215000
1139 9.223000
1140 9.231000
1141 9.239000
1142 9.247000
1143 9.255000
1144 9.263000
1145 9.271000
1146 9.279000
1147 9.287000
1148 9.295000
1149 9.303000
1150 9.311000
1151 9.319000
1152 9.327000
1153 9.335000
1154 9.343000
1155 9.351000
1156 9.359000
1157 9.367000
1158 9.375000
1159 9.383000
1160 9.391000
1161 9.399000
1162 9.407000
1163 9.415000
1164 9.423000
1165 9.431000
1166 9.439000
1167 9.447000
1168 9.455000
1169 9.463000
1170 9.471000
1171 9.479000
1172 9.487000
1173 9.495000
1174 9.503000
1175 9.511000
1176 9.519000
1177 9.527000
1178 9.535000
1179 9.543000
1180 9.551000
1181 9.559000
1182 9.567000
1183 9.575000
1184 9.583000
1185 9.591000
1186 9.599000
1187 9.607000
1188 9.615000
1189 9.623000
1190 9.631000
1191 9.639000
1192 9.647000
1193 9.655000
1194 9.663000
1195 9.671000
1196 9.679000
1197 9.687000
1198 9.695000
1199 9.703000
1200 9.711000
1201 9.719000
1202 9.727000
1203 9.735000
1204 9.743000
1205 9.751000
1206 9.759000
1207 9.767000
1208 9.775000
1209 9.783000
1210 9.791000
1211 9.799000
1212 9.807000
1213 9.815000
1214 9.823000
1215 9.831000
1216 9.839000
1217 9.847000
1218 9.855000
1219 9.863000
1220 9.871000
1221 9.879000
1222 9.887000
1223 9.895000
1224 9.903000
1225 9.911000
1226 9.919000
1227 9.927000
1228 9.935000
1229 9.943000
1230 9.951000
1231 9.959000
1232 9.967000
1233 9.975000
1234 9.983000
1235 9.991000
1236 9.999000
1237 10.007000
1238 10.015000
1239 10.023000
1240 10.031000
1241 10.039000
1242 10.047000
1243 10.055000
1244 10.063000
1245 10.071000
1246 10.079000
1247 10.087000
1248 10.095000
1249 10.103000
1250 10.111000
1251 10.119000
1252 10.127000
1253 10.135000
1254 10.143000
1255 10.151000
1256 10.159000
1257 10.167000
1258 10.175000
1259 10.183000
1260 10.191000
1261 10.199000
1262 10.207000
1263 10.215000
1264 10.223000
1265 10.231000
1266 10.239000
1267 10.247000
1268 10.255000
1269 10.263000
1270 10.271000
1271 10.279000
1272 10.287000
1273 10.295000
1274 10.303000
1275 10.311000
1276 10.319000
1277 10.327000
1278 10.335000
1279 10.343000
1280 10.351000
1281 10.359000
1282 10.367000
1283 10.375000
1284 10.383000
1285 10.391000
1286 10.399000
1287 10.407000
1288 10.415000
1289 10.423000
1290 10.431000
1291 10.439000
1292 10.447000
1293 10.455000
1294 10.463000
1295 10.471000
1296 10.479000
1297 10.487000
1298 10.495000
1299 10.503000
1300 10.511000
1301 10.519000
1302 10.527000
1303 10.535000
1304 10.543000
1305 10.551000
1306 10.559000
1307 10.567000
1308 10.575000
1309 10.583000
1310 10.591000
1311 10.599000
1312 10.607000
1313 10.615000
1314 10.623000
1315 10.631000
1316 10.639000
1317 10.647000
1318 10.655000
1319 10.663000
1320 10.671000
1321 10.679000
1322 10.687000
1323 10.695000
1324 10.703000
1325 10.711000
1326 10.719000
1327 10.727000
1328 10.735000
1329 10.743000
1330 10.751000
1331 10.759000
1332 10.767000
1333 10.775000
1334 10.783000
1335 10.791000
1336 10.799000
1337 10.807000
1338 10.815000
1339 10.823000
1340 10.831000
1341 10.839000
1342 10.847000
1343 10.855000
1344 10.863000
1345 10.871000
1346 10.879000
1347 10.887000
1348 10.895000
1349 10.903000
1350 10.911000
1351 10.919000
1352 10.927000
1353 10.935000
1354 10.943000
1355 10.951000
1356 10.959000
1357 10.967000
1358 10.975000
1359 10.983000
1360 10.991000
1361 10.999000
1362 11.007000
1363 11.015000
1364 11.023000
1365 11.031000
1366 11.039000
1367 11.047000
1368 11.055000
1369 11.063000
1370 11.071000
1371 11.079000
1372 11.087000
1373 11.095000
1374 11.103000
1375 11.111000
1376 11.119000
1377 11.127000
1378 11.135000
1379 11.143000
1380 11.151000
1381 11.159000
1382 11.167000
1383 11.175000
1384 11.183000
1385 11.191000
1386 11.199000
1387 11.207000
1388 11.215000
1389 11.223000
1390 11.231000
1391 11.239000
1392 11.247000
1393 11.255000
1394 11.263000
1395 11.271000
1396 11.279000
1397 11.287000
1398 11.295000
1399 11.303000
1400 11.311000
1401 11.319000
1402 11.327000
1403 11.335000
1404 11.343000
1405 11.351000
1406 11.359000
1407 11.367000
1408 11.375000
1409 11.383000
1410 11.391000
1411 11.399000
1412 11.407000
1413 11.415000
1414 11.423000
1415 11.431000
1416 11.439000
1417 11.447000
1418 11.455000
1419 11.463000
1420 11.471000
1421 11.479000
1422 11.487000
1423 11.495000
1424 11.503000
1425 11.511000
1426 11.519000
1427 11.527000
1428 11.535000
1429 11.543000
1430 11.551000
1431 11.559000
1432 11.567000
1433 11.575000
1434 11.583000
1435 11.591000
1436 11.599000
1437 11.607000
1438 11.615000
1439 11.623000
1440 11.631000
1441 11.639000
1442 11.647000
1443 11.655000
1444 11.663000
1445 11.671000
1446 11.679000
1447 11.687000
1448 11.695000
1449 11.703000
1450 11.711000
1451 11.719000
1452 11.727000
1453 11.735000
1454 11.743000
1455 11.751000
1456 11.759000
1457 11.767000
1458 11.775000
1459 11.783000
1460 11.791000
1461 11.799000
1462 11.807000
1463 11.815000
1464 11.823000
1465 11.831000
1466 11.839000
1467 11.847000
1468 11.855000
1469 11.863000
1470 11.871000
1471 11.879000
1472 11.887000
1473 11.895000
1474 11.903000
1475 11.911000
1476 11.919000
1477 11.927000
1478 11.935000
1479 11.943000
1480 11.951000
1481 11.959000
1482 11.967000
1483 11.975000
1484 11.983000
1485 11.991000
1486 11.999000
1487 12.007000
