0 0.111000
1 0.113000
2 0.119000
3 0.121000
4 0.127000
5 0.129000
6 0.135000
7 0.137000
8 0.143000
9 0.145000
10 0.151000
11 0.153000
12 0.159000
13 0.161000
14 0.167000
15 0.169000
16 0.175000
17 0.177000
18 0.183000
19 0.185000
20 0.191000
21 0.193000
22 0.199000
23 0.201000
24 0.207000
25 0.209000
26 0.215000
27 0.217000
28 0.223000
29 0.225000
30 0.231000
31 0.233000
32 0.239000
33 0.241000
34 0.247000
35 0.249000
36 0.255000
37 0.257000
38 0.263000
39 0.265000
40 0.271000
41 0.273000
42 0.279000
43 0.281000
44 0.287000
45 0.289000
46 0.295000
47 0.297000
48 0.303000
49 0.305000
50 0.311000
51 0.313000
52 0.319000
53 0.321000
54 0.327000
55 0.329000
56 0.335000
57 0.337000
58 0.343000
59 0.345000
60 0.351000
61 0.353000
66 0.359000
71 0.361000
76 0.367000
81 0.369000
86 0.375000
91 0.377000
96 0.383000
101 0.385000
106 0.391000
111 0.393000
116 0.399000
121 0.401000
126 0.407000
131 0.409000
136 0.415000
141 0.417000
146 0.423000
151 0.425000
156 0.431000
161 0.433000
166 0.439000
171 0.441000
176 0.447000
181 0.449000
186 0.455000
191 0.457000
196 0.463000
201 0.465000
206 0.471000
211 0.473000
216 0.479000
221 0.481000
226 0.487000
231 0.489000
235 0.495000
240 0.497000
245 0.503000
250 0.505000
255 0.511000
260 0.513000
265 0.519000
270 0.521000
275 0.527000
280 0.529000
285 0.535000
290 0.537000
295 0.543000
300 0.545000
305 0.551000
310 0.553000
315 0.559000
320 0.561000
325 0.567000
330 0.569000
335 0.575000
340 0.577000
345 0.583000
350 0.585000
355 0.591000
360 0.593000
365 0.599000
370 0.601000
375 0.607000
380 0.609000
385 0.615000
390 0.617000
395 0.623000
400 0.625000
405 0.631000
410 0.633000
415 0.639000
420 0.641000
425 0.647000
430 0.649000
435 0.655000
440 0.657000
445 0.663000
450 0.665000
455 0.671000
460 0.673000
465 0.679000
470 0.681000
475 0.687000
480 0.689000
485 0.695000
490 0.697000
495 0.703000
500 0.705000
505 0.711000
510 0.713000
515 0.719000
520 0.721000
525 0.727000
530 0.729000
535 0.735000
540 0.737000
545 0.743000
550 0.745000
555 0.751000
560 0.753000
565 0.759000
570 0.761000
575 0.767000
580 0.769000
585 0.775000
590 0.777000
595 0.783000
600 0.785000
605 0.791000
610 0.793000
615 0.799000
620 0.801000
625 0.807000
630 0.809000
635 0.815000
640 0.817000
645 0.823000
650 0.825000
655 0.831000
660 0.833000
665 0.839000
670 0.841000
675 0.847000
680 0.849000
685 0.855000
690 0.857000
695 0.863000
700 0.865000
705 0.871000
710 0.873000
715 0.879000
720 0.881000
725 0.887000
730 0.889000
735 0.895000
740 0.897000
745 0.903000
750 0.905000
755 0.911000
760 0.913000
765 0.919000
770 0.921000
775 0.927000
780 0.929000
785 0.935000
790 0.937000
795 0.943000
800 0.945000
805 0.951000
810 0.953000
815 0.959000
820 0.961000
825 0.967000
830 0.969000
835 0.975000
840 0.977000
845 0.983000
850 0.985000
855 0.991000
860 0.993000
865 0.999000
870 1.001000
875 1.007000
880 1.009000
885 1.015000
890 1.017000
895 1.023000
900 1.025000
905 1.031000
910 1.033000
915 1.039000
920 1.041000
925 1.047000
930 1.049000
935 1.055000
940 1.057000
945 1.063000
950 1.065000
955 1.071000
960 1.073000
965 1.079000
970 1.081000
975 1.087000
980 1.089000
985 1.095000
990 1.097000
995 1.103000
1000 1.105000
1005 1.111000
1010 1.113000
1015 1.119000
1020 1.121000
1025 1.127000
1030 1.129000
1035 1.135000
1040 1.137000
1045 1.143000
1050 1.145000
1055 1.151000
1060 1.153000
1065 1.159000
1070 1.161000
1075 1.167000
1080 1.169000
1085 1.175000
1090 1.177000
1095 1.183000
1100 1.185000
1105 1.191000
1110 1.193000
1115 1.199000
1120 1.201000
1125 1.207000
1130 1.209000
1135 1.215000
1140 1.217000
1145 1.223000
1150 1.225000
1155 1.231000
1160 1.233000
1165 1.239000
1170 1.241000
1175 1.247000
1180 1.249000
1185 1.255000
1190 1.257000
1195 1.263000
1200 1.265000
1205 1.271000
1210 1.273000
1215 1.279000
1220 1.281000
1225 1.287000
1230 1.289000
1235 1.295000
1240 1.297000
1245 1.303000
1250 1.305000
1255 1.311000
1260 1.313000
1265 1.319000
1270 1.321000
1275 1.327000
1280 1.329000
1285 1.335000
1290 1.337000
1295 1.343000
1300 1.345000
1305 1.351000
1310 1.353000
1315 1.359000
1320 1.361000
1325 1.367000
1330 1.369000
1335 1.375000
1340 1.377000
1345 1.383000
1351 1.385000
1356 1.391000
1361 1.393000
1366 1.399000
1371 1.401000
1376 1.407000
1381 1.409000
1386 1.415000
1391 1.417000
1396 1.423000
1401 1.425000
1406 1.431000
1411 1.433000
1416 1.439000
1421 1.441000
1426 1.447000
1431 1.449000
1436 1.455000
1441 1.457000
1446 1.463000
1451 1.465000
1456 1.471000
1461 1.473000
1466 1.479000
1471 1.481000
1476 1.487000
1481 1.489000
1486 1.495000
1491 1.497000
1496 1.503000
1501 1.505000
1506 1.511000
1511 1.513000
1516 1.519000
1521 1.521000
1526 1.527000
1531 1.529000
1536 1.535000
1541 1.537000
1546 1.543000
1551 1.545000
1556 1.551000
1561 1.553000
1566 1.559000
1571 1.561000
1576 1.567000
1581 1.569000
1586 1.575000
1591 1.577000
1596 1.583000
1601 1.585000
1606 1.591000
1611 1.593000
1616 1.599000
1621 1.601000
1626 1.607000
1631 1.609000
1636 1.615000
1641 1.617000
1646 1.623000
1651 1.625000
1656 1.631000
1661 1.633000
1666 1.639000
1671 1.641000
1676 1.647000
1681 1.649000
1686 1.655000
1691 1.657000
1696 1.663000
1701 1.665000
1706 1.671000
1711 1.673000
1716 1.679000
1721 1.681000
1726 1.687000
1731 1.689000
1736 1.695000
1741 1.697000
1746 1.703000
1751 1.705000
1756 1.711000
1761 1.713000
1766 1.719000
1771 1.721000
1776 1.727000
1781 1.729000
1786 1.735000
1791 1.737000
1796 1.743000
1801 1.745000
1806 1.751000
1811 1.753000
1816 1.759000
1821 1.761000
1826 1.767000
1831 1.769000
1836 1.775000
1841 1.777000
1846 1.783000
1851 1.785000
1856 1.791000
1861 1.793000
1866 1.799000
1871 1.801000
1876 1.807000
1881 1.809000
1886 1.815000
1891 1.817000
1896 1.823000
1901 1.825000
1906 1.831000
1911 1.833000
1916 1.839000
1921 1.841000
1926 1.847000
1931 1.849000
1936 1.855000
1941 1.857000
1946 1.863000
1951 1.865000
1956 1.871000
1961 1.873000
1966 1.879000
1971 1.881000
1976 1.887000
1981 1.889000
1986 1.895000
1991 1.897000
1996 1.903000
2001 1.905000
2006 1.911000
2011 1.913000
2016 1.919000
2021 1.921000
2026 1.927000
2031 1.929000
2036 1.935000
2041 1.937000
2046 1.943000
2051 1.945000
2056 1.951000
2061 1.953000
2066 1.959000
2071 1.961000
2076 1.967000
2081 1.969000
2086 1.975000
2091 1.977000
2096 1.983000
2101 1.985000
2106 1.991000
2111 1.993000
2116 1.999000
2121 2.001000
2126 2.007000
2131 2.009000
2136 2.015000
2141 2.017000
2146 2.023000
2151 2.025000
2156 2.031000
2161 2.033000
2166 2.039000
2171 2.041000
2176 2.047000
2181 2.049000
2186 2.055000
2191 2.057000
2196 2.063000
2201 2.065000
2206 2.071000
2211 2.073000
2216 2.079000
2221 2.081000
2226 2.087000
2231 2.089000
2236 2.095000
2241 2.097000
2246 2.103000
2251 2.105000
2256 2.111000
2261 2.113000
2266 2.119000
2271 2.121000
2276 2.127000
2281 2.129000
2286 2.135000
2291 2.137000
2296 2.143000
2301 2.145000
2306 2.151000
2311 2.153000
2316 2.159000
2321 2.161000
2326 2.167000
2331 2.169000
2336 2.175000
2341 2.177000
2346 2.183000
2351 2.185000
2356 2.191000
2361 2.193000
2366 2.199000
2371 2.201000
2376 2.207000
2381 2.209000
2386 2.215000
2391 2.217000
2396 2.223000
2401 2.225000
2406 2.231000
2411 2.233000
2416 2.239000
2421 2.241000
2426 2.247000
2431 2.249000
2436 2.255000
2441 2.257000
2446 2.263000
2451 2.265000
2456 2.271000
2461 2.273000
2466 2.279000
2471 2.281000
2476 2.287000
2481 2.289000
2486 2.295000
2491 2.297000
2496 2.303000
2501 2.305000
2506 2.311000
2511 2.313000
2516 2.319000
2521 2.321000
2526 2.327000
2531 2.329000
2536 2.335000
2541 2.337000
2546 2.343000
2551 2.345000
2556 2.351000
2561 2.353000
2566 2.359000
2571 2.361000
2576 2.367000
2581 2.369000
2586 2.375000
2591 2.377000
2596 2.383000
2601 2.385000
2606 2.391000
2611 2.393000
2616 2.399000
2621 2.401000
2626 2.407000
2631 2.409000
2636 2.415000
2641 2.417000
2646 2.423000
2651 2.425000
2656 2.431000
2661 2.433000
2666 2.439000
2671 2.441000
2676 2.447000
2681 2.449000
2686 2.455000
2691 2.457000
2696 2.463000
2701 2.465000
2706 2.471000
2711 2.473000
2716 2.479000
2721 2.481000
2726 2.487000
2731 2.489000
2736 2.495000
2741 2.497000
2746 2.503000
2751 2.505000
2756 2.511000
2761 2.513000
2766 2.519000
2771 2.521000
2776 2.527000
2781 2.529000
2786 2.535000
2791 2.537000
2796 2.543000
2801 2.545000
2806 2.551000
2811 2.553000
2816 2.559000
2821 2.561000
2826 2.567000
2831 2.569000
2836 2.575000
2841 2.577000
2846 2.583000
2851 2.585000
2856 2.591000
2861 2.593000
2866 2.599000
2871 2.601000
2876 2.607000
2881 2.609000
2886 2.615000
2891 2.617000
2896 2.623000
2901 2.625000
2906 2.631000
2911 2.633000
2916 2.639000
2921 2.641000
2926 2.647000
2931 2.649000
2936 2.655000
2941 2.657000
2946 2.663000
2951 2.665000
2956 2.671000
2961 2.673000
2966 2.679000
2971 2.681000
2976 2.687000
2981 2.689000
2986 2.695000
2991 2.697000
2996 2.703000
3001 2.705000
3006 2.711000
3011 2.713000
3016 2.719000
3021 2.721000
3026 2.727000
3031 2.729000
3036 2.735000
3041 2.737000
3046 2.743000
3051 2.745000
3056 2.751000
3061 2.753000
3066 2.759000
3071 2.761000
3076 2.767000
3081 2.769000
3086 2.775000
3091 2.777000
3096 2.783000
3101 2.785000
3106 2.791000
3111 2.793000
3116 2.799000
3121 2.801000
3126 2.807000
3131 2.809000
3136 2.815000
3141 2.817000
3146 2.823000
3151 2.825000
3156 2.831000
3161 2.833000
3166 2.839000
3171 2.841000
3176 2.847000
3181 2.849000
3186 2.855000
3191 2.857000
3196 2.863000
3201 2.865000
3206 2.871000
3211 2.873000
3216 2.879000
3221 2.881000
3226 2.887000
3231 2.889000
3236 2.895000
3241 2.897000
3246 2.903000
3251 2.905000
3256 2.911000
3261 2.913000
3266 2.919000
3271 2.921000
3276 2.927000
3281 2.929000
3286 2.935000
3291 2.937000
3296 2.943000
3301 2.945000
3306 2.951000
3311 2.953000
3316 2.959000
3321 2.961000
3326 2.967000
3331 2.969000
3336 2.975000
3341 2.977000
3346 2.983000
3351 2.985000
3356 2.991000
3361 2.993000
3366 2.999000
3371 3.001000
3376 3.007000
3381 3.009000
3386 3.015000
3391 3.017000
3396 3.023000
3401 3.025000
3406 3.031000
3411 3.033000
3416 3.039000
3421 3.041000
3426 3.047000
3431 3.049000
3436 3.055000
3441 3.057000
3446 3.063000
3451 3.065000
3456 3.071000
3461 3.073000
3466 3.079000
3471 3.081000
3476 3.087000
3481 3.089000
3486 3.095000
3491 3.097000
3496 3.103000
3501 3.105000
3506 3.111000
3511 3.113000
3516 3.119000
3521 3.121000
3526 3.127000
3531 3.129000
3536 3.135000
3541 3.137000
3546 3.143000
3551 3.145000
3556 3.151000
3561 3.153000
3566 3.159000
3571 3.161000
3576 3.167000
3581 3.169000
3586 3.175000
3591 3.177000
3596 3.183000
3601 3.185000
3606 3.191000
3611 3.193000
3616 3.199000
3621 3.201000
3626 3.207000
3631 3.209000
3636 3.215000
3641 3.217000
3646 3.223000
3651 3.225000
3656 3.231000
3661 3.233000
3666 3.239000
3671 3.241000
3676 3.247000
3681 3.249000
3686 3.255000
3691 3.257000
3696 3.263000
3701 3.265000
3706 3.271000
3711 3.273000
3716 3.279000
3721 3.281000
3726 3.287000
3731 3.289000
3736 3.295000
3741 3.297000
3746 3.303000
3751 3.305000
3756 3.311000
3761 3.313000
3766 3.319000
3771 3.321000
3776 3.327000
3781 3.329000
3786 3.335000
3791 3.337000
3796 3.343000
3801 3.345000
3806 3.351000
3811 3.353000
3816 3.359000
3821 3.361000
3826 3.367000
3831 3.369000
3836 3.375000
3841 3.377000
3846 3.383000
3851 3.385000
3856 3.391000
3861 3.393000
3866 3.399000
3871 3.401000
3876 3.407000
3881 3.409000
3886 3.415000
3891 3.417000
3896 3.423000
3901 3.425000
3906 3.431000
3911 3.433000
3916 3.439000
3921 3.441000
3926 3.447000
3931 3.449000
3936 3.455000
3941 3.457000
3946 3.463000
3951 3.465000
3956 3.471000
3961 3.473000
3966 3.479000
3971 3.481000
3976 3.487000
3981 3.489000
3986 3.495000
3991 3.497000
3996 3.503000
4001 3.505000
4006 3.511000
4011 3.513000
4016 3.519000
4021 3.521000
4026 3.527000
4031 3.529000
4036 3.535000
4041 3.537000
4046 3.543000
4051 3.545000
4056 3.551000
4061 3.553000
4066 3.559000
4071 3.561000
4076 3.567000
4081 3.569000
4086 3.575000
4091 3.577000
4096 3.583000
4101 3.585000
4106 3.591000
4111 3.593000
4116 3.599000
4121 3.601000
4126 3.607000
4131 3.609000
4136 3.615000
4141 3.617000
4146 3.623000
4151 3.625000
4156 3.631000
4161 3.633000
4166 3.639000
4171 3.641000
4176 3.647000
4181 3.649000
4186 3.655000
4191 3.657000
4196 3.663000
4201 3.665000
4206 3.671000
4211 3.673000
4216 3.679000
4221 3.681000
4226 3.687000
4231 3.689000
4236 3.695000
4241 3.697000
4246 3.703000
4251 3.705000
4256 3.711000
4261 3.713000
4266 3.719000
4271 3.721000
4276 3.727000
4281 3.729000
4286 3.735000
4291 3.737000
4296 3.743000
4301 3.745000
4306 3.751000
4311 3.753000
4316 3.759000
4321 3.761000
4326 3.767000
4331 3.769000
4336 3.775000
4341 3.777000
4346 3.783000
4351 3.785000
4356 3.791000
4361 3.793000
4366 3.799000
4371 3.801000
4376 3.807000
4381 3.809000
4386 3.815000
4391 3.817000
4396 3.823000
4401 3.825000
4406 3.831000
4411 3.833000
4416 3.839000
4421 3.841000
4426 3.847000
4431 3.849000
4436 3.855000
4441 3.857000
4446 3.863000
4451 3.865000
4456 3.871000
4461 3.873000
4466 3.879000
4471 3.881000
4476 3.887000
4481 3.889000
4486 3.895000
4491 3.897000
4496 3.903000
4501 3.905000
4506 3.911000
4511 3.913000
4516 3.919000
4521 3.921000
4526 3.927000
4531 3.929000
4536 3.935000
4541 3.937000
4546 3.943000
4551 3.945000
4556 3.951000
4561 3.953000
4566 3.959000
4571 3.961000
4576 3.967000
4581 3.969000
4586 3.975000
4591 3.977000
4596 3.983000
4601 3.985000
4606 3.991000
4611 3.993000
4616 3.999000
4621 4.001000
4626 4.007000
4631 4.009000
4636 4.011000
4641 4.017000
4646 4.019000
4651 4.025000
4656 4.027000
4661 4.033000
4666 4.035000
4671 4.041000
4676 4.043000
4681 4.049000
4686 4.051000
4691 4.057000
4696 4.059000
4701 4.065000
4706 4.067000
4711 4.073000
4716 4.075000
4721 4.081000
4726 4.083000
4731 4.089000
4736 4.091000
4741 4.097000
4746 4.099000
4751 4.105000
4756 4.107000
4761 4.113000
4766 4.115000
4771 4.121000
4776 4.123000
4781 4.129000
4786 4.131000
4791 4.137000
4796 4.139000
4801 4.145000
4806 4.147000
4811 4.153000
4816 4.155000
4821 4.161000
4826 4.163000
4831 4.169000
4836 4.171000
4841 4.177000
4846 4.179000
4851 4.185000
4856 4.187000
4861 4.193000
4866 4.195000
4871 4.201000
4876 4.203000
4881 4.209000
4886 4.211000
4891 4.217000
4896 4.219000
4901 4.225000
4906 4.227000
4911 4.233000
4916 4.235000
4921 4.241000
4926 4.243000
4931 4.249000
4936 4.251000
4941 4.257000
4946 4.259000
4951 4.265000
4956 4.267000
4961 4.273000
4966 4.275000
4971 4.281000
4976 4.283000
4981 4.289000
4986 4.291000
4991 4.297000
4996 4.299000
5001 4.305000
5006 4.307000
5011 4.313000
5016 4.315000
5021 4.321000
5026 4.323000
5031 4.329000
5036 4.331000
5041 4.337000
5046 4.339000
5051 4.345000
5056 4.347000
5061 4.353000
5066 4.355000
5071 4.361000
5076 4.363000
5081 4.369000
5086 4.371000
5091 4.377000
5096 4.379000
5101 4.385000
5106 4.387000
5111 4.393000
5116 4.395000
5121 4.401000
5126 4.403000
5131 4.409000
5136 4.411000
5141 4.417000
5146 4.419000
5151 4.425000
5156 4.427000
5161 4.433000
5166 4.435000
5171 4.441000
5176 4.443000
5181 4.449000
5186 4.451000
5191 4.457000
5196 4.459000
5201 4.465000
5206 4.467000
5211 4.473000
5216 4.475000
5221 4.481000
5226 4.483000
5231 4.489000
5236 4.491000
5241 4.497000
5246 4.499000
5251 4.505000
5256 4.507000
5261 4.513000
5266 4.515000
5271 4.521000
5276 4.523000
5281 4.529000
5286 4.531000
5291 4.537000
5296 4.539000
5301 4.545000
5306 4.547000
5311 4.553000
5316 4.555000
5321 4.561000
5326 4.563000
5331 4.569000
5336 4.571000
5341 4.577000
5346 4.579000
5351 4.585000
5356 4.587000
5361 4.593000
5366 4.595000
5371 4.601000
5376 4.603000
5381 4.609000
5386 4.611000
5391 4.617000
5396 4.619000
5401 4.625000
5406 4.627000
5411 4.633000
5416 4.635000
5421 4.641000
5426 4.643000
5431 4.649000
5436 4.651000
5441 4.657000
5446 4.659000
5451 4.665000
5456 4.667000
5461 4.673000
5466 4.675000
5471 4.681000
5476 4.683000
5481 4.689000
5486 4.691000
5491 4.697000
5496 4.699000
5501 4.705000
5506 4.707000
5511 4.713000
5516 4.715000
5521 4.721000
5526 4.723000
5531 4.729000
5536 4.731000
5541 4.737000
5546 4.739000
5551 4.745000
5556 4.747000
5561 4.753000
5566 4.755000
5571 4.761000
5576 4.763000
5581 4.769000
5586 4.771000
5591 4.777000
5596 4.779000
5601 4.785000
5606 4.787000
5611 4.793000
5616 4.795000
5621 4.801000
5626 4.803000
5631 4.809000
5636 4.811000
5641 4.817000
5646 4.819000
5651 4.825000
5656 4.827000
5661 4.833000
5666 4.835000
5671 4.841000
5676 4.843000
5681 4.849000
5686 4.851000
5691 4.857000
5696 4.859000
5701 4.865000
5706 4.867000
5711 4.873000
5716 4.875000
5721 4.881000
5726 4.883000
5731 4.889000
5736 4.891000
5741 4.897000
5746 4.899000
5751 4.905000
5756 4.907000
5761 4.913000
5766 4.915000
5771 4.921000
5776 4.923000
5781 4.929000
5786 4.931000
5791 4.937000
5796 4.939000
5801 4.945000
5806 4.947000
5811 4.953000
5816 4.955000
5821 4.961000
5826 4.963000
5831 4.969000
5836 4.971000
5841 4.977000
5846 4.979000
5851 4.985000
5856 4.987000
5861 4.993000
5866 4.995000
5871 5.001000
5876 5.003000
5881 5.009000
5886 5.011000
5891 5.017000
5896 5.019000
5901 5.025000
5906 5.027000
5911 5.033000
5916 5.035000
5921 5.041000
5926 5.043000
5931 5.049000
5936 5.051000
5941 5.057000
5946 5.059000
5951 5.065000
5956 5.067000
5961 5.073000
5966 5.075000
5971 5.081000
5976 5.083000
5981 5.089000
5986 5.091000
5991 5.097000
5996 5.099000
6001 5.105000
6006 5.107000
6011 5.113000
6016 5.115000
6021 5.121000
6026 5.123000
6031 5.129000
6036 5.131000
6041 5.137000
6046 5.139000
6051 5.145000
6056 5.147000
6061 5.153000
6066 5.155000
6071 5.161000
6076 5.163000
6081 5.169000
6086 5.171000
6091 5.177000
6096 5.179000
6101 5.185000
6106 5.187000
6111 5.193000
6116 5.195000
6121 5.201000
6126 5.203000
6131 5.209000
6136 5.211000
6141 5.217000
6146 5.219000
6151 5.225000
6156 5.227000
6161 5.233000
6166 5.235000
6171 5.241000
6176 5.243000
6181 5.249000
6186 5.251000
6191 5.257000
6196 5.259000
6201 5.265000
6206 5.267000
6211 5.273000
6216 5.275000
6221 5.281000
6226 5.283000
6231 5.289000
6236 5.291000
6241 5.297000
6246 5.299000
6251 5.305000
6256 5.307000
6261 5.313000
6266 5.315000
6271 5.321000
6276 5.323000
6281 5.329000
6286 5.331000
6291 5.337000
6296 5.339000
6301 5.345000
6306 5.347000
6311 5.353000
6316 5.355000
6321 5.361000
6326 5.363000
6331 5.369000
6336 5.371000
6341 5.377000
6346 5.379000
6351 5.385000
6356 5.387000
6361 5.393000
6366 5.395000
6371 5.401000
6376 5.403000
6381 5.409000
6386 5.411000
6391 5.417000
6396 5.419000
6401 5.425000
6406 5.427000
6411 5.433000
6416 5.435000
6421 5.441000
6426 5.443000
6431 5.449000
6436 5.451000
6441 5.457000
6446 5.459000
6451 5.465000
6456 5.467000
6461 5.473000
6466 5.475000
6471 5.481000
6476 5.483000
6481 5.489000
6486 5.491000
6491 5.497000
6496 5.499000
6501 5.505000
6506 5.507000
6511 5.513000
6516 5.515000
6521 5.521000
6526 5.523000
6531 5.529000
6536 5.531000
6541 5.537000
6546 5.539000
6551 5.545000
6556 5.547000
6561 5.553000
6566 5.555000
6571 5.561000
6576 5.563000
6581 5.569000
6586 5.571000
6591 5.577000
6596 5.579000
6601 5.585000
6606 5.587000
6611 5.593000
6616 5.595000
6621 5.601000
6626 5.603000
6631 5.609000
6636 5.611000
6641 5.617000
6646 5.619000
6651 5.625000
6656 5.627000
6661 5.633000
6666 5.635000
6671 5.641000
6676 5.643000
6681 5.649000
6686 5.651000
6691 5.657000
6696 5.659000
6701 5.665000
6706 5.667000
6711 5.673000
6716 5.675000
6721 5.681000
6726 5.683000
6731 5.689000
6736 5.691000
6741 5.697000
6746 5.699000
6751 5.705000
6756 5.707000
6761 5.713000
6766 5.715000
6771 5.721000
6776 5.723000
6781 5.729000
6786 5.731000
6791 5.737000
6796 5.739000
6801 5.745000
6806 5.747000
6811 5.753000
6816 5.755000
6821 5.761000
6826 5.763000
6831 5.769000
6836 5.771000
6841 5.777000
6846 5.779000
6851 5.785000
6856 5.787000
6861 5.793000
6866 5.795000
6871 5.801000
6876 5.803000
6881 5.809000
6886 5.811000
6891 5.817000
6896 5.819000
6901 5.825000
6906 5.827000
6911 5.833000
6916 5.835000
6921 5.841000
6926 5.843000
6931 5.849000
6936 5.851000
6941 5.857000
6946 5.859000
6951 5.865000
6956 5.867000
6961 5.873000
6966 5.875000
6971 5.881000
6976 5.883000
6981 5.889000
6986 5.891000
6991 5.897000
6996 5.899000
7001 5.905000
7006 5.907000
7011 5.913000
7016 5.915000
7021 5.921000
7026 5.923000
7031 5.929000
7036 5.931000
7041 5.937000
7046 5.939000
7051 5.945000
7056 5.947000
7061 5.953000
7066 5.955000
7071 5.961000
7076 5.963000
7081 5.969000
7086 5.971000
7091 5.977000
7096 5.979000
7101 5.985000
7106 5.987000
7111 5.993000
7116 5.995000
7121 6.001000
7126 6.003000
7131 6.009000
7136 6.011000
7141 6.017000
7146 6.019000
7151 6.025000
7156 6.027000
7161 6.033000
7166 6.035000
7171 6.041000
7176 6.043000
7181 6.049000
7186 6.051000
7191 6.057000
7196 6.059000
7201 6.065000
7206 6.067000
7211 6.073000
7216 6.075000
7221 6.081000
7226 6.083000
7231 6.089000
7236 6.091000
7241 6.097000
7246 6.099000
7251 6.105000
7256 6.107000
7261 6.113000
7266 6.115000
7271 6.121000
7276 6.123000
7281 6.129000
7286 6.131000
7291 6.137000
7296 6.139000
7301 6.145000
7306 6.147000
7311 6.153000
7316 6.155000
7321 6.161000
7326 6.163000
7331 6.169000
7336 6.171000
7341 6.177000
7346 6.179000
7351 6.185000
7356 6.187000
7361 6.193000
7366 6.195000
7371 6.201000
7376 6.203000
7381 6.209000
7386 6.211000
7391 6.217000
7396 6.219000
7401 6.225000
7406 6.227000
7411 6.233000
7416 6.235000
7421 6.241000
7426 6.243000
7431 6.249000
7436 6.251000
7441 6.257000
7446 6.259000
7451 6.265000
7456 6.267000
7461 6.273000
7466 6.275000
7471 6.281000
7476 6.283000
7481 6.289000
7486 6.291000
7491 6.297000
7496 6.299000
7501 6.305000
7506 6.307000
7511 6.313000
7516 6.315000
7521 6.321000
7526 6.323000
7531 6.329000
7536 6.331000
7541 6.337000
7546 6.339000
7551 6.345000
7556 6.347000
7561 6.353000
7566 6.355000
7571 6.361000
7576 6.363000
7581 6.369000
7586 6.371000
7591 6.377000
7596 6.379000
7601 6.385000
7606 6.387000
7611 6.393000
7616 6.395000
7621 6.401000
7626 6.403000
7631 6.409000
7636 6.411000
7641 6.417000
7646 6.419000
7651 6.425000
7656 6.427000
7661 6.433000
7666 6.435000
7671 6.441000
7676 6.443000
7681 6.449000
7686 6.451000
7691 6.457000
7696 6.459000
7701 6.465000
7706 6.467000
7711 6.473000
7716 6.475000
7721 6.481000
7726 6.483000
7731 6.489000
7736 6.491000
7741 6.497000
7746 6.499000
7751 6.505000
7756 6.507000
7761 6.513000
7766 6.515000
7771 6.521000
7776 6.523000
7781 6.529000
7786 6.531000
7791 6.537000
7796 6.539000
7801 6.545000
7806 6.547000
7811 6.553000
7816 6.555000
7821 6.561000
7826 6.563000
7831 6.569000
7836 6.571000
7841 6.577000
7846 6.579000
7851 6.585000
7856 6.587000
7861 6.593000
7866 6.595000
7871 6.601000
7876 6.603000
7881 6.609000
7886 6.611000
7891 6.617000
7896 6.619000
7901 6.625000
7906 6.627000
7911 6.633000
7916 6.635000
7921 6.641000
7926 6.643000
7931 6.649000
7936 6.651000
7941 6.657000
7946 6.659000
7951 6.665000
7956 6.667000
7961 6.673000
7966 6.675000
7971 6.681000
7976 6.683000
7981 6.689000
7986 6.691000
7991 6.697000
7996 6.699000
8001 6.705000
8006 6.707000
8011 6.713000
8016 6.715000
8021 6.721000
8026 6.723000
8031 6.729000
8036 6.731000
8041 6.737000
8046 6.739000
8051 6.745000
8056 6.747000
8061 6.753000
8066 6.755000
8071 6.761000
8076 6.763000
8081 6.769000
8086 6.771000
8091 6.777000
8096 6.779000
8101 6.785000
8106 6.787000
8111 6.793000
8116 6.795000
8121 6.801000
8126 6.803000
8131 6.809000
8136 6.811000
8141 6.817000
8146 6.819000
8151 6.825000
8156 6.827000
8161 6.833000
8166 6.835000
8171 6.841000
8176 6.843000
8181 6.849000
8186 6.851000
8191 6.857000
8196 6.859000
8201 6.865000
8206 6.867000
8211 6.873000
8216 6.875000
8221 6.881000
8226 6.883000
8231 6.889000
8236 6.891000
8241 6.897000
8246 6.899000
8251 6.905000
8256 6.907000
8261 6.913000
8266 6.915000
8271 6.921000
8276 6.923000
8281 6.929000
8286 6.931000
8291 6.937000
8296 6.939000
8301 6.945000
8306 6.947000
8311 6.953000
8316 6.955000
8321 6.961000
8326 6.963000
8331 6.969000
8336 6.971000
8341 6.977000
8346 6.979000
8351 6.985000
8356 6.987000
8361 6.993000
8366 6.995000
8371 7.001000
8376 7.003000
8381 7.009000
8386 7.011000
8391 7.017000
8396 7.019000
8401 7.025000
8406 7.027000
8411 7.033000
8416 7.035000
8421 7.041000
8426 7.043000
8431 7.049000
8436 7.051000
8441 7.057000
8446 7.059000
8451 7.065000
8456 7.067000
8461 7.073000
8466 7.075000
8471 7.081000
8476 7.083000
8481 7.089000
8486 7.091000
8491 7.097000
8496 7.099000
8501 7.105000
8506 7.107000
8511 7.113000
8516 7.115000
8521 7.121000
8526 7.123000
8531 7.129000
8536 7.131000
8541 7.137000
8546 7.139000
8551 7.145000
8556 7.147000
8561 7.153000
8566 7.155000
8571 7.161000
8576 7.163000
8581 7.169000
8586 7.171000
8591 7.177000
8596 7.179000
8601 7.185000
8606 7.187000
8611 7.193000
8616 7.195000
8621 7.201000
8626 7.203000
8631 7.209000
8636 7.211000
8641 7.217000
8646 7.219000
8651 7.225000
8656 7.227000
8661 7.233000
8666 7.235000
8671 7.241000
8676 7.243000
8681 7.249000
8686 7.251000
8691 7.257000
8696 7.259000
8701 7.265000
8706 7.267000
8711 7.273000
8716 7.275000
8721 7.281000
8726 7.283000
8731 7.289000
8736 7.291000
8741 7.297000
8746 7.299000
8751 7.305000
8756 7.307000
8761 7.313000
8766 7.315000
8771 7.321000
8776 7.323000
8781 7.329000
8786 7.331000
8791 7.337000
8796 7.339000
8801 7.345000
8806 7.347000
8811 7.353000
8816 7.355000
8821 7.361000
8826 7.363000
8831 7.369000
8836 7.371000
8841 7.377000
8846 7.379000
8851 7.385000
8856 7.387000
8861 7.393000
8866 7.395000
8871 7.401000
8876 7.403000
8881 7.409000
8886 7.411000
8891 7.417000
8896 7.419000
8901 7.425000
8906 7.427000
8911 7.433000
8916 7.435000
8921 7.441000
8926 7.443000
8931 7.449000
8936 7.451000
8941 7.457000
8946 7.459000
8951 7.465000
8956 7.467000
8961 7.473000
8966 7.475000
8971 7.481000
8976 7.483000
8981 7.489000
8986 7.491000
8991 7.497000
8996 7.499000
9001 7.505000
9006 7.507000
9011 7.513000
9016 7.515000
9021 7.521000
9026 7.523000
9031 7.529000
9036 7.531000
9041 7.537000
9046 7.539000
9051 7.545000
9056 7.547000
9061 7.553000
9066 7.555000
9071 7.561000
9076 7.563000
9081 7.569000
9086 7.571000
9091 7.577000
9096 7.579000
9101 7.585000
9106 7.587000
9111 7.593000
9116 7.595000
9121 7.601000
9126 7.603000
9131 7.609000
9136 7.611000
9141 7.617000
9146 7.619000
9151 7.625000
9156 7.627000
9161 7.633000
9166 7.635000
9171 7.641000
9176 7.643000
9181 7.649000
9186 7.651000
9191 7.657000
9196 7.659000
9201 7.665000
9206 7.667000
9211 7.673000
9216 7.675000
9221 7.681000
9226 7.683000
9231 7.689000
9236 7.691000
9241 7.697000
9246 7.699000
9251 7.705000
9256 7.707000
9261 7.713000
9266 7.715000
9271 7.721000
9276 7.723000
9281 7.729000
9286 7.731000
9291 7.737000
9296 7.739000
9301 7.745000
9306 7.747000
9311 7.753000
9316 7.755000
9321 7.761000
9326 7.763000
9331 7.769000
9336 7.771000
9341 7.777000
9346 7.779000
9351 7.785000
9356 7.787000
9361 7.793000
9366 7.795000
9371 7.801000
9376 7.803000
9381 7.809000
9386 7.811000
9391 7.817000
9396 7.819000
9401 7.825000
9406 7.827000
9411 7.833000
9416 7.835000
9421 7.841000
9426 7.843000
9431 7.849000
9436 7.851000
9441 7.857000
9446 7.859000
9451 7.865000
9456 7.867000
9461 7.873000
9466 7.875000
9471 7.881000
9476 7.883000
9481 7.889000
9486 7.891000
9491 7.897000
9496 7.899000
9501 7.905000
9506 7.907000
9511 7.913000
9516 7.915000
9521 7.921000
9526 7.923000
9531 7.929000
9536 7.931000
9541 7.937000
9546 7.939000
9551 7.945000
9556 7.947000
9561 7.953000
9566 7.955000
9571 7.961000
9576 7.963000
9581 7.969000
9586 7.971000
9591 7.977000
9596 7.979000
9601 7.985000
9606 7.987000
9611 7.993000
9616 7.995000
9621 8.001000
9626 8.003000
9631 8.009000
9636 8.011000
9641 8.017000
9646 8.019000
9651 8.025000
9656 8.027000
9661 8.033000
9666 8.035000
9671 8.041000
9676 8.043000
9681 8.049000
9686 8.051000
9691 8.057000
9696 8.059000
9701 8.065000
9706 8.067000
9711 8.073000
9716 8.075000
9721 8.081000
9726 8.083000
9731 8.089000
9736 8.091000
9741 8.097000
9746 8.099000
9751 8.105000
9756 8.107000
9761 8.113000
9766 8.115000
9771 8.121000
9776 8.123000
9781 8.129000
9786 8.131000
9791 8.137000
9796 8.139000
9801 8.145000
9806 8.147000
9811 8.153000
9816 8.155000
9821 8.161000
9826 8.163000
9831 8.169000
9836 8.171000
9841 8.177000
9846 8.179000
9851 8.185000
9856 8.187000
9861 8.193000
9866 8.195000
9871 8.201000
9876 8.203000
9881 8.209000
9886 8.211000
9891 8.217000
9896 8.219000
9901 8.225000
9906 8.227000
9911 8.233000
9916 8.235000
9921 8.241000
9926 8.243000
9931 8.249000
9936 8.251000
9941 8.257000
9946 8.259000
9951 8.265000
9956 8.267000
9961 8.273000
9966 8.275000
9971 8.281000
9976 8.283000
9981 8.289000
9986 8.291000
9991 8.297000
9996 8.299000
10001 8.305000
10006 8.307000
10011 8.313000
10016 8.315000
10021 8.321000
10026 8.323000
10031 8.329000
10036 8.331000
10041 8.337000
10046 8.339000
10051 8.345000
10056 8.347000
10061 8.353000
10066 8.355000
10071 8.361000
10076 8.363000
10081 8.369000
10086 8.371000
10091 8.377000
10096 8.379000
10101 8.385000
10106 8.387000
10111 8.393000
10116 8.395000
10121 8.401000
10126 8.403000
10131 8.409000
10136 8.411000
10141 8.417000
10146 8.419000
10151 8.425000
10156 8.427000
10161 8.433000
10166 8.435000
10171 8.441000
10176 8.443000
10181 8.449000
10186 8.451000
10191 8.457000
10196 8.459000
10201 8.465000
10206 8.467000
10211 8.473000
10216 8.475000
10221 8.481000
10226 8.483000
10231 8.489000
10236 8.491000
10241 8.497000
10246 8.499000
10251 8.505000
10256 8.507000
10261 8.513000
10266 8.515000
10271 8.521000
10276 8.523000
10281 8.529000
10286 8.531000
10291 8.537000
10296 8.539000
10301 8.545000
10306 8.547000
10311 8.553000
10316 8.555000
10321 8.561000
10326 8.563000
10331 8.569000
10336 8.571000
10341 8.577000
10346 8.579000
10351 8.585000
10356 8.587000
10361 8.593000
10366 8.595000
10371 8.601000
10376 8.603000
10381 8.609000
10386 8.611000
10391 8.617000
10396 8.619000
10401 8.625000
10406 8.627000
10411 8.633000
10416 8.635000
10421 8.641000
10426 8.643000
10431 8.649000
10436 8.651000
10441 8.657000
10446 8.659000
10451 8.665000
10456 8.667000
10461 8.673000
10466 8.675000
10471 8.681000
10476 8.683000
10481 8.689000
10486 8.691000
10491 8.697000
10496 8.699000
10501 8.705000
10506 8.707000
10511 8.713000
10516 8.715000
10521 8.721000
10526 8.723000
10531 8.729000
10536 8.731000
10541 8.737000
10546 8.739000
10551 8.745000
10556 8.747000
10561 8.753000
10566 8.755000
10571 8.761000
10576 8.763000
10581 8.769000
10586 8.771000
10591 8.777000
10596 8.779000
10601 8.785000
10606 8.787000
10611 8.793000
10616 8.795000
10621 8.801000
10626 8.803000
10631 8.809000
10636 8.811000
10641 8.817000
10646 8.819000
10651 8.825000
10656 8.827000
10661 8.833000
10666 8.835000
10671 8.841000
10676 8.843000
10681 8.849000
10686 8.851000
10691 8.857000
10696 8.859000
10701 8.865000
10706 8.867000
10711 8.873000
10716 8.875000
10721 8.881000
10726 8.883000
10731 8.889000
10736 8.891000
10741 8.897000
10746 8.899000
10751 8.905000
10756 8.907000
10761 8.913000
10766 8.915000
10771 8.921000
10776 8.923000
10781 8.929000
10786 8.931000
10791 8.937000
10796 8.939000
10801 8.945000
10806 8.947000
10811 8.953000
10816 8.955000
10821 8.961000
10826 8.963000
10831 8.969000
10836 8.971000
10841 8.977000
10846 8.979000
10851 8.985000
10856 8.987000
10861 8.993000
10866 8.995000
10871 9.001000
10876 9.003000
10881 9.009000
10886 9.011000
10891 9.017000
10896 9.019000
10901 9.025000
10906 9.027000
10911 9.033000
10916 9.035000
10921 9.041000
10926 9.043000
10931 9.049000
10936 9.051000
10941 9.057000
10946 9.059000
10951 9.065000
10956 9.067000
10961 9.073000
10966 9.075000
10971 9.081000
10976 9.083000
10981 9.089000
10986 9.091000
10991 9.097000
10996 9.099000
11001 9.105000
11006 9.107000
11011 9.113000
11016 9.115000
11021 9.121000
11026 9.123000
11031 9.129000
11036 9.131000
11041 9.137000
11046 9.139000
11051 9.145000
11056 9.147000
11061 9.153000
11066 9.155000
11071 9.161000
11076 9.163000
11081 9.169000
11086 9.171000
11091 9.177000
11096 9.179000
11101 9.185000
11106 9.187000
11111 9.193000
11116 9.195000
11121 9.201000
11126 9.203000
11131 9.209000
11136 9.211000
11141 9.217000
11146 9.219000
11151 9.225000
11156 9.227000
11161 9.233000
11166 9.235000
11171 9.241000
11176 9.243000
11181 9.249000
11186 9.251000
11191 9.257000
11196 9.259000
11201 9.265000
11206 9.267000
11211 9.273000
11216 9.275000
11221 9.281000
11226 9.283000
11231 9.289000
11236 9.291000
11241 9.297000
11246 9.299000
11251 9.305000
11256 9.307000
11261 9.313000
11266 9.315000
11271 9.321000
11276 9.323000
11281 9.329000
11286 9.331000
11291 9.337000
11296 9.339000
11301 9.345000
11306 9.347000
11311 9.353000
11316 9.355000
11321 9.361000
11326 9.363000
11331 9.369000
11336 9.371000
11341 9.377000
11346 9.379000
11351 9.385000
11356 9.387000
11361 9.393000
11366 9.395000
11371 9.401000
11376 9.403000
11381 9.409000
11386 9.411000
11391 9.417000
11396 9.419000
11401 9.425000
11406 9.427000
11411 9.433000
11416 9.435000
11421 9.441000
11426 9.443000
11431 9.449000
11436 9.451000
11441 9.457000
11446 9.459000
11451 9.465000
11456 9.467000
11461 9.473000
11466 9.475000
11471 9.481000
11476 9.483000
11481 9.489000
11486 9.491000
11491 9.497000
11496 9.499000
11501 9.505000
11506 9.507000
11511 9.513000
11516 9.515000
11521 9.521000
11526 9.523000
11531 9.529000
11536 9.531000
11541 9.537000
11546 9.539000
11551 9.545000
11556 9.547000
11561 9.553000
11566 9.555000
11571 9.561000
11576 9.563000
11581 9.569000
11586 9.571000
11591 9.577000
11596 9.579000
11601 9.585000
11606 9.587000
11611 9.593000
11616 9.595000
11621 9.601000
11626 9.603000
11631 9.609000
11636 9.611000
11641 9.617000
11646 9.619000
11651 9.625000
11656 9.627000
11661 9.633000
11666 9.635000
11671 9.641000
11676 9.643000
11681 9.649000
11686 9.651000
11691 9.657000
11696 9.659000
11701 9.665000
11706 9.667000
11711 9.673000
11716 9.675000
11721 9.681000
11726 9.683000
11731 9.689000
11736 9.691000
11741 9.697000
11746 9.699000
11751 9.705000
11756 9.707000
11761 9.713000
11766 9.715000
11771 9.721000
11776 9.723000
11781 9.729000
11786 9.731000
11791 9.737000
11796 9.739000
11801 9.745000
11806 9.747000
11811 9.753000
11816 9.755000
11821 9.761000
11826 9.763000
11831 9.769000
11836 9.771000
11841 9.777000
11846 9.779000
11851 9.785000
11856 9.787000
11861 9.793000
11866 9.795000
11871 9.801000
11876 9.803000
11881 9.809000
11886 9.811000
11891 9.817000
11896 9.819000
11901 9.825000
11906 9.827000
11911 9.833000
11916 9.835000
11921 9.841000
11926 9.843000
11931 9.849000
11936 9.851000
11941 9.857000
11946 9.859000
11951 9.865000
11956 9.867000
11961 9.873000
11966 9.875000
11971 9.881000
11976 9.883000
11981 9.889000
11986 9.891000
11991 9.897000
11996 9.899000
12001 9.905000
12006 9.907000
12011 9.913000
12016 9.915000
12021 9.921000
12026 9.923000
12031 9.929000
12036 9.931000
12041 9.937000
12046 9.939000
12051 9.945000
12056 9.947000
12061 9.953000
12066 9.955000
12071 9.961000
12076 9.963000
12081 9.969000
12086 9.971000
12091 9.977000
12096 9.979000
12101 9.985000
12106 9.987000
12111 9.993000
12116 9.995000
12121 10.001000
12126 10.003000
12131 10.009000
12136 10.011000
12141 10.017000
12146 10.019000
12151 10.025000
12156 10.027000
12161 10.033000
12166 10.035000
12171 10.041000
12176 10.043000
12181 10.049000
12186 10.051000
12191 10.057000
12196 10.059000
12201 10.065000
12206 10.067000
12211 10.073000
12216 10.075000
12221 10.081000
12226 10.083000
12231 10.089000
12236 10.091000
12241 10.097000
12246 10.099000
12251 10.105000
12256 10.107000
12261 10.113000
12266 10.115000
12271 10.121000
12276 10.123000
12281 10.129000
12286 10.131000
12291 10.137000
12296 10.139000
12301 10.145000
12306 10.147000
12311 10.153000
12316 10.155000
12321 10.161000
12326 10.163000
12331 10.169000
12336 10.171000
12341 10.177000
12346 10.179000
12351 10.185000
12356 10.187000
12361 10.193000
12366 10.195000
12371 10.201000
12376 10.203000
12381 10.209000
12386 10.211000
12391 10.217000
12396 10.219000
12401 10.225000
12406 10.227000
12411 10.233000
12416 10.235000
12421 10.241000
12426 10.243000
12431 10.249000
12436 10.251000
12441 10.257000
12446 10.259000
12451 10.265000
12456 10.267000
12461 10.273000
12466 10.275000
12471 10.281000
12476 10.283000
12481 10.289000
12486 10.291000
12491 10.297000
12496 10.299000
12501 10.305000
12506 10.307000
12511 10.313000
12516 10.315000
12521 10.321000
12526 10.323000
12531 10.329000
12536 10.331000
12541 10.337000
12546 10.339000
12551 10.345000
12556 10.347000
12561 10.353000
12566 10.355000
12571 10.361000
12576 10.363000
12581 10.369000
12586 10.371000
12591 10.377000
12596 10.379000
12601 10.385000
12606 10.387000
12611 10.393000
12616 10.395000
12621 10.401000
12626 10.403000
12631 10.409000
12636 10.411000
12641 10.417000
12646 10.419000
12651 10.425000
12656 10.427000
12661 10.433000
12666 10.435000
12671 10.441000
12676 10.443000
12681 10.449000
12686 10.451000
12691 10.457000
12696 10.459000
12701 10.465000
12706 10.467000
12711 10.473000
12716 10.475000
12721 10.481000
12726 10.483000
12731 10.489000
12736 10.491000
12741 10.497000
12746 10.499000
12751 10.505000
12756 10.507000
12761 10.513000
12766 10.515000
12771 10.521000
12776 10.523000
12781 10.529000
12786 10.531000
12791 10.537000
12796 10.539000
12801 10.545000
12806 10.547000
12811 10.553000
12816 10.555000
12821 10.561000
12826 10.563000
12831 10.569000
12836 10.571000
12841 10.577000
12846 10.579000
12851 10.585000
12856 10.587000
12861 10.593000
12866 10.595000
12871 10.601000
12876 10.603000
12881 10.609000
12886 10.611000
12891 10.617000
12896 10.619000
12901 10.625000
12906 10.627000
12911 10.633000
12916 10.635000
12921 10.641000
12926 10.643000
12931 10.649000
12936 10.651000
12941 10.657000
12946 10.659000
12951 10.665000
12956 10.667000
12961 10.673000
12966 10.675000
12971 10.681000
12976 10.683000
12981 10.689000
12986 10.691000
12991 10.697000
12996 10.699000
13001 10.705000
13006 10.707000
13011 10.713000
13016 10.715000
13021 10.721000
13026 10.723000
13031 10.729000
13036 10.731000
13041 10.737000
13046 10.739000
13051 10.745000
13056 10.747000
13061 10.753000
13066 10.755000
13071 10.761000
13076 10.763000
13081 10.769000
13086 10.771000
13091 10.777000
13096 10.779000
13101 10.785000
13106 10.787000
13111 10.793000
13116 10.795000
13121 10.801000
13126 10.803000
13131 10.809000
13136 10.811000
13141 10.817000
13146 10.819000
13151 10.825000
13156 10.827000
13161 10.833000
13166 10.835000
13171 10.841000
13176 10.843000
13181 10.849000
13186 10.851000
13191 10.857000
13196 10.859000
13201 10.865000
13206 10.867000
13211 10.873000
13216 10.875000
13221 10.881000
13226 10.883000
13231 10.889000
13236 10.891000
13241 10.897000
13246 10.899000
13251 10.905000
13256 10.907000
13261 10.913000
13266 10.915000
13271 10.921000
13276 10.923000
13281 10.929000
13286 10.931000
13291 10.937000
13296 10.939000
13301 10.945000
13306 10.947000
13311 10.953000
13316 10.955000
13321 10.961000
13326 10.963000
13331 10.969000
13336 10.971000
13341 10.977000
13346 10.979000
13351 10.985000
13356 10.987000
13361 10.993000
13366 10.995000
13371 11.001000
13376 11.003000
13381 11.009000
13386 11.011000
13391 11.017000
13396 11.019000
13401 11.025000
13406 11.027000
13411 11.033000
13416 11.035000
13421 11.041000
13426 11.043000
13431 11.049000
13436 11.051000
13441 11.057000
13446 11.059000
13451 11.065000
13456 11.067000
13461 11.073000
13466 11.075000
13471 11.081000
13476 11.083000
13481 11.089000
13486 11.091000
13491 11.097000
13496 11.099000
13501 11.105000
13506 11.107000
13511 11.113000
13516 11.115000
13521 11.121000
13526 11.123000
13531 11.129000
13536 11.131000
13541 11.137000
13546 11.139000
13551 11.145000
13556 11.147000
13561 11.153000
13566 11.155000
13571 11.161000
13576 11.163000
13581 11.169000
13586 11.171000
13591 11.177000
13596 11.179000
13601 11.185000
13606 11.187000
13611 11.193000
13616 11.195000
13621 11.201000
13626 11.203000
13631 11.209000
13636 11.211000
13641 11.217000
13646 11.219000
13651 11.225000
13656 11.227000
13661 11.233000
13666 11.235000
13671 11.241000
13676 11.243000
13681 11.249000
13686 11.251000
13691 11.257000
13696 11.259000
13701 11.265000
13706 11.267000
13711 11.273000
13716 11.275000
13721 11.281000
13726 11.283000
13731 11.289000
13736 11.291000
13741 11.297000
13746 11.299000
13751 11.305000
13756 11.307000
13761 11.313000
13766 11.315000
13771 11.321000
13776 11.323000
13781 11.329000
13786 11.331000
13791 11.337000
13796 11.339000
13801 11.345000
13806 11.347000
13811 11.353000
13816 11.355000
13821 11.361000
13826 11.363000
13831 11.369000
13836 11.371000
13841 11.377000
13846 11.379000
13851 11.385000
13856 11.387000
13861 11.393000
13866 11.395000
13871 11.401000
13876 11.403000
13881 11.409000
13886 11.411000
13891 11.417000
13896 11.419000
13901 11.425000
13906 11.427000
13911 11.433000
13916 11.435000
13921 11.441000
13926 11.443000
13931 11.449000
13936 11.451000
13941 11.457000
13946 11.459000
13951 11.465000
13956 11.467000
13961 11.473000
13966 11.475000
13971 11.481000
13976 11.483000
13981 11.489000
13986 11.491000
13991 11.497000
13996 11.499000
14001 11.505000
14006 11.507000
14011 11.513000
14016 11.515000
14021 11.521000
14026 11.523000
14031 11.529000
14036 11.531000
14041 11.537000
14046 11.539000
14051 11.545000
14056 11.547000
14061 11.553000
14066 11.555000
14071 11.561000
14076 11.563000
14081 11.569000
14086 11.571000
14091 11.577000
14096 11.579000
14101 11.585000
14106 11.587000
14111 11.593000
14116 11.595000
14121 11.601000
14126 11.603000
14131 11.609000
14136 11.611000
14141 11.617000
14146 11.619000
14151 11.625000
14156 11.627000
14161 11.633000
14166 11.635000
14171 11.641000
14176 11.643000
14181 11.649000
14186 11.651000
14191 11.657000
14196 11.659000
14201 11.665000
14206 11.667000
14211 11.673000
14216 11.675000
14221 11.681000
14226 11.683000
14231 11.689000
14236 11.691000
14241 11.697000
14246 11.699000
14251 11.705000
14256 11.707000
14261 11.713000
14266 11.715000
14271 11.721000
14276 11.723000
14281 11.729000
14286 11.731000
14291 11.737000
14296 11.739000
14301 11.745000
14306 11.747000
14311 11.753000
14316 11.755000
14321 11.761000
14326 11.763000
14331 11.769000
14336 11.771000
14341 11.777000
14346 11.779000
14351 11.785000
14356 11.787000
14361 11.793000
14366 11.795000
14371 11.801000
14376 11.803000
14381 11.809000
14386 11.811000
14391 11.817000
14396 11.819000
14401 11.825000
14406 11.827000
14411 11.833000
14416 11.835000
14421 11.841000
14426 11.843000
14431 11.849000
14436 11.851000
14441 11.857000
14446 11.859000
14451 11.865000
14456 11.867000
14461 11.873000
14466 11.875000
14471 11.881000
14476 11.883000
14481 11.889000
14486 11.891000
14491 11.897000
14496 11.899000
14501 11.905000
14506 11.907000
14511 11.913000
14516 11.915000
14521 11.921000
14526 11.923000
14531 11.929000
14536 11.931000
14541 11.937000
14546 11.939000
14551 11.945000
14556 11.947000
14561 11.953000
14566 11.955000
14571 11.961000
14576 11.963000
14581 11.969000
14586 11.971000
14591 11.977000
14596 11.979000
14601 11.985000
14606 11.987000
14611 11.993000
14616 11.995000
14621 12.001000
14626 12.003000
14631 12.009000
14636 12.011000
14641 12.015000
14646 12.019000
14651 12.023000
14656 12.027000
14661 12.031000
14666 12.035000
14671 12.039000
14676 12.043000
14681 12.047000
14686 12.051000
14691 12.055000
14696 12.059000
14701 12.063000
14706 12.067000
14711 12.071000
14716 12.075000
14721 12.079000
14726 12.083000
14731 12.087000
14736 12.091000
14741 12.095000
14746 12.099000
14751 12.103000
14756 12.107000
14761 12.111000
14766 12.115000
14771 12.119000
14776 12.123000
14781 12.127000
14786 12.131000
14791 12.135000
14796 12.139000
14801 12.143000
14806 12.147000
14811 12.151000
14816 12.155000
14821 12.159000
14826 12.163000
14831 12.167000
14836 12.171000
14841 12.175000
14846 12.179000
14851 12.183000
14856 12.187000
14861 12.191000
14866 12.195000
14871 12.199000
