0 0.103160
1 0.120067
2 0.126307
3 0.140867
4 0.145027
5 0.151267
6 0.165827
7 0.182467
8 0.186627
9 0.192867
10 0.203267
11 0.213667
12 0.228227
13 0.232387
14 0.244867
15 0.263587
16 0.269827
17 0.273987
18 0.280227
19 0.294787
20 0.305187
21 0.315587
22 0.319747
23 0.330147
24 0.334307
25 0.348867
26 0.355107
27 0.361347
28 0.369667
29 0.373827
30 0.382147
31 0.398787
32 0.405027
33 0.411267
34 0.417507
35 0.423747
36 0.434147
37 0.442467
38 0.450787
39 0.454947
40 0.469507
41 0.481987
42 0.486147
43 0.496547
44 0.500707
45 0.515267
46 0.523587
47 0.529827
48 0.536067
49 0.542307
50 0.548547
51 0.565187
52 0.571427
53 0.577667
54 0.583907
55 0.592227
56 0.600547
57 0.610947
58 0.617187
59 0.621347
60 0.637987
61 0.648387
62 0.654627
63 0.662947
64 0.669187
65 0.683747
66 0.689987
67 0.698307
68 0.702467
69 0.710787
70 0.717027
71 0.729507
72 0.737827
73 0.744067
74 0.750307
75 0.758627
76 0.766947
77 0.777347
78 0.783587
79 0.789827
80 0.806467
81 0.814787
82 0.823107
83 0.829347
84 0.837667
85 0.852227
86 0.858467
87 0.864707
88 0.870947
89 0.877187
90 0.885507
91 0.895907
92 0.904227
93 0.910467
94 0.916707
95 0.927107
96 0.935427
97 0.943747
98 0.949987
99 0.958307
100 0.972867
101 0.983267
102 0.989507
103 0.997827
104 1.004067
105 1.018627
106 1.026947
107 1.031107
108 1.039427
109 1.045667
110 1.051907
111 1.062307
112 1.070627
113 1.076867
114 1.085187
115 1.093507
116 1.103907
117 1.110147
118 1.118467
119 1.124707
120 1.139267
121 1.151747
122 1.155907
123 1.166307
124 1.170467
125 1.187107
126 1.193347
127 1.199587
128 1.205827
129 1.214147
130 1.218307
131 1.228707
132 1.237027
133 1.243267
134 1.251587
135 1.259907
136 1.270307
137 1.276547
138 1.286947
139 1.291107
140 1.305667
141 1.318147
142 1.322307
143 1.332707
144 1.336867
145 1.355587
146 1.359747
147 1.368067
148 1.374307
149 1.380547
150 1.384707
151 1.395107
152 1.403427
153 1.409667
154 1.420067
155 1.428387
156 1.436707
157 1.442947
158 1.453347
159 1.459587
160 1.472067
161 1.484547
162 1.490787
163 1.499107
164 1.505347
165 1.521987
166 1.528227
167 1.534467
168 1.542787
169 1.546947
170 1.551107
171 1.561507
172 1.569827
173 1.578147
174 1.586467
175 1.596867
176 1.603107
177 1.611427
178 1.619747
179 1.628067
180 1.640547
181 1.650947
182 1.659267
183 1.665507
184 1.673827
185 1.688387
186 1.696707
187 1.702947
188 1.709187
189 1.713347
190 1.717507
191 1.727907
192 1.736227
193 1.744547
194 1.752867
195 1.763267
196 1.769507
197 1.779907
198 1.788227
199 1.794467
200 1.809027
201 1.819427
202 1.825667
203 1.833987
204 1.840227
205 1.856867
206 1.863107
207 1.871427
208 1.875587
209 1.879747
210 1.883907
211 1.894307
212 1.902627
213 1.913027
214 1.921347
215 1.929667
216 1.935907
217 1.946307
218 1.956707
219 1.960867
220 1.975427
221 1.987907
222 1.992067
223 2.002467
224 2.008707
225 2.025347
226 2.031587
227 2.037827
228 2.041987
229 2.046147
230 2.050307
231 2.060707
232 2.071107
233 2.079427
234 2.089827
235 2.096067
236 2.104387
237 2.112707
238 2.123107
239 2.127267
240 2.141827
241 2.154307
242 2.158467
243 2.168867
244 2.177187
245 2.191747
246 2.200067
247 2.204227
248 2.208387
249 2.212547
250 2.216707
251 2.227107
252 2.237507
253 2.245827
254 2.256227
255 2.262467
256 2.272867
257 2.281187
258 2.289507
259 2.293667
260 2.308227
261 2.320707
262 2.326947
263 2.337347
264 2.343587
265 2.360227
266 2.366467
267 2.370627
268 2.374787
269 2.378947
270 2.383107
271 2.393507
272 2.405987
273 2.414307
274 2.422627
275 2.428867
276 2.439267
277 2.449667
278 2.455907
279 2.462147
280 2.476707
281 2.487107
282 2.495427
283 2.505827
284 2.509987
285 2.528707
286 2.532867
287 2.537027
288 2.541187
289 2.545347
290 2.549507
291 2.559907
292 2.572387
293 2.582787
294 2.589027
295 2.597347
296 2.605667
297 2.616067
298 2.622307
299 2.630627
300 2.645187
301 2.655587
302 2.661827
303 2.672227
304 2.678467
305 2.695107
306 2.699267
307 2.703427
308 2.707587
309 2.711747
310 2.715907
311 2.728387
312 2.738787
313 2.749187
314 2.755427
315 2.765827
316 2.774147
317 2.782467
318 2.790787
319 2.797027
320 2.811587
321 2.824067
322 2.830307
323 2.838627
324 2.846947
325 2.861507
326 2.865667
327 2.869827
328 2.873987
329 2.878147
330 2.882307
331 2.894787
332 2.907267
333 2.915587
334 2.921827
335 2.932227
336 2.942627
337 2.948867
338 2.959267
339 2.963427
340 2.977987
341 2.990467
342 2.998787
343 3.007107
344 3.013347
345 3.027907
346 3.032067
347 3.036227
348 3.040387
349 3.044547
350 3.048707
351 3.063267
352 3.075747
353 3.081987
354 3.090307
355 3.098627
356 3.109027
357 3.115267
358 3.125667
359 3.129827
360 3.144387
361 3.158947
362 3.165187
363 3.175587
364 3.181827
365 3.194307
366 3.198467
367 3.202627
368 3.206787
369 3.210947
370 3.215107
371 3.229667
372 3.242147
373 3.248387
374 3.258787
375 3.267107
376 3.275427
377 3.283747
378 3.292067
379 3.298307
380 3.312867
381 3.327427
382 3.331587
383 3.341987
384 3.350307
385 3.360707
386 3.364867
387 3.369027
388 3.373187
389 3.377347
390 3.381507
391 3.396067
392 3.408547
393 3.414787
394 3.425187
395 3.435587
396 3.441827
397 3.452227
398 3.458467
399 3.466787
400 3.481347
401 3.493827
402 3.500067
403 3.510467
404 3.516707
405 3.527107
406 3.531267
407 3.535427
408 3.539587
409 3.543747
410 3.549987
411 3.564547
412 3.574947
413 3.583267
414 3.591587
415 3.601987
416 3.608227
417 3.618627
418 3.626947
419 3.633187
420 3.647747
421 3.660227
422 3.668547
423 3.678947
424 3.683107
425 3.693507
426 3.697667
427 3.701827
428 3.705987
429 3.710147
430 3.716387
431 3.733027
432 3.741347
433 3.751747
434 3.760067
435 3.768387
436 3.776707
437 3.785027
438 3.795427
439 3.799587
440 3.816227
441 3.828707
442 3.834947
443 3.845347
444 3.849507
445 3.859907
446 3.864067
447 3.868227
448 3.872387
449 3.878627
450 3.884867
451 3.899427
452 3.907747
453 3.918147
454 3.928547
455 3.934787
456 3.945187
457 3.951427
458 3.961827
459 3.965987
460 3.984707
461 3.997187
462 4.003427
463 4.011747
464 4.015907
465 4.026307
466 4.030467
467 4.034627
468 4.038787
469 4.045027
470 4.051267
471 4.065827
472 4.076227
473 4.084547
474 4.094947
475 4.101187
476 4.111587
477 4.119907
478 4.128227
479 4.134467
480 4.151107
481 4.163587
482 4.171907
483 4.178147
484 4.182307
485 4.192707
486 4.196867
487 4.201027
488 4.207267
489 4.213507
490 4.217667
491 4.232227
492 4.244707
493 4.253027
494 4.261347
495 4.269667
496 4.277987
497 4.288387
498 4.294627
499 4.302947
500 4.317507
501 4.332067
502 4.338307
503 4.344547
504 4.348707
505 4.359107
506 4.363267
507 4.367427
508 4.373667
509 4.379907
510 4.386147
511 4.398627
512 4.411107
513 4.421507
514 4.427747
515 4.438147
516 4.444387
517 4.454787
518 4.463107
519 4.469347
520 4.485987
521 4.500547
522 4.504707
523 4.510947
524 4.515107
525 4.525507
526 4.529667
527 4.535907
528 4.542147
529 4.546307
530 4.554627
531 4.565027
532 4.577507
533 4.587907
534 4.594147
535 4.604547
536 4.612867
537 4.621187
538 4.631587
539 4.637827
540 4.654467
541 4.666947
542 4.671107
543 4.677347
544 4.681507
545 4.691907
546 4.696067
547 4.702307
548 4.708547
549 4.714787
550 4.721027
551 4.733507
552 4.745987
553 4.754307
554 4.762627
555 4.770947
556 4.781347
557 4.787587
558 4.797987
559 4.806307
560 4.820867
561 4.833347
562 4.837507
563 4.843747
564 4.847907
565 4.858307
566 4.864547
567 4.870787
568 4.874947
569 4.883267
570 4.887427
571 4.901987
572 4.914467
573 4.920707
574 4.931107
575 4.937347
576 4.947747
577 4.956067
578 4.966467
579 4.972707
580 4.989347
581 4.999747
582 5.003907
583 5.010147
584 5.014307
585 5.024707
586 5.030947
587 5.037187
588 5.043427
589 5.049667
590 5.053827
591 5.068387
592 5.080867
593 5.087107
594 5.097507
595 5.105827
596 5.114147
597 5.124547
598 5.134947
599 5.139107
600 5.157827
601 5.166147
602 5.170307
603 5.176547
604 5.180707
605 5.193187
606 5.199427
607 5.203587
608 5.211907
609 5.216067
610 5.220227
611 5.234787
612 5.247267
613 5.255587
614 5.263907
615 5.274307
616 5.280547
617 5.290947
618 5.301347
619 5.307587
620 5.324227
621 5.332547
622 5.336707
623 5.342947
624 5.347107
625 5.359587
626 5.365827
627 5.372067
628 5.378307
629 5.382467
630 5.386627
631 5.403267
632 5.413667
633 5.424067
634 5.430307
635 5.440707
636 5.449027
637 5.459427
638 5.467747
639 5.476067
640 5.490627
641 5.498947
642 5.503107
643 5.509347
644 5.513507
645 5.528067
646 5.532227
647 5.540547
648 5.544707
649 5.548867
650 5.555107
651 5.571747
652 5.580067
653 5.590467
654 5.598787
655 5.607107
656 5.617507
657 5.627907
658 5.636227
659 5.642467
660 5.657027
661 5.665347
662 5.669507
663 5.675747
664 5.679907
665 5.694467
666 5.700707
667 5.706947
668 5.711107
669 5.715267
670 5.723587
671 5.738147
672 5.748547
673 5.756867
674 5.767267
675 5.773507
676 5.783907
677 5.794307
678 5.804707
679 5.810947
680 5.823427
681 5.831747
682 5.835907
683 5.842147
684 5.846307
685 5.860867
686 5.869187
687 5.873347
688 5.877507
689 5.883747
690 5.889987
691 5.904547
692 5.917027
693 5.923267
694 5.933667
695 5.941987
696 5.952387
697 5.960707
698 5.971107
699 5.979427
700 5.989827
701 5.998147
702 6.002307
703 6.008547
704 6.014787
705 6.029347
706 6.035587
707 6.039747
708 6.043907
709 6.052227
710 6.056387
711 6.070947
712 6.083427
713 6.091747
714 6.100067
715 6.110467
716 6.120867
717 6.129187
718 6.139587
719 6.145827
720 6.156227
721 6.164547
722 6.168707
723 6.174947
724 6.181187
725 6.197827
726 6.201987
727 6.206147
728 6.212387
729 6.218627
730 6.224867
731 6.237347
732 6.249827
733 6.260227
734 6.266467
735 6.276867
736 6.287267
737 6.297667
738 6.308067
739 6.312227
740 6.322627
741 6.330947
742 6.335107
743 6.343427
744 6.349667
745 6.364227
746 6.368387
747 6.372547
748 6.380867
749 6.385027
750 6.393347
751 6.405827
752 6.416227
753 6.426627
754 6.434947
755 6.445347
756 6.453667
757 6.464067
758 6.474467
759 6.478627
760 6.489027
761 6.497347
762 6.501507
763 6.509827
764 6.516067
765 6.530627
766 6.534787
767 6.541027
768 6.547267
769 6.553507
770 6.559747
771 6.574307
772 6.584707
773 6.593027
774 6.603427
775 6.613827
776 6.622147
777 6.632547
778 6.640867
779 6.645027
780 6.655427
781 6.663747
782 6.667907
783 6.678307
784 6.682467
785 6.697027
786 6.701187
787 6.709507
788 6.713667
789 6.721987
790 6.726147
791 6.740707
792 6.753187
793 6.759427
794 6.769827
795 6.780227
796 6.790627
797 6.801027
798 6.807267
799 6.811427
800 6.821827
801 6.830147
802 6.836387
803 6.844707
804 6.850947
805 6.863427
806 6.869667
807 6.875907
808 6.882147
809 6.888387
810 6.892547
811 6.907107
812 6.919587
813 6.927907
814 6.938307
815 6.946627
816 6.957027
817 6.967427
818 6.973667
819 6.977827
820 6.988227
821 6.996547
822 7.002787
823 7.011107
824 7.019427
825 7.029827
826 7.038147
827 7.042307
828 7.050627
829 7.054787
830 7.058947
831 7.073507
832 7.085987
833 7.096387
834 7.106787
835 7.115107
836 7.125507
837 7.133827
838 7.140067
839 7.144227
840 7.154627
841 7.165027
842 7.171267
843 7.179587
844 7.185827
845 7.198307
846 7.204547
847 7.210787
848 7.217027
849 7.221187
850 7.227427
851 7.241987
852 7.252387
853 7.262787
854 7.273187
855 7.283587
856 7.293987
857 7.300227
858 7.306467
859 7.310627
860 7.321027
861 7.331427
862 7.337667
863 7.348067
864 7.352227
865 7.366787
866 7.370947
867 7.379267
868 7.383427
869 7.387587
870 7.395907
871 7.410467
872 7.420867
873 7.431267
874 7.439587
875 7.449987
876 7.460387
877 7.466627
878 7.472867
879 7.477027
880 7.487427
881 7.499907
882 7.504067
883 7.514467
884 7.518627
885 7.533187
886 7.539427
887 7.545667
888 7.549827
889 7.556067
890 7.562307
891 7.576867
892 7.589347
893 7.599747
894 7.608067
895 7.618467
896 7.626787
897 7.633027
898 7.639267
899 7.643427
900 7.653827
901 7.666307
902 7.672547
903 7.680867
904 7.685027
905 7.699587
906 7.707907
907 7.712067
908 7.716227
909 7.724547
910 7.728707
911 7.743267
912 7.755747
913 7.766147
914 7.776547
915 7.786947
916 7.793187
917 7.799427
918 7.805667
919 7.809827
920 7.822307
921 7.832707
922 7.841027
923 7.847267
924 7.851427
925 7.868067
926 7.874307
927 7.878467
928 7.884707
929 7.890947
930 7.895107
931 7.909667
932 7.924227
933 7.932547
934 7.942947
935 7.953347
936 7.959587
937 7.965827
938 7.972067
939 7.976227
940 7.988707
941 8.001187
942 8.007427
943 8.013667
944 8.019907
945 8.036547
946 8.040707
947 8.044867
948 8.053187
949 8.057347
950 8.063587
951 8.078147
952 8.092707
953 8.101027
954 8.111427
955 8.119747
956 8.125987
957 8.132227
958 8.138467
959 8.142627
960 8.157187
961 8.169667
962 8.173827
963 8.180067
964 8.188387
965 8.202947
966 8.207107
967 8.213347
968 8.219587
969 8.223747
970 8.232067
971 8.246627
972 8.259107
973 8.269507
974 8.279907
975 8.286147
976 8.292387
977 8.298627
978 8.304867
979 8.309027
980 8.323587
981 8.336067
982 8.340227
983 8.348547
984 8.354787
985 8.369347
986 8.373507
987 8.381827
988 8.385987
989 8.392227
990 8.398467
991 8.413027
992 8.425507
993 8.435907
994 8.446307
995 8.452547
996 8.458787
997 8.465027
998 8.471267
999 8.475427
1000 8.489987
1001 8.502467
1002 8.506627
1003 8.517027
1004 8.521187
1005 8.535747
1006 8.541987
1007 8.548227
1008 8.552387
1009 8.560707
1010 8.564867
1011 8.581507
1012 8.593987
1013 8.604387
1014 8.612707
1015 8.618947
1016 8.625187
1017 8.631427
1018 8.637667
1019 8.643907
1020 8.658467
1021 8.668867
1022 8.673027
1023 8.683427
1024 8.689667
1025 8.702147
1026 8.710467
1027 8.714627
1028 8.720867
1029 8.727107
1030 8.731267
1031 8.749987
1032 8.762467
1033 8.772867
1034 8.779107
1035 8.785347
1036 8.791587
1037 8.797827
1038 8.804067
1039 8.810307
1040 8.826947
1041 8.835267
1042 8.841507
1043 8.849827
1044 8.858147
1045 8.870627
1046 8.876867
1047 8.881027
1048 8.889347
1049 8.893507
1050 8.899747
1051 8.916387
1052 8.928867
1053 8.939267
1054 8.945507
1055 8.951747
1056 8.957987
1057 8.964227
1058 8.972547
1059 8.978787
1060 8.993347
1061 9.001667
1062 9.009987
1063 9.018307
1064 9.024547
1065 9.039107
1066 9.043267
1067 9.049507
1068 9.055747
1069 9.059907
1070 9.068227
1071 9.082787
1072 9.097347
1073 9.105667
1074 9.111907
1075 9.118147
1076 9.124387
1077 9.130627
1078 9.138947
1079 9.145187
1080 9.159747
1081 9.170147
1082 9.176387
1083 9.186787
1084 9.190947
1085 9.205507
1086 9.209667
1087 9.217987
1088 9.222147
1089 9.228387
1090 9.234627
1091 9.251267
1092 9.265827
1093 9.272067
1094 9.278307
1095 9.284547
1096 9.290787
1097 9.297027
1098 9.307427
1099 9.311587
1100 9.326147
1101 9.338627
1102 9.342787
1103 9.353187
1104 9.357347
1105 9.371907
1106 9.378147
1107 9.384387
1108 9.388547
1109 9.396867
1110 9.403107
1111 9.419747
1112 9.432227
1113 9.438467
1114 9.444707
1115 9.450947
1116 9.457187
1117 9.465507
1118 9.473827
1119 9.480067
1120 9.492547
1121 9.505027
1122 9.511267
1123 9.519587
1124 9.523747
1125 9.538307
1126 9.546627
1127 9.550787
1128 9.557027
1129 9.563267
1130 9.571587
1131 9.586147
1132 9.598627
1133 9.604867
1134 9.611107
1135 9.617347
1136 9.623587
1137 9.631907
1138 9.640227
1139 9.648547
1140 9.658947
1141 9.671427
1142 9.679747
1143 9.685987
1144 9.692227
1145 9.706787
1146 9.713027
1147 9.717187
1148 9.725507
1149 9.731747
1150 9.737987
1151 9.754627
1152 9.765027
1153 9.771267
1154 9.777507
1155 9.783747
1156 9.789987
1157 9.800387
1158 9.808707
1159 9.814947
1160 9.827427
1161 9.839907
1162 9.846147
1163 9.852387
1164 9.860707
1165 9.875267
1166 9.879427
1167 9.885667
1168 9.891907
1169 9.900227
1170 9.904387
1171 9.923107
1172 9.931427
1173 9.937667
1174 9.943907
1175 9.950147
1176 9.958467
1177 9.966787
1178 9.977187
1179 9.981347
1180 9.995907
1181 10.008387
1182 10.012547
1183 10.020867
1184 10.027107
1185 10.041667
1186 10.045827
1187 10.054147
1188 10.060387
1189 10.066627
1190 10.072867
1191 10.089507
1192 10.097827
1193 10.104067
1194 10.110307
1195 10.116547
1196 10.124867
1197 10.133187
1198 10.143587
1199 10.147747
1200 10.162307
1201 10.174787
1202 10.178947
1203 10.189347
1204 10.193507
1205 10.208067
1206 10.214307
1207 10.220547
1208 10.228867
1209 10.233027
1210 10.241347
1211 10.255907
1212 10.264227
1213 10.270467
1214 10.276707
1215 10.282947
1216 10.293347
1217 10.301667
1218 10.309987
1219 10.314147
1220 10.328707
1221 10.341187
1222 10.345347
1223 10.355747
1224 10.359907
1225 10.374467
1226 10.382787
1227 10.389027
1228 10.395267
1229 10.401507
1230 10.407747
1231 10.422307
1232 10.430627
1233 10.436867
1234 10.443107
1235 10.451427
1236 10.459747
1237 10.470147
1238 10.476387
1239 10.480547
1240 10.497187
1241 10.507587
1242 10.513827
1243 10.522147
1244 10.528387
1245 10.542947
1246 10.549187
1247 10.557507
1248 10.561667
1249 10.569987
1250 10.576227
1251 10.588707
1252 10.597027
1253 10.603267
1254 10.609507
1255 10.617827
1256 10.626147
1257 10.636547
1258 10.642787
1259 10.649027
1260 10.665667
1261 10.673987
1262 10.682307
1263 10.688547
1264 10.696867
1265 10.711427
1266 10.717667
1267 10.723907
1268 10.730147
1269 10.736387
1270 10.744707
1271 10.755107
1272 10.763427
1273 10.769667
1274 10.775907
1275 10.786307
1276 10.794627
1277 10.802947
1278 10.809187
1279 10.817507
1280 10.832067
1281 10.842467
1282 10.848707
1283 10.857027
1284 10.863267
1285 10.877827
1286 10.886147
1287 10.890307
1288 10.898627
1289 10.904867
1290 10.911107
1291 10.921507
1292 10.929827
1293 10.936067
1294 10.944387
1295 10.952707
1296 10.963107
1297 10.969347
1298 10.977667
1299 10.983907
1300 10.998467
1301 11.010947
1302 11.015107
1303 11.025507
1304 11.029667
1305 11.046307
1306 11.052547
1307 11.058787
1308 11.065027
1309 11.073347
1310 11.077507
1311 11.087907
1312 11.096227
1313 11.102467
1314 11.110787
1315 11.119107
1316 11.129507
1317 11.135747
1318 11.146147
1319 11.150307
1320 11.164867
1321 11.177347
1322 11.181507
1323 11.191907
1324 11.196067
1325 11.214787
1326 11.218947
1327 11.227267
1328 11.233507
1329 11.239747
1330 11.243907
1331 11.254307
1332 11.262627
1333 11.268867
1334 11.279267
1335 11.287587
1336 11.295907
1337 11.302147
1338 11.312547
1339 11.318787
1340 11.331267
1341 11.343747
1342 11.349987
1343 11.358307
1344 11.364547
1345 11.381187
1346 11.387427
1347 11.393667
1348 11.401987
1349 11.406147
1350 11.410307
1351 11.420707
1352 11.429027
1353 11.437347
1354 11.445667
1355 11.456067
1356 11.462307
1357 11.470627
1358 11.478947
1359 11.487267
1360 11.499747
1361 11.510147
1362 11.518467
1363 11.524707
1364 11.533027
1365 11.547587
1366 11.555907
1367 11.562147
1368 11.568387
1369 11.572547
1370 11.576707
1371 11.587107
1372 11.595427
1373 11.603747
1374 11.612067
1375 11.622467
1376 11.628707
1377 11.639107
1378 11.647427
1379 11.653667
1380 11.668227
1381 11.678627
1382 11.684867
1383 11.693187
1384 11.699427
1385 11.716067
1386 11.722307
1387 11.730627
1388 11.734787
1389 11.738947
1390 11.743107
1391 11.753507
1392 11.761827
1393 11.772227
1394 11.780547
1395 11.788867
1396 11.795107
1397 11.805507
1398 11.815907
1399 11.820067
1400 11.834627
1401 11.847107
1402 11.851267
1403 11.861667
1404 11.867907
1405 11.884547
1406 11.890787
1407 11.897027
1408 11.901187
1409 11.905347
1410 11.909507
1411 11.919907
1412 11.930307
1413 11.938627
1414 11.949027
1415 11.955267
1416 11.963587
1417 11.971907
1418 11.982307
1419 11.986467
1420 12.001027
1421 12.013507
1422 12.017667
1423 12.028067
1424 12.036387
1425 12.050947
1426 12.059267
1427 12.063427
1428 12.067587
1429 12.071747
1430 12.075907
1431 12.086307
1432 12.096707
1433 12.105027
1434 12.115427
1435 12.121667
1436 12.132067
1437 12.140387
1438 12.148707
1439 12.152867
