0 0.103320
1 0.124227
2 0.130467
3 0.147107
4 0.153347
5 0.163747
6 0.169987
7 0.180387
8 0.188707
9 0.197027
10 0.205347
11 0.213667
12 0.221987
13 0.230307
14 0.238627
15 0.246947
16 0.265667
17 0.271907
18 0.278147
19 0.284387
20 0.290627
21 0.307267
22 0.313507
23 0.319747
24 0.325987
25 0.332227
26 0.348867
27 0.355107
28 0.361347
29 0.367587
30 0.373827
31 0.390467
32 0.396707
33 0.409187
34 0.413347
35 0.415427
36 0.438307
37 0.444547
38 0.448707
39 0.454947
40 0.457027
41 0.473667
42 0.479907
43 0.486147
44 0.492387
45 0.498627
46 0.515267
47 0.521507
48 0.527747
49 0.533987
50 0.540227
51 0.556867
52 0.563107
53 0.575587
54 0.579747
55 0.581827
56 0.604707
57 0.610947
58 0.615107
59 0.621347
60 0.623427
61 0.629667
62 0.637987
63 0.646307
64 0.654627
65 0.662947
66 0.681667
67 0.687907
68 0.694147
69 0.700387
70 0.706627
71 0.723267
72 0.729507
73 0.741987
74 0.746147
75 0.748227
76 0.771107
77 0.777347
78 0.781507
79 0.787747
80 0.789827
81 0.796067
82 0.804387
83 0.812707
84 0.821027
85 0.829347
86 0.848067
87 0.854307
88 0.860547
89 0.866787
90 0.873027
91 0.889667
92 0.895907
93 0.908387
94 0.912547
95 0.914627
96 0.937507
97 0.943747
98 0.947907
99 0.954147
100 0.956227
101 0.964547
102 0.972867
103 0.981187
104 0.989507
105 0.995747
106 1.014467
107 1.020707
108 1.026947
109 1.033187
110 1.039427
111 1.045667
112 1.053987
113 1.062307
114 1.070627
115 1.078947
116 1.103907
117 1.110147
118 1.114307
119 1.120547
120 1.122627
121 1.130947
122 1.139267
123 1.147587
124 1.155907
125 1.162147
126 1.180867
127 1.187107
128 1.193347
129 1.199587
130 1.205827
131 1.212067
132 1.220387
133 1.228707
134 1.237027
135 1.245347
136 1.270307
137 1.276547
138 1.280707
139 1.286947
140 1.289027
141 1.297347
142 1.305667
143 1.313987
144 1.322307
145 1.328547
146 1.347267
147 1.353507
148 1.359747
149 1.365987
150 1.372227
151 1.380547
152 1.388867
153 1.397187
154 1.405507
155 1.411747
156 1.436707
157 1.442947
158 1.447107
159 1.453347
160 1.455427
161 1.461667
162 1.469987
163 1.478307
164 1.486627
165 1.494947
166 1.513667
167 1.519907
168 1.526147
169 1.532387
170 1.538627
171 1.546947
172 1.555267
173 1.563587
174 1.571907
175 1.578147
176 1.603107
177 1.609347
178 1.613507
179 1.619747
180 1.621827
181 1.628067
182 1.636387
183 1.644707
184 1.653027
185 1.661347
186 1.680067
187 1.686307
188 1.692547
189 1.698787
190 1.705027
191 1.713347
192 1.721667
193 1.729987
194 1.738307
195 1.744547
196 1.769507
197 1.775747
198 1.779907
199 1.786147
200 1.788227
201 1.796547
202 1.804867
203 1.813187
204 1.821507
205 1.827747
206 1.846467
207 1.852707
208 1.858947
209 1.865187
210 1.871427
211 1.877667
212 1.885987
213 1.894307
214 1.902627
215 1.910947
216 1.935907
217 1.942147
218 1.946307
219 1.952547
220 1.954627
221 1.962947
222 1.971267
223 1.979587
224 1.987907
225 1.994147
226 2.012867
227 2.019107
228 2.025347
229 2.031587
230 2.037827
231 2.044067
232 2.052387
233 2.060707
234 2.069027
235 2.077347
236 2.102307
237 2.108547
238 2.112707
239 2.118947
240 2.121027
241 2.129347
242 2.137667
243 2.145987
244 2.154307
245 2.160547
246 2.179267
247 2.185507
248 2.191747
249 2.197987
250 2.204227
251 2.212547
252 2.220867
253 2.229187
254 2.237507
255 2.243747
256 2.268707
257 2.274947
258 2.279107
259 2.285347
260 2.287427
261 2.293667
262 2.301987
263 2.310307
264 2.318627
265 2.326947
266 2.345667
267 2.351907
268 2.358147
269 2.364387
270 2.370627
271 2.378947
272 2.387267
273 2.395587
274 2.403907
275 2.410147
276 2.435107
277 2.441347
278 2.445507
279 2.451747
280 2.453827
281 2.460067
282 2.468387
283 2.476707
284 2.485027
285 2.493347
286 2.512067
287 2.518307
288 2.524547
289 2.530787
290 2.537027
291 2.545347
292 2.553667
293 2.561987
294 2.570307
295 2.576547
296 2.601507
297 2.607747
298 2.611907
299 2.618147
300 2.620227
301 2.628547
302 2.636867
303 2.645187
304 2.653507
305 2.659747
306 2.678467
307 2.684707
308 2.690947
309 2.697187
310 2.703427
311 2.709667
312 2.717987
313 2.726307
314 2.734627
315 2.742947
316 2.767907
317 2.774147
318 2.778307
319 2.784547
320 2.786627
321 2.794947
322 2.803267
323 2.811587
324 2.819907
325 2.826147
326 2.844867
327 2.851107
328 2.857347
329 2.863587
330 2.869827
331 2.876067
332 2.884387
333 2.892707
334 2.901027
335 2.909347
336 2.934307
337 2.940547
338 2.944707
339 2.950947
340 2.953027
341 2.961347
342 2.969667
343 2.977987
344 2.986307
345 2.992547
346 3.011267
347 3.017507
348 3.023747
349 3.029987
350 3.036227
351 3.044547
352 3.052867
353 3.061187
354 3.069507
355 3.075747
356 3.100707
357 3.106947
358 3.111107
359 3.117347
360 3.119427
361 3.125667
362 3.133987
363 3.142307
364 3.150627
365 3.158947
366 3.177667
367 3.183907
368 3.190147
369 3.196387
370 3.202627
371 3.210947
372 3.219267
373 3.227587
374 3.235907
375 3.242147
376 3.267107
377 3.273347
378 3.277507
379 3.283747
380 3.285827
381 3.292067
382 3.300387
383 3.308707
384 3.317027
385 3.325347
386 3.344067
387 3.350307
388 3.356547
389 3.362787
390 3.369027
391 3.377347
392 3.385667
393 3.393987
394 3.402307
395 3.408547
396 3.433507
397 3.439747
398 3.443907
399 3.450147
400 3.452227
401 3.460547
402 3.468867
403 3.477187
404 3.485507
405 3.491747
406 3.510467
407 3.516707
408 3.522947
409 3.529187
410 3.535427
411 3.541667
412 3.549987
413 3.558307
414 3.566627
415 3.574947
416 3.599907
417 3.606147
418 3.610307
419 3.616547
420 3.618627
421 3.626947
422 3.635267
423 3.643587
424 3.651907
425 3.658147
426 3.676867
427 3.683107
428 3.689347
429 3.695587
430 3.701827
431 3.708067
432 3.716387
433 3.724707
434 3.733027
435 3.741347
436 3.766307
437 3.772547
438 3.776707
439 3.782947
440 3.785027
441 3.793347
442 3.801667
443 3.809987
444 3.818307
445 3.824547
446 3.843267
447 3.849507
448 3.855747
449 3.861987
450 3.868227
451 3.876547
452 3.884867
453 3.893187
454 3.901507
455 3.907747
456 3.932707
457 3.938947
458 3.943107
459 3.949347
460 3.951427
461 3.957667
462 3.965987
463 3.974307
464 3.982627
465 3.990947
466 4.009667
467 4.015907
468 4.022147
469 4.028387
470 4.034627
471 4.042947
472 4.051267
473 4.059587
474 4.067907
475 4.074147
476 4.099107
477 4.105347
478 4.109507
479 4.115747
480 4.117827
481 4.124067
482 4.132387
483 4.140707
484 4.149027
485 4.157347
486 4.176067
487 4.182307
488 4.188547
489 4.194787
490 4.201027
491 4.209347
492 4.217667
493 4.225987
494 4.234307
495 4.240547
496 4.265507
497 4.271747
498 4.275907
499 4.282147
500 4.284227
501 4.292547
502 4.300867
503 4.309187
504 4.317507
505 4.323747
506 4.342467
507 4.348707
508 4.354947
509 4.361187
510 4.367427
511 4.373667
512 4.381987
513 4.390307
514 4.398627
515 4.406947
516 4.431907
517 4.438147
518 4.442307
519 4.448547
520 4.450627
521 4.458947
522 4.467267
523 4.475587
524 4.483907
525 4.490147
526 4.508867
527 4.515107
528 4.521347
529 4.527587
530 4.533827
531 4.540067
532 4.548387
533 4.556707
534 4.565027
535 4.573347
536 4.598307
537 4.604547
538 4.608707
539 4.614947
540 4.617027
541 4.625347
542 4.633667
543 4.641987
544 4.650307
545 4.656547
546 4.675267
547 4.681507
548 4.687747
549 4.693987
550 4.700227
551 4.708547
552 4.716867
553 4.725187
554 4.733507
555 4.739747
556 4.764707
557 4.770947
558 4.775107
559 4.781347
560 4.783427
561 4.789667
562 4.797987
563 4.806307
564 4.814627
565 4.822947
566 4.841667
567 4.847907
568 4.854147
569 4.860387
570 4.866627
571 4.874947
572 4.883267
573 4.891587
574 4.899907
575 4.906147
576 4.931107
577 4.937347
578 4.941507
579 4.947747
580 4.949827
581 4.956067
582 4.964387
583 4.972707
584 4.981027
585 4.989347
586 5.008067
587 5.014307
588 5.020547
589 5.026787
590 5.033027
591 5.041347
592 5.049667
593 5.057987
594 5.066307
595 5.072547
596 5.097507
597 5.103747
598 5.107907
599 5.114147
600 5.116227
601 5.124547
602 5.132867
603 5.141187
604 5.149507
605 5.155747
606 5.174467
607 5.180707
608 5.186947
609 5.193187
610 5.199427
611 5.205667
612 5.213987
613 5.222307
614 5.230627
615 5.238947
616 5.263907
617 5.270147
618 5.274307
619 5.280547
620 5.282627
621 5.290947
622 5.299267
623 5.307587
624 5.315907
625 5.322147
626 5.340867
627 5.347107
628 5.353347
629 5.359587
630 5.365827
631 5.372067
632 5.380387
633 5.388707
634 5.397027
635 5.405347
636 5.430307
637 5.436547
638 5.440707
639 5.446947
640 5.449027
641 5.457347
642 5.465667
643 5.473987
644 5.482307
645 5.488547
646 5.507267
647 5.513507
648 5.519747
649 5.525987
650 5.532227
651 5.540547
652 5.548867
653 5.557187
654 5.565507
655 5.571747
656 5.596707
657 5.602947
658 5.607107
659 5.613347
660 5.615427
661 5.621667
662 5.629987
663 5.638307
664 5.646627
665 5.654947
666 5.673667
667 5.679907
668 5.686147
669 5.692387
670 5.698627
671 5.706947
672 5.715267
673 5.723587
674 5.731907
675 5.738147
676 5.763107
677 5.769347
678 5.773507
679 5.779747
680 5.781827
681 5.788067
682 5.796387
683 5.804707
684 5.813027
685 5.821347
686 5.840067
687 5.846307
688 5.852547
689 5.858787
690 5.865027
691 5.873347
692 5.881667
693 5.889987
694 5.898307
695 5.904547
696 5.929507
697 5.935747
698 5.939907
699 5.946147
700 5.948227
701 5.956547
702 5.964867
703 5.973187
704 5.981507
705 5.987747
706 6.006467
707 6.012707
708 6.018947
709 6.025187
710 6.031427
711 6.037667
712 6.045987
713 6.054307
714 6.062627
715 6.070947
716 6.095907
717 6.102147
718 6.106307
719 6.112547
720 6.114627
721 6.122947
722 6.131267
723 6.139587
724 6.147907
725 6.154147
726 6.172867
727 6.179107
728 6.185347
729 6.191587
730 6.197827
731 6.204067
732 6.212387
733 6.220707
734 6.229027
735 6.237347
736 6.262307
737 6.268547
738 6.272707
739 6.278947
740 6.281027
741 6.289347
742 6.297667
743 6.305987
744 6.314307
745 6.320547
746 6.339267
747 6.345507
748 6.351747
749 6.357987
750 6.364227
751 6.372547
752 6.380867
753 6.389187
754 6.397507
755 6.403747
756 6.428707
757 6.434947
758 6.439107
759 6.445347
760 6.447427
761 6.453667
762 6.461987
763 6.470307
764 6.478627
765 6.486947
766 6.505667
767 6.511907
768 6.518147
769 6.524387
770 6.530627
771 6.538947
772 6.547267
773 6.555587
774 6.563907
775 6.570147
776 6.595107
777 6.601347
778 6.605507
779 6.611747
780 6.613827
781 6.620067
782 6.628387
783 6.636707
784 6.645027
785 6.653347
786 6.672067
787 6.678307
788 6.684547
789 6.690787
790 6.697027
791 6.705347
792 6.713667
793 6.721987
794 6.730307
795 6.736547
796 6.761507
797 6.767747
798 6.771907
799 6.778147
800 6.780227
801 6.788547
802 6.796867
803 6.805187
804 6.813507
805 6.819747
806 6.838467
807 6.844707
808 6.850947
809 6.857187
810 6.863427
811 6.869667
812 6.877987
813 6.886307
814 6.894627
815 6.902947
816 6.927907
817 6.934147
818 6.938307
819 6.944547
820 6.946627
821 6.954947
822 6.963267
823 6.971587
824 6.979907
825 6.986147
826 7.004867
827 7.011107
828 7.017347
829 7.023587
830 7.029827
831 7.036067
832 7.044387
833 7.052707
834 7.061027
835 7.069347
836 7.094307
837 7.100547
838 7.104707
839 7.110947
840 7.113027
841 7.121347
842 7.129667
843 7.137987
844 7.146307
845 7.152547
846 7.171267
847 7.177507
848 7.183747
849 7.189987
850 7.196227
851 7.204547
852 7.212867
853 7.221187
854 7.229507
855 7.235747
856 7.260707
857 7.266947
858 7.271107
859 7.277347
860 7.279427
861 7.285667
862 7.293987
863 7.302307
864 7.310627
865 7.318947
866 7.337667
867 7.343907
868 7.350147
869 7.356387
870 7.362627
871 7.370947
872 7.379267
873 7.387587
874 7.395907
875 7.402147
876 7.427107
877 7.433347
878 7.437507
879 7.443747
880 7.445827
881 7.452067
882 7.460387
883 7.468707
884 7.477027
885 7.485347
886 7.504067
887 7.510307
888 7.516547
889 7.522787
890 7.529027
891 7.537347
892 7.545667
893 7.553987
894 7.562307
895 7.568547
896 7.593507
897 7.599747
898 7.603907
899 7.610147
900 7.612227
901 7.620547
902 7.628867
903 7.637187
904 7.645507
905 7.651747
906 7.670467
907 7.676707
908 7.682947
909 7.689187
910 7.695427
911 7.701667
912 7.709987
913 7.718307
914 7.726627
915 7.734947
916 7.759907
917 7.766147
918 7.770307
919 7.776547
920 7.778627
921 7.786947
922 7.795267
923 7.803587
924 7.811907
925 7.818147
926 7.836867
927 7.843107
928 7.849347
929 7.855587
930 7.861827
931 7.868067
932 7.876387
933 7.884707
934 7.893027
935 7.901347
936 7.926307
937 7.932547
938 7.936707
939 7.942947
940 7.945027
941 7.953347
942 7.961667
943 7.969987
944 7.978307
945 7.984547
946 8.003267
947 8.009507
948 8.015747
949 8.021987
950 8.028227
951 8.036547
952 8.044867
953 8.053187
954 8.061507
955 8.067747
956 8.092707
957 8.098947
958 8.103107
959 8.109347
960 8.111427
961 8.117667
962 8.125987
963 8.134307
964 8.142627
965 8.150947
966 8.169667
967 8.175907
968 8.182147
969 8.188387
970 8.194627
971 8.202947
972 8.211267
973 8.219587
974 8.227907
975 8.234147
976 8.259107
977 8.265347
978 8.269507
979 8.275747
980 8.277827
981 8.284067
982 8.292387
983 8.300707
984 8.309027
985 8.317347
986 8.336067
987 8.342307
988 8.348547
989 8.354787
990 8.361027
991 8.369347
992 8.377667
993 8.385987
994 8.394307
995 8.400547
996 8.425507
997 8.431747
998 8.435907
999 8.442147
1000 8.444227
1001 8.452547
1002 8.460867
1003 8.469187
1004 8.477507
1005 8.483747
1006 8.502467
1007 8.508707
1008 8.514947
1009 8.521187
1010 8.527427
1011 8.533667
1012 8.541987
1013 8.550307
1014 8.558627
1015 8.566947
1016 8.591907
1017 8.598147
1018 8.602307
1019 8.608547
1020 8.610627
1021 8.618947
1022 8.627267
1023 8.635587
1024 8.643907
1025 8.650147
1026 8.668867
1027 8.675107
1028 8.681347
1029 8.687587
1030 8.693827
1031 8.700067
1032 8.708387
1033 8.716707
1034 8.725027
1035 8.733347
1036 8.758307
1037 8.764547
1038 8.768707
1039 8.774947
1040 8.777027
1041 8.785347
1042 8.793667
1043 8.801987
1044 8.810307
1045 8.816547
1046 8.835267
1047 8.841507
1048 8.847747
1049 8.853987
1050 8.860227
1051 8.868547
1052 8.876867
1053 8.885187
1054 8.893507
1055 8.899747
1056 8.924707
1057 8.930947
1058 8.935107
1059 8.941347
1060 8.943427
1061 8.949667
1062 8.957987
1063 8.966307
1064 8.974627
1065 8.982947
1066 9.001667
1067 9.007907
1068 9.014147
1069 9.020387
1070 9.026627
1071 9.034947
1072 9.043267
1073 9.051587
1074 9.059907
1075 9.066147
1076 9.091107
1077 9.097347
1078 9.101507
1079 9.107747
1080 9.109827
1081 9.116067
1082 9.124387
1083 9.132707
1084 9.141027
1085 9.149347
1086 9.168067
1087 9.174307
1088 9.180547
1089 9.186787
1090 9.193027
1091 9.201347
1092 9.209667
1093 9.217987
1094 9.226307
1095 9.232547
1096 9.257507
1097 9.263747
1098 9.267907
1099 9.274147
1100 9.276227
1101 9.284547
1102 9.292867
1103 9.301187
1104 9.309507
1105 9.315747
1106 9.334467
1107 9.340707
1108 9.346947
1109 9.353187
1110 9.359427
1111 9.365667
1112 9.373987
1113 9.382307
1114 9.390627
1115 9.398947
1116 9.423907
1117 9.430147
1118 9.434307
1119 9.440547
1120 9.442627
1121 9.450947
1122 9.459267
1123 9.467587
1124 9.475907
1125 9.482147
1126 9.500867
1127 9.507107
1128 9.513347
1129 9.519587
1130 9.525827
1131 9.532067
1132 9.540387
1133 9.548707
1134 9.557027
1135 9.565347
1136 9.590307
1137 9.596547
1138 9.600707
1139 9.606947
1140 9.609027
1141 9.617347
1142 9.625667
1143 9.633987
1144 9.642307
1145 9.648547
1146 9.667267
1147 9.673507
1148 9.679747
1149 9.685987
1150 9.692227
1151 9.700547
1152 9.708867
1153 9.717187
1154 9.725507
1155 9.731747
1156 9.756707
1157 9.762947
1158 9.767107
1159 9.773347
1160 9.775427
1161 9.781667
1162 9.789987
1163 9.798307
1164 9.806627
1165 9.814947
1166 9.833667
1167 9.839907
1168 9.846147
1169 9.852387
1170 9.858627
1171 9.866947
1172 9.875267
1173 9.883587
1174 9.891907
1175 9.898147
1176 9.923107
1177 9.929347
1178 9.933507
1179 9.939747
1180 9.941827
1181 9.948067
1182 9.956387
1183 9.964707
1184 9.973027
1185 9.981347
1186 10.000067
1187 10.006307
1188 10.012547
1189 10.018787
1190 10.025027
1191 10.033347
1192 10.041667
1193 10.049987
1194 10.058307
1195 10.064547
1196 10.089507
1197 10.095747
1198 10.099907
1199 10.106147
1200 10.108227
1201 10.116547
1202 10.124867
1203 10.133187
1204 10.141507
1205 10.147747
1206 10.166467
1207 10.172707
1208 10.178947
1209 10.185187
1210 10.191427
1211 10.197667
1212 10.205987
1213 10.214307
1214 10.222627
1215 10.230947
1216 10.255907
1217 10.262147
1218 10.266307
1219 10.272547
1220 10.274627
1221 10.282947
1222 10.291267
1223 10.299587
1224 10.307907
1225 10.314147
1226 10.332867
1227 10.339107
1228 10.345347
1229 10.351587
1230 10.357827
1231 10.364067
1232 10.372387
1233 10.380707
1234 10.389027
1235 10.397347
1236 10.422307
1237 10.428547
1238 10.432707
1239 10.438947
1240 10.441027
1241 10.449347
1242 10.457667
1243 10.465987
1244 10.474307
1245 10.480547
1246 10.499267
1247 10.505507
1248 10.511747
1249 10.517987
1250 10.524227
1251 10.532547
1252 10.540867
1253 10.549187
1254 10.557507
1255 10.563747
1256 10.588707
1257 10.594947
1258 10.599107
1259 10.605347
1260 10.607427
1261 10.613667
1262 10.621987
1263 10.630307
1264 10.638627
1265 10.646947
1266 10.665667
1267 10.671907
1268 10.678147
1269 10.684387
1270 10.690627
1271 10.698947
1272 10.707267
1273 10.715587
1274 10.723907
1275 10.730147
1276 10.755107
1277 10.761347
1278 10.765507
1279 10.771747
1280 10.773827
1281 10.780067
1282 10.788387
1283 10.796707
1284 10.805027
1285 10.813347
1286 10.832067
1287 10.838307
1288 10.844547
1289 10.850787
1290 10.857027
1291 10.865347
1292 10.873667
1293 10.881987
1294 10.890307
1295 10.896547
1296 10.921507
1297 10.927747
1298 10.931907
1299 10.938147
1300 10.940227
1301 10.948547
1302 10.956867
1303 10.965187
1304 10.973507
1305 10.979747
1306 10.998467
1307 11.004707
1308 11.010947
1309 11.017187
1310 11.023427
1311 11.029667
1312 11.037987
1313 11.046307
1314 11.054627
1315 11.062947
1316 11.087907
1317 11.094147
1318 11.098307
1319 11.104547
1320 11.106627
1321 11.114947
1322 11.123267
1323 11.131587
1324 11.139907
1325 11.146147
1326 11.164867
1327 11.171107
1328 11.177347
1329 11.183587
1330 11.189827
1331 11.196067
1332 11.204387
1333 11.212707
1334 11.221027
1335 11.229347
1336 11.254307
1337 11.260547
1338 11.264707
1339 11.270947
1340 11.273027
1341 11.281347
1342 11.289667
1343 11.297987
1344 11.306307
1345 11.312547
1346 11.331267
1347 11.337507
1348 11.343747
1349 11.349987
1350 11.356227
1351 11.364547
1352 11.372867
1353 11.381187
1354 11.389507
1355 11.395747
1356 11.420707
1357 11.426947
1358 11.431107
1359 11.437347
1360 11.439427
1361 11.445667
1362 11.453987
1363 11.462307
1364 11.470627
1365 11.478947
1366 11.497667
1367 11.503907
1368 11.510147
1369 11.516387
1370 11.522627
1371 11.530947
1372 11.539267
1373 11.547587
1374 11.555907
1375 11.562147
1376 11.587107
1377 11.593347
1378 11.597507
1379 11.603747
1380 11.605827
1381 11.612067
1382 11.620387
1383 11.628707
1384 11.637027
1385 11.645347
1386 11.664067
1387 11.670307
1388 11.676547
1389 11.682787
1390 11.689027
1391 11.697347
1392 11.705667
1393 11.713987
1394 11.722307
1395 11.728547
1396 11.753507
1397 11.759747
1398 11.763907
1399 11.770147
1400 11.772227
1401 11.780547
1402 11.788867
1403 11.797187
1404 11.805507
1405 11.811747
1406 11.830467
1407 11.836707
1408 11.842947
1409 11.849187
1410 11.855427
1411 11.861667
1412 11.869987
1413 11.878307
1414 11.886627
1415 11.894947
1416 11.919907
1417 11.926147
1418 11.930307
1419 11.936547
1420 11.938627
1421 11.946947
1422 11.955267
1423 11.963587
1424 11.971907
1425 11.978147
1426 11.996867
1427 12.003107
1428 12.009347
1429 12.015587
1430 12.021827
1431 12.028067
1432 12.036387
1433 12.044707
1434 12.053027
1435 12.061347
1436 12.086307
1437 12.092547
1438 12.096707
1439 12.102947
1440 12.105027
1441 12.113347
1442 12.121667
1443 12.129987
1444 12.138307
1445 12.144547
