0.100000	0.000000
0.112480	0.006427
0.112480	0.006240
0.131387	-0.004347
0.131387	0.004160
0.137627	0.000000
0.137627	0.014560
0.152187	0.002080
0.152187	0.004160
0.156347	0.002080
0.156347	0.010400
0.162587	0.004160
0.162587	0.014560
0.177147	-0.010400
0.177147	0.012480
0.193787	0.002080
0.193787	0.006240
0.197947	-0.000000
0.197947	0.006240
0.204187	0.008320
0.204187	0.010400
0.214587	-0.000000
0.214587	0.004160
0.224987	0.000000
0.224987	0.004160
0.239547	-0.002080
0.243707	0.002080
0.256187	-0.002080
0.274907	0.000000
0.274907	0.004160
0.281147	-0.002080
0.281147	0.004160
0.285307	0.000000
0.291547	0.002080
0.306107	-0.010400
0.316507	-0.002080
0.326907	-0.000000
0.331067	0.000000
0.341467	-0.002080
0.345627	0.000000
0.358107	0.000000
0.393467	0.000657
0.697467	-0.028240
0.744987	0.001200
0.744987	0.008320
0.794907	-0.000832
0.794907	0.006240
0.794907	0.008320
0.803227	0.000000
0.848987	-0.002080
0.855227	0.000000
0.855227	0.008320
0.855227	0.006240
0.855227	0.006240
0.855227	0.006240
0.863547	-0.002080
0.871867	-0.002080
0.936347	-0.008320
0.942587	-0.000000
0.948827	0.000000
0.955067	-0.002080
0.955067	0.002080
0.961307	0.000000
1.017467	0.000000
1.023707	0.000000
1.029947	0.002080
1.034107	-0.002080
1.036187	0.004160
1.036187	0.004160
1.042427	-0.002080
1.098587	-0.004160
1.104827	0.002080
1.113147	0.000000
1.115227	0.004160
1.121467	-0.002080
1.125627	0.000000
1.129787	-0.002080
1.129787	0.008320
1.181787	-0.002080
1.190107	0.000000
1.198427	0.002080
1.204667	0.000000
1.208827	-0.000000
1.212987	-0.002080
1.215067	0.002080
1.223387	0.000000
1.223387	0.004160
1.273307	0.000000
1.281627	-0.000000
1.292027	0.002080
1.298267	0.000000
1.302427	-0.002080
1.304507	0.002080
1.308667	0.000000
1.316987	0.000000
1.321147	-0.002080
1.371067	0.000000
1.371067	0.006240
1.379387	-0.004160
1.391867	0.002080
1.398107	0.000000
1.400187	0.002080
1.404347	0.000000
1.408507	0.000000
1.416827	-0.000000
1.418907	0.002080
1.468827	-0.002080
1.475067	0.000000
1.475067	0.006240
1.479227	-0.000000
1.493787	-0.002080
1.500027	0.002080
1.504187	0.000000
1.508347	-0.000000
1.512507	0.000000
1.520827	0.000000
1.524987	0.002080
1.572827	0.000000
1.579067	-0.002080
1.585307	0.002080
1.589467	-0.002080
1.589467	0.006240
1.601947	-0.004160
1.610267	0.002080
1.614427	0.002080
1.618587	0.000000
1.622747	-0.002080
1.631067	0.002080
1.637307	0.000000
1.685147	0.000000
1.689307	0.002080
1.697627	-0.002080
1.699707	0.002080
1.705947	-0.002080
1.705947	0.006240
1.724667	-0.003120
1.735067	0.000000
1.737147	0.002080
1.747547	-0.002080
1.753787	0.002080
1.801627	-0.002080
1.807867	0.002080
1.814107	-0.000000
1.818267	-0.002080
1.822427	0.002080
1.828667	-0.002080
1.828667	0.006240
1.841147	-0.004160
1.855707	0.000149
1.940987	-0.000910
1.945147	0.002080
1.951387	0.000000
1.959707	-0.002080
2.252187	0.001176
2.334107	0.000098
2.334107	0.006240
2.417307	-0.000000
2.417307	0.006240
2.417307	0.006240
2.423547	-0.002080
2.512987	-0.004160
2.519227	0.000000
2.523387	0.002080
2.523387	0.004160
2.608667	0.000000
2.614907	-0.002080
2.621147	0.002080
2.625307	0.000000
2.625307	0.008320
2.710587	-0.002080
2.714747	-0.000000
2.723067	0.000000
2.727227	-0.000000
2.735547	0.002080
2.818747	0.002080
2.818747	0.006240
2.822907	0.000000
2.831227	-0.004160
2.835387	0.002080
2.845787	0.000000
2.931067	0.000000
2.937307	-0.000000
2.937307	0.004160
2.941467	0.002080
2.945627	0.000000
2.951867	-0.002080
2.962267	-0.002080
3.047547	0.000000
3.053787	-0.002080
3.057947	0.000000
3.057947	0.006240
3.064187	-0.002080
3.068347	0.000000
3.080827	-0.001040
3.166107	-0.033280
3.170267	-0.002080
3.174427	0.002080
3.180667	-0.002080
3.184827	-0.002080
3.184827	0.004160
3.188987	-0.002080
3.199387	-0.006240
3.251387	-0.006240
3.253467	-0.000416
3.272187	-0.000567
3.276347	0.000000
3.322107	-0.002080
3.328347	0.000000
3.340827	0.002080
3.340827	0.006240
3.344987	0.002080
3.388667	-0.006240
3.394907	0.000000
3.409467	0.000000
3.415707	0.006240
3.421947	0.000000
3.421947	0.006240
3.459387	-0.006240
3.465627	-0.002080
3.480187	0.002080
3.492667	0.006240
3.498907	0.000000
3.505147	0.000000
3.505147	0.006240
3.536347	-0.006240
3.540507	0.000000
3.557147	0.000000
3.575867	0.006240
3.582107	0.002080
3.588347	0.000000
3.594587	0.000000
3.619547	-0.004160
3.619547	0.006240
3.623707	0.002080
3.640347	-0.004160
3.665307	0.002080
3.673627	0.002080
3.679867	0.000000
3.686107	0.000000
3.706907	-0.002080
3.713147	0.000000
3.713147	0.006240
3.719387	0.000000
3.731867	-0.004160
3.758907	0.004160
3.769307	0.002080
3.775547	0.000000
3.781787	0.000000
3.800507	-0.002080
3.806747	0.002080
3.812987	0.000000
3.819227	0.000000
3.819227	0.004160
3.827547	-0.002080
3.858747	0.000000
3.871227	0.004160
3.877467	0.000000
3.883707	0.000000
3.900347	-0.002080
3.908667	-0.000000
3.914907	0.000000
3.921147	0.000000
3.925307	0.002080
3.925307	0.004160
3.931547	-0.002080
3.962747	0.002080
3.979387	0.002080
3.985627	0.000000
3.991867	0.000000
4.006427	-0.002080
4.014747	0.002080
4.020987	0.000000
4.027227	-0.002080
4.033467	0.000000
4.037627	0.000000
4.037627	0.006240
4.041787	-0.002080
4.075067	0.000000
4.093787	0.002080
4.100027	0.000000
4.106267	0.000000
4.118747	0.000000
4.129147	-0.002080
4.135387	0.000000
4.139547	0.002080
4.145787	-0.002080
4.149947	0.000000
4.156187	0.000000
4.158267	-0.000000
4.158267	0.008320
4.191547	-0.006240
4.212347	-0.000000
4.218587	0.000000
4.224827	0.000000
4.237307	-0.002080
4.245627	0.002080
4.251867	-0.004160
4.258107	-0.002080
4.262267	-0.002080
4.266427	0.000000
4.272667	-0.004160
4.274747	0.000000
4.283067	-0.002080
4.283067	0.002080
4.310107	-0.012480
4.330907	-0.006240
4.337147	0.000000
4.343387	0.000000
4.353787	-0.002080
4.364187	-0.002080
4.366267	0.004160
4.370427	0.002080
4.372507	0.002080
4.376667	0.000000
4.378747	0.002080
4.380827	0.000000
4.387067	0.000000
4.389147	0.004160
4.403707	-0.008320
4.403707	0.006240
4.418267	-0.004160
4.424507	0.000000
4.430747	0.000000
4.439067	0.000000
4.447387	0.000000
4.453627	-0.002080
4.459867	-0.004160
4.464027	-0.002080
4.468187	-0.000000
4.472347	-0.002080
4.474427	0.002080
4.480667	-0.002080
4.486907	-0.002080
4.493147	0.000000
4.499387	-0.000000
4.499387	0.006240
4.509787	-0.004160
4.516027	0.000000
4.522267	0.000000
4.530587	-0.002080
4.538907	-0.002080
4.543067	-0.002080
4.545147	0.002080
4.547227	0.000000
4.551387	0.000000
4.553467	0.002080
4.557627	0.002080
4.561787	0.002080
4.565947	-0.000000
4.572187	-0.002080
4.578427	0.000000
4.584667	-0.002080
4.590907	0.000000
4.590907	0.004160
4.597147	0.000000
4.603387	0.000000
4.609627	0.000000
4.615867	-0.002080
4.617947	0.002080
4.622107	0.000000
4.624187	0.002080
4.628347	-0.002080
4.632507	0.002080
4.638747	0.002080
4.644987	-0.002080
4.649147	0.000000
4.653307	0.000000
4.659547	0.000000
4.663707	0.000000
4.669947	0.000000
4.674107	0.000000
4.674107	0.004160
4.680347	-0.002080
4.686587	0.002080
4.692827	0.000000
4.696987	0.000000
4.701147	0.000000
4.705307	-0.000000
4.709467	-0.002080
4.711547	0.002080
4.717787	0.000000
4.726107	0.002080
4.730267	0.002080
4.734427	0.000000
4.738587	0.000000
4.744827	0.000000
4.748987	0.000000
4.755227	0.000000
4.759387	-0.000000
4.763547	0.000000
4.767707	-0.002080
4.767707	0.006240
4.776027	-0.002080
4.782267	0.000000
4.786427	0.000000
4.790587	-0.000000
4.794747	-0.002080
4.796827	0.002080
4.800987	0.000000
4.807227	-0.002080
4.817627	0.000000
4.823867	0.002080
4.828027	0.000000
4.832187	-0.000000
4.838427	0.000000
4.842587	0.000000
4.848827	0.000000
4.852987	0.000000
4.857147	-0.002080
4.859227	0.002080
4.865467	-0.002080
4.865467	0.006240
4.871707	0.002080
4.877947	-0.002080
4.882107	-0.000000
4.886267	-0.002080
4.888347	0.002080
4.892507	0.000000
4.896667	-0.002080
4.900827	0.002080
4.911227	0.002080
4.919547	0.000000
4.923707	-0.000000
4.927867	0.000000
4.934107	0.000000
4.938267	0.000000
4.944507	0.000000
4.948667	-0.002080
4.950747	0.002080
4.954907	-0.002080
4.959067	0.002080
4.965307	0.000000
4.973627	0.002080
4.977787	0.000000
4.981947	-0.002080
4.984027	0.002080
4.988187	0.000000
4.992347	-0.002080
4.994427	0.004160
5.000667	-0.002080
5.013147	0.000000
5.021467	0.002080
5.025627	0.000000
5.029787	0.000000
5.036027	0.000000
5.040187	-0.000000
5.046427	-0.002080
5.048507	0.002080
5.052667	-0.002080
5.054747	0.004160
5.060987	-0.002080
5.067227	-0.002080
5.077627	0.004160
5.081787	-0.002080
5.083867	0.002080
5.088027	-0.000000
5.092187	0.000000
5.094267	0.000000
5.100507	0.000000
5.104667	0.000000
5.117147	-0.002080
5.127547	0.004160
5.131707	0.000000
5.135867	0.000000
5.142107	0.000000
5.146267	0.000000
5.150427	0.000000
5.154587	-0.002080
5.156667	0.002080
5.162907	0.000000
5.167067	-0.002080
5.171227	0.002080
5.185787	-0.002080
5.187867	0.004160
5.192027	-0.000000
5.196187	0.000000
5.200347	-0.002080
5.202427	0.004160
5.208667	-0.002080
5.212827	-0.002080
5.223227	0.002080
5.237787	0.000000
5.241947	0.002080
5.246107	-0.000000
5.252347	0.000000
5.256507	0.000000
5.260667	-0.002080
5.262747	0.002080
5.266907	0.000000
5.273147	-0.002080
5.275227	0.002080
5.281467	0.000000
5.293947	0.000000
5.300187	0.000000
5.304347	0.002080
5.308507	-0.002080
5.310587	0.002080
5.316827	0.000000
5.320987	-0.002080
5.323067	0.002080
5.335547	0.000000
5.350107	-0.002080
5.356347	0.004160
5.360507	0.000000
5.366747	0.000000
5.370907	-0.002080
5.372987	0.002080
5.377147	0.000000
5.381307	-0.002080
5.385467	0.002080
5.389627	0.000000
5.395867	0.000000
5.408347	-0.002080
5.414587	0.000000
5.420827	0.000000
5.422907	0.002080
5.427067	0.000000
5.433307	-0.002080
5.435387	0.002080
5.439547	0.000000
5.452027	0.000000
5.464507	0.000000
5.474907	0.000000
5.485307	-0.001040
5.487387	0.002080
5.491547	0.000000
5.495707	-0.002080
5.497787	0.004160
5.504027	0.000000
5.508187	0.000000
5.514427	-0.004160
5.524827	0.002080
5.531067	0.000000
5.537307	0.000000
5.541467	0.000000
5.545627	-0.002080
5.549787	0.002080
5.553947	0.000000
5.558107	-0.002080
5.570587	0.000000
5.583067	0.002080
5.593467	-0.002080
5.610107	0.000109
5.724507	-0.001560
5.724507	0.004160
5.724507	0.004160
5.724507	0.004160
5.724507	0.006240
5.724507	0.004160
5.724507	0.008320
5.724507	0.008320
5.724507	0.004160
5.724507	0.006240
5.807707	-0.035360
5.811867	0.002080
5.816027	0.000000
5.820187	-0.002080
5.826427	0.000000
5.830587	-0.000000
5.838907	0.002080
5.847227	0.002080
5.851387	-0.002080
5.857627	0.002080
5.857627	0.002080
5.905467	-0.002080
5.911707	0.002080
5.915867	-0.002080
5.917947	0.002080
5.924187	-0.002080
5.928347	0.002080
5.938747	0.000000
5.949147	0.000000
5.951227	0.002080
5.959547	0.000000
5.961627	0.002080
5.961627	0.006240
6.007387	-0.004160
6.015707	-0.002080
6.017787	0.002080
6.021947	-0.002080
6.026107	0.002080
6.032347	0.000000
6.042747	-0.002080
6.053147	0.004160
6.057307	0.000000
6.065627	-0.000000
6.069787	0.000000
6.076027	0.000000
6.117627	0.002080
6.117627	0.002080
6.123867	0.000000
6.128027	-0.002080
6.130107	0.004160
6.136347	-0.002080
6.142587	-0.002080
6.150907	0.002080
6.165467	0.000000
6.169627	0.000000
6.177947	0.000000
6.182107	0.002080
6.188347	0.000000
6.232027	0.000000
6.234107	0.002080
6.234107	0.002080
6.240347	-0.002080
6.242427	0.004160
6.248667	-0.004160
6.252827	0.002080
6.256987	-0.002080
6.281947	-0.002080
6.286107	0.002080
6.294427	0.000000
6.300667	0.000000
6.306907	-0.002080
6.350587	0.002080
6.354747	0.000000
6.356827	0.002080
6.360987	0.000000
6.360987	0.002080
6.367227	-0.002080
6.369307	0.002080
6.375547	-0.002080
6.377627	0.004160
6.398427	-0.008320
6.404667	0.000000
6.487867	-0.037440
6.492027	0.002080
6.496187	-0.002080
6.612987	0.001549
6.662587	-0.000192
6.662587	0.006240
6.708347	-0.004160
6.708347	0.004160
6.714587	0.000000
6.756187	0.000000
6.760347	-0.000000
6.766587	0.000000
6.766587	0.006240
6.808187	0.000000
6.812347	0.000000
6.818587	0.000000
6.824827	-0.000000
6.824827	0.006240
6.866427	0.002080
6.870587	0.000000
6.876827	0.000000
6.883067	0.000000
6.889307	0.000000
6.932987	-0.000000
6.932987	0.004160
6.937147	-0.000000
6.943387	0.000000
6.949627	-0.002080
6.955867	0.000000
6.999547	0.004160
7.003707	0.000000
7.003707	0.004160
7.007867	0.000000
7.014107	-0.002080
7.018267	0.002080
7.024507	-0.002080
7.072347	0.004160
7.076507	0.000000
7.080667	0.000000
7.080667	0.004160
7.084827	0.000000
7.088987	-0.000000
7.095227	-0.002080
7.099387	0.002080
7.151387	0.002080
7.155547	0.000000
7.159707	0.000000
7.163867	0.000000
7.168027	0.000000
7.168027	0.004160
7.172187	0.000000
7.176347	0.000000
7.182587	-0.002080
7.236667	0.004160
7.240827	0.000000
7.244987	0.000000
7.249147	0.000000
7.253307	0.000000
7.257467	0.000000
7.257467	0.004160
7.261627	0.000000
7.265787	-0.002080
7.269947	0.002080
7.328187	0.002080
7.332347	0.000000
7.336507	0.000000
7.340667	0.000000
7.344827	-0.000000
7.348987	0.000000
7.353147	0.000000
7.357307	-0.002080
7.357307	0.004160
7.359387	0.002080
7.365627	0.000000
7.425947	0.000000
7.430107	0.000000
7.434267	-0.000000
7.438427	0.000000
7.442587	0.000000
7.446747	-0.000000
7.450907	-0.002080
7.452987	0.002080
7.457147	-0.002080
7.457147	0.006240
7.461307	0.000000
7.467547	0.000000
7.527867	0.002080
7.532027	-0.000000
7.536187	0.000000
7.540347	0.000000
7.544507	-0.000000
7.548667	-0.002080
7.550747	0.002080
7.554907	-0.002080
7.556987	0.004160
7.563227	-0.004160
7.567387	0.002080
7.567387	0.004160
7.573627	0.000000
7.636027	0.002080
7.640187	0.000000
7.644347	0.000000
7.648507	0.000000
7.652667	-0.002080
7.654747	0.002080
7.658907	0.000000
7.660987	0.000000
7.667227	-0.002080
7.669307	0.004160
7.675547	-0.004160
7.679707	0.002080
7.679707	0.004160
7.685947	0.000000
7.750427	-0.000000
7.754587	0.000000
7.758747	0.000000
7.762907	-0.002080
7.764987	0.002080
7.769147	-0.000000
7.773307	-0.002080
7.775387	0.004160
7.779547	-0.002080
7.785787	-0.002080
7.787867	0.004160
7.794107	-0.004160
7.798267	0.002080
7.804507	-0.002080
7.804507	0.004160
7.868987	-0.002080
7.873147	-0.000000
7.877307	-0.002080
7.879387	0.002080
7.883547	0.000000
7.887707	-0.002080
7.889787	0.004160
7.896027	-0.004160
7.898107	0.004160
7.902267	-0.002080
7.908507	-0.002080
7.910587	0.004160
7.916827	-0.004160
7.920987	-0.000000
7.925147	0.002080
7.925147	0.006240
7.987547	-0.014560
7.991707	-0.002080
7.993787	0.002080
7.997947	-0.000000
8.002107	0.000000
8.004187	0.000000
8.010427	-0.002080
8.012507	0.004160
8.018747	-0.004160
8.020827	0.004160
8.024987	0.000000
8.031227	-0.004160
8.033307	0.000000
8.037467	0.002080
8.043707	0.000000
8.049947	-0.004160
8.097787	0.000000
8.097787	0.004160
8.099867	0.002080
8.104027	0.000000
8.108187	-0.002080
8.112347	0.000000
8.114427	0.000000
8.118587	-0.002080
8.124827	0.000000
8.126907	0.002080
8.133147	-0.004160
8.137307	0.000000
8.139387	0.004160
8.141467	0.002080
8.147707	-0.002080
8.153947	-0.002080
8.156027	0.004160
8.203867	-0.004160
8.208027	0.000000
8.208027	0.004160
8.212187	-0.002080
8.216347	0.000000
8.218427	0.000000
8.222587	0.000000
8.224667	0.002080
8.226747	0.004160
8.232987	-0.002080
8.237147	0.002080
8.239227	0.000000
8.243387	0.002080
8.249627	-0.004160
8.253787	0.002080
8.257947	0.000000
8.262107	-0.000000
8.268347	0.000000
8.312027	-0.002080
8.316187	0.000000
8.320347	-0.002080
8.322427	0.002080
8.322427	0.004160
8.326587	-0.002080
8.328667	0.002080
8.332827	0.002080
8.336987	0.002080
8.343227	-0.002080
8.347387	0.000000
8.353627	0.000000
8.355707	0.000000
8.361947	0.000000
8.364027	0.000000
8.370267	0.000000
8.374427	0.000000
8.378587	0.000000
8.384827	-0.002080
8.430587	-0.001040
8.432667	0.002080
8.436827	0.000000
8.440987	-0.002080
8.440987	0.004160
8.443067	0.004160
8.447227	0.002080
8.459707	-0.002080
8.468027	0.000000
8.474267	-0.002080
8.476347	0.002080
8.482587	-0.004160
8.484667	0.004160
8.490907	-0.002080
8.495067	0.000000
8.499227	0.000000
8.503387	0.000000
8.555387	0.000328
8.869787	-0.004720
8.946427	0.002240
8.946427	0.006240
9.027547	-0.000231
9.027547	0.006240
9.027547	0.006240
9.033787	-0.002080
9.112827	0.000000
9.119067	-0.002080
9.119067	0.006240
9.125307	-0.002080
9.129467	-0.000000
9.208507	0.002080
9.212667	0.002080
9.218907	-0.002080
9.223067	0.000000
9.223067	0.004160
9.227227	0.004160
9.308347	-0.004160
9.314587	0.002080
9.318747	0.000000
9.322907	-0.000000
9.327067	0.000000
9.327067	0.008320
9.335387	-0.004160
9.412347	0.002080
9.420667	0.000000
9.424827	-0.000000
9.428987	0.000000
9.433147	0.000000
9.441467	0.000000
9.445627	0.002080
9.445627	0.004160
9.524667	-0.002080
9.532987	-0.002080
9.537147	0.000000
9.541307	-0.000000
9.545467	0.002080
9.553787	0.000000
9.560027	0.000000
9.564187	-0.000000
9.564187	0.006240
9.641147	-0.006240
9.647387	-0.002080
9.651547	0.000000
9.655707	0.000000
9.661947	0.002080
9.670267	0.002080
9.676507	-0.002080
9.680667	0.002080
9.686907	-0.002080
9.757627	-0.016640
9.757627	0.002080
9.761787	-0.002080
9.765947	-0.002080
9.770107	0.000000
9.778427	-0.006240
9.788827	-0.002080
9.792987	-0.002080
9.799227	-0.002080
9.803387	-0.002080
9.857467	-0.012480
9.859547	0.000000
9.859547	0.004160
9.861627	0.000000
9.863707	0.002080
9.867867	-0.002080
9.869947	0.002080
9.878267	-0.004160
9.880347	0.004160
9.884507	0.002080
9.886587	0.004160
9.928187	-0.018720
9.930267	0.002080
9.934427	0.000000
9.936507	-0.000000
9.936507	0.004160
9.940667	0.000000
9.942747	0.004160
9.946907	0.000000
9.951067	0.000000
9.957307	0.000000
9.963547	-0.002080
9.969787	0.000000
9.992667	-0.004160
9.996827	0.000000
10.000987	-0.002080
10.003067	0.002080
10.007227	0.000000
10.007227	0.008320
10.011387	0.000000
10.017627	-0.002080
10.021787	0.002080
10.025947	0.000000
10.032187	-0.002080
10.036347	0.002080
10.042587	-0.002080
10.061307	0.000000
10.065467	-0.002080
10.067547	0.002080
10.071707	0.000000
10.075867	0.002080
10.084187	0.000000
10.084187	0.004160
10.088347	-0.002080
10.092507	0.002080
10.098747	0.000000
10.102907	0.000000
10.107067	0.002080
10.113307	-0.002080
10.117467	0.000000
10.136187	-0.002080
10.138267	0.002080
10.142427	0.000000
10.146587	0.000000
10.152827	0.000000
10.161147	0.002080
10.165307	-0.002080
10.167387	0.002080
10.167387	0.006240
10.173627	-0.002080
10.179867	0.000000
10.184027	0.004160
10.190267	-0.002080
10.194427	0.000000
10.198587	-0.000000
10.215227	0.000000
10.219387	0.000000
10.223547	-0.000000
10.227707	-0.002080
10.233947	0.000000
10.244347	0.000000
10.246427	0.004160
10.250587	0.002080
10.256827	-0.004160
10.256827	0.006240
10.260987	0.000000
10.267227	-0.002080
10.275547	0.000000
10.279707	0.000000
10.283867	-0.000000
10.288027	0.000000
10.304667	0.000000
10.308827	-0.000000
10.312987	-0.002080
10.315067	0.002080
10.321307	0.000000
10.331707	-0.002080
10.337947	0.002080
10.344187	0.000000
10.346267	0.004160
10.352507	-0.002080
10.356667	0.002080
10.356667	0.004160
10.360827	0.002080
10.369147	-0.004160
10.373307	0.000000
10.377467	0.000000
10.381627	0.000000
10.398267	-0.000000
10.402427	-0.002080
10.404507	0.002080
10.408667	0.002080
10.414907	-0.002080
10.423227	-0.002080
10.431547	0.000000
10.437787	0.000000
10.444027	0.000000
10.448187	0.000000
10.454427	0.004160
10.458587	0.000000
10.458587	0.004160
10.464827	-0.002080
10.468987	-0.000000
10.473147	0.000000
10.477307	0.000000
10.481467	0.002080
10.498107	-0.004160
10.500187	0.002080
10.504347	0.000000
10.510587	0.000000
10.514747	0.000000
10.520987	0.000000
10.529307	0.000000
10.535547	0.002080
10.541787	-0.002080
10.545947	-0.000000
10.556347	0.002080
10.560507	0.000000
10.564667	0.002080
10.568827	0.000000
10.568827	0.004160
10.572987	0.000000
10.577147	0.000000
10.581307	-0.000000
10.587547	0.000000
10.600027	-0.002080
10.604187	0.000000
10.608347	-0.002080
10.614587	0.000000
10.618747	0.002080
10.624987	0.000000
10.633307	-0.002080
10.641627	0.002080
10.645787	-0.000000
10.649947	0.002080
10.662427	-0.002080
10.666587	0.000000
10.672827	0.004160
10.676987	0.000000
10.681147	0.000000
10.681147	0.004160
10.685307	0.000000
10.689467	-0.000000
10.693627	0.000000
10.699867	0.000000
10.710267	-0.002080
10.714427	-0.002080
10.716507	0.002080
10.722747	-0.002080
10.728987	0.000000
10.735227	0.000000
10.741467	0.000000
10.751867	0.000000
10.756027	0.002080
10.762267	0.002080
10.772667	-0.002080
10.776827	0.000000
10.787227	0.002080
10.791387	0.000000
10.795547	0.000000
10.799707	0.000000
10.803867	0.000000
10.808027	0.000000
10.812187	0.000000
10.818427	0.000000
10.826747	-0.002080
10.828827	0.002080
10.832987	0.000000
10.837147	0.000000
10.843387	0.000000
10.849627	-0.002080
10.855867	0.000000
10.866267	0.000000
10.872507	0.002080
10.880827	0.000000
10.889147	-0.004160
10.893307	0.002080
10.905787	0.002080
10.909947	-0.000000
10.914107	0.000000
10.918267	0.000000
10.922427	-0.000000
10.926587	0.000000
10.930747	0.000000
10.936987	0.000000
10.943227	0.000000
10.947387	-0.002080
10.951547	0.002080
10.955707	-0.002080
10.961947	0.000000
10.966107	0.000000
10.972347	0.000000
10.982747	-0.002080
10.991067	0.004160
10.999387	-0.002080
11.003547	-0.002080
11.009787	-0.002080
11.024347	-0.002080
11.028507	0.000000
11.032667	-0.000000
11.036827	0.000000
11.040987	0.000000
11.045147	-0.000000
11.049307	0.000000
11.055547	0.000000
11.061787	-0.002080
11.063867	0.004160
11.070107	-0.004160
11.072187	0.002080
11.078427	-0.002080
11.082587	0.002080
11.088827	-0.004160
11.097147	-0.004160
11.109627	0.000000
11.115867	-0.004160
11.117947	0.002080
11.122107	0.002080
11.134587	-0.004160
11.138747	-0.000000
11.142907	0.000000
11.147067	0.000000
11.151227	-0.000000
11.155387	0.000000
11.159547	0.000000
11.165787	0.000000
11.169947	-0.000000
11.176187	-0.002080
11.178267	0.002080
11.182427	-0.000000
11.186587	0.000000
11.192827	-0.004160
11.194907	0.002080
11.199067	0.000000
11.211547	-0.006240
11.213627	0.002080
11.217787	0.002080
11.224027	-0.002080
11.232347	-0.000000
11.236507	0.000000
11.240667	-0.000000
11.244827	0.000000
11.248987	0.000000
11.253147	-0.000000
11.257307	0.000000
11.263547	0.000000
11.267707	-0.002080
11.271867	0.002080
11.276027	-0.002080
11.280187	-0.000000
11.284347	-0.002080
11.286427	0.000000
11.290587	0.000000
11.294747	0.002080
11.300987	-0.002080
11.305147	0.000000
11.311387	0.000000
11.315547	0.002080
11.323867	0.000000
11.328027	0.000000
11.332187	0.000000
11.336347	-0.000000
11.340507	0.000000
11.344667	0.000000
11.348827	-0.000000
11.355067	-0.002080
11.357147	0.002080
11.363387	-0.004160
11.365467	0.002080
11.369627	-0.002080
11.371707	0.002080
11.373787	0.004160
11.377947	0.000000
11.384187	-0.002080
11.388347	0.002080
11.392507	-0.000000
11.398747	0.000000
11.404987	0.000000
11.413307	0.000000
11.417467	-0.000000
11.421627	0.000000
11.425787	0.000000
11.429947	-0.000000
11.434107	0.000000
11.438267	0.000000
11.442427	-0.000000
11.446587	-0.002080
11.448667	0.002080
11.452827	0.000000
11.454907	0.002080
11.459067	0.000000
11.465307	-0.002080
11.469467	0.000000
11.473627	0.002080
11.479867	0.000000
11.484027	0.000000
11.490267	0.000000
11.496507	0.000000
11.504827	-0.000000
11.508987	0.000000
11.513147	0.000000
11.517307	-0.000000
11.521467	0.000000
11.525627	0.000000
11.529787	-0.000000
11.533947	-0.002080
11.536027	0.002080
11.540187	0.000000
11.544347	0.000000
11.548507	-0.000000
11.552667	0.000000
11.556827	0.000000
11.560987	-0.000000
11.567227	0.000000
11.573467	0.000000
11.577627	-0.002080
11.583867	0.000000
11.590107	0.004160
11.598427	0.000000
11.602587	-0.000000
11.606747	0.000000
11.610907	0.000000
11.615067	-0.000000
11.619227	0.000000
11.623387	-0.002080
11.625467	0.002080
11.629627	0.000000
11.633787	-0.000000
11.637947	0.000000
11.642107	0.000000
11.646267	-0.000000
11.650427	0.000000
11.654587	0.002080
11.660827	-0.002080
11.667067	0.000000
11.669147	0.002080
11.675387	-0.002080
11.685787	0.002080
11.694107	0.002080
11.698267	0.000000
11.702427	0.000000
11.706587	-0.000000
11.710747	0.000000
11.714907	-0.002080
11.716987	0.002080
11.721147	0.000000
11.725307	-0.000000
11.729467	0.000000
11.733627	0.000000
11.737787	-0.000000
11.741947	0.000000
11.746107	0.000000
11.752347	-0.002080
11.756507	0.002080
11.762747	0.000000
11.766907	0.000000
11.771067	0.002080
11.783547	-0.002080
11.793947	0.004160
11.798107	0.000000
11.802267	-0.000000
11.806427	0.000000
11.810587	-0.002080
11.812667	0.002080
11.816827	-0.000000
11.820987	0.000000
11.825147	0.000000
11.829307	-0.000000
11.833467	0.000000
11.837627	0.000000
11.841787	-0.000000
11.845947	0.000000
11.850107	0.002080
11.856347	-0.004160
11.862587	0.000000
11.866747	0.000000
11.872987	0.004160
11.883387	-0.000000
11.897947	0.000000
11.902107	0.002080
11.906267	0.000000
11.910427	-0.002080
11.912507	0.002080
11.916667	0.000000
11.920827	0.000000
11.924987	-0.000000
11.929147	0.000000
11.933307	0.000000
11.937467	-0.000000
11.941627	0.000000
11.945787	0.000000
11.949947	-0.000000
11.956187	-0.002080
11.958267	0.002080
11.964507	-0.002080
11.968667	0.002080
11.979067	0.000000
11.989467	0.002080
