0.100000	0.000000
0.106107	0.000000
0.112213	0.002668
0.112213	0.002080
0.120987	0.004748
0.123067	0.000000
0.127093	0.004428
0.127093	0.002080
0.129173	0.000000
0.129173	0.002080
0.137627	0.002863
0.139707	0.000000
0.141787	0.000000
0.143733	0.005334
0.143733	0.002080
0.143867	0.006374
0.145813	0.004943
0.145813	0.002080
0.147893	0.004160
0.147893	0.002080
0.149973	0.002080
0.149973	0.002080
0.160507	0.003901
0.162587	0.000000
0.166613	0.004495
0.166613	0.002080
0.166747	0.004793
0.168693	0.004453
0.168693	0.002080
0.168827	0.004713
0.172853	0.004652
0.172853	0.002080
0.174933	0.004160
0.174933	0.002080
0.175067	0.004563
0.177147	0.000000
0.181173	0.004752
0.181173	0.002080
0.181307	0.004941
0.183253	0.004702
0.183253	0.002080
0.183387	0.004876
0.187413	0.004661
0.187413	0.002080
0.189493	0.002080
0.189493	0.002080
0.204187	0.004455
0.206267	0.000000
0.210293	0.004871
0.210293	0.002080
0.210427	0.005010
0.212373	0.004827
0.212373	0.002080
0.212507	0.004957
0.216533	0.004910
0.216533	0.002080
0.218613	0.004160
0.218613	0.002080
0.220827	0.004831
0.222907	0.000000
0.226933	0.005050
0.229013	0.002080
0.229147	0.005159
0.231227	0.000000
0.235253	0.005378
0.237333	0.002080
0.239547	0.005488
0.241627	0.000000
0.245653	0.005488
0.245787	0.005793
0.247733	0.005488
0.247867	0.005793
0.251893	0.005488
0.253973	-0.000000
0.254107	0.005488
0.256187	0.000000
0.260213	0.005488
0.260347	0.005793
0.262293	0.005488
0.262427	0.005793
0.266453	0.005488
0.268533	-0.000000
0.289467	0.005488
0.291547	0.000000
0.295573	0.005488
0.295707	0.005793
0.297653	0.005488
0.297787	0.005793
0.301813	0.005488
0.303893	-0.000000
0.306107	0.005488
0.308187	0.000000
0.312213	0.005488
0.314293	0.000000
0.314427	0.005488
0.316507	0.000000
0.320533	0.005488
0.322613	0.000000
0.328987	0.005488
0.333147	0.000000
0.335093	0.005488
0.339253	-0.002080
0.343547	0.005378
0.347707	0.000000
0.349653	0.005378
0.353813	0.000000
0.356027	0.005378
0.358107	0.000000
0.362133	0.005378
0.362267	0.005677
0.364213	0.005488
0.364347	0.005793
0.368373	0.005378
0.370453	0.000000
0.370587	0.005378
0.372667	0.000000
0.376693	0.005159
0.376827	0.005446
0.378773	0.005159
0.378907	0.005446
0.382933	0.005050
0.385013	0.000000
0.405947	0.005050
0.408027	0.000000
0.412053	0.004065
0.412187	0.004290
0.414133	0.004065
0.414267	0.004290
0.418293	0.003955
0.420373	0.000000
0.422587	0.003955
0.424667	0.000000
0.428693	0.003627
0.430773	-0.000000
0.430907	0.003627
0.432987	0.000000
0.437013	0.003408
0.439093	0.000000
0.445467	0.003408
0.447547	0.000000
0.451573	0.002860
0.453653	0.000000
0.457947	0.002860
0.462107	0.000000
0.464053	0.002423
0.468213	-0.002080
0.470427	0.002313
0.474587	0.000000
0.476533	0.001985
0.476667	0.002095
0.478747	0.000000
0.480693	0.001979
0.480827	0.002096
0.482773	0.001979
0.482907	0.002096
0.484853	0.001979
0.484987	0.002096
0.486933	0.001979
0.487067	0.002096
0.489013	0.001979
0.491093	0.000000
0.493173	0.000000
0.495387	0.001875
0.497467	0.000000
0.499547	-0.000000
0.501493	0.001633
0.501627	0.001729
0.503573	0.001633
0.503707	0.001729
0.505653	0.001633
0.505787	0.001729
0.507733	0.001633
0.507867	0.001729
0.509813	0.001633
0.509947	0.001729
0.511893	0.001633
0.512027	0.001729
0.513973	0.001633
0.514107	0.001729
0.516053	0.001633
0.516187	0.001729
0.518133	0.001633
0.518267	0.001729
0.520213	0.001633
0.520347	0.001729
0.522293	0.001633
0.522427	0.001729
0.524373	0.001633
0.524507	0.001729
0.526453	0.001633
0.526587	0.001729
0.528533	0.001633
0.528667	0.001729
0.530613	0.001633
0.530747	0.001729
0.532693	0.001633
0.532827	0.001729
0.534773	0.001633
0.534907	0.001729
0.536853	0.001633
0.536987	0.001729
0.538933	0.001633
0.539067	0.001729
0.541013	0.001633
0.541147	0.001729
0.543093	0.001633
0.543227	0.001729
0.545173	0.001633
0.545307	0.001729
0.547253	0.001633
0.547387	0.001729
0.549333	0.001633
0.549467	0.001729
0.551413	0.001633
0.551547	0.001729
0.553493	0.001633
0.553627	0.001729
0.555573	0.001633
0.555707	0.001729
0.557653	0.001633
0.557787	0.001729
0.559733	0.001633
0.559867	0.001729
0.561813	0.001633
0.561947	0.001729
0.563893	0.001633
0.564027	0.001729
0.565973	0.001633
0.566107	0.001729
0.568053	0.001633
0.568187	0.001729
0.570133	0.001633
0.570267	0.001729
0.572213	0.001633
0.572347	0.001729
0.574293	0.001633
0.574427	0.001729
0.576373	0.001633
0.576507	0.001729
0.578453	0.001633
0.578587	0.001729
0.580533	0.001633
0.580667	0.001729
0.582613	0.001633
0.582747	0.001729
0.584693	0.001633
0.584827	0.001729
0.586773	0.001633
0.586907	0.001729
0.588853	0.001633
0.588987	0.001729
0.590933	0.001633
0.591067	0.001729
0.593013	0.001633
0.593147	0.001729
0.595093	0.001633
0.595227	0.001729
0.597173	0.001633
0.597307	0.001729
0.599253	0.001633
0.599387	0.001729
0.601333	0.001633
0.601467	0.001729
0.603413	0.001633
0.603547	0.001729
0.605493	0.001633
0.605627	0.001729
0.607573	0.001633
0.607707	0.001729
0.609653	0.001633
0.609787	0.001729
0.611733	0.001633
0.611867	0.001729
0.613813	0.001633
0.613947	0.001729
0.615893	0.001633
0.616027	0.001729
0.617973	0.001633
0.618107	0.001729
0.620053	0.001633
0.620187	0.001729
0.622133	0.001633
0.622267	0.001729
0.624213	0.001633
0.624347	0.001729
0.626293	0.001633
0.626427	0.001729
0.628373	0.001633
0.628507	0.001729
0.630453	0.001633
0.630587	0.001729
0.632533	0.001633
0.632667	0.001729
0.634613	0.001633
0.634747	0.001729
0.636693	0.001633
0.636827	0.001729
0.638773	0.001633
0.638907	0.001729
0.640853	0.001633
0.640987	0.001729
0.642933	0.001633
0.643067	0.001729
0.645013	0.001633
0.645147	0.001729
0.647093	0.001633
0.647227	0.001729
0.649173	0.001633
0.649307	0.001729
0.651253	0.001633
0.651387	0.001729
0.653333	0.001633
0.653467	0.001729
0.655413	0.001633
0.655547	0.001729
0.657493	0.001633
0.657627	0.001729
0.659573	0.001633
0.659707	0.001729
0.661653	0.001633
0.661787	0.001729
0.663733	0.001633
0.663867	0.001729
0.665813	0.001633
0.665947	0.001729
0.667893	0.001633
0.668027	0.001729
0.669973	0.001633
0.670107	0.001729
0.672053	0.001633
0.672187	0.001729
0.674133	0.001633
0.674267	0.001729
0.676213	0.001633
0.676347	0.001729
0.678293	0.001633
0.678427	0.001729
0.680373	0.001633
0.680507	0.001729
0.682453	0.001633
0.682587	0.001729
0.684533	0.001633
0.684667	0.001729
0.686613	0.001633
0.686747	0.001729
0.688693	0.001633
0.688827	0.001729
0.690773	0.001633
0.690907	0.001729
0.692853	0.001633
0.692987	0.001729
0.694933	0.001633
0.695067	0.001729
0.697013	0.001633
0.697147	0.001729
0.699093	0.001748
0.699227	0.001851
0.701173	0.001864
0.701307	0.001973
0.703253	0.001979
0.703387	0.002096
0.705333	0.001979
0.705467	0.002096
0.707413	0.001979
0.707547	0.002096
0.709493	0.001979
0.709627	0.002096
0.711573	0.001979
0.711707	0.002096
0.713653	0.001979
0.713787	0.002096
0.715733	0.001979
0.715867	0.002096
0.717813	0.001979
0.717947	0.002096
0.719893	0.001979
0.720027	0.002096
0.721973	0.001979
0.722107	0.002096
0.724053	0.001979
0.724187	0.002096
0.726133	0.001979
0.726267	0.002096
0.728213	0.001979
0.728347	0.002096
0.730293	0.001979
0.730427	0.002096
0.732373	0.001979
0.732507	0.002096
0.734453	0.001979
0.736533	0.000000
0.736667	0.001979
0.738613	0.001875
0.740827	0.001979
0.742773	0.001766
0.744987	0.001864
0.746933	0.001766
0.747067	0.001864
0.749147	0.000000
0.751093	0.001979
0.751227	0.002096
0.753173	0.002210
0.753307	0.002340
0.755253	0.002210
0.755387	0.002340
0.757333	0.002326
0.757467	0.002463
0.759413	0.002326
0.759547	0.002463
0.761493	0.002326
0.761627	0.002463
0.763573	0.002326
0.763707	0.002463
0.765653	0.002326
0.765787	0.002463
0.767733	0.002326
0.767867	0.002463
0.769813	0.002326
0.769947	0.002463
0.771893	0.002326
0.772027	0.002463
0.773973	0.002326
0.774107	0.002463
0.776053	0.002326
0.776187	0.002463
0.778133	0.002326
0.778267	0.002463
0.780213	0.002326
0.780347	0.002463
0.782293	0.002326
0.782427	0.002463
0.784373	0.002326
0.786453	0.000000
0.786587	0.002326
0.788533	0.002204
0.792693	-0.002080
0.792827	0.002094
0.798933	0.002093
0.799067	0.002204
0.801147	-0.000000
0.805173	0.002313
0.805307	0.002442
0.807253	0.002532
0.807387	0.002673
0.809467	-0.000000
0.811413	0.002788
0.811547	0.002952
0.813493	0.002904
0.813627	0.003075
0.815573	0.002904
0.815707	0.003075
0.817653	0.003019
0.817787	0.003197
0.819733	0.003019
0.819867	0.003197
0.821813	0.003019
0.821947	0.003197
0.823893	0.003019
0.824027	0.003197
0.825973	0.003019
0.826107	0.003197
0.828053	0.003019
0.828187	0.003197
0.830133	0.003019
0.830267	0.003197
0.832213	0.003019
0.832347	0.003197
0.834293	0.003019
0.834427	0.003197
0.836373	0.003019
0.836507	0.003197
0.838453	0.003019
0.838587	0.003197
0.840533	0.003019
0.842613	0.000000
0.844693	0.000000
0.846907	0.002860
0.853013	0.002613
0.855227	0.002751
0.861333	0.002613
0.861467	0.002751
0.867573	0.002925
0.867707	0.003079
0.871867	0.000000
0.873813	0.003189
0.873947	0.003366
0.877973	0.003189
0.878107	0.003366
0.880053	0.003408
0.880187	0.003597
0.882267	0.000000
0.884213	0.003713
0.884347	0.003931
0.886293	0.003713
0.886427	0.003931
0.888373	0.003828
0.888507	0.004053
0.890453	0.003828
0.890587	0.004053
0.892533	0.003944
0.892667	0.004176
0.894613	0.003944
0.894747	0.004176
0.896693	0.004059
0.896827	0.004298
0.898773	0.004059
0.898907	0.004298
0.900853	0.004175
0.900987	0.004420
0.902933	0.004175
0.903067	0.004420
0.905013	0.004175
0.905147	0.004420
0.907093	0.004175
0.909173	0.000000
0.911253	0.000000
0.911387	0.003955
0.917493	0.003653
0.919707	0.003846
0.925813	0.003445
0.932187	0.003627
0.938293	0.003237
0.940507	0.003408
0.944667	-0.000000
0.946613	0.003517
0.950773	-0.002080
0.950907	0.003408
0.957013	0.003133
0.957147	0.003298
0.959227	-0.000000
0.963253	0.003298
0.963387	0.003482
0.965333	0.003298
0.965467	0.003482
0.969493	0.003298
0.969627	0.003482
0.971573	0.003408
0.971707	0.003597
0.975733	0.003298
0.975867	0.003482
0.977813	0.003408
0.977947	0.003597
0.981973	0.003298
0.982107	0.003482
0.984053	0.003408
0.984187	0.003597
0.986267	0.000000
0.988213	0.003482
0.988347	0.003686
0.990293	0.003597
0.990427	0.003809
0.992373	0.003597
0.992507	0.003809
0.994453	0.003713
0.996533	-0.000000
0.996667	0.003713
0.998613	0.003517
1.000827	0.003713
1.002773	0.003408
1.006933	-0.000000
1.009147	0.003408
1.015253	0.003237
1.019547	0.003408
1.021627	0.000000
1.025653	0.003408
1.025787	0.003597
1.027733	0.003517
1.031893	0.000000
1.032027	0.003517
1.034107	0.000000
1.038133	0.003517
1.038267	0.003713
1.040213	0.003517
1.042427	0.003713
1.044373	0.003517
1.044507	0.003713
1.048533	0.003517
1.048667	0.003713
1.050613	0.003736
1.050747	0.003944
1.054773	0.003627
1.054907	0.003828
1.056853	0.003736
1.056987	0.003944
1.061013	0.003627
1.061147	0.003828
1.063093	0.003736
1.063227	0.003944
1.067253	0.003627
1.067387	0.003828
1.069333	0.003736
1.069467	0.003944
1.071547	0.000000
1.073493	0.003828
1.073627	0.004053
1.075573	0.003944
1.077653	-0.000000
1.077787	0.003944
1.079733	0.003846
1.083893	-0.002080
1.086107	0.003736
1.092213	0.003341
1.096507	0.003517
1.100667	-0.000000
1.102613	0.003627
1.104827	0.003828
1.106773	0.003627
1.110933	0.002080
1.111067	0.003736
1.113147	0.000000
1.117173	0.003736
1.117307	0.003944
1.119253	0.003736
1.121467	0.003944
1.123413	0.003736
1.127573	0.000000
1.127707	0.003736
1.129787	0.000000
1.133813	0.003736
1.133947	0.003944
1.135893	0.003846
1.136027	0.004059
1.140053	0.003846
1.140187	0.004059
1.142133	0.003955
1.142267	0.004175
1.146293	0.003846
1.146427	0.004059
1.148373	0.003955
1.148507	0.004175
1.152533	0.003846
1.152667	0.004059
1.154613	0.003955
1.154747	0.004175
1.158773	0.003846
1.158907	0.004059
1.160853	0.003955
1.160987	0.004175
1.165013	0.003846
1.165147	0.004059
1.167093	0.003955
1.171253	-0.002080
1.177627	0.003846
1.181787	0.000000
1.183733	0.003846
1.187893	0.002080
1.188027	0.003955
1.194133	0.003861
1.194267	0.004065
1.196347	0.000000
1.200373	0.003955
1.200507	0.004175
1.202453	0.004174
1.204667	0.004406
1.206613	0.004065
1.210773	-0.000000
1.210907	0.004065
1.215067	0.000000
1.217013	0.004065
1.219227	0.004290
1.221173	0.004065
1.223387	0.004290
1.225333	0.004065
1.225467	0.004290
1.229493	0.004065
1.229627	0.004290
1.231573	0.004284
1.231707	0.004522
1.235733	0.004174
1.235867	0.004406
1.237813	0.004284
1.237947	0.004522
1.241973	0.004174
1.242107	0.004406
1.244053	0.004284
1.244187	0.004522
1.248213	0.004174
1.248347	0.004406
1.250293	0.004284
1.250427	0.004522
1.254453	0.004174
1.256533	0.002080
1.262907	0.004284
1.269013	0.003861
1.269147	0.004065
1.275253	0.004069
1.277467	0.004284
1.281627	-0.000000
1.283573	0.004284
1.287733	0.002080
1.287867	0.004393
1.289947	0.000000
1.293973	0.004284
1.294107	0.004522
1.296053	0.004503
1.300213	-0.002080
1.300347	0.004393
1.304507	-0.000000
1.306453	0.004393
1.308667	0.004637
1.310613	0.004393
1.312827	0.004637
1.314773	0.004393
1.318933	0.000000
1.319067	0.004393
1.321147	0.000000
1.325173	0.004393
1.325307	0.004637
1.327253	0.004503
1.327387	0.004753
1.331413	0.004393
1.331547	0.004637
1.333493	0.004503
1.333627	0.004753
1.337653	0.004393
1.337787	0.004637
1.339733	0.004503
1.339867	0.004753
1.343893	0.004393
1.344027	0.004637
1.345973	0.004503
1.350133	-0.002080
1.352347	0.004393
1.358453	0.004069
1.362747	0.004284
1.368853	0.004069
1.371067	0.004284
1.377173	0.004173
1.377307	0.004393
1.381467	0.000000
1.383413	0.004503
1.387573	0.000000
1.387707	0.004503
1.389787	0.000000
1.393813	0.004503
1.395893	0.002080
1.396027	0.004612
1.400187	-0.000000
1.402133	0.004612
1.404347	0.004868
1.406293	0.004612
1.408507	0.004868
1.410453	0.004612
1.414613	0.000000
1.414747	0.004612
1.418907	0.000000
1.420853	0.004721
1.420987	0.004984
1.425013	0.004721
1.425147	0.004984
1.427093	0.004831
1.427227	0.005099
1.431253	0.004721
1.431387	0.004984
1.433333	0.004831
1.433467	0.005099
1.437493	0.004721
1.437627	0.004984
1.439573	0.004831
1.439707	0.005099
1.443733	0.004721
1.445813	0.002080
1.445947	0.004831
1.452053	0.004485
1.456347	0.004721
1.462453	0.004485
1.466747	0.004721
1.472853	0.004485
1.475067	0.004721
1.479227	-0.000000
1.481173	0.004721
1.485333	0.000000
1.485467	0.004721
1.489627	0.000000
1.491573	0.004831
1.495733	0.000000
1.495867	0.004831
1.500027	0.000000
1.501973	0.004831
1.504187	0.005099
1.506133	0.004940
1.508347	0.005215
1.510293	0.004940
1.514453	0.000000
1.516667	0.004940
1.520827	0.000000
1.522773	0.004831
1.524987	0.005099
1.526933	0.004940
1.527067	0.005215
1.531093	0.005050
1.531227	0.005330
1.533173	0.005159
1.533307	0.005446
1.537333	0.005050
1.537467	0.005330
1.539413	0.005159
1.539547	0.005446
1.543573	0.005050
1.543707	0.005330
1.545653	0.005159
1.547867	0.005446
1.549813	0.005050
1.553973	0.000000
1.558267	0.005050
1.564373	0.004797
1.568667	0.005050
1.574773	0.004797
1.576987	0.005050
1.581147	-0.000000
1.583093	0.005050
1.587253	0.000000
1.589467	0.005050
1.593627	0.000000
1.595573	0.005050
1.599733	0.002080
1.599867	0.005159
1.605973	0.004901
1.606107	0.005159
1.610267	0.000000
1.612213	0.005159
1.614427	0.005446
1.616373	0.005269
1.620533	0.000000
1.620667	0.005269
1.626773	0.005005
1.626907	0.005269
1.633013	0.005005
1.633147	0.005269
1.637307	-0.000000
1.639253	0.005269
1.639387	0.005562
1.643413	0.005269
1.643547	0.005562
1.645493	0.005378
1.645627	0.005677
1.649653	0.005378
1.649787	0.005677
1.651733	0.005378
1.651867	0.005677
1.655893	0.005378
1.656027	0.005677
1.657973	0.005488
1.662133	-0.002080
1.666427	0.005378
1.672533	0.005005
1.676827	0.005269
1.682933	0.005005
1.685147	0.005269
1.689307	0.000000
1.691253	0.005378
1.695413	-0.000000
1.697627	0.005378
1.703733	0.005005
1.703867	0.005269
1.709973	0.005109
1.710107	0.005378
1.716213	0.005213
1.716347	0.005488
1.722453	0.005109
1.722587	0.005378
1.726747	0.000000
1.728693	0.005378
1.732853	0.000000
1.732987	0.005378
1.739093	0.005109
1.739227	0.005378
1.745333	0.005109
1.745467	0.005378
1.749627	0.000000
1.751573	0.005378
1.753787	0.005677
1.755733	0.005378
1.757947	0.005677
1.759893	0.005378
1.760027	0.005677
1.764053	0.005378
1.764187	0.005677
1.766133	0.005488
1.768347	0.005793
1.770293	0.005488
1.770427	0.005793
1.774453	0.005488
1.776533	0.000000
1.778747	0.005488
1.784853	0.005005
1.789147	0.005269
1.795253	0.005109
1.799547	0.005378
1.803707	0.000000
1.805653	0.005378
1.809813	0.000000
1.809947	0.005378
1.816053	0.005109
1.818267	0.005378
1.824373	0.005109
1.826587	0.005378
1.830747	0.000000
1.832693	0.005378
1.836853	0.002080
1.836987	0.005488
1.841147	-0.000000
1.843093	0.005378
1.847253	0.002080
1.847387	0.005488
1.853493	0.005109
1.853627	0.005378
1.859733	0.005109
1.859867	0.005378
1.864027	-0.000000
1.865973	0.005378
1.868187	0.005677
1.870133	0.005269
1.872347	0.005562
1.874293	0.005269
1.876507	0.005562
1.878453	0.005159
1.880667	0.005446
1.882613	0.005159
1.884827	0.005446
1.886773	0.005159
1.886907	0.005446
1.890933	0.005159
1.891067	0.005446
1.893013	0.005269
1.897173	0.000000
1.903547	0.005269
1.909653	0.005005
1.913947	0.005269
1.918107	0.000000
1.920053	0.005050
1.924213	-0.002080
1.924347	0.004940
1.930453	0.004589
1.932667	0.004831
1.938773	0.004381
1.940987	0.004612
1.947093	0.004381
1.947227	0.004612
1.951387	0.000000
1.953333	0.004612
1.957493	-0.000000
1.957627	0.004612
1.961787	0.000000
1.963733	0.004612
1.967893	0.000000
1.968027	0.004612
1.974133	0.004277
1.974267	0.004503
1.976347	0.000000
1.980373	0.004284
1.980507	0.004522
1.982453	0.004284
1.982587	0.004522
1.986613	0.004174
1.986747	0.004406
1.988693	0.004174
1.990907	0.004406
1.992853	0.004065
1.995067	0.004290
1.997013	0.003955
1.999227	0.004175
2.001173	0.003955
2.003387	0.004175
2.005333	0.003955
2.009493	-0.000000
2.015867	0.003955
2.021973	0.003341
2.022107	0.003517
2.024187	0.000000
2.028213	0.003517
2.028347	0.003713
2.030293	0.003517
2.032507	0.003713
2.034453	0.003517
2.038613	-0.002080
2.040827	0.003408
2.046933	0.003133
2.047067	0.003298
2.051227	0.000000
2.053173	0.003189
2.057333	0.000000
2.057467	0.003189
2.061627	0.000000
2.063573	0.002970
2.065787	0.003135
2.067733	0.002860
2.067867	0.003019
2.069947	0.000000
2.071893	0.002904
2.072027	0.003075
2.073973	0.003019
2.074107	0.003197
2.076053	0.003019
2.076187	0.003197
2.078133	0.003135
2.078267	0.003319
2.080213	0.003135
2.082293	0.002080
2.082427	0.003250
2.084373	0.003079
2.086587	0.003250
2.088533	0.002970
2.090747	0.003135
2.092693	0.002970
2.094907	0.003135
2.096853	0.002970
2.101013	-0.000000
2.101147	0.002970
2.103227	0.000000
2.107253	0.002970
2.107387	0.003135
2.109333	0.002970
2.109467	0.003135
2.113493	0.002970
2.115573	0.002080
2.115707	0.003079
2.119867	0.000000
2.121813	0.003079
2.124027	0.003250
2.125973	0.003079
2.126107	0.003250
2.128187	0.000000
2.130133	0.003250
2.130267	0.003442
2.132213	0.003250
2.134293	0.002080
2.134427	0.003366
2.136373	0.003189
2.136507	0.003366
2.140533	0.003189
2.140667	0.003366
2.142613	0.003298
2.142747	0.003482
2.146773	0.003189
2.146907	0.003366
2.148853	0.003298
2.148987	0.003482
2.151067	0.000000
2.153013	0.003366
2.155093	0.002080
2.155227	0.003482
2.157173	0.003298
2.159387	0.003482
2.161333	0.003189
2.163547	0.003366
2.165493	0.003189
2.169653	0.000000
2.169787	0.003189
2.171867	0.000000
2.175893	0.003189
2.176027	0.003366
2.177973	0.003189
2.180187	0.003366
2.182133	0.003189
2.186293	0.000000
2.186427	0.003189
2.190587	0.000000
2.192533	0.003189
2.194747	0.003366
2.196693	0.003298
2.196827	0.003482
2.200853	0.003298
2.200987	0.003482
2.202933	0.003408
2.203067	0.003597
2.207093	0.003298
2.207227	0.003482
2.209173	0.003408
2.211387	0.003597
2.213333	0.003298
2.213467	0.003482
2.217493	0.003298
2.217627	0.003482
2.219573	0.003408
2.219707	0.003597
2.223733	0.003408
2.223867	0.003597
2.225813	0.003408
2.225947	0.003597
2.228027	0.000000
2.229973	0.003597
2.232053	0.002080
2.232187	0.003713
2.234133	0.003517
2.236347	0.003713
2.238293	0.003408
2.242453	0.000000
2.242587	0.003408
2.244667	0.000000
2.248693	0.003408
2.248827	0.003597
2.250773	0.003408
2.252987	0.003597
2.254933	0.003408
2.259093	0.002080
2.259227	0.003517
2.265333	0.003341
2.265467	0.003517
2.269627	0.000000
2.271573	0.003517
2.273787	0.003713
2.275733	0.003517
2.275867	0.003713
2.279893	0.003517
2.280027	0.003713
2.281973	0.003627
2.282107	0.003828
2.286133	0.003517
2.286267	0.003713
2.288213	0.003627
2.290427	0.003828
2.292373	0.003517
2.294587	0.003713
2.296533	0.003517
2.296667	0.003713
2.300693	0.003517
2.300827	0.003713
2.302773	0.003627
2.304987	0.003828
2.306933	0.003627
2.307067	0.003828
2.309147	0.000000
2.311093	0.003828
2.313173	0.000000
2.313307	0.003828
2.315253	0.003736
2.319413	-0.002080
2.319547	0.003627
2.321627	0.000000
2.325653	0.003627
2.325787	0.003828
2.327733	0.003627
2.331893	-0.000000
2.332027	0.003627
2.338133	0.003549
2.338267	0.003736
2.344373	0.003549
2.344507	0.003736
2.348667	0.000000
2.350613	0.003736
2.352827	0.003944
2.354773	0.003846
2.356987	0.004059
2.358933	0.003846
2.359067	0.004059
2.363093	0.003846
2.363227	0.004059
2.365173	0.003955
2.365307	0.004175
2.369333	0.003846
2.369467	0.004059
2.371413	0.003955
2.373627	0.004175
2.375573	0.003846
2.377787	0.004059
2.379733	0.003846
2.381947	0.004059
2.383893	0.003846
2.386107	0.004059
2.388053	0.003846
2.388187	0.004059
2.392213	0.003846
2.392347	0.004059
2.394293	0.003955
2.394427	0.004175
2.398453	0.003955
2.400533	0.000000
2.400667	0.003955
2.402747	0.000000
2.406773	0.003955
2.406907	0.004175
2.408853	0.003955
2.413013	0.000000
2.415227	0.003955
2.421333	0.003757
2.421467	0.003955
2.427573	0.003861
2.427707	0.004065
2.433813	0.003965
2.433947	0.004174
2.438107	0.000000
2.440053	0.004284
2.442267	0.004522
2.444213	0.004284
2.446427	0.004522
2.448373	0.004284
2.448507	0.004522
2.452533	0.004284
2.452667	0.004522
2.454613	0.004393
2.454747	0.004637
2.458773	0.004284
2.458907	0.004522
2.460853	0.004393
2.463067	0.004637
2.465013	0.004284
2.467227	0.004522
2.469173	0.004284
2.471387	0.004522
2.473333	0.004284
2.475547	0.004522
2.477493	0.004284
2.479707	0.004522
2.481653	0.004284
2.481787	0.004522
2.485813	0.004284
2.487893	0.002080
2.488027	0.004393
2.490107	0.000000
2.494133	0.004284
2.494267	0.004522
2.496213	0.004503
2.500373	-0.002080
2.502587	0.004393
2.508693	0.004069
2.510907	0.004284
2.517013	0.004069
2.519227	0.004284
2.525333	0.004069
2.527547	0.004284
2.531707	0.000000
2.533653	0.004503
2.535867	0.004753
2.537813	0.004503
2.540027	0.004753
2.541973	0.004503
2.544187	0.004753
2.546133	0.004503
2.546267	0.004753
2.550293	0.004503
2.550427	0.004753
2.552373	0.004612
2.552507	0.004868
2.556533	0.004503
2.556667	0.004753
2.558613	0.004612
2.560827	0.004868
2.562773	0.004503
2.564987	0.004753
2.566933	0.004503
2.569147	0.004753
2.571093	0.004503
2.573307	0.004753
2.575253	0.004503
2.577467	0.004753
2.579413	0.004503
2.581627	0.004753
2.583573	0.004503
2.587733	0.000000
2.587867	0.004503
2.589947	0.000000
2.593973	0.004612
2.596053	0.000000
2.596187	0.004612
2.602293	0.004381
2.604507	0.004612
2.610613	0.004277
2.612827	0.004503
2.618933	0.004381
2.625307	0.004612
2.629467	0.000000
2.631413	0.004612
2.633627	0.004868
2.635573	0.004831
2.637787	0.005099
2.639733	0.004831
2.641947	0.005099
2.643893	0.004831
2.646107	0.005099
2.648053	0.004831
2.648187	0.005099
2.652213	0.004831
2.652347	0.005099
2.654293	0.004940
2.654427	0.005215
2.658453	0.004831
2.658587	0.005099
2.660533	0.004940
2.662747	0.005215
2.664693	0.004831
2.666907	0.005099
2.668853	0.004831
2.671067	0.005099
2.673013	0.004831
2.675227	0.005099
2.677173	0.004831
2.679387	0.005099
2.681333	0.004831
2.685493	-0.000000
2.687707	0.004831
2.689787	0.000000
2.693813	0.004831
2.695893	0.002080
2.696027	0.004940
2.702133	0.004589
2.702267	0.004831
2.708373	0.004693
2.712667	0.004940
2.718773	0.004693
2.725147	0.004940
2.731253	0.004693
2.733467	0.004940
2.737627	0.000000
2.739573	0.005050
2.741787	0.005330
2.743733	0.005050
2.745947	0.005330
2.747893	0.005050
2.750107	0.005330
2.752053	0.005050
2.754267	0.005330
2.756213	0.005050
2.756347	0.005330
2.760373	0.005050
2.760507	0.005330
2.762453	0.005159
2.762587	0.005446
2.766613	0.005050
2.766747	0.005330
2.768693	0.005159
2.770907	0.005446
2.772853	0.005050
2.775067	0.005330
2.777013	0.005050
2.779227	0.005330
2.781173	0.005050
2.783387	0.005330
2.785333	0.005050
2.789493	0.000000
2.791707	0.005050
2.795867	0.000000
2.797813	0.004940
2.800027	0.005215
2.801973	0.005050
2.806133	-0.000000
2.808347	0.005050
2.814453	0.004797
2.818747	0.005050
2.824853	0.004901
2.831227	0.005159
2.837333	0.004901
2.841627	0.005159
2.845787	0.000000
2.847733	0.005269
2.849947	0.005562
2.851893	0.005378
2.854107	0.005677
2.856053	0.005378
2.858267	0.005677
2.860213	0.005378
2.862427	0.005677
2.864373	0.005378
2.866587	0.005677
2.868533	0.005378
2.868667	0.005677
2.872693	0.005378
2.872827	0.005677
2.874773	0.005488
2.874907	0.005793
2.878933	0.005378
2.879067	0.005677
2.881013	0.005488
2.883227	0.005793
2.885173	0.005378
2.887387	0.005677
2.889333	0.005378
2.891547	0.005677
2.893493	0.005378
2.897653	-0.000000
2.897787	0.005378
2.903893	0.005109
2.904027	0.005378
2.908187	0.000000
2.910133	0.005378
2.914293	0.000000
2.916507	0.005378
2.922613	0.005109
2.928987	0.005378
2.935093	0.005109
2.941467	0.005378
2.947573	0.005109
2.953947	0.005378
2.960053	0.005213
2.960187	0.005488
2.964347	0.000000
2.966293	0.005488
2.968507	0.005793
2.970453	0.005488
2.972667	0.005793
2.974613	0.005488
2.976827	0.005793
2.978773	0.005488
2.980987	0.005793
2.982933	0.005488
2.985147	0.005793
2.987093	0.005488
2.987227	0.005793
2.991253	0.005378
2.991387	0.005677
2.993333	0.005488
2.993467	0.005793
2.997493	0.005378
2.997627	0.005677
2.999573	0.005488
3.001787	0.005793
3.003733	0.005378
3.005947	0.005677
3.007893	0.005378
3.012053	0.000000
3.012187	0.005378
3.018293	0.005109
3.018427	0.005378
3.022587	0.000000
3.024533	0.005269
3.028693	0.002080
3.030907	0.005378
3.037013	0.005005
3.043387	0.005269
3.049493	0.005109
3.055867	0.005378
3.061973	0.005109
3.070427	0.005378
3.076533	0.005109
3.076667	0.005378
3.080827	0.000000
3.082773	0.005378
3.084987	0.005677
3.086933	0.005488
3.089147	0.005793
3.091093	0.005378
3.093307	0.005677
3.095253	0.005378
3.097467	0.005677
3.099413	0.005378
3.099547	0.005677
3.103573	0.005269
3.103707	0.005562
3.105653	0.005269
3.105787	0.005562
3.109813	0.005159
3.109947	0.005446
3.111893	0.005269
3.112027	0.005562
3.116053	0.005159
3.116187	0.005446
3.118133	0.005269
3.120347	0.005562
3.122293	0.005159
3.126453	-0.000000
3.126587	0.005159
3.130747	-0.000000
3.132693	0.004940
3.136853	-0.002080
3.136987	0.004831
3.143093	0.004381
3.143227	0.004612
3.149333	0.004173
3.157787	0.004393
3.163893	0.003653
3.170267	0.003846
3.176373	0.003445
3.184827	0.003627
3.190933	0.003237
3.191067	0.003408
3.197173	0.003237
3.197307	0.003408
3.199387	0.000000
3.203413	0.003298
3.203547	0.003482
3.205493	0.003298
3.207707	0.003482
3.209653	0.003189
3.209787	0.003366
3.211867	0.000000
3.213813	0.003250
3.213947	0.003442
3.215893	0.003250
3.217973	-0.000000
3.218107	0.003250
3.220053	0.003079
3.220187	0.003250
3.224213	0.002970
3.224347	0.003135
3.226293	0.002970
3.226427	0.003135
3.230453	0.002860
3.230587	0.003019
3.232533	0.002860
3.232667	0.003019
3.234747	0.000000
3.236693	0.002904
3.236827	0.003075
3.238773	0.003019
3.238907	0.003197
3.240853	0.003019
3.242933	0.002080
3.243067	0.003135
3.245013	0.002970
3.249173	0.000000
3.251387	0.002970
3.257493	0.002821
3.261787	0.002970
3.267893	0.002821
3.268027	0.002970
3.272187	0.000000
3.274133	0.002751
3.274267	0.002904
3.276347	0.000000
3.278293	0.002904
3.278427	0.003075
3.280373	0.003019
3.280507	0.003197
3.282453	0.003019
3.282587	0.003197
3.284533	0.003019
3.284667	0.003197
3.286613	0.003019
3.286747	0.003197
3.288693	0.003019
3.288827	0.003197
3.290773	0.003019
3.290907	0.003197
3.292853	0.003019
3.292987	0.003197
3.294933	0.003019
3.295067	0.003197
3.297013	0.003019
3.299093	0.000000
3.299227	0.003019
3.301173	0.002860
3.301307	0.003019
3.305333	0.002751
3.305467	0.002904
3.307413	0.002860
3.307547	0.003019
3.311573	0.002751
3.311707	0.002904
3.313653	0.002860
3.317813	-0.002080
3.320027	0.002751
3.326133	0.002613
3.330427	0.002751
3.332507	-0.000000
3.336533	0.002751
3.336667	0.002904
3.338613	0.002751
3.340827	0.002904
3.342773	0.002751
3.342907	0.002904
3.344987	0.000000
3.346933	0.003019
3.347067	0.003197
3.349013	0.003135
3.349147	0.003319
3.351093	0.003135
3.351227	0.003319
3.353173	0.003250
3.353307	0.003442
3.355253	0.003250
3.355387	0.003442
3.357333	0.003250
3.357467	0.003442
3.359413	0.003250
3.359547	0.003442
3.361493	0.003250
3.361627	0.003442
3.363573	0.003250
3.363707	0.003442
3.365653	0.003250
3.367733	0.000000
3.367867	0.003250
3.369813	0.003079
3.369947	0.003250
3.373973	0.002970
3.374107	0.003135
3.376053	0.003079
3.376187	0.003250
3.380213	0.002970
3.382293	0.002080
3.384507	0.003079
3.390613	0.002717
3.394907	0.002860
3.396987	0.000000
3.401013	0.002970
3.401147	0.003135
3.403093	0.002970
3.407253	0.000000
3.407387	0.002970
3.411547	0.000000
3.413493	0.003079
3.413627	0.003250
3.417653	0.003189
3.417787	0.003366
3.419733	0.003298
3.419867	0.003482
3.421947	0.000000
3.423893	0.003366
3.424027	0.003564
3.425973	0.003482
3.426107	0.003686
3.428053	0.003482
3.428187	0.003686
3.430133	0.003597
3.430267	0.003809
3.432213	0.003597
3.432347	0.003809
3.434293	0.003597
3.434427	0.003809
3.436373	0.003597
3.436507	0.003809
3.438453	0.003597
3.440533	0.000000
3.440667	0.003597
3.442613	0.003408
3.442747	0.003597
3.446773	0.003298
3.446907	0.003482
3.448853	0.003408
3.451067	0.003597
3.453013	0.003298
3.457173	0.000000
3.463547	0.003298
3.465627	0.000000
3.469653	0.003298
3.469787	0.003482
3.471733	0.003298
3.475893	0.000000
3.478107	0.003298
3.484213	0.003133
3.484347	0.003298
3.488507	0.000000
3.490453	0.003408
3.490587	0.003597
3.494613	0.003517
3.494747	0.003713
3.496693	0.003627
3.496827	0.003828
3.500853	0.003517
3.500987	0.003713
3.502933	0.003627
3.503067	0.003828
3.505147	0.000000
3.507093	0.003713
3.507227	0.003931
3.509173	0.003828
3.509307	0.004053
3.511253	0.003828
3.511387	0.004053
3.513333	0.003944
3.513467	0.004176
3.515413	0.003944
3.515547	0.004176
3.517493	0.003944
3.519573	0.000000
3.519707	0.003944
3.521653	0.003736
3.521787	0.003944
3.525813	0.003627
3.525947	0.003828
3.527893	0.003736
3.532053	-0.002080
3.538427	0.003627
3.540507	0.000000
3.544533	0.003627
3.544667	0.003828
3.546613	0.003736
3.550773	-0.002080
3.552987	0.003627
3.559093	0.003341
3.561307	0.003517
3.567413	0.003445
3.567547	0.003627
3.571707	-0.000000
3.573653	0.003736
3.573787	0.003944
3.577813	0.003846
3.577947	0.004059
3.579893	0.004065
3.580027	0.004290
3.584053	0.003955
3.584187	0.004175
3.586133	0.004065
3.586267	0.004290
3.590293	0.003955
3.590427	0.004175
3.592373	0.004065
3.592507	0.004290
3.594587	0.000000
3.596533	0.004175
3.596667	0.004420
3.598613	0.004290
3.598747	0.004543
3.600693	0.004290
3.600827	0.004543
3.602773	0.004290
3.604853	0.000000
3.604987	0.004290
3.606933	0.004065
3.607067	0.004290
3.611093	0.003955
3.613173	0.002080
3.619547	0.004065
3.623707	0.000000
3.625653	0.003846
3.625787	0.004059
3.629813	0.003955
3.631893	0.004160
3.632027	0.004174
3.638133	0.003861
3.642427	0.004065
3.648533	0.003757
3.650747	0.003955
3.656853	0.003861
3.656987	0.004065
3.663093	0.003965
3.663227	0.004174
3.665307	0.000000
3.669333	0.004174
3.669467	0.004406
3.671413	0.004284
3.671547	0.004522
3.675573	0.004174
3.675707	0.004406
3.677653	0.004284
3.677787	0.004522
3.681813	0.004174
3.681947	0.004406
3.683893	0.004284
3.684027	0.004522
3.686107	0.000000
3.688053	0.004406
3.688187	0.004665
3.690133	0.004522
3.690267	0.004788
3.692213	0.004522
3.692347	0.004788
3.694293	0.004522
3.696373	0.000000
3.696507	0.004522
3.698453	0.004284
3.702613	-0.002080
3.704827	0.004174
3.710933	0.003965
3.711067	0.004174
3.717173	0.003965
3.717307	0.004174
3.721467	0.000000
3.723413	0.004174
3.727573	0.002080
3.729787	0.004284
3.735893	0.004069
3.740187	0.004284
3.746293	0.003965
3.748507	0.004174
3.754613	0.004069
3.754747	0.004284
3.758907	0.000000
3.760853	0.004393
3.760987	0.004637
3.765013	0.004503
3.765147	0.004753
3.767093	0.004612
3.767227	0.004868
3.771253	0.004503
3.771387	0.004753
3.773333	0.004612
3.773467	0.004868
3.777493	0.004503
3.777627	0.004753
3.779573	0.004612
3.779707	0.004868
3.781787	0.000000
3.783733	0.004753
3.783867	0.005032
3.785813	0.004868
3.785947	0.005155
3.787893	0.004868
3.788027	0.005155
3.789973	0.004868
3.792053	0.000000
3.794133	0.000000
3.796347	0.004612
3.802453	0.004173
3.802587	0.004393
3.808693	0.004277
3.808827	0.004503
3.814933	0.004277
3.815067	0.004503
3.821173	0.004277
3.823387	0.004503
3.829493	0.004277
3.831707	0.004503
3.837813	0.004381
3.842107	0.004612
3.848213	0.004381
3.850427	0.004612
3.856533	0.004485
3.856667	0.004721
3.860827	0.000000
3.862773	0.004721
3.862907	0.004984
3.866933	0.004721
3.867067	0.004984
3.869013	0.004940
3.869147	0.005215
3.873173	0.004831
3.873307	0.005099
3.875253	0.004940
3.875387	0.005215
3.879413	0.004831
3.879547	0.005099
3.881493	0.004940
3.881627	0.005215
3.883707	0.000000
3.885653	0.005099
3.885787	0.005399
3.887733	0.005215
3.887867	0.005522
3.889813	0.005215
3.891893	0.000000
3.892027	0.005215
3.893973	0.004940
3.898133	-0.002080
3.900347	0.004831
3.906453	0.004589
3.906587	0.004831
3.912693	0.004589
3.912827	0.004831
3.918933	0.004589
3.921147	0.004831
3.927253	0.004589
3.931547	0.004831
3.937653	0.004693
3.941947	0.004940
3.948053	0.004693
3.952347	0.004940
3.958453	0.004693
3.958587	0.004940
3.962747	0.000000
3.964693	0.005050
3.968853	0.002080
3.968987	0.005159
3.971067	-0.000000
3.975093	0.005159
3.975227	0.005446
3.977173	0.005269
3.977307	0.005562
3.981333	0.005159
3.981467	0.005446
3.983413	0.005269
3.983547	0.005562
3.987573	0.005159
3.987707	0.005446
3.989653	0.005269
3.989787	0.005562
3.991867	0.000000
3.993813	0.005446
3.993947	0.005766
3.995893	0.005562
3.996027	0.005889
3.997973	0.005562
4.000053	0.000000
4.002133	0.000000
4.004347	0.005269
4.010453	0.004901
4.010587	0.005159
4.016693	0.004901
4.016827	0.005159
4.022933	0.004901
4.025147	0.005159
4.031253	0.004901
4.037627	0.005159
4.043733	0.004901
4.048027	0.005159
4.054133	0.005005
4.058427	0.005269
4.064533	0.005005
4.066747	0.005269
4.072853	0.005005
4.072987	0.005269
4.079093	0.005109
4.079227	0.005378
4.083387	0.000000
4.085333	0.005378
4.085467	0.005677
4.089493	0.005488
4.089627	0.005793
4.091573	0.005488
4.091707	0.005793
4.095733	0.005378
4.095867	0.005677
4.097813	0.005488
4.097947	0.005793
4.101973	0.005378
4.102107	0.005677
4.104053	0.005488
4.104187	0.005793
4.106267	-0.000000
4.108213	0.005677
4.108347	0.006011
4.110293	0.005793
4.112373	0.000000
4.114453	0.000000
4.114587	0.005488
4.120693	0.005109
4.120827	0.005378
4.126933	0.005109
4.127067	0.005378
4.133173	0.005109
4.135387	0.005378
4.141493	0.005109
4.147867	0.005378
4.153973	0.005109
4.160347	0.005378
4.166453	0.005109
4.170747	0.005378
4.176853	0.005109
4.179067	0.005378
4.185173	0.005109
4.187387	0.005378
4.193493	0.005005
4.193627	0.005269
4.199733	0.005109
4.199867	0.005378
4.201947	0.000000
4.204027	0.000000
4.205973	0.005677
4.208053	0.002080
4.208187	0.005793
4.210133	0.005488
4.210267	0.005793
4.214293	0.005378
4.214427	0.005677
4.216373	0.005488
4.216507	0.005793
4.220533	0.005378
4.220667	0.005677
4.222613	0.005488
4.222747	0.005793
4.224827	0.000000
4.226773	0.005677
4.228853	0.002080
4.228987	0.005793
4.230933	0.005488
4.235093	-0.002080
4.235227	0.005378
4.241333	0.005109
4.241467	0.005378
4.247573	0.005109
4.249787	0.005378
4.255893	0.005005
4.262267	0.005269
4.268373	0.004693
4.274747	0.004940
4.280853	0.004589
4.285147	0.004831
4.291253	0.004485
4.293467	0.004721
4.299573	0.004277
4.299707	0.004503
4.305813	0.004173
4.308027	0.004393
4.314133	0.003965
4.314267	0.004174
4.318427	0.000000
4.320373	0.003955
4.320507	0.004175
4.322587	0.000000
4.324533	0.004059
4.326613	0.000000
4.326747	0.004059
4.328693	0.003846
4.328827	0.004059
4.332853	0.003736
4.332987	0.003944
4.334933	0.003846
4.335067	0.004059
4.339093	0.003736
4.339227	0.003944
4.341173	0.003846
4.341307	0.004059
4.343387	-0.000000
4.345333	0.003944
4.347413	0.002080
4.349493	0.000000
4.349627	0.003846
4.355733	0.003445
4.355867	0.003627
4.361973	0.003341
4.362107	0.003517
4.368213	0.003445
4.368347	0.003627
4.374453	0.003445
4.378747	0.003627
4.384853	0.003653
4.387067	0.003846
4.391227	0.000000
4.393173	0.003736
4.395387	0.003944
4.397333	0.003846
4.399547	0.004059
4.401493	0.003955
4.401627	0.004175
4.403707	0.000000
4.405653	0.004059
4.405787	0.004298
4.407733	0.004175
4.407867	0.004420
4.409813	0.004175
4.409947	0.004420
4.411893	0.004290
4.413973	0.000000
4.414107	0.004290
4.416053	0.004065
4.416187	0.004290
4.420213	0.003955
4.420347	0.004175
4.422293	0.004065
4.422427	0.004290
4.426453	0.003955
4.426587	0.004175
4.428533	0.004065
4.428667	0.004290
4.430747	0.000000
4.432693	0.004175
4.434773	0.002080
4.434907	0.004290
4.436853	0.004065
4.441013	-0.002080
4.443227	0.003955
4.449333	0.003653
4.449467	0.003846
4.455573	0.003653
4.464027	0.003846
4.470133	0.003341
4.470267	0.003517
4.476373	0.003341
4.476507	0.003517
4.482613	0.003237
4.482747	0.003408
4.484827	0.000000
4.488853	0.003298
4.488987	0.003482
4.490933	0.003408
4.491067	0.003597
4.495093	0.003298
4.495227	0.003482
4.497173	0.003408
4.497307	0.003597
4.499387	0.000000
4.501333	0.003482
4.501467	0.003686
4.503413	0.003597
4.505493	0.000000
4.505627	0.003597
4.507573	0.003517
4.507707	0.003713
4.511733	0.003408
4.511867	0.003597
4.513813	0.003517
4.513947	0.003713
4.517973	0.003408
4.518107	0.003597
4.520053	0.003517
4.520187	0.003713
4.522267	0.000000
4.524213	0.003597
4.526293	0.002080
4.528373	0.000000
4.528507	0.003517
4.534613	0.003237
4.534747	0.003408
4.540853	0.003029
4.543067	0.003189
4.549173	0.002925
4.549307	0.003079
4.553467	0.000000
4.555413	0.003079
4.557627	0.003250
4.559573	0.003079
4.561787	0.003250
4.563733	0.003189
4.563867	0.003366
4.567893	0.003189
4.568027	0.003366
4.569973	0.003189
4.570107	0.003366
4.574133	0.003189
4.574267	0.003366
4.576213	0.003298
4.576347	0.003482
4.580373	0.003298
4.580507	0.003482
4.582453	0.003298
4.582587	0.003482
4.586613	0.003298
4.586747	0.003482
4.588693	0.003408
4.588827	0.003597
4.592853	0.003298
4.592987	0.003482
4.594933	0.003408
4.595067	0.003597
4.599093	0.003408
4.599227	0.003597
4.601173	0.003408
4.601307	0.003597
4.605333	0.003517
4.605467	0.003713
4.607413	0.003627
4.607547	0.003828
4.611573	0.003517
4.613653	0.002080
4.613787	0.003627
4.619893	0.003341
4.620027	0.003517
4.624187	0.000000
4.626133	0.003408
4.630293	0.000000
4.630427	0.003408
4.634587	0.000000
4.636533	0.003408
4.636667	0.003597
4.640693	0.003517
4.640827	0.003713
4.642773	0.003627
4.644987	0.003828
4.646933	0.003627
4.649147	0.003828
4.651093	0.003627
4.651227	0.003828
4.655253	0.003627
4.655387	0.003828
4.657333	0.003736
4.659547	0.003944
4.661493	0.003627
4.661627	0.003828
4.665653	0.003627
4.665787	0.003828
4.667733	0.003736
4.669947	0.003944
4.671893	0.003627
4.672027	0.003828
4.676053	0.003627
4.678133	0.002080
4.678267	0.003736
4.682427	0.000000
4.684373	0.003627
4.684507	0.003828
4.688533	0.003736
4.688667	0.003944
4.690613	0.003955
4.692827	0.004175
4.694773	0.003846
4.696987	0.004059
4.698933	0.003846
4.701147	0.004059
4.703093	0.003846
4.707253	0.000000
4.707387	0.003846
4.713493	0.003653
4.713627	0.003846
4.717787	0.000000
4.719733	0.003846
4.721947	0.004059
4.723893	0.003955
4.726107	0.004175
4.728053	0.003955
4.730267	0.004175
4.732213	0.004065
4.734427	0.004290
4.736373	0.004065
4.736507	0.004290
4.740533	0.004065
4.740667	0.004290
4.742613	0.004174
4.744827	0.004406
4.746773	0.004065
4.746907	0.004290
4.750933	0.004065
4.751067	0.004290
4.753013	0.004174
4.755227	0.004406
4.757173	0.004065
4.759387	0.004290
4.761333	0.004065
4.765493	-0.000000
4.765627	0.004065
4.771733	0.003861
4.771867	0.004065
4.773947	0.000000
4.777973	0.004174
4.778107	0.004406
4.780053	0.004284
4.782267	0.004522
4.784213	0.004174
4.786427	0.004406
4.788373	0.004174
4.792533	0.000000
4.792667	0.004174
4.798773	0.003965
4.798907	0.004174
4.805013	0.003861
4.805147	0.004065
4.809307	0.000000
4.811253	0.004174
4.815413	-0.000000
4.815547	0.004174
4.819707	-0.000000
4.821653	0.004174
4.823867	0.004406
4.825813	0.004174
4.828027	0.004406
4.829973	0.004174
4.830107	0.004406
4.834133	0.004174
4.834267	0.004406
4.836213	0.004284
4.838427	0.004522
4.840373	0.004174
4.840507	0.004406
4.844533	0.004174
4.844667	0.004406
4.846613	0.004284
4.848827	0.004522
4.850773	0.004174
4.854933	0.000000
4.855067	0.004174
4.861173	0.003965
4.863387	0.004174
4.867547	0.000000
4.869493	0.004174
4.869627	0.004406
4.873653	0.004284
4.873787	0.004522
4.875733	0.004393
4.877947	0.004637
4.879893	0.004393
4.884053	0.000000
4.884187	0.004393
4.888347	0.000000
4.890293	0.004393
4.894453	0.000000
4.896667	0.004393
4.900827	0.000000
4.902773	0.004393
4.906933	0.002080
4.907067	0.004503
4.911227	0.000000
4.913173	0.004393
4.915387	0.004637
4.917333	0.004503
4.919547	0.004753
4.921493	0.004503
4.923707	0.004753
4.925653	0.004503
4.925787	0.004753
4.929813	0.004503
4.929947	0.004753
4.931893	0.004612
4.934107	0.004868
4.936053	0.004503
4.936187	0.004753
4.940213	0.004503
4.940347	0.004753
4.942293	0.004612
4.946453	-0.002080
4.946587	0.004503
4.952693	0.004277
4.954907	0.004503
4.961013	0.004277
4.961147	0.004503
4.965307	0.000000
4.967253	0.004503
4.969467	0.004753
4.971413	0.004612
4.973627	0.004868
4.975573	0.004612
4.979733	-0.000000
4.979867	0.004612
4.984027	-0.000000
4.985973	0.004612
4.990133	0.000000
4.992347	0.004612
4.998453	0.004277
4.998587	0.004503
5.002747	0.000000
5.004693	0.004503
5.008853	0.002080
5.008987	0.004612
5.013147	0.000000
5.015093	0.004612
5.017307	0.004868
5.019253	0.004721
5.021467	0.004984
5.023413	0.004721
5.025627	0.004984
5.027573	0.004721
5.027707	0.004984
5.031733	0.004721
5.031867	0.004984
5.033813	0.004831
5.036027	0.005099
5.037973	0.004721
5.038107	0.004984
5.042133	0.004721
5.044213	0.002080
5.044347	0.004831
5.050453	0.004485
5.052667	0.004721
5.058773	0.004381
5.058907	0.004612
5.065013	0.004381
5.065147	0.004612
5.069307	0.000000
5.071253	0.004721
5.073467	0.004984
5.075413	0.004721
5.079573	0.000000
5.079707	0.004721
5.083867	0.000000
5.085813	0.004831
5.089973	0.000000
5.090107	0.004831
5.096213	0.004485
5.096347	0.004721
5.102453	0.004589
5.102587	0.004831
5.108693	0.004485
5.108827	0.004721
5.114933	0.004589
5.115067	0.004831
5.119227	0.000000
5.121173	0.004831
5.123387	0.005099
5.125333	0.004831
5.127547	0.005099
5.129493	0.004831
5.131707	0.005099
5.133653	0.004940
5.133787	0.005215
5.137813	0.004940
5.137947	0.005215
5.139893	0.005050
5.142107	0.005330
5.144053	0.004940
5.146267	0.005215
5.148213	0.004940
5.152373	0.000000
5.152507	0.004940
5.158613	0.004693
5.158747	0.004940
5.164853	0.004693
5.167067	0.004940
5.171227	0.000000
5.173173	0.004940
5.175387	0.005215
5.177333	0.004940
5.181493	0.000000
5.183707	0.004940
5.187867	0.000000
5.189813	0.004940
5.192027	0.005215
5.193973	0.005050
5.198133	0.000000
5.200347	0.005050
5.204507	0.000000
5.206453	0.004940
5.210613	0.002080
5.212827	0.005050
5.218933	0.004797
5.219067	0.005050
5.223227	0.000000
5.225173	0.004940
5.227387	0.005215
5.229333	0.005050
5.233493	-0.000000
5.233627	0.005050
5.237787	0.000000
5.239733	0.005050
5.241947	0.005330
5.243893	0.005159
5.244027	0.005446
5.248053	0.005159
5.248187	0.005446
5.250133	0.005269
5.252347	0.005562
5.254293	0.005159
5.258453	0.000000
5.258587	0.005159
5.264693	0.004901
5.264827	0.005159
5.270933	0.004797
5.273147	0.005050
5.277307	0.000000
5.279253	0.005050
5.281467	0.005330
5.283413	0.005159
5.287573	0.000000
5.289787	0.005159
5.295893	0.004797
5.296027	0.005050
5.300187	-0.000000
5.302133	0.005159
5.306293	0.002080
5.306427	0.005269
5.312533	0.005005
5.312667	0.005269
5.318773	0.005005
5.320987	0.005269
5.325147	0.000000
5.327093	0.005159
5.331253	0.002080
5.331387	0.005269
5.335547	0.000000
5.337493	0.005269
5.341653	0.000000
5.341787	0.005269
5.347893	0.005005
5.348027	0.005269
5.352187	0.000000
5.354133	0.005269
5.356347	0.005562
5.358293	0.005269
5.358427	0.005562
5.362453	0.005378
5.362587	0.005677
5.364533	0.005488
5.368693	-0.002080
5.368827	0.005378
5.372987	-0.000000
5.374933	0.005378
5.379093	0.000000
5.381307	0.005378
5.387413	0.005109
5.387547	0.005378
5.391707	0.000000
5.393653	0.005269
5.397813	0.002080
5.397947	0.005378
5.404053	0.005109
5.406267	0.005378
5.412373	0.005109
5.412507	0.005378
5.418613	0.005109
5.418747	0.005378
5.424853	0.005109
5.424987	0.005378
5.431093	0.005005
5.431227	0.005269
5.437333	0.005109
5.437467	0.005378
5.443573	0.005005
5.443707	0.005269
5.447867	0.000000
5.449813	0.005378
5.453973	0.000000
5.454107	0.005378
5.460213	0.005109
5.460347	0.005378
5.464507	0.000000
5.466453	0.005269
5.470613	0.002080
5.470747	0.005378
5.474907	0.000000
5.476853	0.005378
5.476987	0.005677
5.481013	0.005488
5.483093	0.000000
5.483227	0.005488
5.487387	0.000000
5.489333	0.005378
5.493493	0.000000
5.495707	0.005378
5.499867	0.000000
5.501813	0.005269
5.505973	0.002080
5.506107	0.005378
5.512213	0.005109
5.512347	0.005378
5.518453	0.005109
5.520667	0.005378
5.526773	0.005005
5.526907	0.005269
5.533013	0.005109
5.533147	0.005378
5.537307	-0.000000
5.539253	0.005378
5.543413	0.000000
5.545627	0.005378
5.549787	0.000000
5.551733	0.005378
5.555893	-0.000000
5.558107	0.005378
5.562267	0.000000
5.564213	0.005378
5.568373	-0.000000
5.568507	0.005378
5.572667	0.000000
5.574613	0.005378
5.578773	0.000000
5.578907	0.005378
5.585013	0.005109
5.585147	0.005378
5.591253	0.005109
5.591387	0.005378
5.593467	0.000000
5.597493	0.005378
5.597627	0.005677
5.599573	0.005488
5.601787	0.005793
5.603733	0.005488
5.607893	-0.002080
5.608027	0.005378
5.614133	0.005005
5.614267	0.005269
5.620373	0.004901
5.620507	0.005159
5.626613	0.004797
5.626747	0.005050
5.632853	0.004693
5.632987	0.004940
5.639093	0.004589
5.641307	0.004831
5.647413	0.004485
5.647547	0.004721
5.651707	0.000000
5.653653	0.004503
5.657813	-0.002080
5.660027	0.004393
5.664187	0.000000
5.666133	0.004065
5.670293	0.000000
5.672507	0.004065
5.676667	0.000000
5.678613	0.003736
5.682773	0.000000
5.682907	0.003736
5.687067	0.000000
5.689013	0.003736
5.693173	-0.002080
5.693307	0.003627
5.699413	0.003445
5.699547	0.003627
5.705653	0.003341
5.705787	0.003517
5.709947	0.000000
5.711893	0.003517
5.714107	0.003713
5.716053	0.003408
5.716187	0.003597
5.720213	0.003408
5.720347	0.003597
5.722293	0.003517
5.724507	0.003713
5.726453	0.003517
5.728667	0.003713
5.730613	0.003517
5.732827	0.003713
5.734773	0.003517
5.736987	0.003713
5.738933	0.003517
5.743093	0.002080
5.743227	0.003627
5.745307	0.000000
5.747387	0.000000
5.749333	0.004059
5.749467	0.004298
5.751413	0.004059
5.753493	0.004160
5.753627	0.004290
5.755573	0.004065
5.755707	0.004290
5.759733	0.004065
5.759867	0.004290
5.761813	0.004284
5.765973	0.000000
5.766107	0.004284
5.768187	0.000000
5.772213	0.004284
5.774293	-0.000000
5.774427	0.004284
5.778587	0.000000
5.780533	0.004284
5.784693	0.000000
5.784827	0.004284
5.786907	0.000000
5.790933	0.004174
5.791067	0.004406
5.793013	0.004284
5.795227	0.004522
5.797173	0.004284
5.799387	0.004522
5.801333	0.004284
5.803547	0.004522
5.805493	0.004284
5.807707	0.004522
5.809653	0.004284
5.811867	0.004522
5.813813	0.004393
5.817973	-0.000000
5.818107	0.004393
5.824213	0.004173
5.828507	0.004393
5.830587	0.000000
5.834613	0.004393
5.836693	0.002080
5.836827	0.004503
5.838907	0.000000
5.842933	0.004503
5.843067	0.004753
5.845013	0.004612
5.849173	-0.002080
5.849307	0.004503
5.853467	-0.000000
5.855413	0.004503
5.859573	0.000000
5.859707	0.004503
5.861787	0.000000
5.865813	0.004612
5.867893	0.000000
5.868027	0.004612
5.872187	0.000000
5.874133	0.004612
5.876347	0.004868
5.878293	0.004612
5.880507	0.004868
5.882453	0.004612
5.884667	0.004868
5.886613	0.004612
5.888827	0.004868
5.890773	0.004612
5.892987	0.004868
5.894933	0.004612
5.897147	0.004868
5.899093	0.004612
5.903253	-0.000000
5.903387	0.004612
5.907547	0.000000
5.909493	0.004612
5.913653	0.000000
5.913787	0.004612
5.919893	0.004381
5.924187	0.004612
5.928347	0.000000
5.930293	0.004612
5.934453	-0.000000
5.934587	0.004612
5.938747	0.000000
5.940693	0.004612
5.940827	0.004868
5.944853	0.004721
5.946933	0.000000
5.947067	0.004721
5.951227	0.000000
5.953173	0.004721
5.957333	-0.000000
5.959547	0.004721
5.961627	0.000000
5.965653	0.004721
5.967733	0.004160
5.967867	0.004940
5.972027	0.000000
5.973973	0.004940
5.976187	0.005215
5.978133	0.004940
5.980347	0.005215
5.982293	0.004940
5.984507	0.005215
5.986453	0.004940
5.988667	0.005215
5.990613	0.004940
5.992827	0.005215
5.994773	0.004940
5.996987	0.005215
5.998933	0.004940
6.003093	0.000000
6.003227	0.004940
6.007387	0.000000
6.009333	0.004831
6.013493	0.002080
6.013627	0.004940
6.019733	0.004693
6.024027	0.004940
6.028187	0.000000
6.030133	0.004831
6.034293	0.002080
6.034427	0.004940
6.040533	0.004693
6.040667	0.004940
6.042747	0.000000
6.046773	0.004940
6.048853	0.002080
6.048987	0.005050
6.053147	0.000000
6.055093	0.004940
6.059253	0.002080
6.061467	0.005050
6.067573	0.004693
6.067707	0.004940
6.073813	0.004901
6.073947	0.005159
6.078107	0.000000
6.080053	0.005159
6.082267	0.005446
6.084213	0.005159
6.086427	0.005446
6.088373	0.005159
6.090587	0.005446
6.092533	0.005159
6.094747	0.005446
6.096693	0.005159
6.098907	0.005446
6.100853	0.005159
6.103067	0.005446
6.105013	0.005159
6.107227	0.005446
6.109173	0.005159
6.113333	0.000000
6.113467	0.005159
6.119573	0.004901
6.119707	0.005159
6.125813	0.005005
6.128027	0.005269
6.134133	0.004901
6.134267	0.005159
6.140373	0.004901
6.140507	0.005159
6.146613	0.005005
6.146747	0.005269
6.150907	0.000000
6.152853	0.005269
6.155067	0.005562
6.157013	0.005269
6.161173	0.000000
6.161307	0.005269
6.167413	0.005005
6.167547	0.005269
6.173653	0.005109
6.177947	0.005378
6.184053	0.005109
6.184187	0.005378
6.188347	0.000000
6.190293	0.005378
6.192507	0.005677
6.194453	0.005488
6.196667	0.005793
6.198613	0.005488
6.200827	0.005793
6.202773	0.005488
6.204987	0.005793
6.206933	0.005488
6.209147	0.005793
6.211093	0.005488
6.213307	0.005793
6.215253	0.005488
6.217467	0.005793
6.219413	0.005488
6.223573	0.000000
6.223707	0.005488
6.229813	0.005109
6.232027	0.005378
6.238133	0.005109
6.238267	0.005378
6.244373	0.005109
6.244507	0.005378
6.250613	0.005109
6.252827	0.005378
6.258933	0.005109
6.259067	0.005378
6.263227	0.000000
6.265173	0.005488
6.267387	0.005793
6.269333	0.005488
6.273493	-0.002080
6.273627	0.005378
6.279733	0.005109
6.281947	0.005378
6.288053	0.005109
6.292347	0.005378
6.298453	0.005213
6.298587	0.005488
6.304693	0.005213
6.304827	0.005488
6.308987	0.000000
6.310933	0.005378
6.313147	0.005677
6.315093	0.005378
6.317307	0.005677
6.319253	0.005378
6.321467	0.005677
6.323413	0.005378
6.325627	0.005677
6.327573	0.005378
6.329787	0.005677
6.331733	0.005378
6.333947	0.005677
6.335893	0.005378
6.338107	0.005677
6.340053	0.005378
6.344213	0.000000
6.346427	0.005378
6.352533	0.005005
6.352667	0.005269
6.358773	0.005213
6.358907	0.005488
6.365013	0.005109
6.367227	0.005378
6.373333	0.005005
6.375547	0.005269
6.379707	0.000000
6.381653	0.005269
6.381787	0.005562
6.385813	0.005378
6.387893	0.002080
6.388027	0.005488
6.394133	0.005109
6.396347	0.005378
6.402453	0.005109
6.408827	0.005378
6.414933	0.005109
6.415067	0.005378
6.419227	0.000000
6.421173	0.005378
6.423387	0.005677
6.425333	0.005269
6.427547	0.005562
6.429493	0.005159
6.431707	0.005446
6.433653	0.005050
6.435867	0.005330
6.437813	0.004940
6.440027	0.005215
6.441973	0.004831
6.444187	0.005099
6.446133	0.004721
6.448347	0.004984
6.450293	0.004612
6.452507	0.004868
6.454453	0.004503
6.458613	-0.002080
6.458747	0.004393
6.464853	0.004069
6.469147	0.004284
6.473307	0.000000
6.475253	0.003846
6.479413	-0.002080
6.479547	0.003736
6.485653	0.003341
6.487867	0.003517
6.493973	0.003237
6.494107	0.003408
6.498267	0.000000
6.500213	0.003408
6.502427	0.003597
6.504373	0.003408
6.508533	-0.002080
6.510747	0.003298
6.516853	0.002925
6.523227	0.003079
6.529333	0.002405
6.529467	0.002532
6.531547	0.000000
6.533627	0.000000
6.535573	0.002557
6.535707	0.002708
6.537653	0.002557
6.537787	0.002708
6.539733	0.002557
6.539867	0.002708
6.541813	0.002557
6.541947	0.002708
6.543893	0.002557
6.544027	0.002708
6.545973	0.002557
6.546107	0.002708
6.548053	0.002557
6.548187	0.002708
6.550133	0.002557
6.552213	-0.000000
6.552347	0.002557
6.554293	0.002423
6.554427	0.002557
6.556507	-0.000000
6.558453	0.002442
6.558587	0.002585
6.560533	0.002442
6.562613	0.000000
6.564693	0.000000
6.564827	0.002313
6.570933	0.001989
6.571067	0.002094
6.575227	0.000000
6.577173	0.001985
6.577307	0.002095
6.581333	0.001875
6.581467	0.001979
6.583413	0.001985
6.583547	0.002095
6.587573	0.001875
6.587707	0.001979
6.589653	0.001875
6.589787	0.001979
6.591867	0.000000
6.593813	0.001864
6.593947	0.001973
6.595893	0.001864
6.596027	0.001973
6.597973	0.001864
6.598107	0.001973
6.600053	0.001864
6.600187	0.001973
6.602133	0.001864
6.602267	0.001973
6.604213	0.001864
6.604347	0.001973
6.606293	0.001864
6.606427	0.001973
6.608373	0.001864
6.608507	0.001973
6.610453	0.001864
6.610587	0.001973
6.612533	0.001864
6.612667	0.001973
6.614613	0.001864
6.614747	0.001973
6.616693	0.001979
6.616827	0.002096
6.618773	0.001979
6.620853	0.000000
6.620987	0.001979
6.622933	0.001875
6.623067	0.001979
6.627093	0.001766
6.627227	0.001864
6.629173	0.001766
6.629307	0.001864
6.631387	0.000000
6.633333	0.001748
6.633467	0.001851
6.635413	0.001748
6.635547	0.001851
6.637493	0.001748
6.637627	0.001851
6.639573	0.001748
6.639707	0.001851
6.641653	0.001748
6.641787	0.001851
6.643733	0.001748
6.643867	0.001851
6.645813	0.001748
6.645947	0.001851
6.647893	0.001748
6.648027	0.001851
6.649973	0.001748
6.650107	0.001851
6.652053	0.001748
6.652187	0.001851
6.654133	0.001748
6.654267	0.001851
6.656213	0.001748
6.658293	0.000000
6.658427	0.001748
6.660373	0.001656
6.660507	0.001748
6.662587	0.000000
6.664533	0.001633
6.664667	0.001729
6.666613	0.001748
6.666747	0.001851
6.668693	0.001748
6.668827	0.001851
6.670773	0.001864
6.670907	0.001973
6.672853	0.001864
6.672987	0.001973
6.674933	0.001864
6.675067	0.001973
6.677013	0.001864
6.677147	0.001973
6.679093	0.001864
6.679227	0.001973
6.681173	0.001864
6.681307	0.001973
6.683253	0.001864
6.683387	0.001973
6.685333	0.001864
6.685467	0.001973
6.687413	0.001864
6.687547	0.001973
6.689493	0.001864
6.689627	0.001973
6.691573	0.001864
6.691707	0.001973
6.693653	0.001864
6.693787	0.001973
6.695733	0.001864
6.695867	0.001973
6.697813	0.001864
6.697947	0.001973
6.699893	0.001864
6.700027	0.001973
6.701973	0.001864
6.704053	-0.000000
6.704187	0.001864
6.706133	0.001766
6.706267	0.001864
6.710293	0.001656
6.710427	0.001748
6.712373	0.001766
6.712507	0.001864
6.714587	-0.000000
6.716533	0.001864
6.716667	0.001973
6.718613	0.001864
6.718747	0.001973
6.720693	0.001979
6.720827	0.002096
6.722773	0.001979
6.722907	0.002096
6.724853	0.001979
6.724987	0.002096
6.726933	0.001979
6.727067	0.002096
6.729013	0.001979
6.729147	0.002096
6.731093	0.001979
6.731227	0.002096
6.733173	0.001979
6.733307	0.002096
6.735253	0.001979
6.735387	0.002096
6.737333	0.002095
6.737467	0.002218
6.739413	0.002095
6.739547	0.002218
6.741493	0.002095
6.741627	0.002218
6.743573	0.002095
6.743707	0.002218
6.745653	0.002095
6.745787	0.002218
6.747733	0.002095
6.747867	0.002218
6.749813	0.002095
6.751893	0.000000
6.752027	0.002095
6.753973	0.001985
6.756187	0.002095
6.758133	0.001875
6.758267	0.001979
6.762293	0.001875
6.762427	0.001979
6.764373	0.001985
6.764507	0.002095
6.766587	0.000000
6.768533	0.001979
6.768667	0.002096
6.770613	0.002095
6.770747	0.002218
6.772693	0.002095
6.772827	0.002218
6.774773	0.002210
6.774907	0.002340
6.776853	0.002210
6.776987	0.002340
6.778933	0.002210
6.781013	0.000000
6.781147	0.002210
6.783093	0.002094
6.783227	0.002210
6.785307	0.000000
6.787253	0.002095
6.787387	0.002218
6.789333	0.002326
6.789467	0.002463
6.791413	0.002326
6.791547	0.002463
6.793493	0.002442
6.793627	0.002585
6.795573	0.002442
6.795707	0.002585
6.797653	0.002442
6.797787	0.002585
6.799733	0.002442
6.799867	0.002585
6.801813	0.002442
6.803893	-0.000000
6.804027	0.002442
6.805973	0.002313
6.808187	0.002442
6.810133	0.002204
6.810267	0.002326
6.814293	0.002204
6.814427	0.002326
6.816373	0.002313
6.816507	0.002442
6.820533	0.002204
6.820667	0.002326
6.822613	0.002313
6.822747	0.002442
6.824827	0.000000
6.826773	0.002326
6.826907	0.002463
6.828853	0.002442
6.828987	0.002585
6.830933	0.002442
6.831067	0.002585
6.833013	0.002557
6.835093	0.000000
6.837173	-0.000000
6.837307	0.002423
6.839387	0.000000
6.843413	0.002313
6.843547	0.002442
6.845493	0.002423
6.845627	0.002557
6.847707	0.000000
6.849653	0.002673
6.849787	0.002830
6.851733	0.002788
6.851867	0.002952
6.853813	0.002788
6.853947	0.002952
6.855893	0.002904
6.856027	0.003075
6.857973	0.002904
6.858107	0.003075
6.860053	0.002904
6.862133	-0.000000
6.862267	0.002904
6.864213	0.002751
6.866427	0.002904
6.868373	0.002641
6.868507	0.002788
6.872533	0.002641
6.872667	0.002788
6.874613	0.002751
6.874747	0.002904
6.878773	0.002641
6.878907	0.002788
6.880853	0.002751
6.880987	0.002904
6.885013	0.002641
6.885147	0.002788
6.887093	0.002751
6.887227	0.002904
6.889307	0.000000
6.891253	0.002788
6.893333	0.002080
6.893467	0.002904
6.895413	0.002751
6.897627	0.002904
6.899573	0.002641
6.903733	0.000000
6.903867	0.002641
6.908027	0.000000
6.909973	0.002641
6.910107	0.002788
6.914133	0.002641
6.914267	0.002788
6.916213	0.002751
6.916347	0.002904
6.918427	0.000000
6.920373	0.002788
6.920507	0.002952
6.922453	0.002904
6.922587	0.003075
6.924533	0.002904
6.924667	0.003075
6.926613	0.002904
6.928693	-0.000000
6.928827	0.002904
6.930773	0.002751
6.932987	0.002904
6.934933	0.002641
6.935067	0.002788
6.939093	0.002641
6.939227	0.002788
6.941173	0.002751
6.941307	0.002904
6.945333	0.002751
6.945467	0.002904
6.947413	0.002751
6.947547	0.002904
6.951573	0.002751
6.951707	0.002904
6.953653	0.002860
6.953787	0.003019
6.955867	0.000000
6.957813	0.002904
6.959893	0.002080
6.960027	0.003019
6.961973	0.002860
6.966133	-0.002080
6.966267	0.002751
6.970427	0.000000
6.972373	0.002860
6.974587	0.003019
6.976533	0.002970
6.976667	0.003135
6.980693	0.002970
6.980827	0.003135
6.982773	0.003079
6.982907	0.003250
6.984987	0.000000
6.986933	0.003135
6.987067	0.003319
6.989013	0.003250
6.989147	0.003442
6.991093	0.003250
6.991227	0.003442
6.993173	0.003250
6.995253	-0.000000
6.995387	0.003250
6.997333	0.003079
6.999547	0.003250
7.001493	0.002970
7.003707	0.003135
7.005653	0.002970
7.005787	0.003135
7.009813	0.002970
7.009947	0.003135
7.011893	0.003079
7.014107	0.003250
7.016053	0.003079
7.016187	0.003250
7.020213	0.003079
7.020347	0.003250
7.022293	0.003079
7.022427	0.003250
7.024507	0.000000
7.026453	0.003250
7.028533	0.002080
7.030613	0.000000
7.032827	0.003189
7.038933	0.002821
7.039067	0.002970
7.043227	0.000000
7.045173	0.003079
7.047387	0.003250
7.049333	0.003189
7.049467	0.003366
7.053493	0.003189
7.053627	0.003366
7.055573	0.003408
7.055707	0.003597
7.057787	0.000000
7.059733	0.003482
7.059867	0.003686
7.061813	0.003597
7.061947	0.003809
7.063893	0.003597
7.064027	0.003809
7.065973	0.003597
7.068053	-0.000000
7.068187	0.003597
7.070133	0.003408
7.072347	0.003597
7.074293	0.003298
7.076507	0.003482
7.078453	0.003298
7.080667	0.003482
7.082613	0.003298
7.084827	0.003482
7.086773	0.003298
7.086907	0.003482
7.090933	0.003298
7.091067	0.003482
7.093013	0.003408
7.095227	0.003597
7.097173	0.003408
7.097307	0.003597
7.101333	0.003408
7.101467	0.003597
7.103413	0.003408
7.107573	-0.000000
7.109787	0.003408
7.115893	0.003237
7.116027	0.003408
7.120187	0.000000
7.122133	0.003408
7.126293	0.000000
7.126427	0.003408
7.128507	0.000000
7.132533	0.003517
7.132667	0.003713
7.134613	0.003627
7.134747	0.003828
7.136827	0.000000
7.138773	0.003828
7.138907	0.004053
7.140853	0.003944
7.140987	0.004176
7.142933	0.003944
7.143067	0.004176
7.145013	0.003944
7.147093	-0.000000
7.147227	0.003944
7.149173	0.003736
7.151387	0.003944
7.153333	0.003627
7.155547	0.003828
7.157493	0.003627
7.159707	0.003828
7.161653	0.003627
7.163867	0.003828
7.165813	0.003627
7.168027	0.003828
7.169973	0.003627
7.172187	0.003828
7.174133	0.003627
7.174267	0.003828
7.178293	0.003627
7.178427	0.003828
7.180373	0.003736
7.184533	0.000000
7.186747	0.003736
7.192853	0.003445
7.192987	0.003627
7.197147	-0.000000
7.199093	0.003736
7.203253	0.000000
7.205467	0.003736
7.209627	0.000000
7.211573	0.003736
7.213787	0.003944
7.215733	0.003846
7.217947	0.004059
7.219893	0.003846
7.220027	0.004059
7.222107	0.000000
7.224053	0.004059
7.224187	0.004298
7.226133	0.004290
7.226267	0.004543
7.228213	0.004290
7.228347	0.004543
7.230293	0.004290
7.232373	-0.000000
7.232507	0.004290
7.234453	0.004065
7.236667	0.004290
7.238613	0.003955
7.240827	0.004175
7.242773	0.003955
7.244987	0.004175
7.246933	0.003955
7.249147	0.004175
7.251093	0.003955
7.253307	0.004175
7.255253	0.003955
7.257467	0.004175
7.259413	0.003955
7.261627	0.004175
7.263573	0.003955
7.267733	0.000000
7.267867	0.003955
7.273973	0.003757
7.276187	0.003955
7.280347	0.000000
7.282293	0.004065
7.286453	0.000000
7.288667	0.004065
7.294773	0.003757
7.294907	0.003955
7.299067	0.000000
7.301013	0.004065
7.303227	0.004290
7.305173	0.004065
7.309333	0.000000
7.309467	0.004065
7.311547	0.000000
7.313627	0.000000
7.315573	0.004406
7.315707	0.004665
7.317653	0.004522
7.317787	0.004788
7.319733	0.004637
7.319867	0.004910
7.321813	0.004637
7.323893	-0.000000
7.324027	0.004637
7.325973	0.004393
7.328187	0.004637
7.330133	0.004284
7.332347	0.004522
7.334293	0.004284
7.336507	0.004522
7.338453	0.004284
7.340667	0.004522
7.342613	0.004284
7.344827	0.004522
7.346773	0.004284
7.348987	0.004522
7.350933	0.004284
7.355093	0.000000
7.355227	0.004284
7.361333	0.004069
7.365627	0.004284
7.369787	0.000000
7.371733	0.004284
7.375893	0.002080
7.376027	0.004393
7.382133	0.004173
7.384347	0.004393
7.388507	0.000000
7.390453	0.004393
7.392667	0.004637
7.394613	0.004393
7.398773	-0.000000
7.400987	0.004393
7.405147	0.000000
7.407093	0.004393
7.409307	0.004637
7.411253	0.004503
7.411387	0.004753
7.413467	0.000000
7.415413	0.004753
7.415547	0.005032
7.417493	0.004868
7.417627	0.005155
7.419573	0.004868
7.421653	-0.000000
7.421787	0.004868
7.423733	0.004612
7.425947	0.004868
7.427893	0.004503
7.430107	0.004753
7.432053	0.004503
7.434267	0.004753
7.436213	0.004503
7.438427	0.004753
7.440373	0.004503
7.442587	0.004753
7.444533	0.004503
7.448693	0.000000
7.448827	0.004503
7.454933	0.004277
7.459227	0.004503
7.465333	0.004173
7.465467	0.004393
7.471573	0.004277
7.471707	0.004503
7.477813	0.004485
7.480027	0.004721
7.484187	0.000000
7.486133	0.004612
7.488347	0.004868
7.490293	0.004721
7.494453	0.000000
7.496667	0.004721
7.502773	0.004381
7.502907	0.004612
7.507067	0.000000
7.509013	0.004721
7.511227	0.004984
7.513173	0.004831
7.513307	0.005099
7.515387	0.000000
7.517333	0.005099
7.517467	0.005399
7.519413	0.005215
7.519547	0.005522
7.521493	0.005215
7.523573	0.000000
7.523707	0.005215
7.525653	0.004940
7.527867	0.005215
7.529813	0.004831
7.532027	0.005099
7.533973	0.004831
7.536187	0.005099
7.538133	0.004831
7.540347	0.005099
7.542293	0.004831
7.546453	0.000000
7.546587	0.004831
7.552693	0.004589
7.554907	0.004831
7.561013	0.004485
7.563227	0.004721
7.569333	0.004589
7.573627	0.004831
7.579733	0.004589
7.579867	0.004831
7.585973	0.004693
7.586107	0.004940
7.590267	0.000000
7.592213	0.005050
7.596373	0.000000
7.596507	0.005050
7.602613	0.004797
7.604827	0.005050
7.610933	0.004797
7.611067	0.005050
7.615227	0.000000
7.617173	0.005050
7.619387	0.005330
7.621333	0.005050
7.621467	0.005330
7.623547	0.000000
7.625493	0.005330
7.625627	0.005644
7.627573	0.005562
7.627707	0.005889
7.629653	0.005562
7.631733	0.000000
7.631867	0.005562
7.633813	0.005269
7.636027	0.005562
7.637973	0.005159
7.640187	0.005446
7.642133	0.005159
7.644347	0.005446
7.646293	0.005159
7.650453	0.000000
7.650587	0.005159
7.656693	0.004901
7.656827	0.005159
7.662933	0.004797
7.667227	0.005050
7.673333	0.004797
7.677627	0.005050
7.683733	0.004797
7.685947	0.005050
7.692053	0.004901
7.694267	0.005159
7.698427	0.000000
7.700373	0.005269
7.704533	0.002080
7.704667	0.005378
7.710773	0.005109
7.712987	0.005378
7.719093	0.005005
7.719227	0.005269
7.723387	0.000000
7.725333	0.005378
7.727547	0.005677
7.729493	0.005378
7.733653	0.000000
7.733787	0.005378
7.735867	0.000000
7.737947	0.000000
7.739893	0.005677
7.740027	0.006011
7.741973	0.005793
7.742107	0.006133
7.744053	0.005793
7.746133	-0.000000
7.746267	0.005793
7.748213	0.005488
7.750427	0.005793
7.752373	0.005378
7.754587	0.005677
7.756533	0.005378
7.760693	0.000000
7.760827	0.005378
7.764987	0.000000
7.766933	0.005378
7.771093	0.000000
7.775387	0.005378
7.781493	0.005005
7.785787	0.005269
7.791893	0.005005
7.796187	0.005269
7.802293	0.005005
7.806587	0.005269
7.812693	0.005109
7.812827	0.005378
7.818933	0.005109
7.819067	0.005378
7.825173	0.005109
7.825307	0.005378
7.831413	0.005109
7.833627	0.005378
7.837787	0.000000
7.839733	0.005378
7.841947	0.005677
7.843893	0.005378
7.848053	-0.000000
7.848187	0.005378
7.852347	0.000000
7.854293	0.005378
7.854427	0.005677
7.856507	0.000000
7.858453	0.005677
7.858587	0.006011
7.860533	0.005793
7.860667	0.006133
7.862613	0.005793
7.864693	0.000000
7.864827	0.005793
7.866773	0.005488
7.868987	0.005793
7.870933	0.005378
7.875093	0.000000
7.875227	0.005378
7.879387	0.000000
7.881333	0.005378
7.885493	0.000000
7.887707	0.005378
7.893813	0.005005
7.898107	0.005269
7.904213	0.005005
7.908507	0.005269
7.914613	0.005005
7.920987	0.005269
7.927093	0.005109
7.927227	0.005378
7.933333	0.005109
7.933467	0.005378
7.939573	0.005109
7.939707	0.005378
7.945813	0.005109
7.948027	0.005378
7.952187	0.000000
7.954133	0.005269
7.956347	0.005562
7.958293	0.005269
7.962453	-0.002080
7.962587	0.005159
7.966747	0.000000
7.968693	0.005050
7.970907	0.005330
7.972853	0.004940
7.972987	0.005215
7.975067	0.000000
7.977013	0.005215
7.977147	0.005522
7.979093	0.005330
7.979227	0.005644
7.981173	0.005330
7.983253	-0.000000
7.983387	0.005330
7.985333	0.005050
7.989493	-0.002080
7.989627	0.004940
7.993787	-0.000000
7.995733	0.004940
7.999893	-0.000000
8.000027	0.004940
8.006133	0.004589
8.010427	0.004831
8.016533	0.004589
8.020827	0.004831
8.026933	0.004589
8.035387	0.004831
8.041493	0.004485
8.041627	0.004721
8.047733	0.004485
8.047867	0.004721
8.053973	0.004589
8.054107	0.004831
8.060213	0.004589
8.060347	0.004831
8.064507	0.000000
8.066453	0.004721
8.066587	0.004984
8.070613	0.004721
8.070747	0.004984
8.072693	0.004831
8.072827	0.005099
8.076853	0.004831
8.076987	0.005099
8.078933	0.004831
8.081147	0.005099
8.083093	0.004831
8.083227	0.005099
8.085307	0.000000
8.087253	0.005099
8.087387	0.005399
8.089333	0.005215
8.089467	0.005522
8.091413	0.005215
8.093493	-0.000000
8.095573	0.000000
8.095707	0.004940
8.099867	0.000000
8.101813	0.004831
8.104027	0.005099
8.105973	0.004831
8.110133	0.000000
8.114427	0.004831
8.120533	0.004381
8.124827	0.004612
8.130933	0.004277
8.137307	0.004503
8.143413	0.004277
8.143547	0.004503
8.149653	0.004277
8.151867	0.004503
8.157973	0.004277
8.158107	0.004503
8.162267	0.000000
8.164213	0.004612
8.166427	0.004868
8.168373	0.004721
8.170587	0.004984
8.172533	0.004721
8.174747	0.004984
8.176693	0.004721
8.176827	0.004984
8.180853	0.004721
8.180987	0.004984
8.182933	0.004721
8.185147	0.004984
8.187093	0.004721
8.189307	0.004984
8.191253	0.004721
8.191387	0.004984
8.193467	0.000000
8.195413	0.004984
8.195547	0.005277
8.197493	0.005099
8.199573	0.000000
8.199707	0.005099
8.201653	0.004940
8.203867	0.005215
8.205813	0.004831
8.208027	0.005099
8.209973	0.004831
8.214133	0.000000
8.214267	0.004831
8.220373	0.004589
8.222587	0.004831
8.228693	0.004485
8.235067	0.004721
8.241173	0.004589
8.241307	0.004831
8.247413	0.004485
8.249627	0.004721
8.255733	0.004589
8.257947	0.004831
8.264053	0.004589
8.264187	0.004831
8.268347	-0.000000
8.270293	0.004940
8.272507	0.005215
8.274453	0.004940
8.276667	0.005215
8.278613	0.005050
8.278747	0.005330
8.282773	0.005050
8.282907	0.005330
8.284853	0.005159
8.287067	0.005446
8.289013	0.005050
8.291227	0.005330
8.293173	0.005050
8.295387	0.005330
8.297333	0.005050
8.297467	0.005330
8.301493	0.005050
8.301627	0.005330
8.303573	0.005159
8.303707	0.005446
8.307733	0.005159
8.307867	0.005446
8.309813	0.005159
8.312027	0.005446
8.313973	0.005159
8.318133	0.000000
8.318267	0.005159
8.324373	0.004901
8.324507	0.005159
8.330613	0.004797
8.339067	0.005050
8.343227	-0.000000
8.345173	0.005159
8.349333	0.002080
8.353627	0.005269
8.359733	0.004901
8.361947	0.005159
8.368053	0.004901
8.370267	0.005159
8.374427	0.000000
8.376373	0.005269
8.380533	-0.000000
8.380667	0.005269
8.384827	0.000000
8.386773	0.005378
8.388987	0.005677
8.390933	0.005378
8.391067	0.005677
8.395093	0.005378
8.395227	0.005677
8.397173	0.005488
8.399387	0.005793
8.401333	0.005378
8.403547	0.005677
8.405493	0.005378
8.407707	0.005677
8.409653	0.005378
8.411867	0.005677
8.413813	0.005378
8.413947	0.005677
8.417973	0.005378
8.418107	0.005677
8.420053	0.005488
8.422267	0.005793
8.424213	0.005488
8.428373	0.000000
8.428507	0.005488
8.432667	-0.000000
8.434613	0.005378
8.438773	0.000000
8.449307	0.005378
8.455413	0.005109
8.455547	0.005378
8.461653	0.005109
8.463867	0.005378
8.469973	0.005213
8.472187	0.005488
8.478293	0.005109
8.482587	0.005378
8.486747	0.000000
8.488693	0.005378
8.492853	0.002080
8.495067	0.005488
8.499227	0.000000
8.501173	0.005488
8.503387	0.005793
8.505333	0.005488
8.507547	0.005793
8.509493	0.005488
8.509627	0.005793
8.513653	0.005378
8.513787	0.005677
8.515733	0.005488
8.517947	0.005793
8.519893	0.005378
8.522107	0.005677
8.524053	0.005378
8.526267	0.005677
8.528213	0.005378
8.530427	0.005677
8.532373	0.005378
8.534587	0.005677
8.536533	0.005378
8.538747	0.005677
8.540693	0.005378
8.542907	0.005677
8.544853	0.005378
8.547067	0.005677
8.549013	0.005378
8.553173	0.000000
8.563707	0.005378
8.569813	0.004693
8.569947	0.004940
8.576053	0.004589
8.580347	0.004831
8.586453	0.004381
8.586587	0.004612
8.592693	0.004485
8.596987	0.004721
8.603093	0.004173
8.603227	0.004393
8.609333	0.004069
8.611547	0.004284
8.615707	-0.000000
8.617653	0.004065
8.619867	0.004290
8.621813	0.003955
8.621947	0.004175
8.625973	0.003846
8.626107	0.004059
8.628053	0.003846
8.628187	0.004059
8.632213	0.003736
8.632347	0.003944
8.634293	0.003846
8.636507	0.004059
8.638453	0.003736
8.640667	0.003944
8.642613	0.003736
8.644827	0.003944
8.646773	0.003736
8.648987	0.003944
8.650933	0.003627
8.653147	0.003828
8.655093	0.003517
8.657307	0.003713
8.659253	0.003408
8.661467	0.003597
8.663413	0.003298
8.667573	-0.002080
8.669787	0.003189
8.673947	-0.000000
8.675893	0.002860
8.680053	-0.002080
8.680187	0.002751
8.686293	0.002613
8.688507	0.002751
8.692667	-0.000000
8.694613	0.002751
8.696827	0.002904
8.698773	0.002751
8.700987	0.002904
8.702933	0.002641
8.703067	0.002788
8.705147	0.000000
8.707093	0.002673
8.707227	0.002830
8.709173	0.002673
8.709307	0.002830
8.711253	0.002673
8.713333	0.000000
8.713467	0.002673
8.715413	0.002532
8.715547	0.002673
8.719573	0.002423
8.719707	0.002557
8.721653	0.002423
8.723867	0.002557
8.725813	0.002313
8.725947	0.002442
8.728027	-0.000000
8.729973	0.002326
8.730107	0.002463
8.732053	0.002442
8.732187	0.002585
8.734133	0.002442
8.734267	0.002585
8.736213	0.002557
8.736347	0.002708
8.738293	0.002557
8.738427	0.002708
8.740373	0.002673
8.742453	0.000000
8.744533	0.002080
8.744667	0.002641
8.750773	0.002509
8.752987	0.002641
8.757147	0.000000
8.759093	0.002751
8.759227	0.002904
8.761307	-0.000000
8.763253	0.003019
8.763387	0.003197
8.765333	0.003135
8.765467	0.003319
8.767413	0.003250
8.767547	0.003442
8.769493	0.003250
8.769627	0.003442
8.771573	0.003250
8.771707	0.003442
8.773653	0.003250
8.773787	0.003442
8.775733	0.003250
8.775867	0.003442
8.777813	0.003250
8.777947	0.003442
8.779893	0.003250
8.781973	-0.000000
8.782107	0.003250
8.784053	0.003079
8.784187	0.003250
8.788213	0.002970
8.788347	0.003135
8.790293	0.003079
8.790427	0.003250
8.794453	0.002970
8.794587	0.003135
8.796533	0.003079
8.796667	0.003250
8.800693	0.002970
8.800827	0.003135
8.802773	0.003079
8.806933	-0.002080
8.807067	0.002970
8.813173	0.002821
8.817467	0.002970
8.823573	0.002925
8.823707	0.003079
8.827867	0.000000
8.829813	0.003079
8.832027	0.003250
8.833973	0.003079
8.834107	0.003250
8.836187	-0.000000
8.838133	0.003250
8.838267	0.003442
8.840213	0.003366
8.840347	0.003564
8.842293	0.003366
8.842427	0.003564
8.844373	0.003366
8.844507	0.003564
8.846453	0.003366
8.846587	0.003564
8.848533	0.003366
8.848667	0.003564
8.850613	0.003366
8.850747	0.003564
8.852693	0.003366
8.854773	0.000000
8.854907	0.003366
8.856853	0.003189
8.856987	0.003366
8.861013	0.003079
8.861147	0.003250
8.863093	0.003189
8.863227	0.003366
8.867253	0.003189
8.867387	0.003366
8.869333	0.003189
8.869467	0.003366
8.873493	0.003298
8.875573	0.002080
8.875707	0.003408
8.881813	0.003133
8.888187	0.003298
8.894293	0.003133
8.894427	0.003298
8.898587	0.000000
8.900533	0.003298
8.902747	0.003482
8.904693	0.003408
8.906907	0.003597
8.908853	0.003408
8.908987	0.003597
8.911067	0.000000
8.913013	0.003597
8.913147	0.003809
8.915093	0.003713
8.915227	0.003931
8.917173	0.003713
8.917307	0.003931
8.919253	0.003713
8.919387	0.003931
8.921333	0.003713
8.921467	0.003931
8.923413	0.003713
8.923547	0.003931
8.925493	0.003713
8.925627	0.003931
8.927573	0.003713
8.929653	0.000000
8.929787	0.003713
8.931733	0.003517
8.933947	0.003713
8.935893	0.003408
8.936027	0.003597
8.940053	0.003408
8.942133	0.002080
8.942267	0.003517
8.946427	0.000000
8.948373	0.003408
8.950587	0.003597
8.952533	0.003517
8.956693	0.002080
8.963067	0.003627
8.969173	0.003445
8.969307	0.003627
8.975413	0.003445
8.975547	0.003627
8.979707	0.000000
8.981653	0.003627
8.983867	0.003828
8.985813	0.003627
8.988027	0.003828
8.989973	0.003627
8.990107	0.003828
8.992187	0.000000
8.994133	0.003944
8.994267	0.004176
8.996213	0.004059
8.996347	0.004298
8.998293	0.004059
8.998427	0.004298
9.000373	0.004059
9.000507	0.004298
9.002453	0.004059
9.002587	0.004298
9.004533	0.004059
9.004667	0.004298
9.006613	0.004059
9.006747	0.004298
9.008693	0.004059
9.010773	0.000000
9.010907	0.004059
9.012853	0.003846
9.015067	0.004059
9.017013	0.003736
9.019227	0.003944
9.021173	0.003736
9.025333	0.000000
9.025467	0.003736
9.031573	0.003549
9.031707	0.003736
9.037813	0.003653
9.044187	0.003846
9.050293	0.003757
9.050427	0.003955
9.056533	0.003757
9.056667	0.003955
9.060827	0.000000
9.062773	0.004065
9.064987	0.004290
9.066933	0.004065
9.071093	0.000000
9.071227	0.004065
9.075387	0.000000
9.077333	0.004174
9.077467	0.004406
9.079547	0.000000
9.081493	0.004406
9.081627	0.004665
9.083573	0.004406
9.083707	0.004665
9.085653	0.004522
9.085787	0.004788
9.087733	0.004522
9.087867	0.004788
9.089813	0.004522
9.089947	0.004788
9.091893	0.004522
9.092027	0.004788
9.093973	0.004522
9.094107	0.004788
9.096053	0.004522
9.098133	-0.000000
9.098267	0.004522
9.100213	0.004284
9.102427	0.004522
9.104373	0.004174
9.108533	0.000000
9.108667	0.004174
9.114773	0.003965
9.116987	0.004174
9.123093	0.003965
9.131547	0.004174
9.137653	0.004173
9.137787	0.004393
9.143893	0.004173
9.146107	0.004393
9.150267	0.000000
9.152213	0.004393
9.154427	0.004637
9.156373	0.004393
9.160533	0.000000
9.162747	0.004393
9.166907	-0.000000
9.168853	0.004393
9.168987	0.004637
9.173013	0.004393
9.173147	0.004637
9.175093	0.004503
9.175227	0.004753
9.177307	-0.000000
9.179253	0.004753
9.179387	0.005032
9.181333	0.004753
9.181467	0.005032
9.183413	0.004868
9.183547	0.005155
9.185493	0.004868
9.185627	0.005155
9.187573	0.004868
9.187707	0.005155
9.189653	0.004868
9.189787	0.005155
9.191733	0.004868
9.193813	-0.000000
9.193947	0.004868
9.195893	0.004612
9.200053	-0.002080
9.200187	0.004503
9.206293	0.004277
9.208507	0.004503
9.214613	0.004277
9.227227	0.004503
9.233333	0.004381
9.233467	0.004612
9.239573	0.004381
9.241787	0.004612
9.245947	0.000000
9.247893	0.004721
9.250107	0.004984
9.252053	0.004721
9.256213	-0.000000
9.258427	0.004721
9.262587	0.000000
9.264533	0.004612
9.266747	0.004868
9.268693	0.004721
9.270907	0.004984
9.272853	0.004721
9.272987	0.004984
9.277013	0.004721
9.277147	0.004984
9.279093	0.004831
9.279227	0.005099
9.281307	0.000000
9.283253	0.005099
9.283387	0.005399
9.285333	0.005099
9.285467	0.005399
9.287413	0.005215
9.287547	0.005522
9.289493	0.005215
9.289627	0.005522
9.291573	0.005215
9.291707	0.005522
9.293653	0.005215
9.295733	0.000000
9.297813	0.000000
9.297947	0.004940
9.304053	0.004589
9.306267	0.004831
9.312373	0.004589
9.327067	0.004831
9.333173	0.004589
9.333307	0.004831
9.339413	0.004797
9.343707	0.005050
9.347867	0.000000
9.349813	0.004940
9.352027	0.005215
9.353973	0.005050
9.358133	-0.000000
9.358267	0.005050
9.364373	0.004797
9.364507	0.005050
9.368667	-0.000000
9.370613	0.005050
9.372827	0.005330
9.374773	0.005050
9.376987	0.005330
9.378933	0.005050
9.381147	0.005330
9.383093	0.005050
9.383227	0.005330
9.387253	0.005050
9.387387	0.005330
9.389333	0.005159
9.389467	0.005446
9.391547	0.000000
9.393493	0.005446
9.393627	0.005766
9.395573	0.005446
9.395707	0.005766
9.397653	0.005562
9.397787	0.005889
9.399733	0.005562
9.401813	-0.000000
9.401947	0.005562
9.403893	0.005269
9.408053	-0.002080
9.410267	0.005159
9.416373	0.004901
9.431067	0.005159
9.437173	0.004901
9.441467	0.005159
9.447573	0.004901
9.449787	0.005159
9.455893	0.005005
9.456027	0.005269
9.460187	0.000000
9.462133	0.005378
9.466293	-0.000000
9.466427	0.005378
9.472533	0.005109
9.472667	0.005378
9.476827	-0.000000
9.478773	0.005378
9.480987	0.005677
9.482933	0.005378
9.485147	0.005677
9.487093	0.005378
9.489307	0.005677
9.491253	0.005378
9.493467	0.005677
9.495413	0.005378
9.497627	0.005677
9.499573	0.005378
9.499707	0.005677
9.503733	0.005378
9.503867	0.005677
9.505813	0.005488
9.505947	0.005793
9.508027	0.000000
9.509973	0.005793
9.510107	0.006133
9.512053	0.005793
9.512187	0.006133
9.514133	0.005793
9.516213	0.000000
9.518293	0.000000
9.520507	0.005488
9.526613	0.005005
9.541307	0.005269
9.547413	0.005005
9.551707	0.005269
9.557813	0.005109
9.562107	0.005378
9.568213	0.005109
9.570427	0.005378
9.574587	0.000000
9.576533	0.005488
9.580693	-0.002080
9.580827	0.005378
9.586933	0.005109
9.587067	0.005378
9.591227	0.000000
9.593173	0.005378
9.595387	0.005677
9.597333	0.005378
9.599547	0.005677
9.601493	0.005378
9.603707	0.005677
9.605653	0.005378
9.607867	0.005677
9.609813	0.005378
9.612027	0.005677
9.613973	0.005378
9.616187	0.005677
9.618133	0.005378
9.620347	0.005677
9.622293	0.005378
9.622427	0.005677
9.624507	0.000000
9.626453	0.005677
9.626587	0.006011
9.628533	0.005793
9.628667	0.006133
9.630613	0.005793
9.632693	0.000000
9.632827	0.005793
9.634773	0.005488
9.638933	-0.002080
9.653627	0.005378
9.659733	0.005109
9.666107	0.005378
9.672213	0.005109
9.676507	0.005378
9.682613	0.005109
9.686907	0.005378
9.688987	0.000000
9.693013	0.005378
9.695093	0.002080
9.695227	0.005488
9.701333	0.005109
9.701467	0.005378
9.705627	0.000000
9.707573	0.005269
9.709787	0.005562
9.711733	0.005269
9.713947	0.005562
9.715893	0.005159
9.718107	0.005446
9.720053	0.005050
9.722267	0.005330
9.724213	0.004940
9.726427	0.005215
9.728373	0.004831
9.730587	0.005099
9.732533	0.004721
9.734747	0.004984
9.736693	0.004612
9.738907	0.004868
9.740853	0.004612
9.740987	0.004868
9.743067	0.000000
9.745013	0.004868
9.745147	0.005155
9.747093	0.004984
9.747227	0.005277
9.749173	0.004984
9.751253	0.000000
9.753333	0.000000
9.768027	0.004721
9.774133	0.003965
9.780507	0.004174
9.786613	0.003757
9.790907	0.003955
9.797013	0.003653
9.801307	0.003846
9.805467	-0.000000
9.807413	0.003627
9.809627	0.003828
9.811573	0.003517
9.813787	0.003713
9.815733	0.003408
9.817947	0.003597
9.819893	0.003298
9.820027	0.003482
9.822107	-0.000000
9.824053	0.003366
9.824187	0.003564
9.826133	0.003366
9.826267	0.003564
9.828213	0.003366
9.828347	0.003564
9.830293	0.003366
9.830427	0.003564
9.832373	0.003366
9.834453	0.000000
9.834587	0.003366
9.836533	0.003189
9.838747	0.003366
9.840693	0.003079
9.842907	0.003250
9.844853	0.003079
9.844987	0.003250
9.847067	0.000000
9.849013	0.003250
9.849147	0.003442
9.851093	0.003250
9.853173	0.000000
9.855253	0.000000
9.859547	0.003079
9.865653	0.002717
9.867867	0.002860
9.873973	0.002613
9.876187	0.002751
9.882293	0.002509
9.882427	0.002641
9.884507	0.000000
9.886587	-0.000000
9.888533	0.002673
9.888667	0.002830
9.890613	0.002788
9.890747	0.002952
9.892693	0.002788
9.892827	0.002952
9.894773	0.002904
9.894907	0.003075
9.896853	0.002904
9.896987	0.003075
9.898933	0.003019
9.899067	0.003197
9.901013	0.003019
9.901147	0.003197
9.903093	0.003135
9.903227	0.003319
9.905173	0.003135
9.905307	0.003319
9.907253	0.003135
9.909333	0.000000
9.909467	0.003135
9.911413	0.002970
9.913627	0.003135
9.915573	0.002860
9.915707	0.003019
9.917787	-0.000000
9.919733	0.002904
9.919867	0.003075
9.921813	0.002904
9.923893	0.000000
9.925973	-0.000000
9.926107	0.002751
9.932213	0.002509
9.932347	0.002641
9.938453	0.002405
9.938587	0.002532
9.942747	0.000000
9.944693	0.002532
9.946907	0.002673
9.948853	0.002532
9.948987	0.002673
9.953013	0.002532
9.953147	0.002673
9.955093	0.002532
9.955227	0.002673
9.959253	0.002532
9.959387	0.002673
9.961333	0.002641
9.961467	0.002788
9.965493	0.002641
9.965627	0.002788
9.967573	0.002641
9.967707	0.002788
9.969787	0.000000
9.971733	0.002788
9.971867	0.002952
9.973813	0.002904
9.973947	0.003075
9.975893	0.002904
9.976027	0.003075
9.977973	0.003019
9.978107	0.003197
9.980053	0.003019
9.980187	0.003197
9.982133	0.003019
9.982267	0.003197
9.984213	0.003019
9.984347	0.003197
9.986293	0.003019
9.988373	0.000000
9.988507	0.003019
9.990453	0.002860
9.992667	0.003019
9.994613	0.002751
9.998773	0.000000
9.998907	0.002751
10.003067	0.000000
10.005013	0.002751
10.007227	0.002904
10.009173	0.002751
10.009307	0.002904
10.013333	0.002860
10.013467	0.003019
10.015413	0.002860
10.017627	0.003019
10.019573	0.002860
10.021787	0.003019
10.023733	0.002860
10.023867	0.003019
10.027893	0.002970
10.028027	0.003135
10.029973	0.003079
10.032187	0.003250
10.034133	0.003079
10.034267	0.003250
10.038293	0.003079
10.038427	0.003250
10.040373	0.003079
10.040507	0.003250
10.042587	0.000000
10.044533	0.003250
10.044667	0.003442
10.046613	0.003366
10.046747	0.003564
10.048693	0.003366
10.048827	0.003564
10.050773	0.003366
10.050907	0.003564
10.052853	0.003366
10.052987	0.003564
10.054933	0.003366
10.057013	0.000000
10.057147	0.003366
10.059093	0.003189
10.063253	-0.002080
10.063387	0.003079
10.067547	0.000000
10.069493	0.003079
10.073653	0.000000
10.073787	0.003079
10.075867	-0.000000
10.079893	0.002970
10.080027	0.003135
10.081973	0.003189
10.084187	0.003366
10.086133	0.003189
10.090293	0.000000
10.090427	0.003189
10.094587	-0.000000
10.096533	0.003189
10.098747	0.003366
10.100693	0.003298
10.102907	0.003482
10.104853	0.003408
10.104987	0.003597
10.109013	0.003408
10.109147	0.003597
10.111093	0.003408
10.113307	0.003597
10.115253	0.003408
10.115387	0.003597
10.117467	0.000000
10.119413	0.003597
10.119547	0.003809
10.121493	0.003713
10.121627	0.003931
10.123573	0.003713
10.123707	0.003931
10.125653	0.003713
10.125787	0.003931
10.127733	0.003713
10.127867	0.003931
10.129813	0.003713
10.131893	0.000000
10.133973	0.000000
10.134107	0.003517
10.138267	0.000000
10.140213	0.003408
10.142427	0.003597
10.144373	0.003408
10.148533	-0.000000
10.148667	0.003408
10.152827	-0.000000
10.154773	0.003408
10.156987	0.003597
10.158933	0.003517
10.163093	0.000000
10.163227	0.003517
10.169333	0.003341
10.169467	0.003517
10.175573	0.003341
10.175707	0.003517
10.179867	0.000000
10.181813	0.003627
10.181947	0.003828
10.185973	0.003736
10.186107	0.003944
10.188053	0.003846
10.190267	0.004059
10.192213	0.003846
10.194427	0.004059
10.196373	0.003846
10.196507	0.004059
10.198587	0.000000
10.200533	0.004059
10.200667	0.004298
10.202613	0.004175
10.202747	0.004420
10.204693	0.004175
10.204827	0.004420
10.206773	0.004175
10.206907	0.004420
10.208853	0.004175
10.210933	-0.000000
10.211067	0.004175
10.213013	0.003955
10.215227	0.004175
10.217173	0.003846
10.219387	0.004059
10.221333	0.003846
10.225493	0.000000
10.225627	0.003846
10.231733	0.003653
10.231867	0.003846
10.236027	0.000000
10.237973	0.003846
10.242133	-0.000000
10.242267	0.003846
10.248373	0.003757
10.248507	0.003955
10.254613	0.003653
10.256827	0.003846
10.262933	0.003757
10.263067	0.003955
10.267227	-0.000000
10.269173	0.004065
10.271387	0.004290
10.273333	0.004065
10.275547	0.004290
10.277493	0.004065
10.279707	0.004290
10.281653	0.004065
10.283867	0.004290
10.285813	0.004065
10.285947	0.004290
10.288027	0.000000
10.289973	0.004290
10.290107	0.004543
10.292053	0.004406
10.292187	0.004665
10.294133	0.004406
10.294267	0.004665
10.296213	0.004406
10.296347	0.004665
10.298293	0.004406
10.300373	0.000000
10.300507	0.004406
10.302453	0.004174
10.304667	0.004406
10.306613	0.004065
10.310773	0.000000
10.310907	0.004065
10.317013	0.003861
10.317147	0.004065
10.321307	0.000000
10.323253	0.004065
10.327413	0.000000
10.329627	0.004065
10.333787	0.000000
10.335733	0.004065
10.339893	0.000000
10.344187	0.004065
10.350293	0.003965
10.352507	0.004174
10.356667	0.000000
10.358613	0.004284
10.360827	0.004522
10.362773	0.004284
10.364987	0.004522
10.366933	0.004284
10.369147	0.004522
10.371093	0.004393
10.373307	0.004637
10.375253	0.004393
10.377467	0.004637
10.379413	0.004393
10.379547	0.004637
10.381627	0.000000
10.383573	0.004637
10.383707	0.004910
10.385653	0.004753
10.385787	0.005032
10.387733	0.004753
10.387867	0.005032
10.389813	0.004753
10.389947	0.005032
10.391893	0.004753
10.393973	-0.000000
10.394107	0.004753
10.396053	0.004503
10.400213	-0.002080
10.400347	0.004393
10.406453	0.004173
10.406587	0.004393
10.410747	-0.000000
10.412693	0.004284
10.416853	0.002080
10.419067	0.004393
10.423227	0.000000
10.425173	0.004284
10.429333	0.002080
10.435707	0.004393
10.441813	0.004173
10.446107	0.004393
10.450267	-0.000000
10.452213	0.004503
10.454427	0.004753
10.456373	0.004503
10.460533	0.000000
10.460667	0.004503
10.464827	0.000000
10.466773	0.004612
10.468987	0.004868
10.470933	0.004612
10.473147	0.004868
10.475093	0.004612
10.477307	0.004868
10.479253	0.004612
10.479387	0.004868
10.481467	-0.000000
10.483413	0.004868
10.483547	0.005155
10.485493	0.004868
10.485627	0.005155
10.487573	0.004984
10.487707	0.005277
10.489653	0.004984
10.489787	0.005277
10.491733	0.004984
10.493813	0.000000
10.495893	-0.000000
10.496027	0.004721
10.500187	-0.000000
10.502133	0.004612
10.506293	0.000000
10.506427	0.004612
10.512533	0.004381
10.512667	0.004612
10.518773	0.004485
10.518907	0.004721
10.525013	0.004485
10.531387	0.004721
10.537493	0.004485
10.543867	0.004721
10.548027	0.000000
10.549973	0.004721
10.552187	0.004984
10.554133	0.004721
10.558293	0.000000
10.560507	0.004721
10.564667	0.000000
10.566613	0.004831
10.568827	0.005099
10.570773	0.004831
10.572987	0.005099
10.574933	0.004831
10.577147	0.005099
10.579093	0.004831
10.579227	0.005099
10.583253	0.004831
10.583387	0.005099
10.585333	0.004940
10.585467	0.005215
10.587547	-0.000000
10.589493	0.005215
10.589627	0.005522
10.591573	0.005215
10.591707	0.005522
10.593653	0.005330
10.595733	0.000000
10.595867	0.005330
10.597813	0.005050
10.600027	0.005330
10.601973	0.004940
10.606133	-0.000000
10.606267	0.004940
10.612373	0.004693
10.614587	0.004940
10.620693	0.004693
10.620827	0.004940
10.626933	0.004693
10.633307	0.004940
10.639413	0.004693
10.645787	0.004940
10.649947	0.000000
10.651893	0.005050
10.654107	0.005330
10.656053	0.005050
10.660213	-0.000000
10.664507	0.005050
10.668667	0.000000
10.670613	0.005159
10.672827	0.005446
10.674773	0.005159
10.676987	0.005446
10.678933	0.005159
10.681147	0.005446
10.683093	0.005159
10.685307	0.005446
10.687253	0.005159
10.689467	0.005446
10.691413	0.005159
10.691547	0.005446
10.695573	0.005159
10.695707	0.005446
10.697653	0.005269
10.697787	0.005562
10.699867	0.000000
10.701813	0.005562
10.701947	0.005889
10.703893	0.005562
10.705973	0.002080
10.706107	0.005677
10.708053	0.005378
10.712213	-0.002080
10.712347	0.005269
10.718453	0.005005
10.720667	0.005269
10.726773	0.005005
10.726907	0.005269
10.733013	0.005005
10.739387	0.005269
10.745493	0.005005
10.753947	0.005269
10.758107	0.000000
10.760053	0.005378
10.762267	0.005677
10.764213	0.005378
10.768373	-0.000000
10.774747	0.005378
10.778907	-0.000000
10.780853	0.005378
10.783067	0.005677
10.785013	0.005378
10.787227	0.005677
10.789173	0.005378
10.791387	0.005677
10.793333	0.005378
10.795547	0.005677
10.797493	0.005378
10.799707	0.005677
10.801653	0.005378
10.803867	0.005677
10.805813	0.005378
10.808027	0.005677
10.809973	0.005378
10.810107	0.005677
10.814133	0.005378
10.814267	0.005677
10.816213	0.005488
10.816347	0.005793
10.818427	0.000000
10.820373	0.005677
10.822453	0.002080
10.824533	0.000000
10.824667	0.005488
10.830773	0.005109
10.832987	0.005378
10.839093	0.005109
10.839227	0.005378
10.845333	0.005109
10.851707	0.005378
10.857813	0.005005
10.868347	0.005269
10.872507	-0.000000
10.874453	0.005378
10.876667	0.005677
10.878613	0.005378
10.882773	-0.000000
10.889147	0.005378
10.893307	-0.000000
10.895253	0.005269
10.897467	0.005562
10.899413	0.005378
10.901627	0.005677
10.903573	0.005378
10.905787	0.005677
10.907733	0.005378
10.909947	0.005677
10.911893	0.005378
10.914107	0.005677
10.916053	0.005378
10.918267	0.005677
10.920213	0.005378
10.922427	0.005677
10.924373	0.005378
10.926587	0.005677
10.928533	0.005378
10.928667	0.005677
10.932693	0.005378
10.932827	0.005677
10.934773	0.005488
10.934907	0.005793
10.938933	0.005378
10.939067	0.005677
10.941013	0.005488
10.945173	-0.002080
10.947387	0.005378
10.953493	0.005109
10.953627	0.005378
10.959733	0.005109
10.964027	0.005378
10.970133	0.005109
10.982747	0.005378
10.986907	-0.000000
10.988853	0.005269
10.991067	0.005562
10.993013	0.005378
10.997173	0.000000
11.001467	0.005378
11.007573	0.005005
11.007707	0.005269
11.011867	-0.000000
11.013813	0.005159
11.016027	0.005446
11.017973	0.005050
11.020187	0.005330
11.022133	0.004940
11.024347	0.005215
11.026293	0.004940
11.028507	0.005215
11.030453	0.004940
11.032667	0.005215
11.034613	0.004940
11.036827	0.005215
11.038773	0.004940
11.040987	0.005215
11.042933	0.004940
11.045147	0.005215
11.047093	0.004940
11.047227	0.005215
11.051253	0.004940
11.051387	0.005215
11.053333	0.005050
11.053467	0.005330
11.057493	0.004940
11.059573	0.002080
11.061787	0.005050
11.067893	0.004589
11.068027	0.004831
11.074133	0.004693
11.078427	0.004940
11.084533	0.004693
11.095067	0.004940
11.101173	0.004381
11.101307	0.004612
11.105467	0.000000
11.107413	0.004503
11.111573	0.000000
11.113787	0.004503
11.117947	0.000000
11.119893	0.004393
11.120027	0.004637
11.122107	0.000000
11.124053	0.004637
11.126133	0.000000
11.126267	0.004637
11.128213	0.004503
11.130427	0.004753
11.132373	0.004393
11.134587	0.004637
11.136533	0.004284
11.138747	0.004522
11.140693	0.004284
11.142907	0.004522
11.144853	0.004284
11.147067	0.004522
11.149013	0.004284
11.151227	0.004522
11.153173	0.004284
11.155387	0.004522
11.157333	0.004284
11.157467	0.004522
11.161493	0.004284
11.161627	0.004522
11.163573	0.004393
11.165787	0.004637
11.167733	0.004284
11.171893	0.000000
11.174107	0.004284
11.180213	0.004069
11.184507	0.004284
11.190613	0.003965
11.194907	0.004174
11.199067	0.000000
11.201013	0.004174
11.203227	0.004406
11.205173	0.004174
11.209333	-0.002080
11.209467	0.004065
11.213627	0.000000
11.215573	0.003955
11.215707	0.004175
11.219733	0.003955
11.219867	0.004175
11.221813	0.003955
11.221947	0.004175
11.224027	0.000000
11.225973	0.004175
11.228053	0.002080
11.228187	0.004290
11.230133	0.004065
11.232347	0.004290
11.234293	0.003955
11.236507	0.004175
11.238453	0.003955
11.240667	0.004175
11.242613	0.003955
11.244827	0.004175
11.246773	0.003955
11.248987	0.004175
11.250933	0.003955
11.253147	0.004175
11.255093	0.003955
11.255227	0.004175
11.259253	0.003955
11.259387	0.004175
11.261333	0.004065
11.265493	-0.002080
11.267707	0.003955
11.273813	0.003757
11.276027	0.003955
11.282133	0.003653
11.286427	0.003846
11.290587	-0.000000
11.292533	0.003736
11.292667	0.003944
11.296693	0.003736
11.296827	0.003944
11.298773	0.003736
11.300987	0.003944
11.302933	0.003736
11.303067	0.003944
11.307093	0.003736
11.307227	0.003944
11.309173	0.003846
11.311387	0.004059
11.313333	0.003736
11.313467	0.003944
11.315547	-0.000000
11.317493	0.004059
11.319573	0.002080
11.319707	0.004175
11.321653	0.003955
11.323867	0.004175
11.325813	0.003846
11.328027	0.004059
11.329973	0.003846
11.332187	0.004059
11.334133	0.003846
11.336347	0.004059
11.338293	0.003846
11.340507	0.004059
11.342453	0.003846
11.344667	0.004059
11.346613	0.003846
11.346747	0.004059
11.350773	0.003846
11.352853	0.002080
11.355067	0.003955
11.361173	0.003549
11.361307	0.003736
11.367413	0.003549
11.369627	0.003736
11.373787	-0.000000
11.375733	0.003627
11.375867	0.003828
11.379893	0.003627
11.380027	0.003828
11.381973	0.003627
11.384187	0.003828
11.386133	0.003627
11.388347	0.003828
11.390293	0.003627
11.390427	0.003828
11.394453	0.003736
11.396533	0.002080
11.396667	0.003846
11.400827	0.000000
11.402773	0.003736
11.402907	0.003944
11.404987	0.000000
11.406933	0.004059
11.409013	0.004160
11.409147	0.004290
11.411093	0.004065
11.413307	0.004290
11.415253	0.003955
11.417467	0.004175
11.419413	0.003955
11.421627	0.004175
11.423573	0.003955
11.425787	0.004175
11.427733	0.003955
11.429947	0.004175
11.431893	0.003955
11.434107	0.004175
11.436053	0.003955
11.438267	0.004175
11.440213	0.003955
11.444373	0.000000
11.444507	0.003955
11.450613	0.003757
11.450747	0.003955
11.454907	-0.000000
11.456853	0.003846
11.456987	0.004059
11.461013	0.003846
11.461147	0.004059
11.463093	0.003955
11.465307	0.004175
11.467253	0.003955
11.471413	-0.000000
11.471547	0.003955
11.475707	0.000000
11.477653	0.003846
11.479867	0.004059
11.481813	0.003955
11.485973	0.002080
11.486107	0.004065
11.492213	0.003861
11.492347	0.004065
11.494427	0.000000
11.496507	0.000000
11.498453	0.004290
11.500533	0.002080
11.500667	0.004406
11.502613	0.004174
11.504827	0.004406
11.506773	0.004065
11.508987	0.004290
11.510933	0.004065
11.513147	0.004290
11.515093	0.004065
11.517307	0.004290
11.519253	0.004065
11.521467	0.004290
11.523413	0.004065
11.525627	0.004290
11.527573	0.004065
11.531733	0.000000
11.531867	0.004065
11.536027	0.000000
11.537973	0.004065
11.540187	0.004290
11.542133	0.004065
11.544347	0.004290
11.546293	0.004065
11.548507	0.004290
11.550453	0.004065
11.552667	0.004290
11.554613	0.004065
11.556827	0.004290
11.558773	0.004065
11.562933	0.000000
11.563067	0.004065
11.569173	0.003861
11.569307	0.004065
11.575413	0.003861
11.575547	0.004065
11.581653	0.003861
11.581787	0.004065
11.585947	0.000000
11.587893	0.004174
11.588027	0.004406
11.590107	0.000000
11.592053	0.004406
11.594133	0.002080
11.594267	0.004522
11.596213	0.004284
11.598427	0.004522
11.600373	0.004174
11.602587	0.004406
11.604533	0.004174
11.606747	0.004406
11.608693	0.004174
11.610907	0.004406
11.612853	0.004174
11.615067	0.004406
11.617013	0.004174
11.621173	0.000000
11.621307	0.004174
11.625467	-0.000000
11.627413	0.004174
11.629627	0.004406
11.631573	0.004174
11.633787	0.004406
11.635733	0.004174
11.637947	0.004406
11.639893	0.004174
11.642107	0.004406
11.644053	0.004174
11.646267	0.004406
11.648213	0.004174
11.652373	0.000000
11.652507	0.004174
11.658613	0.003861
11.658747	0.004065
11.664853	0.004069
11.664987	0.004284
11.671093	0.004069
11.673307	0.004284
11.677467	0.000000
11.679413	0.004284
11.681627	0.004522
11.683573	0.004284
11.683707	0.004522
11.685787	0.000000
11.687733	0.004522
11.689813	0.004160
11.689947	0.004753
11.691893	0.004503
11.694107	0.004753
11.696053	0.004393
11.698267	0.004637
11.700213	0.004393
11.702427	0.004637
11.704373	0.004393
11.706587	0.004637
11.708533	0.004393
11.712693	0.000000
11.712827	0.004393
11.716987	0.000000
11.718933	0.004393
11.721147	0.004637
11.723093	0.004393
11.725307	0.004637
11.727253	0.004393
11.729467	0.004637
11.731413	0.004393
11.733627	0.004637
11.735573	0.004393
11.737787	0.004637
11.739733	0.004393
11.741947	0.004637
11.743893	0.004393
11.748053	-0.000000
11.752347	0.004393
11.758453	0.004173
11.758587	0.004393
11.764693	0.004173
11.766907	0.004393
11.771067	-0.000000
11.773013	0.004503
11.775227	0.004753
11.777173	0.004503
11.781333	0.000000
11.781467	0.004503
11.783547	-0.000000
11.785627	0.000000
11.787573	0.004753
11.789653	0.002080
11.789787	0.004868
11.791733	0.004612
11.793947	0.004868
11.795893	0.004612
11.798107	0.004868
11.800053	0.004612
11.802267	0.004868
11.804213	0.004612
11.808373	0.000000
11.808507	0.004612
11.812667	0.000000
11.814613	0.004612
11.816827	0.004868
11.818773	0.004612
11.820987	0.004868
11.822933	0.004612
11.825147	0.004868
11.827093	0.004612
11.829307	0.004868
11.831253	0.004612
11.833467	0.004868
11.835413	0.004612
11.837627	0.004868
11.839573	0.004612
11.843733	0.000000
11.848027	0.004612
11.854133	0.004277
11.854267	0.004503
11.860373	0.004381
11.864667	0.004612
11.868827	0.000000
11.870773	0.004612
11.872987	0.004868
11.874933	0.004721
11.879093	0.000000
11.879227	0.004721
11.883387	0.000000
11.885333	0.004721
11.885467	0.004984
11.889493	0.004721
11.889627	0.004984
11.891573	0.004831
11.893787	0.005099
11.895733	0.004721
11.897947	0.004984
11.899893	0.004721
11.902107	0.004984
11.904053	0.004831
11.908213	0.000000
11.908347	0.004831
11.912507	0.000000
11.914453	0.004831
11.916667	0.005099
11.918613	0.004831
11.920827	0.005099
11.922773	0.004831
11.924987	0.005099
11.926933	0.004831
11.929147	0.005099
11.931093	0.004831
11.933307	0.005099
11.935253	0.004831
11.937467	0.005099
11.939413	0.004831
11.943573	0.000000
11.945787	0.004831
11.951893	0.004589
11.954107	0.004831
11.960213	0.004589
11.964507	0.004831
11.970613	0.004589
11.970747	0.004831
11.974907	0.000000
11.976853	0.004831
11.981013	-0.000000
11.981147	0.004831
11.985307	-0.000000
11.987253	0.004940
11.989467	0.005215
11.991413	0.004940
11.991547	0.005215
11.995573	0.004940
11.995707	0.005215
11.997653	0.005050
12.001947	0.005330
12.006107	-0.000000
12.012347	0.000000
12.016507	0.000000
12.020667	0.000000
12.024827	-0.000000
12.028987	0.000000
12.033147	0.000000
12.037307	-0.000000
12.041467	0.000000
12.049787	0.000000
12.058107	0.000000
12.068507	-0.000000
12.074747	0.000000
12.078907	0.000000
12.087227	-0.000000
12.091387	0.000000
12.095547	0.000000
12.099707	-0.000000
