0 0.111000
1 0.113000
2 0.119000
3 0.121000
4 0.127000
5 0.129000
6 0.135000
7 0.137000
8 0.143000
9 0.145000
10 0.151000
11 0.153000
12 0.155000
13 0.161000
14 0.167000
15 0.169000
16 0.175000
17 0.177000
18 0.183000
19 0.185000
20 0.191000
21 0.195000
22 0.201000
23 0.203000
24 0.209000
25 0.211000
26 0.217000
28 0.219000
27 0.221000
29 0.227000
30 0.233000
31 0.235000
32 0.237000
33 0.243000
34 0.249000
36 0.251000
35 0.253000
37 0.259000
38 0.265000
39 0.267000
40 0.273000
41 0.275000
42 0.281000
43 0.283000
44 0.289000
45 0.291000
46 0.297000
47 0.299000
48 0.305000
49 0.309000
50 0.315000
51 0.317000
52 0.323000
53 0.325000
54 0.331000
55 0.333000
56 0.339000
57 0.341000
58 0.347000
60 0.349000
59 0.351000
61 0.357000
66 0.363000
71 0.365000
76 0.371000
81 0.373000
86 0.379000
91 0.381000
96 0.383000
101 0.389000
106 0.395000
116 0.397000
111 0.399000
121 0.405000
126 0.411000
131 0.413000
136 0.419000
141 0.421000
146 0.427000
151 0.429000
156 0.435000
161 0.437000
166 0.443000
171 0.445000
176 0.451000
181 0.453000
186 0.459000
191 0.461000
196 0.467000
201 0.469000
206 0.475000
211 0.477000
216 0.483000
221 0.487000
226 0.493000
231 0.495000
235 0.501000
240 0.503000
250 0.505000
245 0.511000
255 0.517000
260 0.519000
265 0.525000
275 0.527000
280 0.529000
270 0.531000
285 0.541000
290 0.543000
295 0.549000
300 0.551000
305 0.553000
310 0.555000
315 0.565000
320 0.567000
325 0.569000
330 0.571000
335 0.581000
340 0.583000
345 0.585000
350 0.587000
355 0.597000
360 0.599000
365 0.605000
370 0.607000
375 0.613000
380 0.615000
385 0.621000
390 0.623000
395 0.629000
400 0.631000
405 0.639000
410 0.641000
425 0.643000
415 0.649000
420 0.651000
430 0.657000
435 0.663000
440 0.665000
450 0.667000
455 0.669000
445 0.675000
460 0.681000
465 0.687000
470 0.689000
475 0.691000
480 0.693000
485 0.695000
490 0.705000
495 0.711000
500 0.713000
505 0.715000
510 0.717000
515 0.727000
520 0.729000
525 0.735000
530 0.737000
535 0.739000
540 0.741000
550 0.743000
545 0.753000
555 0.759000
560 0.761000
565 0.763000
570 0.765000
575 0.767000
580 0.769000
585 0.783000
590 0.785000
595 0.787000
600 0.789000
605 0.791000
610 0.805000
615 0.807000
620 0.809000
625 0.815000
630 0.817000
635 0.819000
640 0.821000
645 0.831000
650 0.841000
655 0.843000
660 0.845000
665 0.847000
670 0.849000
675 0.851000
680 0.853000
685 0.855000
690 0.865000
695 0.871000
700 0.873000
705 0.875000
710 0.877000
715 0.889000
720 0.891000
725 0.897000
730 0.899000
735 0.901000
740 0.903000
750 0.905000
745 0.915000
755 0.925000
760 0.927000
765 0.929000
770 0.931000
775 0.933000
780 0.935000
785 0.937000
790 0.955000
795 0.957000
800 0.959000
805 0.961000
810 0.963000
815 0.965000
820 0.967000
825 0.969000
830 0.971000
835 0.985000
840 0.987000
845 0.989000
850 0.991000
855 0.993000
860 0.995000
865 1.009000
870 1.011000
875 1.013000
880 1.015000
885 1.017000
890 1.035000
895 1.037000
900 1.049000
905 1.051000
910 1.053000
915 1.055000
920 1.057000
925 1.059000
930 1.061000
935 1.063000
940 1.065000
945 1.067000
950 1.069000
955 1.071000
960 1.093000
965 1.095000
970 1.097000
975 1.099000
980 1.101000
985 1.103000
990 1.105000
995 1.107000
1000 1.109000
1005 1.111000
1010 1.129000
1015 1.131000
1020 1.133000
1025 1.135000
1030 1.137000
1035 1.139000
1040 1.141000
1050 1.143000
1045 1.161000
1055 1.163000
1060 1.165000
1065 1.167000
1070 1.169000
1075 1.171000
1080 1.173000
1085 1.175000
1090 1.193000
1095 1.195000
1100 1.197000
1105 1.199000
1110 1.201000
1115 1.203000
1125 1.205000
1120 1.223000
1130 1.225000
1135 1.227000
1140 1.229000
1145 1.231000
1150 1.249000
1155 1.251000
1160 1.253000
1165 1.255000
1170 1.257000
1175 1.259000
1180 1.261000
1185 1.263000
1190 1.265000
1195 1.267000
1200 1.269000
1205 1.271000
1210 1.295000
1215 1.297000
1220 1.299000
1225 1.301000
1230 1.303000
1235 1.305000
1240 1.307000
1245 1.309000
1250 1.311000
1255 1.313000
1260 1.315000
1265 1.337000
1270 1.339000
1275 1.341000
1280 1.343000
1285 1.345000
1290 1.347000
1295 1.349000
1300 1.351000
1305 1.353000
1310 1.355000
1315 1.377000
1320 1.379000
1325 1.381000
1330 1.383000
1335 1.385000
1340 1.387000
1345 1.389000
1351 1.391000
1356 1.393000
1361 1.395000
1366 1.417000
1371 1.419000
1376 1.421000
1381 1.423000
1386 1.425000
1391 1.427000
1396 1.429000
1401 1.455000
1406 1.457000
1411 1.459000
1416 1.461000
1421 1.463000
1426 1.465000
1431 1.467000
1436 1.469000
1441 1.471000
1446 1.473000
1451 1.475000
1456 1.477000
1461 1.479000
1466 1.481000
1476 1.483000
1471 1.509000
1481 1.511000
1486 1.513000
1491 1.515000
1496 1.517000
1501 1.519000
1506 1.521000
1511 1.523000
1516 1.525000
1521 1.527000
1526 1.529000
1531 1.531000
1536 1.553000
1541 1.555000
1546 1.557000
1551 1.559000
1556 1.561000
1561 1.563000
1566 1.565000
1571 1.567000
1576 1.569000
1581 1.571000
1586 1.593000
1591 1.595000
1596 1.597000
1601 1.599000
1606 1.601000
1611 1.603000
1616 1.605000
1621 1.607000
1626 1.609000
1631 1.611000
1636 1.629000
1641 1.631000
1646 1.633000
1651 1.655000
1656 1.657000
1661 1.659000
1666 1.661000
1671 1.663000
1676 1.665000
1681 1.667000
1686 1.669000
1691 1.671000
1696 1.673000
1701 1.675000
1706 1.677000
1711 1.679000
1716 1.681000
1726 1.683000
1721 1.711000
1731 1.713000
1736 1.715000
1741 1.717000
1746 1.719000
1751 1.721000
1756 1.723000
1761 1.725000
1766 1.727000
1771 1.729000
1776 1.731000
1781 1.733000
1786 1.735000
1791 1.757000
1796 1.759000
1801 1.761000
1806 1.763000
1811 1.765000
1816 1.767000
1821 1.769000
1826 1.771000
1831 1.773000
1836 1.775000
1841 1.797000
1846 1.799000
1851 1.801000
1856 1.803000
1861 1.805000
1866 1.807000
1871 1.809000
1876 1.811000
1881 1.813000
1886 1.815000
1891 1.841000
1896 1.843000
1901 1.857000
1906 1.859000
1911 1.861000
1916 1.863000
1921 1.865000
1926 1.867000
1931 1.869000
1936 1.871000
1941 1.873000
1946 1.875000
1951 1.877000
1956 1.879000
1961 1.881000
1966 1.883000
1976 1.885000
1971 1.911000
1981 1.913000
1986 1.915000
1991 1.917000
1996 1.919000
2001 1.921000
2006 1.923000
2011 1.925000
2016 1.927000
2021 1.929000
2026 1.931000
2031 1.933000
2036 1.935000
2041 1.957000
2046 1.959000
2051 1.961000
2056 1.963000
2061 1.965000
2066 1.967000
2071 1.969000
2076 1.971000
2081 1.973000
2086 1.975000
2091 1.997000
2096 1.999000
2101 2.001000
2106 2.003000
2111 2.005000
2116 2.007000
2121 2.009000
2126 2.011000
2131 2.013000
2136 2.035000
2141 2.037000
2146 2.039000
2151 2.057000
2156 2.059000
2161 2.061000
2166 2.063000
2171 2.065000
2176 2.067000
2181 2.069000
2186 2.071000
2191 2.073000
2196 2.075000
2201 2.077000
2206 2.079000
2211 2.081000
2216 2.083000
2226 2.085000
2221 2.113000
2231 2.115000
2236 2.117000
2241 2.119000
2246 2.121000
2251 2.123000
2256 2.125000
2261 2.127000
2266 2.129000
2271 2.131000
2276 2.133000
2281 2.135000
2286 2.137000
2291 2.159000
2296 2.161000
2301 2.163000
2306 2.165000
2311 2.167000
2316 2.169000
2321 2.171000
2326 2.173000
2331 2.175000
2336 2.177000
2341 2.199000
2346 2.201000
2351 2.203000
2356 2.205000
2361 2.207000
2366 2.209000
2371 2.211000
2376 2.213000
2381 2.215000
2386 2.217000
2391 2.243000
2396 2.245000
2401 2.259000
2406 2.261000
2411 2.263000
2416 2.265000
2421 2.267000
2426 2.269000
2431 2.271000
2436 2.273000
2441 2.275000
2446 2.277000
2451 2.279000
2456 2.281000
2461 2.283000
2466 2.285000
2476 2.287000
2471 2.313000
2481 2.315000
2486 2.317000
2491 2.319000
2496 2.321000
2501 2.323000
2506 2.325000
2511 2.327000
2516 2.329000
2521 2.331000
2526 2.333000
2531 2.335000
2536 2.337000
2541 2.359000
2546 2.361000
2551 2.363000
2556 2.365000
2561 2.367000
2566 2.369000
2571 2.371000
2576 2.373000
2581 2.375000
2586 2.377000
2591 2.399000
2596 2.401000
2601 2.403000
2606 2.405000
2611 2.407000
2616 2.409000
2621 2.411000
2626 2.413000
2631 2.415000
2636 2.417000
2641 2.443000
2646 2.445000
2651 2.459000
2656 2.461000
2661 2.463000
2666 2.465000
2671 2.467000
2676 2.469000
2681 2.471000
2686 2.473000
2691 2.475000
2696 2.477000
2701 2.479000
2706 2.481000
2711 2.483000
2716 2.485000
2726 2.487000
2721 2.515000
2731 2.517000
2736 2.519000
2741 2.521000
2746 2.523000
2751 2.525000
2756 2.527000
2761 2.529000
2766 2.531000
2771 2.533000
2776 2.535000
2781 2.537000
2786 2.539000
2791 2.569000
2796 2.571000
2801 2.573000
2806 2.575000
2811 2.577000
2816 2.579000
2821 2.581000
2826 2.583000
2831 2.585000
2836 2.587000
2841 2.589000
2846 2.591000
2851 2.593000
2856 2.595000
2861 2.597000
2866 2.627000
2871 2.629000
2876 2.631000
2881 2.633000
2886 2.635000
2891 2.637000
2896 2.639000
2901 2.665000
2906 2.667000
2911 2.669000
2916 2.671000
2921 2.673000
2926 2.675000
2931 2.677000
2936 2.679000
2941 2.681000
2946 2.683000
2951 2.685000
2956 2.687000
2961 2.689000
2966 2.691000
2971 2.693000
2976 2.695000
2981 2.697000
2986 2.699000
2991 2.729000
2996 2.731000
3001 2.733000
3006 2.735000
3011 2.737000
3016 2.739000
3021 2.741000
3026 2.743000
3031 2.745000
3036 2.747000
3041 2.749000
3046 2.751000
3051 2.753000
3056 2.755000
3061 2.757000
3066 2.787000
3071 2.789000
3076 2.791000
3081 2.793000
3086 2.795000
3091 2.797000
3096 2.799000
3101 2.801000
3106 2.803000
3111 2.805000
3116 2.807000
3121 2.809000
3126 2.811000
3131 2.813000
3136 2.843000
3141 2.845000
3146 2.847000
3151 2.865000
3156 2.867000
3161 2.869000
3166 2.871000
3171 2.873000
3176 2.875000
3181 2.877000
3186 2.879000
3191 2.881000
3196 2.883000
3201 2.885000
3206 2.887000
3211 2.889000
3216 2.891000
3221 2.893000
3226 2.895000
3231 2.897000
3236 2.899000
3241 2.931000
3246 2.933000
3251 2.935000
3256 2.937000
3261 2.939000
3266 2.941000
3271 2.943000
3276 2.945000
3281 2.947000
3286 2.949000
3291 2.951000
3296 2.953000
3301 2.955000
3306 2.957000
3311 2.959000
3316 2.989000
3321 2.991000
3326 2.993000
3331 2.995000
3336 2.997000
3341 2.999000
3346 3.001000
3351 3.003000
3356 3.005000
3361 3.007000
3366 3.009000
3371 3.011000
3376 3.013000
3381 3.015000
3386 3.017000
3391 3.051000
3396 3.053000
3401 3.067000
3406 3.069000
3411 3.071000
3416 3.073000
3421 3.075000
3426 3.077000
3431 3.079000
3436 3.081000
3441 3.083000
3446 3.085000
3451 3.087000
3456 3.089000
3461 3.091000
3466 3.093000
3471 3.095000
3476 3.097000
3481 3.099000
3486 3.101000
3491 3.103000
3501 3.105000
3496 3.135000
3506 3.137000
3511 3.139000
3516 3.141000
3521 3.143000
3526 3.145000
3531 3.147000
3536 3.149000
3541 3.151000
3546 3.153000
3551 3.155000
3556 3.157000
3561 3.159000
3566 3.189000
3571 3.191000
3576 3.193000
3581 3.195000
3586 3.197000
3591 3.199000
3596 3.201000
3601 3.203000
3606 3.205000
3611 3.207000
3616 3.209000
3621 3.211000
3626 3.213000
3631 3.215000
3636 3.217000
3641 3.251000
3646 3.253000
3651 3.267000
3656 3.269000
3661 3.271000
3666 3.273000
3671 3.275000
3676 3.277000
3681 3.279000
3686 3.281000
3691 3.283000
3696 3.285000
3701 3.287000
3706 3.289000
3711 3.291000
3716 3.293000
3721 3.295000
3726 3.297000
3731 3.299000
3736 3.301000
3741 3.303000
3751 3.305000
3746 3.345000
3756 3.347000
3761 3.349000
3766 3.351000
3771 3.353000
3776 3.355000
3781 3.357000
3786 3.359000
3791 3.361000
3796 3.363000
3801 3.365000
3806 3.367000
3811 3.369000
3816 3.371000
3821 3.373000
3826 3.375000
3831 3.377000
3836 3.379000
3841 3.413000
3846 3.415000
3851 3.417000
3856 3.419000
3861 3.421000
3866 3.423000
3871 3.425000
3876 3.427000
3881 3.429000
3886 3.431000
3891 3.433000
3896 3.435000
3901 3.473000
3906 3.475000
3911 3.477000
3916 3.479000
3921 3.481000
3926 3.483000
3931 3.485000
3936 3.487000
3941 3.489000
3946 3.491000
3951 3.493000
3956 3.495000
3961 3.497000
3966 3.499000
3971 3.501000
3976 3.503000
3981 3.505000
3986 3.507000
3991 3.509000
3996 3.511000
4001 3.513000
4006 3.515000
4011 3.517000
4016 3.555000
4021 3.557000
4026 3.559000
4031 3.561000
4036 3.563000
4041 3.565000
4046 3.567000
4051 3.569000
4056 3.571000
4061 3.573000
4066 3.575000
4071 3.577000
4076 3.579000
4081 3.581000
4086 3.583000
4091 3.585000
4101 3.587000
4096 3.621000
4106 3.623000
4111 3.625000
4116 3.627000
4121 3.629000
4126 3.631000
4131 3.633000
4136 3.635000
4141 3.637000
4146 3.639000
4151 3.673000
4156 3.675000
4161 3.677000
4166 3.679000
4171 3.681000
4176 3.683000
4181 3.685000
4186 3.687000
4191 3.689000
4196 3.691000
4201 3.693000
4206 3.695000
4211 3.697000
4216 3.699000
4221 3.701000
4226 3.703000
4231 3.705000
4236 3.707000
4241 3.709000
4246 3.711000
4251 3.713000
4256 3.715000
4261 3.717000
4266 3.757000
4271 3.759000
4276 3.761000
4281 3.763000
4286 3.765000
4291 3.767000
4296 3.769000
4301 3.771000
4306 3.773000
4311 3.775000
4316 3.777000
4321 3.779000
4326 3.781000
4331 3.783000
4336 3.785000
4341 3.787000
4346 3.789000
4351 3.791000
4356 3.793000
4361 3.835000
4366 3.837000
4371 3.839000
4376 3.841000
4381 3.843000
4386 3.845000
4391 3.847000
4396 3.849000
4401 3.875000
4406 3.877000
4411 3.879000
4416 3.881000
4421 3.883000
4426 3.885000
4431 3.887000
4436 3.889000
4441 3.891000
4446 3.893000
4451 3.895000
4456 3.897000
4461 3.899000
4466 3.901000
4471 3.903000
4476 3.905000
4481 3.907000
4486 3.909000
4491 3.911000
4496 3.913000
4501 3.915000
4506 3.917000
4511 3.919000
4516 3.957000
4521 3.959000
4526 3.961000
4531 3.963000
4536 3.965000
4541 3.967000
4546 3.969000
4551 3.971000
4556 3.973000
4561 3.975000
4566 3.977000
4571 3.979000
4576 3.981000
4581 3.983000
4586 3.985000
4591 3.987000
4596 3.989000
4601 3.991000
4606 3.993000
4611 4.035000
4616 4.037000
4621 4.039000
4626 4.041000
4631 4.043000
4636 4.045000
4641 4.047000
4646 4.049000
4651 4.075000
4656 4.077000
4661 4.079000
4666 4.081000
4671 4.083000
4676 4.085000
4681 4.087000
4686 4.089000
4691 4.091000
4696 4.093000
4701 4.095000
4706 4.097000
4711 4.099000
4716 4.101000
4721 4.103000
4726 4.105000
4731 4.107000
4736 4.109000
4741 4.111000
4746 4.113000
4751 4.115000
4756 4.117000
4761 4.119000
4766 4.159000
4771 4.161000
4776 4.163000
4781 4.165000
4786 4.167000
4791 4.169000
4796 4.171000
4801 4.173000
4806 4.175000
4811 4.177000
4816 4.179000
4821 4.181000
4826 4.183000
4831 4.185000
4836 4.187000
4841 4.189000
4846 4.191000
4851 4.193000
4856 4.195000
4861 4.197000
4866 4.239000
4871 4.241000
4876 4.243000
4881 4.245000
4886 4.247000
4891 4.249000
4896 4.251000
4901 4.281000
4906 4.283000
4911 4.285000
4916 4.287000
4921 4.289000
4926 4.291000
4931 4.293000
4936 4.295000
4941 4.297000
4946 4.299000
4951 4.301000
4956 4.303000
4961 4.305000
4966 4.307000
4971 4.309000
4976 4.311000
4981 4.313000
4986 4.315000
4991 4.317000
4996 4.319000
5001 4.321000
5006 4.323000
5011 4.325000
5016 4.327000
5021 4.329000
5026 4.331000
5031 4.333000
5036 4.379000
5041 4.381000
5046 4.383000
5051 4.385000
5056 4.387000
5061 4.389000
5066 4.391000
5071 4.393000
5076 4.395000
5081 4.397000
5086 4.399000
5091 4.401000
5096 4.403000
5101 4.405000
5106 4.407000
5111 4.409000
5116 4.411000
5121 4.413000
5126 4.415000
5131 4.417000
5136 4.419000
5141 4.465000
5146 4.467000
5151 4.481000
5156 4.483000
5161 4.485000
5166 4.487000
5171 4.489000
5176 4.491000
5181 4.493000
5186 4.495000
5191 4.497000
5196 4.499000
5201 4.501000
5206 4.503000
5211 4.505000
5216 4.507000
5221 4.509000
5226 4.511000
5231 4.513000
5236 4.515000
5241 4.517000
5246 4.519000
5251 4.521000
5256 4.523000
5261 4.525000
5266 4.527000
5271 4.529000
5276 4.531000
5281 4.533000
5286 4.585000
5291 4.587000
5296 4.589000
5301 4.591000
5306 4.593000
5311 4.595000
5316 4.597000
5321 4.599000
5326 4.601000
5331 4.603000
5336 4.605000
5341 4.607000
5346 4.609000
5351 4.611000
5356 4.613000
5361 4.615000
5366 4.617000
5371 4.619000
5376 4.621000
5381 4.623000
5386 4.625000
5391 4.627000
5396 4.629000
5401 4.683000
5406 4.685000
5411 4.687000
5416 4.689000
5421 4.691000
5426 4.693000
5431 4.695000
5436 4.697000
5441 4.699000
5446 4.701000
5451 4.703000
5456 4.705000
5461 4.707000
5466 4.709000
5471 4.711000
5476 4.713000
5481 4.715000
5486 4.717000
5491 4.719000
5496 4.721000
5501 4.723000
5506 4.725000
5511 4.727000
5516 4.729000
5521 4.731000
5526 4.733000
5531 4.735000
5536 4.737000
5541 4.787000
5546 4.789000
5551 4.791000
5556 4.793000
5561 4.795000
5566 4.797000
5571 4.799000
5576 4.801000
5581 4.803000
5586 4.805000
5591 4.807000
5596 4.809000
5601 4.811000
5606 4.813000
5611 4.815000
5616 4.817000
5621 4.819000
5626 4.821000
5631 4.823000
5636 4.825000
5641 4.827000
5646 4.829000
5651 4.883000
5656 4.885000
5661 4.887000
5666 4.889000
5671 4.891000
5676 4.893000
5681 4.895000
5686 4.897000
5691 4.899000
5696 4.901000
5701 4.903000
5706 4.905000
5711 4.907000
5716 4.909000
5721 4.911000
5726 4.913000
5731 4.915000
5736 4.917000
5741 4.919000
5746 4.921000
5751 4.923000
5756 4.925000
5761 4.927000
5766 4.929000
5771 4.931000
5776 4.933000
5781 4.935000
5786 4.937000
5791 4.989000
5796 4.991000
5801 4.993000
5806 4.995000
5811 4.997000
5816 4.999000
5821 5.001000
5826 5.003000
5831 5.005000
5836 5.007000
5841 5.009000
5846 5.011000
5851 5.013000
5856 5.015000
5861 5.017000
5866 5.019000
5871 5.021000
5876 5.023000
5881 5.025000
5886 5.027000
5891 5.029000
5896 5.031000
5901 5.089000
5906 5.091000
5911 5.093000
5916 5.095000
5921 5.097000
5926 5.099000
5931 5.101000
5936 5.103000
5941 5.105000
5946 5.107000
5951 5.109000
5956 5.111000
5971 5.113000
5976 5.115000
5981 5.117000
5986 5.119000
5991 5.121000
5996 5.123000
6001 5.125000
6006 5.127000
6011 5.129000
6016 5.131000
6021 5.133000
6026 5.135000
6031 5.137000
6036 5.139000
6041 5.141000
6046 5.187000
6051 5.189000
6056 5.191000
6061 5.193000
6066 5.195000
6071 5.197000
6076 5.199000
6081 5.201000
6086 5.203000
6091 5.205000
6096 5.207000
6101 5.209000
6106 5.211000
6111 5.213000
6116 5.215000
6121 5.217000
6126 5.219000
6131 5.221000
6136 5.223000
6141 5.225000
6146 5.227000
6151 5.273000
6156 5.275000
6161 5.289000
6166 5.291000
6171 5.293000
6176 5.295000
6181 5.297000
6186 5.299000
6191 5.301000
6196 5.303000
6201 5.305000
6206 5.307000
6211 5.309000
6216 5.311000
6221 5.313000
6226 5.315000
6231 5.317000
6236 5.319000
6241 5.321000
6246 5.323000
6251 5.325000
6256 5.327000
6261 5.329000
6266 5.331000
6271 5.333000
6276 5.335000
6281 5.337000
6286 5.339000
6291 5.341000
6296 5.393000
6301 5.395000
6306 5.397000
6311 5.399000
6316 5.401000
6321 5.403000
6326 5.405000
6331 5.407000
6336 5.409000
6341 5.411000
6346 5.413000
6351 5.415000
6356 5.417000
6361 5.419000
6366 5.421000
6371 5.423000
6376 5.425000
6381 5.427000
6386 5.429000
6391 5.431000
6396 5.433000
6401 5.435000
6406 5.437000
6411 5.491000
6416 5.493000
6421 5.495000
6426 5.497000
6431 5.499000
6436 5.501000
6441 5.503000
6446 5.505000
6451 5.507000
6456 5.509000
6461 5.511000
6466 5.513000
6471 5.515000
6476 5.517000
6481 5.519000
6486 5.521000
6491 5.523000
6496 5.525000
6501 5.527000
6506 5.529000
6511 5.531000
6516 5.533000
6521 5.535000
6526 5.537000
6531 5.539000
6536 5.541000
6541 5.543000
6546 5.545000
6551 5.595000
6556 5.597000
6561 5.599000
6566 5.601000
6571 5.603000
6576 5.605000
6581 5.607000
6586 5.609000
6591 5.611000
6596 5.613000
6601 5.615000
6606 5.617000
6611 5.619000
6616 5.621000
6621 5.623000
6626 5.625000
6631 5.627000
6636 5.629000
6641 5.631000
6646 5.633000
6651 5.635000
6656 5.637000
6661 5.691000
6666 5.693000
6671 5.695000
6676 5.697000
6681 5.699000
6686 5.701000
6691 5.703000
6696 5.705000
6701 5.707000
6706 5.709000
6711 5.711000
6716 5.713000
6721 5.715000
6726 5.717000
6731 5.719000
6736 5.721000
6741 5.723000
6746 5.725000
6751 5.727000
6756 5.729000
6761 5.731000
6766 5.733000
6771 5.735000
6776 5.737000
6781 5.739000
6786 5.741000
6791 5.743000
6796 5.745000
6801 5.797000
6806 5.799000
6811 5.801000
6816 5.803000
6821 5.805000
6826 5.807000
6831 5.809000
6836 5.811000
6841 5.813000
6846 5.815000
6851 5.817000
6856 5.819000
6861 5.821000
6866 5.823000
6871 5.825000
6876 5.827000
6881 5.829000
6886 5.831000
6891 5.833000
6896 5.835000
6901 5.837000
6906 5.839000
6911 5.897000
6916 5.899000
6921 5.901000
6926 5.903000
6931 5.905000
6936 5.907000
6941 5.909000
6946 5.911000
6951 5.913000
6956 5.915000
6961 5.917000
6966 5.919000
6981 5.921000
6986 5.923000
6991 5.925000
6996 5.927000
7001 5.929000
7006 5.931000
7011 5.933000
7016 5.935000
7021 5.937000
7026 5.939000
7031 5.941000
7036 5.943000
7041 5.945000
7046 5.947000
7051 5.949000
7056 5.995000
7061 5.997000
7066 5.999000
7071 6.001000
7076 6.003000
7081 6.005000
7086 6.007000
7091 6.009000
7096 6.011000
7101 6.013000
7106 6.015000
7111 6.017000
7116 6.019000
7121 6.021000
7126 6.023000
7131 6.025000
7136 6.027000
7141 6.029000
7146 6.031000
7151 6.033000
7156 6.035000
7161 6.081000
7166 6.083000
7171 6.097000
7176 6.099000
7181 6.101000
7186 6.103000
7191 6.105000
7196 6.107000
7201 6.109000
7206 6.111000
7211 6.113000
7216 6.115000
7221 6.117000
7226 6.119000
7231 6.121000
7236 6.123000
7241 6.125000
7246 6.127000
7251 6.129000
7256 6.131000
7261 6.133000
7266 6.135000
7271 6.137000
7276 6.139000
7281 6.141000
7286 6.143000
7291 6.145000
7296 6.147000
7301 6.149000
7306 6.201000
7311 6.203000
7316 6.205000
7321 6.207000
7326 6.209000
7331 6.211000
7336 6.213000
7341 6.215000
7346 6.217000
7351 6.219000
7356 6.221000
7361 6.223000
7366 6.225000
7371 6.227000
7376 6.229000
7381 6.231000
7386 6.233000
7391 6.235000
7396 6.237000
7401 6.239000
7406 6.241000
7411 6.243000
7416 6.245000
7421 6.299000
7426 6.301000
7431 6.303000
7436 6.305000
7441 6.307000
7446 6.309000
7451 6.311000
7456 6.313000
7461 6.315000
7466 6.317000
7471 6.319000
7476 6.321000
7481 6.323000
7486 6.325000
7491 6.327000
7496 6.329000
7501 6.331000
7506 6.333000
7511 6.335000
7516 6.337000
7521 6.339000
7526 6.341000
7531 6.343000
7536 6.345000
7541 6.347000
7546 6.349000
7551 6.351000
7556 6.353000
7561 6.403000
7566 6.405000
7571 6.407000
7576 6.409000
7581 6.411000
7586 6.413000
7591 6.415000
7596 6.417000
7601 6.419000
7606 6.421000
7611 6.423000
7616 6.425000
7621 6.427000
7626 6.429000
7631 6.431000
7636 6.433000
7641 6.435000
7646 6.437000
7651 6.439000
7656 6.441000
7661 6.443000
7666 6.445000
7671 6.499000
7676 6.501000
7681 6.503000
7686 6.505000
7691 6.507000
7696 6.509000
7701 6.511000
7706 6.513000
7711 6.515000
7716 6.517000
7721 6.519000
7726 6.521000
7731 6.523000
7736 6.525000
7741 6.527000
7746 6.529000
7751 6.531000
7756 6.533000
7761 6.535000
7766 6.537000
7771 6.539000
7776 6.541000
7781 6.543000
7786 6.545000
7791 6.547000
7796 6.549000
7801 6.551000
7806 6.553000
7811 6.605000
7816 6.607000
7821 6.609000
7826 6.611000
7831 6.613000
7836 6.615000
7841 6.617000
7846 6.619000
7851 6.621000
7856 6.623000
7861 6.625000
7866 6.627000
7871 6.629000
7876 6.631000
7881 6.633000
7886 6.635000
7891 6.637000
7896 6.639000
7901 6.641000
7906 6.643000
7911 6.645000
7916 6.647000
7921 6.705000
7926 6.707000
7931 6.709000
7936 6.711000
7941 6.713000
7946 6.715000
7951 6.717000
7956 6.719000
7961 6.721000
7966 6.723000
7971 6.725000
7976 6.727000
7991 6.729000
7996 6.731000
8001 6.733000
8006 6.735000
8011 6.737000
8016 6.739000
8021 6.741000
8026 6.743000
8031 6.745000
8036 6.747000
8041 6.749000
8046 6.751000
8051 6.753000
8056 6.755000
8061 6.757000
8066 6.803000
8071 6.805000
8076 6.807000
8081 6.809000
8086 6.811000
8091 6.813000
8096 6.815000
8101 6.817000
8106 6.819000
8111 6.821000
8116 6.823000
8121 6.825000
8126 6.827000
8131 6.829000
8136 6.831000
8141 6.833000
8146 6.835000
8151 6.837000
8156 6.839000
8161 6.841000
8166 6.843000
8171 6.889000
8176 6.891000
8181 6.905000
8186 6.907000
8191 6.909000
8196 6.911000
8201 6.913000
8206 6.915000
8211 6.917000
8216 6.919000
8221 6.921000
8226 6.923000
8231 6.925000
8236 6.927000
8241 6.929000
8246 6.931000
8251 6.933000
8256 6.935000
8261 6.937000
8266 6.939000
8271 6.941000
8276 6.943000
8281 6.945000
8286 6.947000
8291 6.949000
8296 6.951000
8301 6.953000
8306 6.955000
8311 6.957000
8316 7.009000
8321 7.011000
8326 7.013000
8331 7.015000
8336 7.017000
8341 7.019000
8346 7.021000
8351 7.023000
8356 7.025000
8361 7.027000
8366 7.029000
8371 7.031000
8376 7.033000
8381 7.035000
8386 7.037000
8391 7.039000
8396 7.041000
8401 7.043000
8406 7.045000
8411 7.047000
8416 7.049000
8421 7.051000
8426 7.053000
8431 7.107000
8436 7.109000
8441 7.111000
8446 7.113000
8451 7.115000
8456 7.117000
8461 7.119000
8466 7.121000
8471 7.123000
8476 7.125000
8481 7.127000
8486 7.129000
8491 7.131000
8496 7.133000
8501 7.135000
8506 7.137000
8511 7.139000
8516 7.141000
8521 7.143000
8526 7.145000
8531 7.147000
8536 7.149000
8541 7.151000
8546 7.153000
8551 7.155000
8556 7.157000
8561 7.159000
8566 7.161000
8571 7.211000
8576 7.213000
8581 7.215000
8586 7.217000
8591 7.219000
8596 7.221000
8601 7.223000
8606 7.225000
8611 7.227000
8616 7.229000
8621 7.231000
8626 7.233000
8631 7.235000
8636 7.237000
8641 7.239000
8646 7.241000
8651 7.243000
8656 7.245000
8661 7.247000
8666 7.249000
8671 7.251000
8676 7.253000
8681 7.307000
8686 7.309000
8691 7.311000
8696 7.313000
8701 7.315000
8706 7.317000
8711 7.319000
8716 7.321000
8721 7.323000
8726 7.325000
8731 7.327000
8736 7.329000
8741 7.331000
8746 7.333000
8751 7.335000
8756 7.337000
8761 7.339000
8766 7.341000
8771 7.343000
8776 7.345000
8781 7.347000
8786 7.349000
8791 7.351000
8796 7.353000
8801 7.355000
8806 7.357000
8811 7.359000
8816 7.361000
8821 7.413000
8826 7.415000
8831 7.417000
8836 7.419000
8841 7.421000
8846 7.423000
8851 7.425000
8856 7.427000
8861 7.429000
8866 7.431000
8871 7.433000
8876 7.435000
8881 7.437000
8886 7.439000
8891 7.441000
8896 7.443000
8901 7.445000
8906 7.447000
8911 7.449000
8916 7.451000
8921 7.453000
8926 7.455000
8931 7.513000
8936 7.515000
8941 7.517000
8946 7.519000
8951 7.521000
8956 7.523000
8961 7.525000
8966 7.527000
8971 7.529000
8976 7.531000
8981 7.533000
8986 7.535000
9001 7.537000
9006 7.539000
9011 7.541000
9016 7.543000
9021 7.545000
9026 7.547000
9031 7.549000
9036 7.551000
9041 7.553000
9046 7.555000
9051 7.557000
9056 7.559000
9061 7.561000
9066 7.563000
9071 7.565000
9076 7.611000
9081 7.613000
9086 7.615000
9091 7.617000
9096 7.619000
9101 7.621000
9106 7.623000
9111 7.625000
9116 7.627000
9121 7.629000
9126 7.631000
9131 7.633000
9136 7.635000
9141 7.637000
9146 7.639000
9151 7.641000
9156 7.643000
9161 7.645000
9166 7.647000
9171 7.649000
9176 7.651000
9181 7.697000
9186 7.699000
9191 7.713000
9196 7.715000
9201 7.717000
9206 7.719000
9211 7.721000
9216 7.723000
9221 7.725000
9226 7.727000
9231 7.729000
9236 7.731000
9241 7.733000
9246 7.735000
9251 7.737000
9256 7.739000
9261 7.741000
9266 7.743000
9271 7.745000
9276 7.747000
9281 7.749000
9286 7.751000
9291 7.753000
9296 7.755000
9301 7.757000
9306 7.759000
9311 7.761000
9316 7.763000
9321 7.765000
9326 7.817000
9331 7.819000
9336 7.821000
9341 7.823000
9346 7.825000
9351 7.827000
9356 7.829000
9361 7.831000
9366 7.833000
9371 7.835000
9376 7.837000
9381 7.839000
9386 7.841000
9391 7.843000
9396 7.845000
9401 7.847000
9406 7.849000
9411 7.851000
9416 7.853000
9421 7.855000
9426 7.857000
9431 7.859000
9436 7.861000
9441 7.915000
9446 7.917000
9451 7.919000
9456 7.921000
9461 7.923000
9466 7.925000
9471 7.927000
9476 7.929000
9481 7.931000
9486 7.933000
9491 7.935000
9496 7.937000
9501 7.939000
9506 7.941000
9511 7.943000
9516 7.945000
9521 7.947000
9526 7.949000
9531 7.951000
9536 7.953000
9541 7.955000
9546 7.957000
9551 7.959000
9556 7.961000
9561 7.963000
9566 7.965000
9571 7.967000
9576 7.969000
9581 8.019000
9586 8.021000
9591 8.023000
9596 8.025000
9601 8.027000
9606 8.029000
9611 8.031000
9616 8.033000
9621 8.035000
9626 8.037000
9631 8.039000
9636 8.041000
9641 8.043000
9646 8.045000
9651 8.047000
9656 8.049000
9661 8.051000
9666 8.053000
9671 8.055000
9676 8.057000
9681 8.059000
9686 8.061000
9691 8.115000
9696 8.117000
9701 8.119000
9706 8.121000
9711 8.123000
9716 8.125000
9721 8.127000
9726 8.129000
9731 8.131000
9736 8.133000
9741 8.135000
9746 8.137000
9751 8.139000
9756 8.141000
9761 8.143000
9766 8.145000
9771 8.147000
9776 8.149000
9781 8.151000
9786 8.153000
9791 8.155000
9796 8.157000
9801 8.159000
9806 8.161000
9811 8.163000
9816 8.165000
9821 8.167000
9826 8.169000
9831 8.221000
9836 8.223000
9841 8.225000
9846 8.227000
9851 8.229000
9856 8.231000
9861 8.233000
9866 8.235000
9871 8.237000
9876 8.239000
9881 8.241000
9886 8.243000
9891 8.245000
9896 8.247000
9901 8.249000
9906 8.251000
9911 8.253000
9916 8.255000
9921 8.257000
9926 8.259000
9931 8.261000
9936 8.263000
9941 8.321000
9946 8.323000
9951 8.325000
9956 8.327000
9961 8.329000
9966 8.331000
9971 8.333000
9976 8.335000
9981 8.337000
9986 8.339000
9991 8.341000
9996 8.343000
10011 8.345000
10016 8.347000
10021 8.349000
10026 8.351000
10031 8.353000
10036 8.355000
10041 8.357000
10046 8.359000
10051 8.361000
10056 8.363000
10061 8.365000
10066 8.367000
10071 8.369000
10076 8.371000
10081 8.373000
10086 8.419000
10091 8.421000
10096 8.423000
10101 8.425000
10106 8.427000
10111 8.429000
10116 8.431000
10121 8.433000
10126 8.435000
10131 8.437000
10136 8.439000
10141 8.441000
10146 8.443000
10151 8.445000
10156 8.447000
10161 8.449000
10166 8.451000
10171 8.453000
10176 8.455000
10181 8.457000
10186 8.459000
10191 8.505000
10196 8.507000
10201 8.521000
10206 8.523000
10211 8.525000
10216 8.527000
10221 8.529000
10226 8.531000
10231 8.533000
10236 8.535000
10241 8.537000
10246 8.539000
10251 8.541000
10256 8.543000
10261 8.545000
10266 8.547000
10271 8.549000
10276 8.551000
10281 8.553000
10286 8.555000
10291 8.557000
10296 8.559000
10301 8.561000
10306 8.563000
10311 8.565000
10316 8.567000
10321 8.569000
10326 8.571000
10331 8.573000
10336 8.575000
10341 8.627000
10346 8.629000
10351 8.631000
10356 8.633000
10361 8.635000
10366 8.637000
10371 8.639000
10376 8.641000
10381 8.643000
10386 8.645000
10391 8.647000
10396 8.649000
10401 8.651000
10406 8.653000
10411 8.655000
10416 8.657000
10421 8.659000
10426 8.661000
10431 8.663000
10436 8.665000
10441 8.667000
10446 8.669000
10451 8.723000
10456 8.725000
10461 8.727000
10466 8.729000
10471 8.731000
10476 8.733000
10481 8.735000
10486 8.737000
10491 8.739000
10496 8.741000
10501 8.743000
10506 8.745000
10516 8.747000
10521 8.749000
10526 8.751000
10531 8.753000
10536 8.755000
10541 8.757000
10546 8.759000
10551 8.761000
10556 8.763000
10561 8.765000
10566 8.767000
10571 8.769000
10576 8.771000
10581 8.773000
10586 8.775000
10591 8.825000
10596 8.827000
10601 8.829000
10606 8.831000
10611 8.833000
10616 8.835000
10621 8.837000
10626 8.839000
10631 8.841000
10636 8.843000
10641 8.845000
10646 8.847000
10651 8.849000
10656 8.851000
10661 8.853000
10666 8.855000
10671 8.857000
10676 8.859000
10681 8.861000
10686 8.863000
10691 8.865000
10696 8.867000
10701 8.909000
10706 8.923000
10711 8.925000
10716 8.927000
10721 8.929000
10726 8.931000
10731 8.933000
10736 8.935000
10741 8.937000
10746 8.939000
10751 8.941000
10756 8.943000
10761 8.945000
10766 8.947000
10771 8.949000
10776 8.951000
10781 8.953000
10786 8.955000
10791 8.957000
10796 8.959000
10801 8.961000
10806 8.963000
10811 8.965000
10816 8.967000
10821 8.969000
10826 8.971000
10831 8.973000
10836 8.975000
10841 9.027000
10846 9.029000
10851 9.031000
10856 9.033000
10861 9.035000
10866 9.037000
10871 9.039000
10876 9.041000
10881 9.043000
10886 9.045000
10891 9.047000
10896 9.049000
10901 9.051000
10906 9.053000
10911 9.055000
10916 9.057000
10921 9.059000
10926 9.061000
10931 9.063000
10936 9.065000
10941 9.067000
10946 9.069000
10951 9.071000
10956 9.129000
10961 9.131000
10966 9.133000
10971 9.135000
10976 9.137000
10981 9.139000
10986 9.141000
10991 9.143000
10996 9.145000
11001 9.147000
11006 9.149000
11011 9.151000
11021 9.153000
11026 9.155000
11031 9.157000
11036 9.159000
11041 9.161000
11046 9.163000
11051 9.165000
11056 9.167000
11061 9.169000
11066 9.171000
11071 9.173000
11076 9.175000
11081 9.177000
11086 9.179000
11091 9.181000
11096 9.183000
11101 9.233000
11106 9.235000
11111 9.237000
11116 9.239000
11121 9.241000
11126 9.243000
11131 9.245000
11136 9.247000
11141 9.249000
11146 9.251000
11151 9.253000
11156 9.255000
11161 9.257000
11166 9.259000
11171 9.261000
11176 9.263000
11181 9.265000
11186 9.267000
11191 9.269000
11196 9.271000
11201 9.273000
11206 9.275000
11211 9.329000
11216 9.331000
11221 9.333000
11226 9.335000
11231 9.337000
11236 9.339000
11241 9.341000
11246 9.343000
11251 9.345000
11256 9.347000
11261 9.349000
11266 9.351000
11271 9.353000
11276 9.355000
11281 9.357000
11286 9.359000
11291 9.361000
11296 9.363000
11301 9.365000
11306 9.367000
11311 9.369000
11316 9.371000
11321 9.373000
11326 9.375000
11331 9.377000
11336 9.379000
11341 9.381000
11346 9.383000
11351 9.435000
11356 9.437000
11361 9.439000
11366 9.441000
11371 9.443000
11376 9.445000
11381 9.447000
11386 9.449000
11391 9.451000
11396 9.453000
11401 9.455000
11406 9.457000
11411 9.459000
11416 9.461000
11421 9.463000
11426 9.465000
11431 9.467000
11436 9.469000
11441 9.471000
11446 9.473000
11451 9.475000
11456 9.477000
11461 9.535000
11466 9.537000
11471 9.539000
11476 9.541000
11481 9.543000
11486 9.545000
11491 9.547000
11496 9.549000
11501 9.551000
11506 9.553000
11511 9.555000
11516 9.557000
11531 9.559000
11536 9.561000
11541 9.563000
11546 9.565000
11551 9.567000
11556 9.569000
11561 9.571000
11566 9.573000
11571 9.575000
11576 9.577000
11581 9.579000
11586 9.581000
11591 9.583000
11596 9.585000
11601 9.587000
11606 9.633000
11611 9.635000
11616 9.637000
11621 9.639000
11626 9.641000
11631 9.643000
11636 9.645000
11641 9.647000
11646 9.649000
11651 9.651000
11656 9.653000
11661 9.655000
11666 9.657000
11671 9.659000
11676 9.661000
11681 9.663000
11686 9.665000
11691 9.667000
11696 9.669000
11701 9.671000
11706 9.673000
11711 9.719000
11716 9.721000
11721 9.735000
11726 9.737000
11731 9.739000
11736 9.741000
11741 9.743000
11746 9.745000
11751 9.747000
11756 9.749000
11761 9.751000
11766 9.753000
11771 9.755000
11776 9.757000
11781 9.759000
11786 9.761000
11791 9.763000
11796 9.765000
11801 9.767000
11806 9.769000
11811 9.771000
11816 9.773000
11821 9.775000
11826 9.777000
11831 9.779000
11836 9.781000
11841 9.783000
11846 9.785000
11851 9.787000
11856 9.839000
11861 9.841000
11866 9.843000
11871 9.845000
11876 9.847000
11881 9.849000
11886 9.851000
11891 9.853000
11896 9.855000
11901 9.857000
11906 9.859000
11911 9.861000
11916 9.863000
11921 9.865000
11926 9.867000
11931 9.869000
11936 9.871000
11941 9.873000
11946 9.875000
11951 9.877000
11956 9.879000
11961 9.881000
11966 9.883000
11971 9.937000
11976 9.939000
11981 9.941000
11986 9.943000
11991 9.945000
11996 9.947000
12001 9.949000
12006 9.951000
12011 9.953000
12016 9.955000
12021 9.957000
12026 9.959000
12031 9.961000
12036 9.963000
12041 9.965000
12046 9.967000
12051 9.969000
12056 9.971000
12061 9.973000
12066 9.975000
12071 9.977000
12076 9.979000
12081 9.981000
12086 9.983000
12091 9.985000
12096 9.987000
12101 9.989000
12106 9.991000
12111 10.041000
12116 10.043000
12121 10.045000
12126 10.047000
12131 10.049000
12136 10.051000
12141 10.053000
12146 10.055000
12151 10.057000
12156 10.059000
12161 10.061000
12166 10.063000
12171 10.065000
12176 10.067000
12181 10.069000
12186 10.071000
12191 10.073000
12196 10.075000
12201 10.077000
12206 10.079000
12211 10.081000
12216 10.083000
12221 10.137000
12226 10.139000
12231 10.141000
12236 10.143000
12241 10.145000
12246 10.147000
12251 10.149000
12256 10.151000
12261 10.153000
12266 10.155000
12271 10.157000
12276 10.159000
12281 10.161000
12286 10.163000
12291 10.165000
12296 10.167000
12301 10.169000
12306 10.171000
12311 10.173000
12316 10.175000
12321 10.177000
12326 10.179000
12331 10.181000
12336 10.183000
12341 10.185000
12346 10.187000
12351 10.189000
12356 10.191000
12361 10.243000
12366 10.245000
12371 10.247000
12376 10.249000
12381 10.251000
12386 10.253000
12391 10.255000
12396 10.257000
12401 10.259000
12406 10.261000
12411 10.263000
12416 10.265000
12421 10.267000
12426 10.269000
12431 10.271000
12436 10.273000
12441 10.275000
12446 10.277000
12451 10.279000
12456 10.281000
12461 10.283000
12466 10.285000
12471 10.343000
12476 10.345000
12481 10.347000
12486 10.349000
12491 10.351000
12496 10.353000
12501 10.355000
12506 10.357000
12511 10.359000
12516 10.361000
12521 10.363000
12526 10.365000
12541 10.367000
12546 10.369000
12551 10.371000
12556 10.373000
12561 10.375000
12566 10.377000
12571 10.379000
12576 10.381000
12581 10.383000
12586 10.385000
12591 10.387000
12596 10.389000
12601 10.391000
12606 10.393000
12611 10.395000
12616 10.441000
12621 10.443000
12626 10.445000
12631 10.447000
12636 10.449000
12641 10.451000
12646 10.453000
12651 10.455000
12656 10.457000
12661 10.459000
12666 10.461000
12671 10.463000
12676 10.465000
12681 10.467000
12686 10.469000
12691 10.471000
12696 10.473000
12701 10.475000
12706 10.477000
12711 10.479000
12716 10.481000
12721 10.527000
12726 10.529000
12731 10.543000
12736 10.545000
12741 10.547000
12746 10.549000
12751 10.551000
12756 10.553000
12761 10.555000
12766 10.557000
12771 10.559000
12776 10.561000
12781 10.563000
12786 10.565000
12791 10.567000
12796 10.569000
12801 10.571000
12806 10.573000
12811 10.575000
12816 10.577000
12821 10.579000
12826 10.581000
12831 10.583000
12836 10.585000
12841 10.587000
12846 10.589000
12851 10.591000
12856 10.593000
12861 10.595000
12866 10.647000
12871 10.649000
12876 10.651000
12881 10.653000
12886 10.655000
12891 10.657000
12896 10.659000
12901 10.661000
12906 10.663000
12911 10.665000
12916 10.667000
12921 10.669000
12926 10.671000
12931 10.673000
12936 10.675000
12941 10.677000
12946 10.679000
12951 10.681000
12956 10.683000
12961 10.685000
12966 10.687000
12971 10.689000
12976 10.691000
12981 10.745000
12986 10.747000
12991 10.749000
12996 10.751000
13001 10.753000
13006 10.755000
13011 10.757000
13016 10.759000
13021 10.761000
13026 10.763000
13031 10.765000
13036 10.767000
13041 10.769000
13046 10.771000
13051 10.773000
13056 10.775000
13061 10.777000
13066 10.779000
13071 10.781000
13076 10.783000
13081 10.785000
13086 10.787000
13091 10.789000
13096 10.791000
13101 10.793000
13106 10.795000
13111 10.797000
13116 10.799000
13121 10.849000
13126 10.851000
13131 10.853000
13136 10.855000
13141 10.857000
13146 10.859000
13151 10.861000
13156 10.863000
13161 10.865000
13166 10.867000
13171 10.869000
13176 10.871000
13181 10.873000
13186 10.875000
13191 10.877000
13196 10.879000
13201 10.881000
13206 10.883000
13211 10.885000
13216 10.887000
13221 10.889000
13226 10.891000
13231 10.945000
13236 10.947000
13241 10.949000
13246 10.951000
13251 10.953000
13256 10.955000
13261 10.957000
13266 10.959000
13271 10.961000
13276 10.963000
13281 10.965000
13286 10.967000
13291 10.969000
13296 10.971000
13301 10.973000
13306 10.975000
13311 10.977000
13316 10.979000
13321 10.981000
13326 10.983000
13331 10.985000
13336 10.987000
13341 10.989000
13346 10.991000
13351 10.993000
13356 10.995000
13361 10.997000
13366 10.999000
13371 11.051000
13376 11.053000
13381 11.055000
13386 11.057000
13391 11.059000
13396 11.061000
13401 11.063000
13406 11.065000
13411 11.067000
13416 11.069000
13421 11.071000
13426 11.073000
13431 11.075000
13436 11.077000
13441 11.079000
13446 11.081000
13451 11.083000
13456 11.085000
13461 11.087000
13466 11.089000
13471 11.091000
13476 11.093000
13481 11.151000
13486 11.153000
13491 11.155000
13496 11.157000
13501 11.159000
13506 11.161000
13511 11.163000
13516 11.165000
13521 11.167000
13526 11.169000
13531 11.171000
13536 11.173000
13551 11.175000
13556 11.177000
13561 11.179000
13566 11.181000
13571 11.183000
13576 11.185000
13581 11.187000
13586 11.189000
13591 11.191000
13596 11.193000
13601 11.195000
13606 11.197000
13611 11.199000
13616 11.201000
13621 11.203000
13626 11.249000
13631 11.251000
13636 11.253000
13641 11.255000
13646 11.257000
13651 11.259000
13656 11.261000
13661 11.263000
13666 11.265000
13671 11.267000
13676 11.269000
13681 11.271000
13686 11.273000
13691 11.275000
13696 11.277000
13701 11.279000
13706 11.281000
13711 11.283000
13716 11.285000
13721 11.287000
13726 11.289000
13731 11.335000
13736 11.337000
13741 11.351000
13746 11.353000
13751 11.355000
13756 11.357000
13761 11.359000
13766 11.361000
13771 11.363000
13776 11.365000
13781 11.367000
13786 11.369000
13791 11.371000
13796 11.373000
13801 11.375000
13806 11.377000
13811 11.379000
13816 11.381000
13821 11.383000
13826 11.385000
13831 11.387000
13836 11.389000
13841 11.391000
13846 11.393000
13851 11.395000
13856 11.397000
13861 11.399000
13866 11.401000
13871 11.403000
13876 11.455000
13881 11.457000
13886 11.459000
13891 11.461000
13896 11.463000
13901 11.465000
13906 11.467000
13911 11.469000
13916 11.471000
13921 11.473000
13926 11.475000
13931 11.477000
13936 11.479000
13941 11.481000
13946 11.483000
13951 11.485000
13956 11.487000
13961 11.489000
13966 11.491000
13971 11.493000
13976 11.495000
13981 11.497000
13986 11.499000
13991 11.553000
13996 11.555000
14001 11.557000
14006 11.559000
14011 11.561000
14016 11.563000
14021 11.565000
14026 11.567000
14031 11.569000
14036 11.571000
14041 11.573000
14046 11.575000
14051 11.577000
14056 11.579000
14061 11.581000
14066 11.583000
14071 11.585000
14076 11.587000
14081 11.589000
14086 11.591000
14091 11.593000
14096 11.595000
14101 11.597000
14106 11.599000
14111 11.601000
14116 11.603000
14121 11.605000
14126 11.607000
14131 11.657000
14136 11.659000
14141 11.661000
14146 11.663000
14151 11.665000
14156 11.667000
14161 11.669000
14166 11.671000
14171 11.673000
14176 11.675000
14181 11.677000
14186 11.679000
14191 11.681000
14196 11.683000
14201 11.685000
14206 11.687000
14211 11.689000
14216 11.691000
14221 11.693000
14226 11.695000
14231 11.697000
14236 11.699000
14241 11.753000
14246 11.755000
14251 11.757000
14256 11.759000
14261 11.761000
14266 11.763000
14271 11.765000
14276 11.767000
14281 11.769000
14286 11.771000
14291 11.773000
14296 11.775000
14301 11.777000
14306 11.779000
14311 11.781000
14316 11.783000
14321 11.785000
14326 11.787000
14331 11.789000
14336 11.791000
14341 11.793000
14346 11.795000
14351 11.797000
14356 11.799000
14361 11.801000
14366 11.803000
14371 11.805000
14376 11.807000
14381 11.859000
14386 11.861000
14391 11.863000
14396 11.865000
14401 11.867000
14406 11.869000
14411 11.871000
14416 11.873000
14421 11.875000
14426 11.877000
14431 11.879000
14436 11.881000
14441 11.883000
14446 11.885000
14451 11.887000
14456 11.889000
14461 11.891000
14466 11.893000
14471 11.895000
14476 11.897000
14481 11.899000
14486 11.901000
14491 11.959000
14496 11.961000
14501 11.963000
14506 11.965000
14511 11.967000
14516 11.969000
14521 11.971000
14526 11.973000
14531 11.975000
14536 11.977000
14541 11.979000
14546 11.981000
14561 11.983000
14566 11.985000
14571 11.987000
14576 11.989000
14581 11.991000
14586 11.993000
14591 11.995000
14596 11.997000
14601 11.999000
14606 12.001000
14611 12.003000
14616 12.005000
14621 12.007000
14626 12.009000
14631 12.011000
14636 12.037000
14641 12.039000
14646 12.041000
14651 12.043000
14656 12.045000
14661 12.047000
14666 12.049000
14671 12.051000
14676 12.053000
14681 12.055000
14686 12.057000
14691 12.059000
14696 12.061000
14701 12.063000
14706 12.067000
14711 12.071000
14716 12.075000
14721 12.079000
14726 12.083000
14731 12.087000
14736 12.091000
14741 12.095000
14746 12.099000
14751 12.103000
14756 12.107000
14761 12.111000
14766 12.115000
14771 12.119000
14776 12.123000
14781 12.127000
14786 12.131000
14791 12.135000
14796 12.139000
14801 12.143000
14806 12.147000
14811 12.151000
14816 12.155000
14821 12.159000
14826 12.163000
14831 12.167000
14836 12.171000
14841 12.175000
14846 12.179000
14851 12.183000
14856 12.187000
14861 12.191000
14866 12.195000
14871 12.199000
