0.12	0.00
0.12	4000.00
0.12	2000.00
0.13	2400.00
0.13	2000.00
0.13	2222.22
0.14	2000.00
0.14	2153.85
0.15	2000.00
0.15	2117.65
0.16	2000.00
0.16	2095.24
0.16	2181.82
0.17	2080.00
0.17	2000.00
0.17	2068.97
0.18	2000.00
0.18	2060.61
0.19	2000.00
0.19	2054.05
0.20	2000.00
0.20	2000.00
0.21	1955.56
0.21	2000.00
0.21	1959.18
0.22	2000.00
0.22	1962.26
0.22	2000.00
0.23	2036.36
0.23	2000.00
0.24	1967.21
0.24	2000.00
0.24	2031.75
0.25	2000.00
0.25	1971.01
0.26	2000.00
0.26	2028.17
0.26	2000.00
0.27	1974.03
0.27	2000.00
0.28	1975.31
0.28	2000.00
0.29	1976.47
0.29	2000.00
0.29	1977.53
0.30	2000.00
0.30	1978.49
0.30	2000.00
0.31	1979.38
0.31	1979.80
0.32	1960.78
0.32	1960.78
0.33	1960.78
0.33	1960.78
0.34	1960.78
0.34	1960.78
0.34	1960.78
0.35	1960.78
0.35	1960.78
0.35	1960.78
0.36	2000.00
0.36	1960.78
0.37	1923.08
0.37	1960.78
0.38	1960.78
0.38	1960.78
0.38	1960.78
0.39	1960.78
0.39	2000.00
0.39	1960.78
0.40	1960.78
0.40	1980.20
0.40	2020.20
0.41	1980.20
0.42	1980.20
0.42	1980.20
0.42	1980.20
0.43	1980.20
0.43	1941.75
0.43	1980.20
0.44	1980.20
0.44	1980.20
0.45	1941.75
0.45	1980.20
0.46	1980.20
0.46	1980.20
0.46	1941.75
0.47	1980.20
0.47	1980.20
0.47	1980.20
0.48	1980.20
0.48	1980.20
0.49	1980.20
0.49	1960.78
0.50	1960.78
0.50	1960.78
0.51	1960.78
0.51	1960.78
0.51	2000.00
0.52	1980.20
0.52	1980.20
0.52	1980.20
0.53	1980.20
0.53	1980.20
0.53	2020.20
0.54	2020.20
0.55	1980.20
0.55	1980.20
0.55	1980.20
0.56	1980.20
0.56	1980.20
0.56	2020.20
0.57	1980.20
0.57	1980.20
0.57	2020.20
0.58	2020.20
0.59	1980.20
0.59	1980.20
0.59	1980.20
0.59	2020.20
0.60	1980.20
0.60	1980.20
0.61	1941.75
0.61	1980.20
0.62	1980.20
0.62	1980.20
0.63	1980.20
0.63	1980.20
0.63	1980.20
0.64	1980.20
0.64	1960.78
0.65	1960.78
0.65	2000.00
0.65	1960.78
0.66	2000.00
0.66	1960.78
0.67	1960.78
0.67	1960.78
0.67	2000.00
0.67	2000.00
0.68	2000.00
0.69	1960.78
0.69	1960.78
0.69	1980.20
0.70	2020.20
0.70	2020.20
0.70	2061.86
0.71	1980.20
0.72	1941.75
0.72	1980.20
0.72	2020.20
0.72	2020.20
0.73	1980.20
0.73	1980.20
0.74	1941.75
0.74	1941.75
0.74	2020.20
0.75	2020.20
0.75	2061.86
0.76	1980.20
0.76	1941.75
0.77	1941.75
0.77	2020.20
0.77	2020.20
0.77	2020.20
0.77	2020.20
0.79	1980.20
0.79	1980.20
0.79	1980.20
0.79	1980.20
0.80	2061.86
0.81	1941.75
0.81	1980.20
0.81	1980.20
0.82	1980.20
0.82	1980.20
0.82	2020.20
0.83	2020.20
0.84	1980.20
0.85	1904.76
0.85	1960.78
0.85	1960.78
0.85	1960.78
0.85	2000.00
0.86	2000.00
0.86	2040.82
0.86	2083.33
0.87	2000.00
0.88	1960.78
0.88	1960.78
0.88	2000.00
0.88	2040.82
0.89	1980.20
0.90	1980.20
0.90	1941.75
0.90	1941.75
0.91	1941.75
0.91	2020.20
0.91	2061.86
0.92	1980.20
0.93	1904.76
0.93	1904.76
0.93	1980.20
0.94	1980.20
0.94	2020.20
0.94	2020.20
0.94	2020.20
0.96	1869.16
0.96	1869.16
0.96	1941.75
0.97	1980.20
0.97	1980.20
0.97	1980.20
0.97	1980.20
0.97	1980.20
0.98	1980.20
0.99	1980.20
0.99	1980.20
0.99	1980.20
1.00	1980.20
1.00	1980.20
1.00	2105.26
1.01	1980.20
1.02	1980.20
1.02	2020.20
1.02	2020.20
1.02	2020.20
1.04	1869.16
1.04	1941.75
1.05	1923.08
1.06	1923.08
1.06	1923.08
1.06	1923.08
1.06	1923.08
1.06	1923.08
1.07	1923.08
1.07	1923.08
1.07	2000.00
1.07	2040.82
1.07	2040.82
1.08	2040.82
1.10	1851.85
1.10	1941.75
1.10	1941.75
1.10	1980.20
1.11	1980.20
1.11	1980.20
1.11	1980.20
1.11	1980.20
1.11	2061.86
1.12	2150.54
1.13	1980.20
1.14	1980.20
1.14	1980.20
1.14	1980.20
1.14	1980.20
1.14	1980.20
1.15	2150.54
1.15	2150.54
1.17	1980.20
1.17	1980.20
1.17	1980.20
1.17	1980.20
1.17	1980.20
1.18	1980.20
1.18	1980.20
1.18	2105.26
1.20	1941.75
1.20	1941.75
1.20	1941.75
1.20	1941.75
1.21	1941.75
1.21	2061.86
1.21	2061.86
1.23	1904.76
1.23	1904.76
1.23	1904.76
1.23	2061.86
1.24	2061.86
1.25	2000.00
1.26	2000.00
1.26	2000.00
1.26	2000.00
1.26	2000.00
1.26	2000.00
1.27	2000.00
1.27	2000.00
1.27	2000.00
1.27	2000.00
1.27	2000.00
1.28	2000.00
1.30	1980.20
1.30	1980.20
1.30	1980.20
1.31	1980.20
1.31	1980.20
1.31	1980.20
1.31	1980.20
1.31	1980.20
1.32	1980.20
1.32	1980.20
1.32	2150.54
1.34	1941.75
1.34	1941.75
1.35	1941.75
1.35	1941.75
1.35	1941.75
1.35	1941.75
1.35	1941.75
1.36	2105.26
1.36	2105.26
1.36	2105.26
1.38	1904.76
1.38	1904.76
1.39	1904.76
1.39	1904.76
1.39	1904.76
1.39	2061.86
1.39	2061.86
1.40	2061.86
1.40	2061.86
1.40	2061.86
1.42	1869.16
1.42	1869.16
1.43	2020.20
1.43	2020.20
1.43	2020.20
1.43	2020.20
1.43	2020.20
1.46	1941.75
1.46	1941.75
1.46	1941.75
1.47	1941.75
1.47	1941.75
1.47	1941.75
1.47	1941.75
1.47	1941.75
1.48	1941.75
1.48	1941.75
1.48	1941.75
1.48	1941.75
1.48	2173.91
1.49	2173.91
1.49	2173.91
1.51	1923.08
1.52	1923.08
1.52	1923.08
1.52	1923.08
1.52	1923.08
1.52	1923.08
1.53	1923.08
1.53	1923.08
1.53	2127.66
1.53	2127.66
1.53	2127.66
1.54	2127.66
1.56	1923.08
1.56	1923.08
1.56	1923.08
1.56	1923.08
1.57	1923.08
1.57	1923.08
1.57	2127.66
1.57	2127.66
1.57	2127.66
1.58	2127.66
1.60	1923.08
1.60	1923.08
1.60	1923.08
1.60	1923.08
1.61	1923.08
1.61	1923.08
1.61	2127.66
1.61	2127.66
1.61	2127.66
1.62	2127.66
1.63	1960.78
1.64	1960.78
1.64	1960.78
1.66	2000.00
1.66	2000.00
1.66	2000.00
1.67	2000.00
1.67	2000.00
1.67	2000.00
1.67	2000.00
1.67	2000.00
1.68	2000.00
1.68	2000.00
1.68	2000.00
1.68	2000.00
1.68	2000.00
1.69	2000.00
1.69	2000.00
1.72	1980.20
1.72	1980.20
1.72	1980.20
1.72	1980.20
1.72	1980.20
1.73	1980.20
1.73	1980.20
1.73	1980.20
1.73	1980.20
1.73	1980.20
1.74	1980.20
1.74	1980.20
1.74	2197.80
1.76	1980.20
1.76	1980.20
1.77	1980.20
1.77	1980.20
1.77	1980.20
1.77	1980.20
1.77	1980.20
1.78	1980.20
1.78	1980.20
1.78	2197.80
1.80	1980.20
1.80	1980.20
1.81	1980.20
1.81	1980.20
1.81	1980.20
1.81	1980.20
1.81	1980.20
1.82	1980.20
1.82	1980.20
1.82	2150.54
1.85	1904.76
1.85	1904.76
1.86	1980.20
1.86	1980.20
1.87	1980.20
1.87	1980.20
1.87	1980.20
1.87	1980.20
1.87	1980.20
1.88	1980.20
1.88	1980.20
1.88	1980.20
1.88	1980.20
1.88	1980.20
1.89	1980.20
1.89	1980.20
1.89	1980.20
1.92	2000.00
1.92	2000.00
1.92	2000.00
1.92	2000.00
1.92	2000.00
1.93	2000.00
1.93	2000.00
1.93	2000.00
1.93	2000.00
1.93	2000.00
1.94	2000.00
1.94	2000.00
1.94	2000.00
1.96	2000.00
1.96	2000.00
1.97	2000.00
1.97	2000.00
1.97	2000.00
1.97	2000.00
1.97	2000.00
1.98	2000.00
1.98	2000.00
1.98	2000.00
2.00	2000.00
2.00	2000.00
2.01	2000.00
2.01	2000.00
2.01	2000.00
2.01	2000.00
2.01	2000.00
2.02	2000.00
2.02	2000.00
2.04	1818.18
2.04	2040.82
2.04	2040.82
2.06	2000.00
2.06	2000.00
2.07	2000.00
2.07	2000.00
2.07	2000.00
2.07	2000.00
2.07	2000.00
2.08	2000.00
2.08	2000.00
2.08	2000.00
2.08	2000.00
2.08	2000.00
2.09	2000.00
2.09	2000.00
2.09	2000.00
2.12	1980.20
2.12	1980.20
2.12	1980.20
2.12	1980.20
2.13	1980.20
2.13	1980.20
2.13	1980.20
2.13	1980.20
2.13	1980.20
2.14	1980.20
2.14	1980.20
2.14	1980.20
2.14	1980.20
2.16	1980.20
2.17	1980.20
2.17	1980.20
2.17	1980.20
2.17	1980.20
2.17	1980.20
2.18	1980.20
2.18	1980.20
2.18	1980.20
2.18	1980.20
2.20	1980.20
2.21	1980.20
2.21	1980.20
2.21	1980.20
2.21	1980.20
2.21	1980.20
2.22	1980.20
2.22	1980.20
2.22	1980.20
2.22	2197.80
2.25	1941.75
2.25	1941.75
2.26	1980.20
2.27	1980.20
2.27	1980.20
2.27	1980.20
2.27	1980.20
2.27	1980.20
2.28	1980.20
2.28	1980.20
2.28	1980.20
2.28	1980.20
2.28	1980.20
2.29	1980.20
2.29	1980.20
2.29	1980.20
2.29	1980.20
2.32	2000.00
2.32	2000.00
2.32	2000.00
2.32	2000.00
2.33	2000.00
2.33	2000.00
2.33	2000.00
2.33	2000.00
2.33	2000.00
2.34	2000.00
2.34	2000.00
2.34	2000.00
2.34	2000.00
2.36	2000.00
2.37	2000.00
2.37	2000.00
2.37	2000.00
2.37	2000.00
2.37	2000.00
2.38	2000.00
2.38	2000.00
2.38	2000.00
2.38	2000.00
2.40	2000.00
2.41	2000.00
2.41	2000.00
2.41	2000.00
2.41	2000.00
2.41	2000.00
2.42	2000.00
2.42	2000.00
2.42	2000.00
2.42	2000.00
2.45	2000.00
2.45	2000.00
2.46	2000.00
2.47	2000.00
2.47	2000.00
2.47	2000.00
2.47	2000.00
2.47	2000.00
2.48	2000.00
2.48	2000.00
2.48	2000.00
2.48	2000.00
2.48	2000.00
2.49	2000.00
2.49	2000.00
2.49	2000.00
2.49	2000.00
2.52	1980.20
2.52	1980.20
2.52	1980.20
2.53	1980.20
2.53	1980.20
2.53	1980.20
2.53	1980.20
2.53	1980.20
2.54	1980.20
2.54	1980.20
2.54	1980.20
2.54	1980.20
2.54	1980.20
2.57	1904.76
2.58	1904.76
2.58	1904.76
2.58	1904.76
2.58	1904.76
2.58	1904.76
2.59	1904.76
2.59	1904.76
2.59	1904.76
2.59	1904.76
2.59	2105.26
2.60	2105.26
2.60	2105.26
2.60	2105.26
2.60	2105.26
2.63	1834.86
2.63	1834.86
2.64	1834.86
2.64	1834.86
2.64	1834.86
2.64	2061.86
2.64	2061.86
2.67	1941.75
2.67	1941.75
2.67	1941.75
2.68	1941.75
2.68	1941.75
2.68	1941.75
2.68	1941.75
2.68	1941.75
2.69	1941.75
2.69	1941.75
2.69	1941.75
2.69	1941.75
2.69	1941.75
2.70	1941.75
2.70	1941.75
2.70	2222.22
2.70	2222.22
2.70	2222.22
2.73	1923.08
2.74	1923.08
2.74	1923.08
2.74	1923.08
2.74	1923.08
2.74	1923.08
2.75	1923.08
2.75	1923.08
2.75	1923.08
2.75	1923.08
2.75	2222.22
2.76	2222.22
2.76	2222.22
2.76	2222.22
2.76	2222.22
2.79	1923.08
2.79	1923.08
2.80	1923.08
2.80	1923.08
2.80	1923.08
2.80	1923.08
2.80	1923.08
2.81	1923.08
2.81	1923.08
2.81	1923.08
2.81	2222.22
2.81	2222.22
2.82	2222.22
2.82	2222.22
2.85	1923.08
2.85	1923.08
2.85	1923.08
2.87	2000.00
2.87	2000.00
2.87	2000.00
2.88	2000.00
2.88	2000.00
2.88	2000.00
2.88	2000.00
2.88	2000.00
2.89	2000.00
2.89	2000.00
2.89	2000.00
2.89	2000.00
2.89	2000.00
2.90	2000.00
2.90	2000.00
2.90	2000.00
2.90	2000.00
2.90	2000.00
2.94	1980.20
2.94	1980.20
2.94	1980.20
2.94	1980.20
2.94	1980.20
2.95	1980.20
2.95	1980.20
2.95	1980.20
2.95	1980.20
2.95	1980.20
2.96	1980.20
2.96	1980.20
2.96	1980.20
2.96	1980.20
2.96	1980.20
2.99	1980.20
3.00	1980.20
3.00	1980.20
3.00	1980.20
3.00	1980.20
3.00	1980.20
3.01	1980.20
3.01	1980.20
3.01	1980.20
3.01	1980.20
3.01	1980.20
3.02	1980.20
3.02	1980.20
3.02	1980.20
3.02	2298.85
3.06	1941.75
3.06	1941.75
3.07	1980.20
3.07	1980.20
3.08	1980.20
3.08	1980.20
3.08	1980.20
3.08	1980.20
3.08	1980.20
3.09	1980.20
3.09	1980.20
3.09	1980.20
3.09	1980.20
3.09	1980.20
3.10	1980.20
3.10	1980.20
3.10	1980.20
3.10	1980.20
3.10	1980.20
3.11	1980.20
3.11	2325.58
3.11	2325.58
3.14	2000.00
3.14	2000.00
3.14	2000.00
3.15	2000.00
3.15	2000.00
3.15	2000.00
3.15	2000.00
3.15	2000.00
3.16	2000.00
3.16	2000.00
3.16	2000.00
3.16	2000.00
3.16	2000.00
3.19	2000.00
3.20	2000.00
3.20	2000.00
3.20	2000.00
3.20	2000.00
3.20	2000.00
3.21	2000.00
3.21	2000.00
3.21	2000.00
3.21	2000.00
3.21	2000.00
3.22	2000.00
3.22	2000.00
3.22	2000.00
3.22	2000.00
3.26	2000.00
3.26	2000.00
3.27	2000.00
3.27	2000.00
3.28	2000.00
3.28	2000.00
3.28	2000.00
3.28	2000.00
3.28	2000.00
3.29	2000.00
3.29	2000.00
3.29	2000.00
3.29	2000.00
3.29	2000.00
3.30	2000.00
3.30	2000.00
3.30	2000.00
3.30	2000.00
3.30	2000.00
3.31	2000.00
3.31	2000.00
3.31	2000.00
3.35	1904.76
3.35	1904.76
3.35	1904.76
3.36	1904.76
3.36	1904.76
3.36	1904.76
3.36	1904.76
3.36	1904.76
3.37	1904.76
3.37	1904.76
3.37	1904.76
3.37	1904.76
3.37	1904.76
3.38	2197.80
3.38	2197.80
3.38	2197.80
3.38	2197.80
3.38	2197.80
3.42	1869.16
3.42	1869.16
3.42	1869.16
3.42	1869.16
3.43	1869.16
3.43	1869.16
3.43	1869.16
3.43	1869.16
3.43	1869.16
3.44	1869.16
3.44	2197.80
3.44	2197.80
3.48	1941.75
3.48	1941.75
3.48	1941.75
3.48	1941.75
3.49	1941.75
3.49	1941.75
3.49	1941.75
3.49	1941.75
3.49	1941.75
3.50	1941.75
3.50	1941.75
3.50	1941.75
3.50	1941.75
3.50	1941.75
3.51	1941.75
3.51	1941.75
3.51	1941.75
3.51	1941.75
3.51	1941.75
3.52	1941.75
3.52	2380.95
3.52	2380.95
3.52	2380.95
3.56	1960.78
3.56	1960.78
3.56	1960.78
3.57	1960.78
3.57	1960.78
3.57	1960.78
3.57	1960.78
3.57	1960.78
3.58	1960.78
3.58	1960.78
3.58	1960.78
3.58	1960.78
3.58	1960.78
3.59	1960.78
3.59	1960.78
3.59	2325.58
3.59	2325.58
3.63	1960.78
3.63	1960.78
3.63	1960.78
3.63	1960.78
3.63	1960.78
3.64	1960.78
3.64	1960.78
3.64	1960.78
3.64	1960.78
3.64	1960.78
3.68	2000.00
3.68	2000.00
3.68	2000.00
3.68	2000.00
3.69	2000.00
3.69	2000.00
3.69	2000.00
3.69	2000.00
3.69	2000.00
3.70	2000.00
3.70	2000.00
3.70	2000.00
3.70	2000.00
3.70	2000.00
3.71	2000.00
3.71	2000.00
3.71	2000.00
3.71	2000.00
3.71	2000.00
3.72	2000.00
3.72	2000.00
3.72	2000.00
3.72	2000.00
3.76	1980.20
3.76	1980.20
3.77	1980.20
3.77	1980.20
3.77	1980.20
3.77	1980.20
3.77	1980.20
3.78	1980.20
3.78	1980.20
3.78	1980.20
3.78	1980.20
3.78	1980.20
3.79	1980.20
3.79	1980.20
3.79	1980.20
3.79	1980.20
3.79	1980.20
3.80	2352.94
3.80	2352.94
3.84	1904.76
3.84	1904.76
3.84	1904.76
3.85	1904.76
3.85	1904.76
3.85	1904.76
3.85	1904.76
3.85	1904.76
3.88	1980.20
3.88	1980.20
3.88	1980.20
3.89	1980.20
3.89	1980.20
3.89	1980.20
3.89	1980.20
3.89	1980.20
3.90	1980.20
3.90	1980.20
3.90	1980.20
3.90	1980.20
3.90	1980.20
3.91	1980.20
3.91	1980.20
3.91	1980.20
3.91	1980.20
3.91	1980.20
3.92	1980.20
3.92	1980.20
3.92	1980.20
3.92	1980.20
3.92	1980.20
3.96	2000.00
3.96	2000.00
3.97	2000.00
3.97	2000.00
3.97	2000.00
3.97	2000.00
3.97	2000.00
3.98	2000.00
3.98	2000.00
3.98	2000.00
3.98	2000.00
3.98	2000.00
3.99	2000.00
3.99	2000.00
3.99	2000.00
3.99	2000.00
3.99	2000.00
4.00	2000.00
4.00	2000.00
4.04	2000.00
4.04	2000.00
4.04	2000.00
4.05	2000.00
4.05	2000.00
4.05	2000.00
4.05	2000.00
4.05	2000.00
4.08	2000.00
4.08	2000.00
4.08	2000.00
4.09	2000.00
4.09	2000.00
4.09	2000.00
4.09	2000.00
4.09	2000.00
4.10	2000.00
4.10	2000.00
4.10	2000.00
4.10	2000.00
4.10	2000.00
4.11	2000.00
4.11	2000.00
4.11	2000.00
4.11	2000.00
4.11	2000.00
4.12	2000.00
4.12	2000.00
4.12	2000.00
4.12	2000.00
4.12	2000.00
4.16	1980.20
4.17	1980.20
4.17	1980.20
4.17	1980.20
4.17	1980.20
4.17	1980.20
4.18	1980.20
4.18	1980.20
4.18	1980.20
4.18	1980.20
4.18	1980.20
4.19	1980.20
4.19	1980.20
4.19	1980.20
4.19	1980.20
4.19	1980.20
4.20	1980.20
4.20	1980.20
4.20	1980.20
4.20	2469.14
4.24	1980.20
4.25	1980.20
4.25	1980.20
4.25	1980.20
4.25	1980.20
4.25	1980.20
4.26	1980.20
4.29	1941.75
4.29	1941.75
4.29	1941.75
4.29	1941.75
4.29	1941.75
4.30	1941.75
4.30	1941.75
4.30	1941.75
4.30	1941.75
4.30	1941.75
4.31	1941.75
4.31	1941.75
4.31	1941.75
4.31	1941.75
4.31	1941.75
4.32	1941.75
4.32	1941.75
4.32	1941.75
4.32	1941.75
4.32	1941.75
4.33	1941.75
4.33	1941.75
4.33	1941.75
4.33	2380.95
4.33	2380.95
4.34	2380.95
4.34	2380.95
4.38	1886.79
4.39	1886.79
4.39	1886.79
4.39	1886.79
4.39	1886.79
4.39	1886.79
4.40	1886.79
4.40	1886.79
4.40	1886.79
4.40	1886.79
4.40	1886.79
4.41	1886.79
4.41	1886.79
4.41	1886.79
4.41	1886.79
4.41	1886.79
4.42	2325.58
4.42	2325.58
4.42	2325.58
4.42	2325.58
4.42	2325.58
4.47	1851.85
4.47	1851.85
4.49	2000.00
4.49	2000.00
4.49	2000.00
4.49	2000.00
4.49	2000.00
4.50	2000.00
4.50	2000.00
4.50	2000.00
4.50	2000.00
4.50	2000.00
4.51	2000.00
4.51	2000.00
4.51	2000.00
4.51	2000.00
4.51	2000.00
4.52	2000.00
4.52	2000.00
4.52	2000.00
4.52	2000.00
4.52	2000.00
4.53	2000.00
4.53	2000.00
4.53	2000.00
4.53	2000.00
4.53	2000.00
4.54	2000.00
4.54	2000.00
4.59	1941.75
4.59	1941.75
4.59	1941.75
4.60	1941.75
4.60	1941.75
4.60	1941.75
4.60	1941.75
4.60	1941.75
4.61	1941.75
4.61	1941.75
4.61	1941.75
4.61	1941.75
4.61	1941.75
4.62	1941.75
4.62	1941.75
4.62	1941.75
4.62	1941.75
4.62	1941.75
4.63	1941.75
4.63	1941.75
4.63	1941.75
4.63	2469.14
4.63	2469.14
4.69	1980.20
4.69	1980.20
4.69	1980.20
4.69	1980.20
4.70	1980.20
4.70	1980.20
4.70	1980.20
4.70	1980.20
4.70	1980.20
4.71	1980.20
4.71	1980.20
4.71	1980.20
4.71	1980.20
4.71	1980.20
4.72	1980.20
4.72	1980.20
4.72	1980.20
4.72	1980.20
4.72	1980.20
4.73	1980.20
4.73	1980.20
4.73	1980.20
4.73	1980.20
4.73	1980.20
4.74	1980.20
4.74	1980.20
4.74	1980.20
4.74	2631.58
4.79	2000.00
4.79	2000.00
4.80	2000.00
4.80	2000.00
4.80	2000.00
4.80	2000.00
4.80	2000.00
4.81	2000.00
4.81	2000.00
4.81	2000.00
4.81	2000.00
4.81	2000.00
4.82	2000.00
4.82	2000.00
4.82	2000.00
4.82	2000.00
4.82	2000.00
4.83	2000.00
4.83	2000.00
4.83	2000.00
4.83	2000.00
4.83	2000.00
4.89	2000.00
4.89	2000.00
4.89	2000.00
4.89	2000.00
4.90	2000.00
4.90	2000.00
4.90	2000.00
4.90	2000.00
4.90	2000.00
4.91	2000.00
4.91	2000.00
4.91	2000.00
4.91	2000.00
4.91	2000.00
4.92	2000.00
4.92	2000.00
4.92	2000.00
4.92	2000.00
4.92	2000.00
4.93	2000.00
4.93	2000.00
4.93	2000.00
4.93	2000.00
4.93	2000.00
4.94	2000.00
4.94	2000.00
4.94	2000.00
4.94	2000.00
4.99	1980.20
5.00	1980.20
5.00	1980.20
5.00	1980.20
5.00	1980.20
5.00	1980.20
5.01	1980.20
5.01	1980.20
5.01	1980.20
5.01	1980.20
5.01	1980.20
5.02	1980.20
5.02	1980.20
5.02	1980.20
5.02	1980.20
5.02	1980.20
5.03	1980.20
5.03	1980.20
5.03	1980.20
5.03	1980.20
5.03	1980.20
5.04	1980.20
5.09	1941.75
5.10	1941.75
5.10	1941.75
5.10	1941.75
5.10	1941.75
5.10	1941.75
5.11	1941.75
5.11	1941.75
5.11	1941.75
5.11	1941.75
5.11	1941.75
5.12	1941.75
5.12	1941.75
5.12	1941.75
5.12	1941.75
5.12	1941.75
5.13	1941.75
5.13	1941.75
5.13	1941.75
5.13	1941.75
5.13	1941.75
5.14	1941.75
5.14	1941.75
5.14	1941.75
5.14	1941.75
5.14	1941.75
5.15	1941.75
5.19	1600.00
5.19	2000.00
5.20	2000.00
5.20	2000.00
5.20	2000.00
5.20	2000.00
5.20	2000.00
5.21	2000.00
5.21	2000.00
5.21	2000.00
5.21	2000.00
5.21	2000.00
5.22	2000.00
5.22	2000.00
5.22	2000.00
5.22	2000.00
5.22	2000.00
5.23	2000.00
5.23	2000.00
5.23	2000.00
5.23	2000.00
5.28	1639.34
5.28	1639.34
5.29	2000.00
5.30	2000.00
5.30	2000.00
5.30	2000.00
5.30	2000.00
5.30	2000.00
5.31	2000.00
5.31	2000.00
5.31	2000.00
5.31	2000.00
5.31	2000.00
5.32	2000.00
5.32	2000.00
5.32	2000.00
5.32	2000.00
5.32	2000.00
5.33	2000.00
5.33	2000.00
5.33	2000.00
5.33	2000.00
5.33	2000.00
5.34	2000.00
5.34	2000.00
5.34	2000.00
5.34	2000.00
5.34	2000.00
5.35	2000.00
5.40	1941.75
5.40	1941.75
5.40	1941.75
5.40	1941.75
5.41	1941.75
5.41	1941.75
5.41	1941.75
5.41	1941.75
5.41	1941.75
5.42	1941.75
5.42	1941.75
5.42	1941.75
5.42	1941.75
5.42	1941.75
5.43	1941.75
5.43	1941.75
5.43	1941.75
5.43	1941.75
5.43	1941.75
5.44	1941.75
5.44	1941.75
5.44	2469.14
5.44	2469.14
5.50	1980.20
5.50	1980.20
5.50	1980.20
5.50	1980.20
5.50	1980.20
5.51	1980.20
5.51	1980.20
5.51	1980.20
5.51	1980.20
5.51	1980.20
5.52	1980.20
5.52	1980.20
5.52	1980.20
5.52	1980.20
5.52	1980.20
5.53	1980.20
5.53	1980.20
5.53	1980.20
5.53	1980.20
5.53	1980.20
5.54	1980.20
5.54	1980.20
5.54	1980.20
5.54	1980.20
5.54	1980.20
5.55	1980.20
5.55	1980.20
5.55	2631.58
5.60	2000.00
5.60	2000.00
5.60	2000.00
5.61	2000.00
5.61	2000.00
5.61	2000.00
5.61	2000.00
5.61	2000.00
5.62	2000.00
5.62	2000.00
5.62	2000.00
5.62	2000.00
5.62	2000.00
5.63	2000.00
5.63	2000.00
5.63	2000.00
5.63	2000.00
5.63	2000.00
5.64	2000.00
5.64	2000.00
5.64	2000.00
5.64	2000.00
5.70	2000.00
5.70	2000.00
5.70	2000.00
5.70	2000.00
5.70	2000.00
5.71	2000.00
5.71	2000.00
5.71	2000.00
5.71	2000.00
5.71	2000.00
5.72	2000.00
5.72	2000.00
5.72	2000.00
5.72	2000.00
5.72	2000.00
5.73	2000.00
5.73	2000.00
5.73	2000.00
5.73	2000.00
5.73	2000.00
5.74	2000.00
5.74	2000.00
5.74	2000.00
5.74	2000.00
5.74	2000.00
5.75	2000.00
5.75	2000.00
5.75	2000.00
5.80	1980.20
5.80	1980.20
5.81	1980.20
5.81	1980.20
5.81	1980.20
5.81	1980.20
5.81	1980.20
5.82	1980.20
5.82	1980.20
5.82	1980.20
5.82	1980.20
5.82	1980.20
5.83	1980.20
5.83	1980.20
5.83	1980.20
5.83	1980.20
5.83	1980.20
5.84	1980.20
5.84	1980.20
5.84	1980.20
5.84	1980.20
5.84	1980.20
5.90	1941.75
5.90	1941.75
5.91	1941.75
5.91	1941.75
5.91	1941.75
5.91	1941.75
5.91	1941.75
5.92	1941.75
5.92	1941.75
5.92	1941.75
5.92	1941.75
5.92	1941.75
5.93	1941.75
5.93	1941.75
5.93	1941.75
5.93	1941.75
5.93	1941.75
5.94	1941.75
5.94	1941.75
5.94	1941.75
5.94	1941.75
5.94	1941.75
5.95	1941.75
5.95	1941.75
5.95	1941.75
5.95	1941.75
5.95	1941.75
6.00	1600.00
6.00	2000.00
6.00	2000.00
6.01	2000.00
6.01	2000.00
6.01	2000.00
6.01	2000.00
6.01	2000.00
6.02	2000.00
6.02	2000.00
6.02	2000.00
6.02	2000.00
6.02	2000.00
6.03	2000.00
6.03	2000.00
6.03	2000.00
6.03	2000.00
6.03	2000.00
6.04	2000.00
6.04	2000.00
6.04	2000.00
6.09	1639.34
6.09	1639.34
6.10	2000.00
6.10	2000.00
6.11	2000.00
6.11	2000.00
6.11	2000.00
6.11	2000.00
6.11	2000.00
6.12	2000.00
6.12	2000.00
6.12	2000.00
6.12	2000.00
6.12	2000.00
6.13	2000.00
6.13	2000.00
6.13	2000.00
6.13	2000.00
6.13	2000.00
6.14	2000.00
6.14	2000.00
6.14	2000.00
6.14	2000.00
6.14	2000.00
6.15	2000.00
6.15	2000.00
6.15	2000.00
6.15	2000.00
6.15	2000.00
6.21	1941.75
6.21	1941.75
6.21	1941.75
6.21	1941.75
6.21	1941.75
6.22	1941.75
6.22	1941.75
6.22	1941.75
6.22	1941.75
6.22	1941.75
6.23	1941.75
6.23	1941.75
6.23	1941.75
6.23	1941.75
6.23	1941.75
6.24	1941.75
6.24	1941.75
6.24	1941.75
6.24	1941.75
6.24	1941.75
6.25	1941.75
6.25	2469.14
6.25	2469.14
6.30	1980.20
6.31	1980.20
6.31	1980.20
6.31	1980.20
6.31	1980.20
6.31	1980.20
6.32	1980.20
6.32	1980.20
6.32	1980.20
6.32	1980.20
6.32	1980.20
6.33	1980.20
6.33	1980.20
6.33	1980.20
6.33	1980.20
6.33	1980.20
6.34	1980.20
6.34	1980.20
6.34	1980.20
6.34	1980.20
6.34	1980.20
6.35	1980.20
6.35	1980.20
6.35	1980.20
6.35	1980.20
6.35	1980.20
6.36	1980.20
6.36	2631.58
6.41	2000.00
6.41	2000.00
6.41	2000.00
6.41	2000.00
6.42	2000.00
6.42	2000.00
6.42	2000.00
6.42	2000.00
6.42	2000.00
6.43	2000.00
6.43	2000.00
6.43	2000.00
6.43	2000.00
6.43	2000.00
6.44	2000.00
6.44	2000.00
6.44	2000.00
6.44	2000.00
6.44	2000.00
6.45	2000.00
6.45	2000.00
6.45	2000.00
6.50	2000.00
6.51	2000.00
6.51	2000.00
6.51	2000.00
6.51	2000.00
6.51	2000.00
6.52	2000.00
6.52	2000.00
6.52	2000.00
6.52	2000.00
6.52	2000.00
6.53	2000.00
6.53	2000.00
6.53	2000.00
6.53	2000.00
6.53	2000.00
6.54	2000.00
6.54	2000.00
6.54	2000.00
6.54	2000.00
6.54	2000.00
6.55	2000.00
6.55	2000.00
6.55	2000.00
6.55	2000.00
6.55	2000.00
6.56	2000.00
6.56	2000.00
6.61	1980.20
6.61	1980.20
6.61	1980.20
6.62	1980.20
6.62	1980.20
6.62	1980.20
6.62	1980.20
6.62	1980.20
6.63	1980.20
6.63	1980.20
6.63	1980.20
6.63	1980.20
6.63	1980.20
6.64	1980.20
6.64	1980.20
6.64	1980.20
6.64	1980.20
6.64	1980.20
6.65	1980.20
6.65	1980.20
6.65	1980.20
6.65	1980.20
6.71	1941.75
6.71	1941.75
6.71	1941.75
6.72	1941.75
6.72	1941.75
6.72	1941.75
6.72	1941.75
6.72	1941.75
6.73	1941.75
6.73	1941.75
6.73	1941.75
6.73	1941.75
6.73	1941.75
6.74	1941.75
6.74	1941.75
6.74	1941.75
6.74	1941.75
6.74	1941.75
6.75	1941.75
6.75	1941.75
6.75	1941.75
6.75	1941.75
6.75	1941.75
6.76	1941.75
6.76	1941.75
6.76	1941.75
6.76	1941.75
6.81	1600.00
6.81	2000.00
6.81	2000.00
6.81	2000.00
6.82	2000.00
6.82	2000.00
6.82	2000.00
6.82	2000.00
6.82	2000.00
6.83	2000.00
6.83	2000.00
6.83	2000.00
6.83	2000.00
6.83	2000.00
6.84	2000.00
6.84	2000.00
6.84	2000.00
6.84	2000.00
6.84	2000.00
6.85	2000.00
6.85	2000.00
6.89	1639.34
6.90	1639.34
6.91	2000.00
6.91	2000.00
6.91	2000.00
6.92	2000.00
6.92	2000.00
6.92	2000.00
6.92	2000.00
6.92	2000.00
6.93	2000.00
6.93	2000.00
6.93	2000.00
6.93	2000.00
6.93	2000.00
6.94	2000.00
6.94	2000.00
6.94	2000.00
6.94	2000.00
6.94	2000.00
6.95	2000.00
6.95	2000.00
6.95	2000.00
6.95	2000.00
6.95	2000.00
6.96	2000.00
6.96	2000.00
6.96	2000.00
6.96	2000.00
7.01	1941.75
7.02	1941.75
7.02	1941.75
7.02	1941.75
7.02	1941.75
7.02	1941.75
7.03	1941.75
7.03	1941.75
7.03	1941.75
7.03	1941.75
7.03	1941.75
7.04	1941.75
7.04	1941.75
7.04	1941.75
7.04	1941.75
7.04	1941.75
7.05	1941.75
7.05	1941.75
7.05	1941.75
7.05	1941.75
7.05	1941.75
7.06	2469.14
7.06	2469.14
7.11	1980.20
7.11	1980.20
7.12	1980.20
7.12	1980.20
7.12	1980.20
7.12	1980.20
7.12	1980.20
7.13	1980.20
7.13	1980.20
7.13	1980.20
7.13	1980.20
7.13	1980.20
7.14	1980.20
7.14	1980.20
7.14	1980.20
7.14	1980.20
7.14	1980.20
7.15	1980.20
7.15	1980.20
7.15	1980.20
7.15	1980.20
7.15	1980.20
7.16	1980.20
7.16	1980.20
7.16	1980.20
7.16	1980.20
7.16	1980.20
7.17	2631.58
7.22	2000.00
7.22	2000.00
7.22	2000.00
7.22	2000.00
7.22	2000.00
7.23	2000.00
7.23	2000.00
7.23	2000.00
7.23	2000.00
7.23	2000.00
7.24	2000.00
7.24	2000.00
7.24	2000.00
7.24	2000.00
7.24	2000.00
7.25	2000.00
7.25	2000.00
7.25	2000.00
7.25	2000.00
7.25	2000.00
7.26	2000.00
7.26	2000.00
7.31	2000.00
7.31	2000.00
7.32	2000.00
7.32	2000.00
7.32	2000.00
7.32	2000.00
7.32	2000.00
7.33	2000.00
7.33	2000.00
7.33	2000.00
7.33	2000.00
7.33	2000.00
7.34	2000.00
7.34	2000.00
7.34	2000.00
7.34	2000.00
7.34	2000.00
7.35	2000.00
7.35	2000.00
7.35	2000.00
7.35	2000.00
7.35	2000.00
7.36	2000.00
7.36	2000.00
7.36	2000.00
7.36	2000.00
7.36	2000.00
7.37	2000.00
7.42	1980.20
7.42	1980.20
7.42	1980.20
7.42	1980.20
7.43	1980.20
7.43	1980.20
7.43	1980.20
7.43	1980.20
7.43	1980.20
7.44	1980.20
7.44	1980.20
7.44	1980.20
7.44	1980.20
7.44	1980.20
7.45	1980.20
7.45	1980.20
7.45	1980.20
7.45	1980.20
7.45	1980.20
7.46	1980.20
7.46	1980.20
7.46	1980.20
7.52	1941.75
7.52	1941.75
7.52	1941.75
7.52	1941.75
7.53	1941.75
7.53	1941.75
7.53	1941.75
7.53	1941.75
7.53	1941.75
7.54	1941.75
7.54	1941.75
7.54	1941.75
7.54	1941.75
7.54	1941.75
7.55	1941.75
7.55	1941.75
7.55	1941.75
7.55	1941.75
7.55	1941.75
7.56	1941.75
7.56	1941.75
7.56	1941.75
7.56	1941.75
7.56	1941.75
7.57	1941.75
7.57	1941.75
7.57	1941.75
7.62	1600.00
7.62	2000.00
7.62	2000.00
7.62	2000.00
7.62	2000.00
7.63	2000.00
7.63	2000.00
7.63	2000.00
7.63	2000.00
7.63	2000.00
7.64	2000.00
7.64	2000.00
7.64	2000.00
7.64	2000.00
7.64	2000.00
7.65	2000.00
7.65	2000.00
7.65	2000.00
7.65	2000.00
7.65	2000.00
7.66	2000.00
7.70	1639.34
7.70	1639.34
7.72	2000.00
7.72	2000.00
7.72	2000.00
7.72	2000.00
7.73	2000.00
7.73	2000.00
7.73	2000.00
7.73	2000.00
7.73	2000.00
7.74	2000.00
7.74	2000.00
7.74	2000.00
7.74	2000.00
7.74	2000.00
7.75	2000.00
7.75	2000.00
7.75	2000.00
7.75	2000.00
7.75	2000.00
7.76	2000.00
7.76	2000.00
7.76	2000.00
7.76	2000.00
7.76	2000.00
7.77	2000.00
7.77	2000.00
7.77	2000.00
7.82	1941.75
7.82	1941.75
7.83	1941.75
7.83	1941.75
7.83	1941.75
7.83	1941.75
7.83	1941.75
7.84	1941.75
7.84	1941.75
7.84	1941.75
7.84	1941.75
7.84	1941.75
7.85	1941.75
7.85	1941.75
7.85	1941.75
7.85	1941.75
7.85	1941.75
7.86	1941.75
7.86	1941.75
7.86	1941.75
7.86	1941.75
7.86	2469.14
7.87	2469.14
7.92	1980.20
7.92	1980.20
7.92	1980.20
7.93	1980.20
7.93	1980.20
7.93	1980.20
7.93	1980.20
7.93	1980.20
7.94	1980.20
7.94	1980.20
7.94	1980.20
7.94	1980.20
7.94	1980.20
7.95	1980.20
7.95	1980.20
7.95	1980.20
7.95	1980.20
7.95	1980.20
7.96	1980.20
7.96	1980.20
7.96	1980.20
7.96	1980.20
7.96	1980.20
7.97	1980.20
7.97	1980.20
7.97	1980.20
7.97	1980.20
7.97	2631.58
8.02	2000.00
8.03	2000.00
8.03	2000.00
8.03	2000.00
8.03	2000.00
8.03	2000.00
8.04	2000.00
8.04	2000.00
8.04	2000.00
8.04	2000.00
8.04	2000.00
8.05	2000.00
8.05	2000.00
8.05	2000.00
8.05	2000.00
8.05	2000.00
8.06	2000.00
8.06	2000.00
8.06	2000.00
8.06	2000.00
8.06	2000.00
8.07	2000.00
8.12	2000.00
8.12	2000.00
8.12	2000.00
8.13	2000.00
8.13	2000.00
8.13	2000.00
8.13	2000.00
8.13	2000.00
8.14	2000.00
8.14	2000.00
8.14	2000.00
8.14	2000.00
8.14	2000.00
8.15	2000.00
8.15	2000.00
8.15	2000.00
8.15	2000.00
8.15	2000.00
8.16	2000.00
8.16	2000.00
8.16	2000.00
8.16	2000.00
8.16	2000.00
8.17	2000.00
8.17	2000.00
8.17	2000.00
8.17	2000.00
8.17	2000.00
8.23	1980.20
8.23	1980.20
8.23	1980.20
8.23	1980.20
8.23	1980.20
8.24	1980.20
8.24	1980.20
8.24	1980.20
8.24	1980.20
8.24	1980.20
8.25	1980.20
8.25	1980.20
8.25	1980.20
8.25	1980.20
8.25	1980.20
8.26	1980.20
8.26	1980.20
8.26	1980.20
8.26	1980.20
8.26	1980.20
8.27	1980.20
8.27	1980.20
8.33	1941.75
8.33	1941.75
8.33	1941.75
8.33	1941.75
8.33	1941.75
8.34	1941.75
8.34	1941.75
8.34	1941.75
8.34	1941.75
8.34	1941.75
8.35	1941.75
8.35	1941.75
8.35	1941.75
8.35	1941.75
8.35	1941.75
8.36	1941.75
8.36	1941.75
8.36	1941.75
8.36	1941.75
8.36	1941.75
8.37	1941.75
8.37	1941.75
8.37	1941.75
8.37	1941.75
8.37	1941.75
8.38	1941.75
8.38	1941.75
8.42	1600.00
8.43	2000.00
8.43	2000.00
8.43	2000.00
8.43	2000.00
8.43	2000.00
8.44	2000.00
8.44	2000.00
8.44	2000.00
8.44	2000.00
8.44	2000.00
8.45	2000.00
8.45	2000.00
8.45	2000.00
8.45	2000.00
8.45	2000.00
8.46	2000.00
8.46	2000.00
8.46	2000.00
8.46	2000.00
8.46	2000.00
8.51	1639.34
8.51	1639.34
8.53	2000.00
8.53	2000.00
8.53	2000.00
8.53	2000.00
8.53	2000.00
8.54	2000.00
8.54	2000.00
8.54	2000.00
8.54	2000.00
8.54	2000.00
8.55	2000.00
8.55	2000.00
8.55	2000.00
8.55	2000.00
8.55	2000.00
8.56	2000.00
8.56	2000.00
8.56	2000.00
8.56	2000.00
8.56	2000.00
8.57	2000.00
8.57	2000.00
8.57	2000.00
8.57	2000.00
8.57	2000.00
8.58	2000.00
8.58	2000.00
8.58	2564.10
8.63	1941.75
8.63	1941.75
8.64	1941.75
8.64	1941.75
8.64	1941.75
8.64	1941.75
8.64	1941.75
8.65	1941.75
8.65	1941.75
8.65	1941.75
8.65	1941.75
8.65	1941.75
8.66	1941.75
8.66	1941.75
8.66	1941.75
8.66	1941.75
8.66	1941.75
8.67	1941.75
8.67	1941.75
8.67	1941.75
8.67	2469.14
8.67	2469.14
8.73	1980.20
8.73	1980.20
8.73	1980.20
8.73	1980.20
8.74	1980.20
8.74	1980.20
8.74	1980.20
8.74	1980.20
8.74	1980.20
8.75	1980.20
8.75	1980.20
8.75	1980.20
8.75	1980.20
8.75	1980.20
8.76	1980.20
8.76	1980.20
8.76	1980.20
8.76	1980.20
8.76	1980.20
8.77	1980.20
8.77	1980.20
8.77	1980.20
8.77	1980.20
8.77	1980.20
8.78	1980.20
8.78	1980.20
8.78	1980.20
8.83	1600.00
8.83	2000.00
8.83	2000.00
8.84	2000.00
8.84	2000.00
8.84	2000.00
8.84	2000.00
8.84	2000.00
8.85	2000.00
8.85	2000.00
8.85	2000.00
8.85	2000.00
8.85	2000.00
8.86	2000.00
8.86	2000.00
8.86	2000.00
8.86	2000.00
8.86	2000.00
8.87	2000.00
8.87	2000.00
8.87	2000.00
8.87	2000.00
8.91	1666.67
8.93	2000.00
8.93	2000.00
8.93	2000.00
8.93	2000.00
8.94	2000.00
8.94	2000.00
8.94	2000.00
8.94	2000.00
8.94	2000.00
8.95	2000.00
8.95	2000.00
8.95	2000.00
8.95	2000.00
8.95	2000.00
8.96	2000.00
8.96	2000.00
8.96	2000.00
8.96	2000.00
8.96	2000.00
8.97	2000.00
8.97	2000.00
8.97	2000.00
8.97	2000.00
8.97	2000.00
8.98	2000.00
8.98	2000.00
8.98	2000.00
9.03	1980.20
9.03	1980.20
9.04	1980.20
9.04	1980.20
9.04	1980.20
9.04	1980.20
9.04	1980.20
9.05	1980.20
9.05	1980.20
9.05	1980.20
9.05	1980.20
9.05	1980.20
9.06	1980.20
9.06	1980.20
9.06	1980.20
9.06	1980.20
9.06	1980.20
9.07	1980.20
9.07	1980.20
9.07	1980.20
9.07	1980.20
9.07	1980.20
9.08	2469.14
9.13	1941.75
9.14	1941.75
9.14	1941.75
9.14	1941.75
9.14	1941.75
9.14	1941.75
9.15	1941.75
9.15	1941.75
9.15	1941.75
9.15	1941.75
9.15	1941.75
9.16	1941.75
9.16	1941.75
9.16	1941.75
9.16	1941.75
9.16	1941.75
9.17	1941.75
9.17	1941.75
9.17	1941.75
9.17	1941.75
9.17	1941.75
9.18	1941.75
9.18	1941.75
9.18	1941.75
9.18	1941.75
9.18	1941.75
9.19	1941.75
9.19	2564.10
9.24	1960.78
9.24	1960.78
9.24	1960.78
9.24	1960.78
9.25	1960.78
9.25	1960.78
9.25	1960.78
9.25	1960.78
9.25	1960.78
9.26	1960.78
9.26	1960.78
9.26	1960.78
9.26	1960.78
9.26	1960.78
9.27	1960.78
9.27	1960.78
9.27	1960.78
9.27	1960.78
9.27	1960.78
9.28	1960.78
9.28	1960.78
9.28	1960.78
9.33	2000.00
9.34	2000.00
9.34	2000.00
9.34	2000.00
9.34	2000.00
9.34	2000.00
9.35	2000.00
9.35	2000.00
9.35	2000.00
9.35	2000.00
9.35	2000.00
9.36	2000.00
9.36	2000.00
9.36	2000.00
9.36	2000.00
9.36	2000.00
9.37	2000.00
9.37	2000.00
9.37	2000.00
9.37	2000.00
9.37	2000.00
9.38	2000.00
9.38	2000.00
9.38	2000.00
9.38	2000.00
9.38	2000.00
9.39	2000.00
9.39	2000.00
9.44	1980.20
9.44	1980.20
9.44	1980.20
9.45	1980.20
9.45	1980.20
9.45	1980.20
9.45	1980.20
9.45	1980.20
9.46	1980.20
9.46	1980.20
9.46	1980.20
9.46	1980.20
9.46	1980.20
9.47	1980.20
9.47	1980.20
9.47	1980.20
9.47	1980.20
9.47	1980.20
9.48	1980.20
9.48	1980.20
9.48	1980.20
9.48	1980.20
9.54	1941.75
9.54	1941.75
9.54	1941.75
9.55	1941.75
9.55	1941.75
9.55	1941.75
9.55	1941.75
9.55	1941.75
9.56	1941.75
9.56	1941.75
9.56	1941.75
9.56	1941.75
9.56	1941.75
9.57	1941.75
9.57	1941.75
9.57	1941.75
9.57	1941.75
9.57	1941.75
9.58	1941.75
9.58	1941.75
9.58	1941.75
9.58	1941.75
9.58	1941.75
9.59	1941.75
9.59	1941.75
9.59	1941.75
9.59	1941.75
9.64	1600.00
9.64	2000.00
9.64	2000.00
9.64	2000.00
9.65	2000.00
9.65	2000.00
9.65	2000.00
9.65	2000.00
9.65	2000.00
9.66	2000.00
9.66	2000.00
9.66	2000.00
9.66	2000.00
9.66	2000.00
9.67	2000.00
9.67	2000.00
9.67	2000.00
9.67	2000.00
9.67	2000.00
9.68	2000.00
9.68	2000.00
9.72	1639.34
9.73	1639.34
9.74	2000.00
9.74	2000.00
9.74	2000.00
9.75	2000.00
9.75	2000.00
9.75	2000.00
9.75	2000.00
9.75	2000.00
9.76	2000.00
9.76	2000.00
9.76	2000.00
9.76	2000.00
9.76	2000.00
9.77	2000.00
9.77	2000.00
9.77	2000.00
9.77	2000.00
9.77	2000.00
9.78	2000.00
9.78	2000.00
9.78	2000.00
9.78	2000.00
9.78	2000.00
9.79	2000.00
9.79	2000.00
9.79	2000.00
9.79	2000.00
9.84	1941.75
9.85	1941.75
9.85	1941.75
9.85	1941.75
9.85	1941.75
9.85	1941.75
9.86	1941.75
9.86	1941.75
9.86	1941.75
9.86	1941.75
9.86	1941.75
9.87	1941.75
9.87	1941.75
9.87	1941.75
9.87	1941.75
9.87	1941.75
9.88	1941.75
9.88	1941.75
9.88	1941.75
9.88	1941.75
9.88	1941.75
9.89	2469.14
9.89	2469.14
9.94	1980.20
9.94	1980.20
9.95	1980.20
9.95	1980.20
9.95	1980.20
9.95	1980.20
9.95	1980.20
9.96	1980.20
9.96	1980.20
9.96	1980.20
9.96	1980.20
9.96	1980.20
9.97	1980.20
9.97	1980.20
9.97	1980.20
9.97	1980.20
9.97	1980.20
9.98	1980.20
9.98	1980.20
9.98	1980.20
9.98	1980.20
9.98	1980.20
9.99	1980.20
9.99	1980.20
9.99	1980.20
9.99	1980.20
9.99	1980.20
10.00	2631.58
10.05	2000.00
10.05	2000.00
10.05	2000.00
10.05	2000.00
10.05	2000.00
10.06	2000.00
10.06	2000.00
10.06	2000.00
10.06	2000.00
10.06	2000.00
10.07	2000.00
10.07	2000.00
10.07	2000.00
10.07	2000.00
10.07	2000.00
10.08	2000.00
10.08	2000.00
10.08	2000.00
10.08	2000.00
10.08	2000.00
10.09	2000.00
10.09	2000.00
10.14	2000.00
10.14	2000.00
10.15	2000.00
10.15	2000.00
10.15	2000.00
10.15	2000.00
10.15	2000.00
10.16	2000.00
10.16	2000.00
10.16	2000.00
10.16	2000.00
10.16	2000.00
10.17	2000.00
10.17	2000.00
10.17	2000.00
10.17	2000.00
10.17	2000.00
10.18	2000.00
10.18	2000.00
10.18	2000.00
10.18	2000.00
10.18	2000.00
10.19	2000.00
10.19	2000.00
10.19	2000.00
10.19	2000.00
10.19	2000.00
10.20	2000.00
10.25	1980.20
10.25	1980.20
10.25	1980.20
10.25	1980.20
10.26	1980.20
10.26	1980.20
10.26	1980.20
10.26	1980.20
10.26	1980.20
10.27	1980.20
10.27	1980.20
10.27	1980.20
10.27	1980.20
10.27	1980.20
10.28	1980.20
10.28	1980.20
10.28	1980.20
10.28	1980.20
10.28	1980.20
10.29	1980.20
10.29	1980.20
10.29	1980.20
10.35	1941.75
10.35	1941.75
10.35	1941.75
10.35	1941.75
10.36	1941.75
10.36	1941.75
10.36	1941.75
10.36	1941.75
10.36	1941.75
10.37	1941.75
10.37	1941.75
10.37	1941.75
10.37	1941.75
10.37	1941.75
10.38	1941.75
10.38	1941.75
10.38	1941.75
10.38	1941.75
10.38	1941.75
10.39	1941.75
10.39	1941.75
10.39	1941.75
10.39	1941.75
10.39	1941.75
10.40	1941.75
10.40	1941.75
10.40	1941.75
10.45	1600.00
10.45	2000.00
10.45	2000.00
10.45	2000.00
10.45	2000.00
10.46	2000.00
10.46	2000.00
10.46	2000.00
10.46	2000.00
10.46	2000.00
10.47	2000.00
10.47	2000.00
10.47	2000.00
10.47	2000.00
10.47	2000.00
10.48	2000.00
10.48	2000.00
10.48	2000.00
10.48	2000.00
10.48	2000.00
10.49	2000.00
10.53	1639.34
10.53	1639.34
10.55	2000.00
10.55	2000.00
10.55	2000.00
10.55	2000.00
10.56	2000.00
10.56	2000.00
10.56	2000.00
10.56	2000.00
10.56	2000.00
10.57	2000.00
10.57	2000.00
10.57	2000.00
10.57	2000.00
10.57	2000.00
10.58	2000.00
10.58	2000.00
10.58	2000.00
10.58	2000.00
10.58	2000.00
10.59	2000.00
10.59	2000.00
10.59	2000.00
10.59	2000.00
10.59	2000.00
10.60	2000.00
10.60	2000.00
10.60	2000.00
10.65	1941.75
10.65	1941.75
10.66	1941.75
10.66	1941.75
10.66	1941.75
10.66	1941.75
10.66	1941.75
10.67	1941.75
10.67	1941.75
10.67	1941.75
10.67	1941.75
10.67	1941.75
10.68	1941.75
10.68	1941.75
10.68	1941.75
10.68	1941.75
10.68	1941.75
10.69	1941.75
10.69	1941.75
10.69	1941.75
10.69	1941.75
10.69	2469.14
10.70	2469.14
10.75	1980.20
10.75	1980.20
10.75	1980.20
10.76	1980.20
10.76	1980.20
10.76	1980.20
10.76	1980.20
10.76	1980.20
10.77	1980.20
10.77	1980.20
10.77	1980.20
10.77	1980.20
10.77	1980.20
10.78	1980.20
10.78	1980.20
10.78	1980.20
10.78	1980.20
10.78	1980.20
10.79	1980.20
10.79	1980.20
10.79	1980.20
10.79	1980.20
10.79	1980.20
10.80	1980.20
10.80	1980.20
10.80	1980.20
10.80	1980.20
10.80	2631.58
10.85	2000.00
10.86	2000.00
10.86	2000.00
10.86	2000.00
10.86	2000.00
10.86	2000.00
10.87	2000.00
10.87	2000.00
10.87	2000.00
10.87	2000.00
10.87	2000.00
10.88	2000.00
10.88	2000.00
10.88	2000.00
10.88	2000.00
10.88	2000.00
10.89	2000.00
10.89	2000.00
10.89	2000.00
10.89	2000.00
10.89	2000.00
10.90	2000.00
10.95	2000.00
10.95	2000.00
10.95	2000.00
10.96	2000.00
10.96	2000.00
10.96	2000.00
10.96	2000.00
10.96	2000.00
10.97	2000.00
10.97	2000.00
10.97	2000.00
10.97	2000.00
10.97	2000.00
10.98	2000.00
10.98	2000.00
10.98	2000.00
10.98	2000.00
10.98	2000.00
10.99	2000.00
10.99	2000.00
10.99	2000.00
10.99	2000.00
10.99	2000.00
11.00	2000.00
11.00	2000.00
11.00	2000.00
11.00	2000.00
11.00	2000.00
11.06	1980.20
11.06	1980.20
11.06	1980.20
11.06	1980.20
11.06	1980.20
11.07	1980.20
11.07	1980.20
11.07	1980.20
11.07	1980.20
11.07	1980.20
11.08	1980.20
11.08	1980.20
11.08	1980.20
11.08	1980.20
11.08	1980.20
11.09	1980.20
11.09	1980.20
11.09	1980.20
11.09	1980.20
11.09	1980.20
11.10	1980.20
11.10	1980.20
11.16	1941.75
11.16	1941.75
11.16	1941.75
11.16	1941.75
11.16	1941.75
11.17	1941.75
11.17	1941.75
11.17	1941.75
11.17	1941.75
11.17	1941.75
11.18	1941.75
11.18	1941.75
11.18	1941.75
11.18	1941.75
11.18	1941.75
11.19	1941.75
11.19	1941.75
11.19	1941.75
11.19	1941.75
11.19	1941.75
11.20	1941.75
11.20	1941.75
11.20	1941.75
11.20	1941.75
11.20	1941.75
11.21	1941.75
11.21	1941.75
11.25	1600.00
11.26	2000.00
11.26	2000.00
11.26	2000.00
11.26	2000.00
11.26	2000.00
11.27	2000.00
11.27	2000.00
11.27	2000.00
11.27	2000.00
11.27	2000.00
11.28	2000.00
11.28	2000.00
11.28	2000.00
11.28	2000.00
11.28	2000.00
11.29	2000.00
11.29	2000.00
11.29	2000.00
11.29	2000.00
11.29	2000.00
11.34	1639.34
11.34	1639.34
11.36	2000.00
11.36	2000.00
11.36	2000.00
11.36	2000.00
11.36	2000.00
11.37	2000.00
11.37	2000.00
11.37	2000.00
11.37	2000.00
11.37	2000.00
11.38	2000.00
11.38	2000.00
11.38	2000.00
11.38	2000.00
11.38	2000.00
11.39	2000.00
11.39	2000.00
11.39	2000.00
11.39	2000.00
11.39	2000.00
11.40	2000.00
11.40	2000.00
11.40	2000.00
11.40	2000.00
11.40	2000.00
11.41	2000.00
11.41	2000.00
11.46	1941.75
11.46	1941.75
11.46	1941.75
11.47	1941.75
11.47	1941.75
11.47	1941.75
11.47	1941.75
11.47	1941.75
11.48	1941.75
11.48	1941.75
11.48	1941.75
11.48	1941.75
11.48	1941.75
11.49	1941.75
11.49	1941.75
11.49	1941.75
11.49	1941.75
11.49	1941.75
11.50	1941.75
11.50	1941.75
11.50	1941.75
11.50	2469.14
11.50	2469.14
11.56	1980.20
11.56	1980.20
11.56	1980.20
11.56	1980.20
11.57	1980.20
11.57	1980.20
11.57	1980.20
11.57	1980.20
11.57	1980.20
11.58	1980.20
11.58	1980.20
11.58	1980.20
11.58	1980.20
11.58	1980.20
11.59	1980.20
11.59	1980.20
11.59	1980.20
11.59	1980.20
11.59	1980.20
11.60	1980.20
11.60	1980.20
11.60	1980.20
11.60	1980.20
11.60	1980.20
11.61	1980.20
11.61	1980.20
11.61	1980.20
11.61	2631.58
11.66	2000.00
11.66	2000.00
11.67	2000.00
11.67	2000.00
11.67	2000.00
11.67	2000.00
11.67	2000.00
11.68	2000.00
11.68	2000.00
11.68	2000.00
11.68	2000.00
11.68	2000.00
11.69	2000.00
11.69	2000.00
11.69	2000.00
11.69	2000.00
11.69	2000.00
11.70	2000.00
11.70	2000.00
11.70	2000.00
11.70	2000.00
11.70	2000.00
11.76	2000.00
11.76	2000.00
11.76	2000.00
11.76	2000.00
11.77	2000.00
11.77	2000.00
11.77	2000.00
11.77	2000.00
11.77	2000.00
11.78	2000.00
11.78	2000.00
11.78	2000.00
11.78	2000.00
11.78	2000.00
11.79	2000.00
11.79	2000.00
11.79	2000.00
11.79	2000.00
11.79	2000.00
11.80	2000.00
11.80	2000.00
11.80	2000.00
11.80	2000.00
11.80	2000.00
11.81	2000.00
11.81	2000.00
11.81	2000.00
11.81	2000.00
11.86	1980.20
11.87	1980.20
11.87	1980.20
11.87	1980.20
11.87	1980.20
11.87	1980.20
11.88	1980.20
11.88	1980.20
11.88	1980.20
11.88	1980.20
11.88	1980.20
11.89	1980.20
11.89	1980.20
11.89	1980.20
11.89	1980.20
11.89	1980.20
11.90	1980.20
11.90	1980.20
11.90	1980.20
11.90	1980.20
11.90	1980.20
11.91	1980.20
11.96	1941.75
11.97	1941.75
11.97	1941.75
11.97	1941.75
11.97	1941.75
11.97	1941.75
11.98	1941.75
11.98	1941.75
11.98	1941.75
11.98	1941.75
11.98	1941.75
11.99	1941.75
11.99	1941.75
11.99	1941.75
11.99	1941.75
11.99	1941.75
12.00	1941.75
12.00	1941.75
12.00	1941.75
12.00	1941.75
12.00	1941.75
12.01	1941.75
12.01	1941.75
12.01	1941.75
12.01	1941.75
12.01	1941.75
12.02	1941.75
12.04	1739.13
12.04	2222.22
12.05	2222.22
12.05	2222.22
12.05	2222.22
12.05	2222.22
12.05	2222.22
12.06	2222.22
12.06	2222.22
12.06	2222.22
12.06	2222.22
12.06	2222.22
12.07	2222.22
12.07	2222.22
12.07	2197.80
12.08	2173.91
12.08	2150.54
12.08	2127.66
12.09	2105.26
12.09	2083.33
12.10	2061.86
12.10	2040.82
12.10	2020.20
12.11	2777.78
12.11	2739.73
12.12	2702.70
12.12	2666.67
12.12	2631.58
12.13	2597.40
12.13	2564.10
12.14	2531.65
12.14	2500.00
12.14	2469.14
12.15	2439.02
12.15	2409.64
12.16	2380.95
12.16	2352.94
12.16	2325.58
12.17	2298.85
12.17	2272.73
12.18	2247.19
12.18	2222.22
12.18	2197.80
12.19	2173.91
12.19	2150.54
12.20	2127.66
12.20	2105.26
12.20	2083.33
12.20	0.00
