0.000000	0.008667
1.000000	0.010000
2.000000	0.010000
3.000000	0.010000
4.000000	0.010000
5.000000	0.010000
6.000000	0.010000
7.000000	0.010000
8.000000	0.010000
9.000000	0.010000
10.000000	0.010000
11.000000	0.010000
12.000000	0.010000
13.000000	0.010000
14.000000	0.010000
15.000000	0.010000
16.000000	0.010000
17.000000	0.010000
18.000000	0.010000
19.000000	0.010000
20.000000	0.010000
21.000000	0.010000
22.000000	0.010000
23.000000	0.010000
24.000000	0.010000
25.000000	0.010000
26.000000	0.010000
27.000000	0.010000
28.000000	0.010000
29.000000	0.010000
30.000000	0.010000
31.000000	0.010000
32.000000	0.010000
33.000000	0.010000
34.000000	0.010000
35.000000	0.010000
36.000000	0.010000
37.000000	0.010000
38.000000	0.010000
39.000000	0.010000
40.000000	0.010000
41.000000	0.010000
42.000000	0.010000
43.000000	0.010000
44.000000	0.010000
45.000000	0.010000
46.000000	0.010000
47.000000	0.010000
48.000000	0.010000
49.000000	0.010000
50.000000	0.010000
51.000000	0.010000
52.000000	0.010000
53.000000	0.010000
54.000000	0.010000
55.000000	0.010000
56.000000	0.010000
57.000000	0.010000
58.000000	0.010000
59.000000	0.010000
60.000000	0.010000
61.000000	0.010000
62.000000	0.010000
63.000000	0.010000
64.000000	0.010000
65.000000	0.010000
66.000000	0.010000
67.000000	0.010000
68.000000	0.010000
69.000000	0.010000
70.000000	0.010000
71.000000	0.010000
72.000000	0.010000
73.000000	0.010000
74.000000	0.010000
75.000000	0.010000
76.000000	0.010000
77.000000	0.010000
78.000000	0.010000
79.000000	0.010000
80.000000	0.010000
81.000000	0.010000
82.000000	0.010000
83.000000	0.010000
84.000000	0.010000
85.000000	0.010000
86.000000	0.010000
87.000000	0.010000
88.000000	0.010000
89.000000	0.010000
90.000000	0.010000
91.000000	0.010000
92.000000	0.010000
93.000000	0.010000
94.000000	0.010000
95.000000	0.010000
96.000000	0.010000
97.000000	0.010000
98.000000	0.010000
99.000000	0.010000
100.000000	0.010000
101.000000	0.010000
102.000000	0.010000
103.000000	0.010000
104.000000	0.010000
105.000000	0.010000
106.000000	0.010000
107.000000	0.010000
108.000000	0.010000
109.000000	0.010000
110.000000	0.010000
111.000000	0.010000
112.000000	0.010000
113.000000	0.010000
114.000000	0.010000
115.000000	0.010000
116.000000	0.010000
117.000000	0.010000
118.000000	0.010000
119.000000	0.010000
120.000000	0.010000
121.000000	0.010000
122.000000	0.010000
123.000000	0.010000
124.000000	0.010000
125.000000	0.010000
126.000000	0.010000
127.000000	0.010000
128.000000	0.010000
129.000000	0.010000
130.000000	0.010000
131.000000	0.010000
132.000000	0.010000
133.000000	0.010000
134.000000	0.010000
135.000000	0.010000
136.000000	0.010000
137.000000	0.010000
138.000000	0.010000
139.000000	0.010000
140.000000	0.010000
141.000000	0.010000
142.000000	0.010000
143.000000	0.010000
144.000000	0.010000
145.000000	0.010000
146.000000	0.010000
147.000000	0.010000
148.000000	0.010000
149.000000	0.010000
150.000000	0.010000
151.000000	0.010000
152.000000	0.010000
153.000000	0.010000
154.000000	0.010000
155.000000	0.010000
156.000000	0.010000
157.000000	0.010000
158.000000	0.010000
159.000000	0.010000
160.000000	0.010000
161.000000	0.010000
162.000000	0.010000
163.000000	0.010000
164.000000	0.010000
165.000000	0.010000
166.000000	0.010000
167.000000	0.010000
168.000000	0.010000
169.000000	0.010000
170.000000	0.010000
171.000000	0.010000
172.000000	0.010000
173.000000	0.010000
174.000000	0.010000
175.000000	0.010000
176.000000	0.010000
177.000000	0.010000
178.000000	0.010000
179.000000	0.010000
180.000000	0.010000
181.000000	0.010000
182.000000	0.010000
183.000000	0.010000
184.000000	0.010000
185.000000	0.010000
186.000000	0.010000
187.000000	0.010000
188.000000	0.010000
189.000000	0.010000
190.000000	0.010000
191.000000	0.010000
192.000000	0.010000
193.000000	0.010000
194.000000	0.010000
195.000000	0.010000
196.000000	0.010000
197.000000	0.010000
198.000000	0.010000
199.000000	0.010000
200.000000	0.010000
201.000000	0.010000
202.000000	0.010000
203.000000	0.010000
204.000000	0.010000
205.000000	0.010000
206.000000	0.010000
207.000000	0.010000
208.000000	0.010000
209.000000	0.010000
210.000000	0.010000
211.000000	0.010000
212.000000	0.010000
213.000000	0.010000
214.000000	0.010000
215.000000	0.010000
216.000000	0.010000
217.000000	0.010000
218.000000	0.010000
219.000000	0.010000
220.000000	0.010000
221.000000	0.010000
222.000000	0.010000
223.000000	0.010000
224.000000	0.010000
225.000000	0.010000
226.000000	0.010000
227.000000	0.010000
228.000000	0.010000
229.000000	0.010000
230.000000	0.010000
231.000000	0.010000
232.000000	0.010000
233.000000	0.010000
234.000000	0.010000
235.000000	0.010000
236.000000	0.010000
237.000000	0.010000
238.000000	0.010000
239.000000	0.010000
240.000000	0.010000
241.000000	0.010000
242.000000	0.010000
243.000000	0.010000
244.000000	0.010000
245.000000	0.010000
246.000000	0.010000
247.000000	0.010000
248.000000	0.010000
249.000000	0.010000
250.000000	0.010000
251.000000	0.010000
252.000000	0.010000
253.000000	0.010000
254.000000	0.010000
255.000000	0.010000
256.000000	0.010000
257.000000	0.010000
258.000000	0.010000
259.000000	0.010000
260.000000	0.010000
261.000000	0.010000
262.000000	0.010000
263.000000	0.010000
264.000000	0.010000
265.000000	0.010000
266.000000	0.010000
267.000000	0.010000
268.000000	0.010000
269.000000	0.010000
270.000000	0.010000
271.000000	0.010000
272.000000	0.010000
273.000000	0.010000
274.000000	0.010000
275.000000	0.010000
276.000000	0.010000
277.000000	0.010000
278.000000	0.010000
279.000000	0.010000
280.000000	0.010000
281.000000	0.010000
282.000000	0.010000
283.000000	0.010000
284.000000	0.010000
285.000000	0.010000
286.000000	0.010000
287.000000	0.010000
288.000000	0.010000
289.000000	0.010000
290.000000	0.010000
291.000000	0.010000
292.000000	0.010000
293.000000	0.010000
294.000000	0.010000
295.000000	0.010000
296.000000	0.010000
297.000000	0.010000
298.000000	0.010000
299.000000	0.010000
300.000000	0.010000
301.000000	0.010000
302.000000	0.010000
303.000000	0.010000
304.000000	0.010000
305.000000	0.010000
306.000000	0.010000
307.000000	0.010000
308.000000	0.010000
309.000000	0.010000
310.000000	0.010000
311.000000	0.010000
312.000000	0.010000
313.000000	0.010000
314.000000	0.010000
315.000000	0.010000
316.000000	0.010000
317.000000	0.010000
318.000000	0.010000
319.000000	0.010000
320.000000	0.010000
321.000000	0.010000
322.000000	0.010000
323.000000	0.010000
324.000000	0.010000
325.000000	0.010000
326.000000	0.010000
327.000000	0.010000
328.000000	0.010000
329.000000	0.010000
330.000000	0.010000
331.000000	0.010000
332.000000	0.010000
333.000000	0.010000
334.000000	0.010000
335.000000	0.010000
336.000000	0.010000
337.000000	0.010000
338.000000	0.010000
339.000000	0.010000
340.000000	0.010000
341.000000	0.010000
342.000000	0.010000
343.000000	0.010000
344.000000	0.010000
345.000000	0.010000
346.000000	0.010000
347.000000	0.010000
348.000000	0.010000
349.000000	0.010000
350.000000	0.010000
351.000000	0.010000
352.000000	0.010000
353.000000	0.010000
354.000000	0.010000
355.000000	0.010000
356.000000	0.010000
357.000000	0.010000
358.000000	0.010000
359.000000	0.010000
360.000000	0.010000
361.000000	0.010000
362.000000	0.010000
363.000000	0.010000
364.000000	0.010000
365.000000	0.010000
366.000000	0.010000
367.000000	0.010000
368.000000	0.010000
369.000000	0.010000
370.000000	0.010000
371.000000	0.010000
372.000000	0.010000
373.000000	0.010000
374.000000	0.010000
375.000000	0.010000
376.000000	0.010000
377.000000	0.010000
378.000000	0.010000
379.000000	0.010000
380.000000	0.010000
381.000000	0.010000
382.000000	0.010000
383.000000	0.010000
384.000000	0.010000
385.000000	0.010000
386.000000	0.010000
387.000000	0.010000
388.000000	0.010000
389.000000	0.010000
390.000000	0.010000
391.000000	0.010000
392.000000	0.010000
393.000000	0.010000
394.000000	0.010000
395.000000	0.010000
396.000000	0.010000
397.000000	0.010000
398.000000	0.010000
399.000000	0.010000
400.000000	0.010000
401.000000	0.010000
402.000000	0.010000
403.000000	0.010000
404.000000	0.010000
405.000000	0.010000
406.000000	0.010000
407.000000	0.010000
408.000000	0.010000
409.000000	0.010000
410.000000	0.010000
411.000000	0.010000
412.000000	0.010000
413.000000	0.010000
414.000000	0.010000
415.000000	0.010000
416.000000	0.010000
417.000000	0.010000
418.000000	0.010000
419.000000	0.010000
420.000000	0.010000
421.000000	0.010000
422.000000	0.010000
423.000000	0.010000
424.000000	0.010000
425.000000	0.010000
426.000000	0.010000
427.000000	0.010000
428.000000	0.010000
429.000000	0.010000
430.000000	0.010000
431.000000	0.010000
432.000000	0.010000
433.000000	0.010000
434.000000	0.010000
435.000000	0.010000
436.000000	0.010000
437.000000	0.010000
438.000000	0.010000
439.000000	0.010000
440.000000	0.010000
441.000000	0.010000
442.000000	0.010000
443.000000	0.010000
444.000000	0.010000
445.000000	0.010000
446.000000	0.010000
447.000000	0.010000
448.000000	0.010000
449.000000	0.010000
450.000000	0.010000
451.000000	0.010000
452.000000	0.010000
453.000000	0.010000
454.000000	0.010000
455.000000	0.010000
456.000000	0.010000
457.000000	0.010000
458.000000	0.010000
459.000000	0.010000
460.000000	0.010000
461.000000	0.010000
462.000000	0.010000
463.000000	0.010000
464.000000	0.010000
465.000000	0.010000
466.000000	0.010000
467.000000	0.010000
468.000000	0.010000
469.000000	0.010000
470.000000	0.010000
471.000000	0.010000
472.000000	0.010000
473.000000	0.010000
474.000000	0.010000
475.000000	0.010000
476.000000	0.010000
477.000000	0.010000
478.000000	0.010000
479.000000	0.010000
480.000000	0.010000
481.000000	0.010000
482.000000	0.010000
483.000000	0.010000
484.000000	0.010000
485.000000	0.010000
486.000000	0.010000
487.000000	0.010000
488.000000	0.010000
489.000000	0.010000
490.000000	0.010000
491.000000	0.010000
492.000000	0.010000
493.000000	0.010000
494.000000	0.010000
495.000000	0.010000
496.000000	0.010000
497.000000	0.010000
498.000000	0.010000
499.000000	0.010000
500.000000	0.010000
501.000000	0.010000
502.000000	0.010000
503.000000	0.010000
504.000000	0.010000
505.000000	0.010000
506.000000	0.010000
507.000000	0.010000
508.000000	0.010000
509.000000	0.010000
510.000000	0.010000
511.000000	0.010000
512.000000	0.010000
513.000000	0.010000
514.000000	0.010000
515.000000	0.010000
516.000000	0.010000
517.000000	0.010000
518.000000	0.010000
519.000000	0.010000
520.000000	0.010000
521.000000	0.010000
522.000000	0.010000
523.000000	0.010000
524.000000	0.010000
525.000000	0.010000
526.000000	0.010000
527.000000	0.010000
528.000000	0.010000
529.000000	0.010000
530.000000	0.010000
531.000000	0.010000
532.000000	0.010000
533.000000	0.010000
534.000000	0.010000
535.000000	0.010000
536.000000	0.010000
537.000000	0.010000
538.000000	0.010000
539.000000	0.010000
540.000000	0.010000
541.000000	0.010000
542.000000	0.010000
543.000000	0.010000
544.000000	0.010000
545.000000	0.010000
546.000000	0.010000
547.000000	0.010000
548.000000	0.010000
549.000000	0.010000
550.000000	0.010000
551.000000	0.010000
552.000000	0.010000
553.000000	0.010000
554.000000	0.010000
555.000000	0.010000
556.000000	0.010000
557.000000	0.010000
558.000000	0.010000
559.000000	0.010000
560.000000	0.010000
561.000000	0.010000
562.000000	0.010000
563.000000	0.010000
564.000000	0.010000
565.000000	0.010000
566.000000	0.010000
567.000000	0.010000
568.000000	0.010000
569.000000	0.010000
570.000000	0.010000
571.000000	0.010000
572.000000	0.010000
573.000000	0.010000
574.000000	0.010000
575.000000	0.010000
576.000000	0.010000
577.000000	0.010000
578.000000	0.010000
579.000000	0.010000
580.000000	0.010000
581.000000	0.010000
582.000000	0.010000
583.000000	0.010000
584.000000	0.010000
585.000000	0.010000
586.000000	0.010000
587.000000	0.010000
588.000000	0.010000
589.000000	0.010000
590.000000	0.010000
591.000000	0.010000
592.000000	0.010000
593.000000	0.010000
594.000000	0.010000
595.000000	0.010000
596.000000	0.010000
597.000000	0.010000
598.000000	0.010000
599.000000	0.010000
600.000000	0.010000
601.000000	0.010000
602.000000	0.010000
603.000000	0.010000
604.000000	0.010000
605.000000	0.010000
606.000000	0.010000
607.000000	0.010000
608.000000	0.010000
609.000000	0.010000
610.000000	0.010000
611.000000	0.010000
612.000000	0.010000
613.000000	0.010000
614.000000	0.010000
615.000000	0.010000
616.000000	0.010000
617.000000	0.010000
618.000000	0.010000
619.000000	0.010000
620.000000	0.010000
621.000000	0.010000
622.000000	0.010000
623.000000	0.010000
624.000000	0.010000
625.000000	0.010000
626.000000	0.010000
627.000000	0.010000
628.000000	0.010000
629.000000	0.010000
630.000000	0.010000
631.000000	0.010000
632.000000	0.010000
633.000000	0.010000
634.000000	0.010000
635.000000	0.010000
636.000000	0.010000
637.000000	0.010000
638.000000	0.010000
639.000000	0.010000
640.000000	0.010000
641.000000	0.010000
642.000000	0.010000
643.000000	0.010000
644.000000	0.010000
645.000000	0.010000
646.000000	0.010000
647.000000	0.010000
648.000000	0.010000
649.000000	0.010000
650.000000	0.010000
651.000000	0.010000
652.000000	0.010000
653.000000	0.010000
654.000000	0.010000
655.000000	0.010000
656.000000	0.010000
657.000000	0.010000
658.000000	0.010000
659.000000	0.010000
660.000000	0.010000
661.000000	0.010000
662.000000	0.010000
663.000000	0.010000
664.000000	0.010000
665.000000	0.010000
666.000000	0.010000
667.000000	0.010000
668.000000	0.010000
669.000000	0.010000
670.000000	0.010000
671.000000	0.010000
672.000000	0.010000
673.000000	0.010000
674.000000	0.010000
675.000000	0.010000
676.000000	0.010000
677.000000	0.010000
678.000000	0.010000
679.000000	0.010000
680.000000	0.010000
681.000000	0.010000
682.000000	0.010000
683.000000	0.010000
684.000000	0.010000
685.000000	0.010000
686.000000	0.010000
687.000000	0.010000
688.000000	0.010000
689.000000	0.010000
690.000000	0.010000
691.000000	0.010000
692.000000	0.010000
693.000000	0.010000
694.000000	0.010000
695.000000	0.010000
696.000000	0.010000
697.000000	0.010000
698.000000	0.010000
699.000000	0.010000
700.000000	0.010000
701.000000	0.010000
702.000000	0.010000
703.000000	0.010000
704.000000	0.010000
705.000000	0.010000
706.000000	0.010000
707.000000	0.010000
708.000000	0.010000
709.000000	0.010000
710.000000	0.010000
711.000000	0.010000
712.000000	0.010000
713.000000	0.010000
714.000000	0.010000
715.000000	0.010000
716.000000	0.010000
717.000000	0.010000
718.000000	0.010000
719.000000	0.010000
720.000000	0.010000
721.000000	0.010000
722.000000	0.010000
723.000000	0.010000
724.000000	0.010000
725.000000	0.010000
726.000000	0.010000
727.000000	0.010000
728.000000	0.010000
729.000000	0.010000
730.000000	0.010000
731.000000	0.010000
732.000000	0.010000
733.000000	0.010000
734.000000	0.010000
735.000000	0.010000
736.000000	0.010000
737.000000	0.010000
738.000000	0.010000
739.000000	0.010000
740.000000	0.010000
741.000000	0.010000
742.000000	0.010000
743.000000	0.010000
744.000000	0.010000
745.000000	0.010000
746.000000	0.010000
747.000000	0.010000
748.000000	0.010000
749.000000	0.010000
750.000000	0.010000
751.000000	0.010000
752.000000	0.010000
753.000000	0.010000
754.000000	0.010000
755.000000	0.010000
756.000000	0.010000
757.000000	0.010000
758.000000	0.010000
759.000000	0.010000
760.000000	0.010000
761.000000	0.010000
762.000000	0.010000
763.000000	0.010000
764.000000	0.010000
765.000000	0.010000
766.000000	0.010000
767.000000	0.010000
768.000000	0.010000
769.000000	0.010000
770.000000	0.010000
771.000000	0.010000
772.000000	0.010000
773.000000	0.010000
774.000000	0.010000
775.000000	0.010000
776.000000	0.010000
777.000000	0.010000
778.000000	0.010000
779.000000	0.010000
780.000000	0.010000
781.000000	0.010000
782.000000	0.010000
783.000000	0.010000
784.000000	0.010000
785.000000	0.010000
786.000000	0.010000
787.000000	0.010000
788.000000	0.010000
789.000000	0.010000
790.000000	0.010000
791.000000	0.010000
792.000000	0.010000
793.000000	0.010000
794.000000	0.010000
795.000000	0.010000
796.000000	0.010000
797.000000	0.010000
798.000000	0.010000
799.000000	0.010000
800.000000	0.010000
801.000000	0.010000
802.000000	0.010000
803.000000	0.010000
804.000000	0.010000
805.000000	0.010000
806.000000	0.010000
807.000000	0.010000
808.000000	0.010000
809.000000	0.010000
810.000000	0.010000
811.000000	0.010000
812.000000	0.010000
813.000000	0.010000
814.000000	0.010000
815.000000	0.010000
816.000000	0.010000
817.000000	0.010000
818.000000	0.010000
819.000000	0.010000
820.000000	0.010000
821.000000	0.010000
822.000000	0.010000
823.000000	0.010000
824.000000	0.010000
825.000000	0.010000
826.000000	0.010000
827.000000	0.010000
828.000000	0.010000
829.000000	0.010000
830.000000	0.010000
831.000000	0.010000
832.000000	0.010000
833.000000	0.010000
834.000000	0.010000
835.000000	0.010000
836.000000	0.010000
837.000000	0.010000
838.000000	0.010000
839.000000	0.010000
840.000000	0.010000
841.000000	0.010000
842.000000	0.010000
843.000000	0.010000
844.000000	0.010000
845.000000	0.010000
846.000000	0.010000
847.000000	0.010000
848.000000	0.010000
849.000000	0.010000
850.000000	0.010000
851.000000	0.010000
852.000000	0.010000
853.000000	0.010000
854.000000	0.010000
855.000000	0.010000
856.000000	0.010000
857.000000	0.010000
858.000000	0.010000
859.000000	0.010000
860.000000	0.010000
861.000000	0.010000
862.000000	0.010000
863.000000	0.010000
864.000000	0.010000
865.000000	0.010000
866.000000	0.010000
867.000000	0.010000
868.000000	0.010000
869.000000	0.010000
870.000000	0.010000
871.000000	0.010000
872.000000	0.010000
873.000000	0.010000
874.000000	0.010000
875.000000	0.010000
876.000000	0.010000
877.000000	0.010000
878.000000	0.010000
879.000000	0.010000
880.000000	0.010000
881.000000	0.010000
882.000000	0.010000
883.000000	0.010000
884.000000	0.010000
885.000000	0.010000
886.000000	0.010000
887.000000	0.010000
888.000000	0.010000
889.000000	0.010000
890.000000	0.010000
891.000000	0.010000
892.000000	0.010000
893.000000	0.010000
894.000000	0.010000
895.000000	0.010000
896.000000	0.010000
897.000000	0.010000
898.000000	0.010000
899.000000	0.010000
900.000000	0.010000
901.000000	0.010000
902.000000	0.010000
903.000000	0.010000
904.000000	0.010000
905.000000	0.010000
906.000000	0.010000
907.000000	0.010000
908.000000	0.010000
909.000000	0.010000
910.000000	0.010000
911.000000	0.010000
912.000000	0.010000
913.000000	0.010000
914.000000	0.010000
915.000000	0.010000
916.000000	0.010000
917.000000	0.010000
918.000000	0.010000
919.000000	0.010000
920.000000	0.010000
921.000000	0.010000
922.000000	0.010000
923.000000	0.010000
924.000000	0.010000
925.000000	0.010000
926.000000	0.010000
927.000000	0.010000
928.000000	0.010000
929.000000	0.010000
930.000000	0.010000
931.000000	0.010000
932.000000	0.010000
933.000000	0.010000
934.000000	0.010000
935.000000	0.010000
936.000000	0.010000
937.000000	0.010000
938.000000	0.010000
939.000000	0.010000
940.000000	0.010000
941.000000	0.010000
942.000000	0.010000
943.000000	0.010000
944.000000	0.010000
945.000000	0.010000
946.000000	0.010000
947.000000	0.010000
948.000000	0.010000
949.000000	0.010000
950.000000	0.010000
951.000000	0.010000
952.000000	0.010000
953.000000	0.010000
954.000000	0.010000
955.000000	0.010000
956.000000	0.010000
957.000000	0.010000
958.000000	0.010000
959.000000	0.010000
960.000000	0.010000
961.000000	0.010000
962.000000	0.010000
963.000000	0.010000
964.000000	0.010000
965.000000	0.010000
966.000000	0.010000
967.000000	0.010000
968.000000	0.010000
969.000000	0.010000
970.000000	0.010000
971.000000	0.010000
972.000000	0.010000
973.000000	0.010000
974.000000	0.010000
975.000000	0.010000
976.000000	0.010000
977.000000	0.010000
978.000000	0.010000
979.000000	0.010000
980.000000	0.010000
981.000000	0.010000
982.000000	0.010000
983.000000	0.010000
984.000000	0.010000
985.000000	0.010000
986.000000	0.010000
987.000000	0.010000
988.000000	0.010000
989.000000	0.010000
990.000000	0.010000
991.000000	0.010000
992.000000	0.010000
993.000000	0.010000
994.000000	0.010000
995.000000	0.010000
996.000000	0.010000
997.000000	0.010000
998.000000	0.010000
999.000000	0.010000
1000.000000	0.010000
1001.000000	0.010000
1002.000000	0.010000
1003.000000	0.010000
1004.000000	0.010000
1005.000000	0.010000
1006.000000	0.010000
1007.000000	0.010000
1008.000000	0.010000
1009.000000	0.010000
1010.000000	0.010000
1011.000000	0.010000
1012.000000	0.010000
1013.000000	0.010000
1014.000000	0.010000
1015.000000	0.010000
1016.000000	0.010000
1017.000000	0.010000
1018.000000	0.010000
1019.000000	0.010000
1020.000000	0.010000
1021.000000	0.010000
1022.000000	0.010000
1023.000000	0.010000
1024.000000	0.010000
1025.000000	0.010000
1026.000000	0.010000
1027.000000	0.010000
1028.000000	0.010000
1029.000000	0.010000
1030.000000	0.010000
1031.000000	0.010000
1032.000000	0.010000
1033.000000	0.010000
1034.000000	0.010000
1035.000000	0.010000
1036.000000	0.010000
1037.000000	0.010000
1038.000000	0.010000
1039.000000	0.010000
1040.000000	0.010000
1041.000000	0.010000
1042.000000	0.010000
1043.000000	0.010000
1044.000000	0.010000
1045.000000	0.010000
1046.000000	0.010000
1047.000000	0.010000
1048.000000	0.010000
1049.000000	0.010000
1050.000000	0.010000
1051.000000	0.010000
1052.000000	0.010000
1053.000000	0.010000
1054.000000	0.010000
1055.000000	0.010000
1056.000000	0.010000
1057.000000	0.010000
1058.000000	0.010000
1059.000000	0.010000
1060.000000	0.010000
1061.000000	0.010000
1062.000000	0.010000
1063.000000	0.010000
1064.000000	0.010000
1065.000000	0.010000
1066.000000	0.010000
1067.000000	0.010000
1068.000000	0.010000
1069.000000	0.010000
1070.000000	0.010000
1071.000000	0.010000
1072.000000	0.010000
1073.000000	0.010000
1074.000000	0.010000
1075.000000	0.010000
1076.000000	0.010000
1077.000000	0.010000
1078.000000	0.010000
1079.000000	0.010000
1080.000000	0.010000
1081.000000	0.010000
1082.000000	0.010000
1083.000000	0.010000
1084.000000	0.010000
1085.000000	0.010000
1086.000000	0.010000
1087.000000	0.010000
1088.000000	0.010000
1089.000000	0.010000
1090.000000	0.010000
1091.000000	0.010000
1092.000000	0.010000
1093.000000	0.010000
1094.000000	0.010000
1095.000000	0.010000
1096.000000	0.010000
1097.000000	0.010000
1098.000000	0.010000
1099.000000	0.010000
1100.000000	0.010000
1101.000000	0.010000
1102.000000	0.010000
1103.000000	0.010000
1104.000000	0.010000
1105.000000	0.010000
1106.000000	0.010000
1107.000000	0.010000
1108.000000	0.010000
1109.000000	0.010000
1110.000000	0.010000
1111.000000	0.010000
1112.000000	0.010000
1113.000000	0.010000
1114.000000	0.010000
1115.000000	0.010000
1116.000000	0.010000
1117.000000	0.010000
1118.000000	0.010000
1119.000000	0.010000
1120.000000	0.010000
1121.000000	0.010000
1122.000000	0.010000
1123.000000	0.010000
1124.000000	0.010000
1125.000000	0.010000
1126.000000	0.010000
1127.000000	0.010000
1128.000000	0.010000
1129.000000	0.010000
1130.000000	0.010000
1131.000000	0.010000
1132.000000	0.010000
1133.000000	0.010000
1134.000000	0.010000
1135.000000	0.010000
1136.000000	0.010000
1137.000000	0.010000
1138.000000	0.010000
1139.000000	0.010000
1140.000000	0.010000
1141.000000	0.010000
1142.000000	0.010000
1143.000000	0.010000
1144.000000	0.010000
1145.000000	0.010000
1146.000000	0.010000
1147.000000	0.010000
1148.000000	0.010000
1149.000000	0.010000
1150.000000	0.010000
1151.000000	0.010000
1152.000000	0.010000
1153.000000	0.010000
1154.000000	0.010000
1155.000000	0.010000
1156.000000	0.010000
1157.000000	0.010000
1158.000000	0.010000
1159.000000	0.010000
1160.000000	0.010000
1161.000000	0.010000
1162.000000	0.010000
1163.000000	0.010000
1164.000000	0.010000
1165.000000	0.010000
1166.000000	0.010000
1167.000000	0.010000
1168.000000	0.010000
1169.000000	0.010000
1170.000000	0.010000
1171.000000	0.010000
1172.000000	0.010000
1173.000000	0.010000
1174.000000	0.010000
1175.000000	0.010000
1176.000000	0.010000
1177.000000	0.010000
1178.000000	0.010000
1179.000000	0.010000
1180.000000	0.010000
1181.000000	0.010000
1182.000000	0.010000
1183.000000	0.010000
1184.000000	0.010000
1185.000000	0.010000
1186.000000	0.010000
1187.000000	0.010000
1188.000000	0.010000
1189.000000	0.010000
1190.000000	0.010000
1191.000000	0.010000
1192.000000	0.010000
1193.000000	0.010000
1194.000000	0.010000
1195.000000	0.010000
1196.000000	0.010000
1197.000000	0.010000
1198.000000	0.010000
1199.000000	0.010000
1200.000000	0.010000
1201.000000	0.010000
1202.000000	0.010000
1203.000000	0.010000
1204.000000	0.010000
1205.000000	0.010000
1206.000000	0.010000
1207.000000	0.010000
1208.000000	0.010000
1209.000000	0.010000
1210.000000	0.010000
1211.000000	0.010000
1212.000000	0.010000
1213.000000	0.010000
1214.000000	0.010000
1215.000000	0.010000
1216.000000	0.010000
1217.000000	0.010000
1218.000000	0.010000
1219.000000	0.010000
1220.000000	0.010000
1221.000000	0.010000
1222.000000	0.010000
1223.000000	0.010000
1224.000000	0.010000
1225.000000	0.010000
1226.000000	0.010000
1227.000000	0.010000
1228.000000	0.010000
1229.000000	0.010000
1230.000000	0.010000
1231.000000	0.010000
1232.000000	0.010000
1233.000000	0.010000
1234.000000	0.010000
1235.000000	0.010000
1236.000000	0.010000
1237.000000	0.010000
1238.000000	0.010000
1239.000000	0.010000
1240.000000	0.010000
1241.000000	0.010000
1242.000000	0.010000
1243.000000	0.010000
1244.000000	0.010000
1245.000000	0.010000
1246.000000	0.010000
1247.000000	0.010000
1248.000000	0.010000
1249.000000	0.010000
1250.000000	0.010000
1251.000000	0.010000
1252.000000	0.010000
1253.000000	0.010000
1254.000000	0.010000
1255.000000	0.010000
1256.000000	0.010000
1257.000000	0.010000
1258.000000	0.010000
1259.000000	0.010000
1260.000000	0.010000
1261.000000	0.010000
1262.000000	0.010000
1263.000000	0.010000
1264.000000	0.010000
1265.000000	0.010000
1266.000000	0.010000
1267.000000	0.010000
1268.000000	0.010000
1269.000000	0.010000
1270.000000	0.010000
1271.000000	0.010000
1272.000000	0.010000
1273.000000	0.010000
1274.000000	0.010000
1275.000000	0.010000
1276.000000	0.010000
1277.000000	0.010000
1278.000000	0.010000
1279.000000	0.010000
1280.000000	0.010000
1281.000000	0.010000
1282.000000	0.010000
1283.000000	0.010000
1284.000000	0.010000
1285.000000	0.010000
1286.000000	0.010000
1287.000000	0.010000
1288.000000	0.010000
1289.000000	0.010000
1290.000000	0.010000
1291.000000	0.010000
1292.000000	0.010000
1293.000000	0.010000
1294.000000	0.010000
1295.000000	0.010000
1296.000000	0.010000
1297.000000	0.010000
1298.000000	0.010000
1299.000000	0.010000
1300.000000	0.010000
1301.000000	0.010000
1302.000000	0.010000
1303.000000	0.010000
1304.000000	0.010000
1305.000000	0.010000
1306.000000	0.010000
1307.000000	0.010000
1308.000000	0.010000
1309.000000	0.010000
1310.000000	0.010000
1311.000000	0.010000
1312.000000	0.010000
1313.000000	0.010000
1314.000000	0.010000
1315.000000	0.010000
1316.000000	0.010000
1317.000000	0.010000
1318.000000	0.010000
1319.000000	0.010000
1320.000000	0.010000
1321.000000	0.010000
1322.000000	0.010000
1323.000000	0.010000
1324.000000	0.010000
1325.000000	0.010000
1326.000000	0.010000
1327.000000	0.010000
1328.000000	0.010000
1329.000000	0.010000
1330.000000	0.010000
1331.000000	0.010000
1332.000000	0.010000
1333.000000	0.010000
1334.000000	0.010000
1335.000000	0.010000
1336.000000	0.010000
1337.000000	0.010000
1338.000000	0.010000
1339.000000	0.010000
1340.000000	0.010000
1341.000000	0.010000
1342.000000	0.010000
1343.000000	0.010000
1344.000000	0.010000
1345.000000	0.010000
1346.000000	0.010000
1347.000000	0.010000
1348.000000	0.010000
1349.000000	0.010000
1350.000000	0.010000
1351.000000	0.010000
1352.000000	0.010000
1353.000000	0.010000
1354.000000	0.010000
1355.000000	0.010000
1356.000000	0.010000
1357.000000	0.010000
1358.000000	0.010000
1359.000000	0.010000
1360.000000	0.010000
1361.000000	0.010000
1362.000000	0.010000
1363.000000	0.010000
1364.000000	0.010000
1365.000000	0.010000
1366.000000	0.010000
1367.000000	0.010000
1368.000000	0.010000
1369.000000	0.010000
1370.000000	0.010000
1371.000000	0.010000
1372.000000	0.010000
1373.000000	0.010000
1374.000000	0.010000
1375.000000	0.010000
1376.000000	0.010000
1377.000000	0.010000
1378.000000	0.010000
1379.000000	0.010000
1380.000000	0.010000
1381.000000	0.010000
1382.000000	0.010000
1383.000000	0.010000
1384.000000	0.010000
1385.000000	0.010000
1386.000000	0.010000
1387.000000	0.010000
1388.000000	0.010000
1389.000000	0.010000
1390.000000	0.010000
1391.000000	0.010000
1392.000000	0.010000
1393.000000	0.010000
1394.000000	0.010000
1395.000000	0.010000
1396.000000	0.010000
1397.000000	0.010000
1398.000000	0.010000
1399.000000	0.010000
1400.000000	0.010000
1401.000000	0.010000
1402.000000	0.010000
1403.000000	0.010000
1404.000000	0.010000
1405.000000	0.010000
1406.000000	0.010000
1407.000000	0.010000
1408.000000	0.010000
1409.000000	0.010000
1410.000000	0.010000
1411.000000	0.010000
1412.000000	0.010000
1413.000000	0.010000
1414.000000	0.010000
1415.000000	0.010000
1416.000000	0.010000
1417.000000	0.010000
1418.000000	0.010000
1419.000000	0.010000
1420.000000	0.010000
1421.000000	0.010000
1422.000000	0.010000
1423.000000	0.010000
1424.000000	0.010000
1425.000000	0.010000
1426.000000	0.010000
1427.000000	0.010000
1428.000000	0.010000
1429.000000	0.010000
1430.000000	0.010000
1431.000000	0.010000
1432.000000	0.010000
1433.000000	0.010000
1434.000000	0.010000
1435.000000	0.010000
1436.000000	0.010000
1437.000000	0.010000
1438.000000	0.010000
1439.000000	0.010000
1440.000000	0.010000
1441.000000	0.010000
1442.000000	0.010000
1443.000000	0.010000
1444.000000	0.010000
1445.000000	0.010000
1446.000000	0.010000
1447.000000	0.010000
1448.000000	0.010000
1449.000000	0.010000
1450.000000	0.010000
1451.000000	0.010000
1452.000000	0.010000
1453.000000	0.010000
1454.000000	0.010000
1455.000000	0.010000
1456.000000	0.010000
1457.000000	0.010000
1458.000000	0.010000
1459.000000	0.010000
1460.000000	0.010000
1461.000000	0.010000
1462.000000	0.010000
1463.000000	0.010000
1464.000000	0.010000
1465.000000	0.010000
1466.000000	0.010000
1467.000000	0.010000
1468.000000	0.010000
1469.000000	0.010000
1470.000000	0.010000
1471.000000	0.010000
1472.000000	0.010000
1473.000000	0.010000
1474.000000	0.010000
1475.000000	0.010000
1476.000000	0.010000
1477.000000	0.010000
1478.000000	0.010000
1479.000000	0.010000
1480.000000	0.010000
1481.000000	0.010000
1482.000000	0.010000
1483.000000	0.010000
1484.000000	0.010000
1485.000000	0.010000
1486.000000	0.010000
1487.000000	0.010000
