0 0.129000
1 0.169000
2 0.211000
3 0.257000
4 0.299000
5 0.345000
6 0.391000
7 0.433000
8 0.479000
9 0.521000
10 0.525000
11 0.529000
12 0.533000
13 0.541000
14 0.743000
15 0.747000
16 0.751000
17 0.755000
18 0.763000
19 0.961000
20 0.965000
21 0.969000
22 0.973000
23 0.981000
24 1.183000
25 1.225000
26 1.271000
27 1.313000
28 1.359000
29 1.401000
30 1.405000
31 1.409000
32 1.413000
33 1.421000
34 1.623000
35 1.627000
36 1.631000
37 1.635000
38 1.643000
39 1.841000
40 1.845000
41 1.849000
42 1.853000
43 1.861000
44 2.059000
45 2.063000
46 2.067000
47 2.071000
48 2.079000
49 2.281000
50 2.285000
51 2.289000
52 2.293000
53 2.301000
54 2.499000
55 2.503000
56 2.507000
57 2.509000
58 2.515000
80 2.529000
81 2.531000
82 2.533000
83 2.535000
84 2.537000
107 2.547000
108 2.549000
109 2.551000
110 2.553000
111 2.559000
135 2.569000
136 2.571000
137 2.573000
138 2.575000
139 2.577000
162 2.587000
163 2.593000
164 2.595000
165 2.601000
166 2.603000
190 2.609000
191 2.611000
192 2.613000
193 2.615000
194 2.617000
217 2.627000
218 2.629000
219 2.631000
220 2.633000
221 2.639000
244 2.649000
245 2.651000
246 2.653000
247 2.655000
248 2.657000
272 2.667000
273 2.669000
274 2.671000
275 2.673000
276 2.679000
299 2.689000
300 2.691000
301 2.693000
302 2.695000
303 2.697000
304 2.707000
305 2.709000
306 2.711000
307 2.713000
308 2.719000
309 2.729000
310 2.731000
311 2.733000
312 2.735000
313 2.737000
314 2.747000
315 2.749000
316 2.751000
317 2.753000
318 2.759000
319 2.769000
320 2.771000
321 2.773000
322 2.775000
323 2.777000
324 2.787000
325 2.793000
326 2.795000
327 2.801000
328 2.803000
329 2.809000
330 2.811000
331 2.813000
332 2.815000
333 2.817000
334 2.827000
335 2.829000
336 2.831000
337 2.833000
338 2.839000
339 2.849000
340 2.851000
341 2.853000
342 2.855000
343 2.857000
344 2.867000
345 2.869000
346 2.877000
347 2.885000
348 2.893000
349 2.903000
350 2.909000
351 2.917000
352 2.925000
353 2.933000
354 2.943000
355 2.949000
356 2.957000
357 2.965000
358 2.973000
359 2.983000
360 2.989000
361 2.997000
362 3.005000
363 3.013000
364 3.023000
365 3.029000
366 3.037000
367 3.045000
368 3.053000
369 3.063000
370 3.069000
371 3.077000
372 3.085000
373 3.093000
374 3.103000
375 3.111000
376 3.119000
377 3.127000
378 3.135000
379 3.143000
380 3.151000
381 3.159000
382 3.167000
383 3.175000
384 3.183000
385 3.191000
386 3.199000
387 3.207000
388 3.215000
389 3.223000
390 3.231000
391 3.239000
392 3.247000
393 3.255000
394 3.263000
395 3.271000
396 3.279000
397 3.287000
398 3.295000
399 3.303000
400 3.311000
401 3.319000
402 3.327000
403 3.335000
404 3.343000
405 3.351000
406 3.359000
407 3.367000
408 3.375000
409 3.383000
410 3.391000
411 3.399000
412 3.407000
413 3.415000
414 3.423000
415 3.431000
416 3.439000
417 3.447000
418 3.455000
419 3.463000
420 3.471000
421 3.479000
422 3.487000
423 3.495000
424 3.503000
425 3.511000
426 3.519000
427 3.527000
428 3.535000
429 3.543000
430 3.551000
431 3.559000
432 3.567000
433 3.575000
434 3.583000
435 3.591000
436 3.599000
437 3.607000
438 3.615000
439 3.623000
440 3.631000
441 3.639000
442 3.647000
443 3.655000
444 3.663000
445 3.671000
446 3.679000
447 3.687000
448 3.695000
449 3.703000
450 3.711000
451 3.719000
452 3.727000
453 3.735000
454 3.743000
455 3.751000
456 3.759000
457 3.767000
458 3.775000
459 3.783000
460 3.791000
461 3.799000
462 3.807000
463 3.815000
464 3.823000
465 3.831000
466 3.839000
467 3.847000
468 3.855000
469 3.863000
470 3.871000
471 3.879000
472 3.887000
473 3.895000
474 3.903000
475 3.911000
476 3.919000
477 3.927000
478 3.935000
479 3.943000
480 3.951000
481 3.959000
482 3.967000
483 3.975000
484 3.983000
485 3.991000
486 3.999000
487 4.007000
488 4.015000
489 4.023000
490 4.031000
491 4.039000
492 4.047000
493 4.055000
494 4.063000
495 4.071000
496 4.079000
497 4.087000
498 4.095000
499 4.103000
500 4.111000
501 4.119000
502 4.127000
503 4.135000
504 4.143000
505 4.151000
506 4.159000
507 4.167000
508 4.175000
509 4.183000
510 4.191000
511 4.199000
512 4.207000
513 4.215000
514 4.223000
515 4.231000
516 4.239000
517 4.247000
518 4.255000
519 4.263000
520 4.271000
521 4.279000
522 4.287000
523 4.295000
524 4.303000
525 4.311000
526 4.319000
527 4.327000
528 4.335000
529 4.343000
530 4.351000
531 4.359000
532 4.367000
533 4.375000
534 4.383000
535 4.391000
536 4.399000
537 4.407000
538 4.415000
539 4.423000
540 4.431000
541 4.439000
542 4.447000
543 4.455000
544 4.463000
545 4.471000
546 4.479000
547 4.487000
548 4.495000
549 4.503000
550 4.511000
551 4.519000
552 4.527000
553 4.535000
554 4.543000
555 4.551000
556 4.559000
557 4.567000
558 4.575000
559 4.583000
560 4.591000
561 4.599000
562 4.607000
563 4.615000
564 4.623000
565 4.631000
566 4.639000
567 4.647000
568 4.655000
569 4.663000
570 4.671000
571 4.679000
572 4.687000
573 4.695000
574 4.703000
575 4.711000
576 4.719000
577 4.727000
578 4.735000
579 4.743000
580 4.751000
581 4.759000
582 4.767000
583 4.775000
584 4.783000
585 4.791000
586 4.799000
587 4.807000
588 4.815000
589 4.823000
590 4.831000
591 4.839000
592 4.847000
593 4.855000
594 4.863000
595 4.871000
596 4.879000
597 4.887000
598 4.895000
599 4.903000
600 4.911000
601 4.919000
602 4.927000
603 4.935000
604 4.943000
605 4.951000
606 4.959000
607 4.967000
608 4.975000
609 4.983000
610 4.991000
611 4.999000
612 5.007000
613 5.015000
614 5.023000
615 5.031000
616 5.039000
617 5.047000
618 5.055000
619 5.063000
620 5.071000
621 5.079000
622 5.087000
623 5.095000
624 5.103000
625 5.113000
626 5.121000
627 5.129000
628 5.137000
629 5.145000
630 5.153000
631 5.161000
632 5.169000
633 5.177000
634 5.185000
635 5.193000
636 5.201000
637 5.209000
638 5.217000
639 5.225000
640 5.233000
641 5.241000
642 5.249000
643 5.257000
644 5.265000
645 5.273000
646 5.281000
647 5.289000
648 5.297000
649 5.305000
650 5.313000
651 5.321000
652 5.329000
653 5.337000
654 5.345000
655 5.353000
656 5.361000
657 5.369000
658 5.377000
659 5.385000
660 5.393000
661 5.401000
662 5.409000
663 5.417000
664 5.425000
665 5.433000
666 5.441000
667 5.449000
668 5.457000
669 5.465000
670 5.473000
671 5.481000
672 5.489000
673 5.497000
674 5.505000
675 5.513000
676 5.521000
677 5.529000
678 5.537000
679 5.545000
680 5.553000
681 5.561000
682 5.569000
683 5.577000
684 5.585000
685 5.593000
686 5.601000
687 5.609000
688 5.617000
689 5.625000
690 5.633000
691 5.641000
692 5.649000
693 5.657000
694 5.665000
695 5.673000
696 5.681000
697 5.689000
698 5.697000
699 5.705000
700 5.713000
701 5.721000
702 5.729000
703 5.737000
704 5.745000
705 5.753000
706 5.761000
707 5.769000
708 5.777000
709 5.785000
710 5.793000
711 5.801000
712 5.809000
713 5.817000
714 5.825000
715 5.833000
716 5.841000
717 5.849000
718 5.857000
719 5.865000
720 5.873000
721 5.881000
722 5.889000
723 5.897000
724 5.905000
725 5.913000
726 5.921000
727 5.929000
728 5.937000
729 5.945000
730 5.953000
731 5.961000
732 5.969000
733 5.977000
734 5.985000
735 5.993000
736 6.001000
737 6.009000
738 6.017000
739 6.025000
740 6.033000
741 6.041000
742 6.049000
743 6.057000
744 6.065000
745 6.073000
746 6.081000
747 6.089000
748 6.097000
749 6.105000
750 6.113000
751 6.121000
752 6.129000
753 6.137000
754 6.145000
755 6.153000
756 6.161000
757 6.169000
758 6.177000
759 6.185000
760 6.193000
761 6.201000
762 6.209000
763 6.217000
764 6.225000
765 6.233000
766 6.241000
767 6.249000
768 6.257000
769 6.265000
770 6.273000
771 6.281000
772 6.289000
773 6.297000
774 6.305000
775 6.313000
776 6.321000
777 6.329000
778 6.337000
779 6.345000
780 6.353000
781 6.361000
782 6.369000
783 6.377000
784 6.385000
785 6.393000
786 6.401000
787 6.409000
788 6.417000
789 6.425000
790 6.433000
791 6.441000
792 6.449000
793 6.457000
794 6.465000
795 6.473000
796 6.481000
797 6.489000
798 6.497000
799 6.505000
800 6.513000
801 6.521000
802 6.529000
803 6.537000
804 6.545000
805 6.553000
806 6.561000
807 6.569000
808 6.577000
809 6.585000
810 6.593000
811 6.601000
812 6.609000
813 6.617000
814 6.625000
815 6.633000
816 6.641000
817 6.649000
818 6.657000
819 6.665000
820 6.673000
821 6.681000
822 6.689000
823 6.697000
824 6.705000
825 6.713000
826 6.721000
827 6.729000
828 6.737000
829 6.745000
830 6.753000
831 6.761000
832 6.769000
833 6.777000
834 6.785000
835 6.793000
836 6.801000
837 6.809000
838 6.817000
839 6.825000
840 6.833000
841 6.841000
842 6.849000
843 6.857000
844 6.865000
845 6.873000
846 6.881000
847 6.889000
848 6.897000
849 6.905000
850 6.913000
851 6.921000
852 6.929000
853 6.937000
854 6.945000
855 6.953000
856 6.961000
857 6.969000
858 6.977000
859 6.985000
860 6.993000
861 7.001000
862 7.009000
863 7.017000
864 7.025000
865 7.033000
866 7.041000
867 7.049000
868 7.057000
869 7.065000
870 7.073000
871 7.081000
872 7.089000
873 7.097000
874 7.105000
875 7.113000
876 7.121000
877 7.129000
878 7.137000
879 7.145000
880 7.153000
881 7.161000
882 7.169000
883 7.177000
884 7.185000
885 7.193000
886 7.201000
887 7.209000
888 7.217000
889 7.225000
890 7.233000
891 7.241000
892 7.249000
893 7.257000
894 7.265000
895 7.273000
896 7.281000
897 7.289000
898 7.297000
899 7.305000
900 7.313000
901 7.321000
902 7.329000
903 7.337000
904 7.345000
905 7.353000
906 7.361000
907 7.369000
908 7.377000
909 7.385000
910 7.393000
911 7.401000
912 7.409000
913 7.417000
914 7.425000
915 7.433000
916 7.441000
917 7.449000
918 7.457000
919 7.465000
920 7.473000
921 7.481000
922 7.489000
923 7.497000
924 7.505000
925 7.513000
926 7.521000
927 7.529000
928 7.537000
929 7.545000
930 7.553000
931 7.561000
932 7.569000
933 7.577000
934 7.585000
935 7.593000
936 7.601000
937 7.609000
938 7.617000
939 7.625000
940 7.633000
941 7.641000
942 7.649000
943 7.657000
944 7.665000
945 7.673000
946 7.681000
947 7.689000
948 7.697000
949 7.705000
950 7.713000
951 7.721000
952 7.729000
953 7.737000
954 7.745000
955 7.753000
956 7.761000
957 7.769000
958 7.777000
959 7.785000
960 7.793000
961 7.801000
962 7.809000
963 7.817000
964 7.825000
965 7.833000
966 7.841000
967 7.849000
968 7.857000
969 7.865000
970 7.873000
971 7.881000
972 7.889000
973 7.897000
974 7.905000
975 7.913000
976 7.921000
977 7.929000
978 7.937000
979 7.945000
980 7.953000
981 7.961000
982 7.969000
983 7.977000
984 7.985000
985 7.993000
986 8.001000
987 8.009000
988 8.017000
989 8.025000
990 8.033000
991 8.041000
992 8.049000
993 8.057000
994 8.065000
995 8.073000
996 8.081000
997 8.089000
998 8.097000
999 8.105000
1000 8.113000
1001 8.121000
1002 8.129000
1003 8.137000
1004 8.145000
1005 8.153000
1006 8.161000
1007 8.169000
1008 8.177000
1009 8.185000
1010 8.193000
1011 8.201000
1012 8.209000
1013 8.217000
1014 8.225000
1015 8.233000
1016 8.241000
1017 8.249000
1018 8.257000
1019 8.265000
1020 8.273000
1021 8.281000
1022 8.289000
1023 8.297000
1024 8.305000
1025 8.313000
1026 8.321000
1027 8.329000
1028 8.337000
1029 8.345000
1030 8.353000
1031 8.361000
1032 8.369000
1033 8.377000
1034 8.385000
1035 8.393000
1036 8.401000
1037 8.409000
1038 8.417000
1039 8.425000
1040 8.433000
1041 8.441000
1042 8.449000
1043 8.457000
1044 8.465000
1045 8.473000
1046 8.481000
1047 8.489000
1048 8.497000
1049 8.505000
1050 8.513000
1051 8.521000
1052 8.529000
1053 8.537000
1054 8.545000
1055 8.553000
1056 8.561000
1057 8.569000
1058 8.577000
1059 8.585000
1060 8.593000
1061 8.601000
1062 8.609000
1063 8.617000
1064 8.625000
1065 8.633000
1066 8.641000
1067 8.649000
1068 8.657000
1069 8.665000
1070 8.673000
1071 8.681000
1072 8.689000
1073 8.697000
1074 8.705000
1075 8.713000
1076 8.721000
1077 8.729000
1078 8.737000
1079 8.745000
1080 8.753000
1081 8.761000
1082 8.769000
1083 8.777000
1084 8.785000
1085 8.793000
1086 8.801000
1087 8.809000
1088 8.817000
1089 8.825000
1090 8.833000
1091 8.841000
1092 8.849000
1093 8.857000
1094 8.865000
1095 8.873000
1096 8.881000
1097 8.889000
1098 8.897000
1099 8.905000
1100 8.913000
1101 8.921000
1102 8.929000
1103 8.937000
1104 8.945000
1105 8.953000
1106 8.961000
1107 8.969000
1108 8.977000
1109 8.985000
1110 8.993000
1111 9.001000
1112 9.009000
1113 9.017000
1114 9.025000
1115 9.033000
1116 9.041000
1117 9.049000
1118 9.057000
1119 9.065000
1120 9.073000
1121 9.081000
1122 9.089000
1123 9.097000
1124 9.105000
1125 9.113000
1126 9.121000
1127 9.129000
1128 9.137000
1129 9.145000
1130 9.153000
1131 9.161000
1132 9.169000
1133 9.177000
1134 9.185000
1135 9.193000
1136 9.201000
1137 9.209000
1138 9.217000
1139 9.225000
1140 9.233000
1141 9.241000
1142 9.249000
1143 9.257000
1144 9.265000
1145 9.273000
1146 9.281000
1147 9.289000
1148 9.297000
1149 9.305000
1150 9.313000
1151 9.321000
1152 9.329000
1153 9.337000
1154 9.345000
1155 9.353000
1156 9.361000
1157 9.369000
1158 9.377000
1159 9.385000
1160 9.393000
1161 9.401000
1162 9.409000
1163 9.417000
1164 9.425000
1165 9.433000
1166 9.441000
1167 9.449000
1168 9.457000
1169 9.465000
1170 9.473000
1171 9.481000
1172 9.489000
1173 9.497000
1174 9.505000
1175 9.513000
1176 9.521000
1177 9.529000
1178 9.537000
1179 9.545000
1180 9.553000
1181 9.561000
1182 9.569000
1183 9.577000
1184 9.585000
1185 9.593000
1186 9.601000
1187 9.609000
1188 9.617000
1189 9.625000
1190 9.633000
1191 9.641000
1192 9.649000
1193 9.657000
1194 9.665000
1195 9.673000
1196 9.681000
1197 9.689000
1198 9.697000
1199 9.705000
1200 9.713000
1201 9.721000
1202 9.729000
1203 9.737000
1204 9.745000
1205 9.753000
1206 9.761000
1207 9.769000
1208 9.777000
1209 9.785000
1210 9.793000
1211 9.801000
1212 9.809000
1213 9.817000
1214 9.825000
1215 9.833000
1216 9.841000
1217 9.849000
1218 9.857000
1219 9.865000
1220 9.873000
1221 9.881000
1222 9.889000
1223 9.897000
1224 9.905000
1225 9.913000
1226 9.921000
1227 9.929000
1228 9.937000
1229 9.945000
1230 9.953000
1231 9.961000
1232 9.969000
1233 9.977000
1234 9.985000
1235 9.993000
1236 10.001000
1237 10.009000
1238 10.017000
1239 10.025000
1240 10.033000
1241 10.041000
1242 10.049000
1243 10.057000
1244 10.065000
1245 10.073000
1246 10.081000
1247 10.089000
1248 10.097000
1249 10.105000
1250 10.113000
1251 10.121000
1252 10.129000
1253 10.137000
1254 10.145000
1255 10.153000
1256 10.161000
1257 10.169000
1258 10.177000
1259 10.185000
1260 10.193000
1261 10.201000
1262 10.209000
1263 10.217000
1264 10.225000
1265 10.233000
1266 10.241000
1267 10.249000
1268 10.257000
1269 10.265000
1270 10.273000
1271 10.281000
1272 10.289000
1273 10.297000
1274 10.305000
1275 10.313000
1276 10.321000
1277 10.329000
1278 10.337000
1279 10.345000
1280 10.353000
1281 10.361000
1282 10.369000
1283 10.377000
1284 10.385000
1285 10.393000
1286 10.401000
1287 10.409000
1288 10.417000
1289 10.425000
1290 10.433000
1291 10.441000
1292 10.449000
1293 10.457000
1294 10.465000
1295 10.473000
1296 10.481000
1297 10.489000
1298 10.497000
1299 10.505000
1300 10.513000
1301 10.521000
1302 10.529000
1303 10.537000
1304 10.545000
1305 10.553000
1306 10.561000
1307 10.569000
1308 10.577000
1309 10.585000
1310 10.593000
1311 10.601000
1312 10.609000
1313 10.617000
1314 10.625000
1315 10.633000
1316 10.641000
1317 10.649000
1318 10.657000
1319 10.665000
1320 10.673000
1321 10.681000
1322 10.689000
1323 10.697000
1324 10.705000
1325 10.713000
1326 10.721000
1327 10.729000
1328 10.737000
1329 10.745000
1330 10.753000
1331 10.761000
1332 10.769000
1333 10.777000
1334 10.785000
1335 10.793000
1336 10.801000
1337 10.809000
1338 10.817000
1339 10.825000
1340 10.833000
1341 10.841000
1342 10.849000
1343 10.857000
1344 10.865000
1345 10.873000
1346 10.881000
1347 10.889000
1348 10.897000
1349 10.905000
1350 10.913000
1351 10.921000
1352 10.929000
1353 10.937000
1354 10.945000
1355 10.953000
1356 10.961000
1357 10.969000
1358 10.977000
1359 10.985000
1360 10.993000
1361 11.001000
1362 11.009000
1363 11.017000
1364 11.025000
1365 11.033000
1366 11.041000
1367 11.049000
1368 11.057000
1369 11.065000
1370 11.073000
1371 11.081000
1372 11.089000
1373 11.097000
1374 11.105000
1375 11.113000
1376 11.121000
1377 11.129000
1378 11.137000
1379 11.145000
1380 11.153000
1381 11.161000
1382 11.169000
1383 11.177000
1384 11.185000
1385 11.193000
1386 11.201000
1387 11.209000
1388 11.217000
1389 11.225000
1390 11.233000
1391 11.241000
1392 11.249000
1393 11.257000
1394 11.265000
1395 11.273000
1396 11.281000
1397 11.289000
1398 11.297000
1399 11.305000
1400 11.313000
1401 11.321000
1402 11.329000
1403 11.337000
1404 11.345000
1405 11.353000
1406 11.361000
1407 11.369000
1408 11.377000
1409 11.385000
1410 11.393000
1411 11.401000
1412 11.409000
1413 11.417000
1414 11.425000
1415 11.433000
1416 11.441000
1417 11.449000
1418 11.457000
1419 11.465000
1420 11.473000
1421 11.481000
1422 11.489000
1423 11.497000
1424 11.505000
1425 11.513000
1426 11.521000
1427 11.529000
1428 11.537000
1429 11.545000
1430 11.553000
1431 11.561000
1432 11.569000
1433 11.577000
1434 11.585000
1435 11.593000
1436 11.601000
1437 11.609000
1438 11.617000
1439 11.625000
1440 11.633000
1441 11.641000
1442 11.649000
1443 11.657000
1444 11.665000
1445 11.673000
1446 11.681000
1447 11.689000
1448 11.697000
1449 11.705000
1450 11.713000
1451 11.721000
1452 11.729000
1453 11.737000
1454 11.745000
1455 11.753000
1456 11.761000
1457 11.769000
1458 11.777000
1459 11.785000
1460 11.793000
1461 11.801000
1462 11.809000
1463 11.817000
1464 11.825000
1465 11.833000
1466 11.841000
1467 11.849000
1468 11.857000
1469 11.865000
1470 11.873000
1471 11.881000
1472 11.889000
1473 11.897000
1474 11.905000
1475 11.913000
1476 11.921000
1477 11.929000
1478 11.937000
1479 11.945000
1480 11.953000
1481 11.961000
1482 11.969000
1483 11.977000
1484 11.985000
1485 11.993000
1486 12.001000
1487 12.009000
