0.13	0.00
0.17	200.00
0.22	195.12
0.26	187.50
0.30	188.24
0.35	185.19
0.40	183.21
0.44	184.21
0.48	182.86
0.53	183.67
0.53	202.02
0.53	220.00
0.54	237.62
0.55	252.43
0.75	182.41
0.75	194.17
0.76	205.79
0.76	217.25
0.77	227.13
0.97	182.69
0.97	191.39
0.97	200.00
0.98	208.53
0.99	215.96
1.19	182.16
1.23	182.48
1.28	182.14
1.32	182.43
1.36	182.11
1.41	182.39
1.41	188.09
1.41	193.75
1.42	199.38
1.43	204.33
1.63	182.06
1.63	186.92
1.64	191.74
1.64	196.55
1.65	200.79
1.85	182.24
1.85	186.48
1.85	190.70
1.86	194.90
1.87	198.61
2.06	182.38
2.07	186.14
2.07	189.89
2.08	193.61
2.08	196.92
2.29	182.16
2.29	185.53
2.29	188.89
2.30	192.24
2.31	195.21
2.50	182.28
2.51	185.34
2.51	188.39
2.51	191.60
2.52	194.47
2.53	196.67
2.54	199.83
2.54	203.00
2.54	206.15
2.54	209.30
2.55	211.75
2.55	214.88
2.56	218.00
2.56	221.12
2.56	223.87
2.57	226.23
2.58	229.32
2.58	232.41
2.58	235.49
2.58	238.56
2.59	240.85
2.60	243.51
2.60	246.55
2.61	249.19
2.61	252.22
2.61	254.84
2.62	257.86
2.62	260.87
2.62	263.88
2.62	266.88
2.63	269.02
2.63	272.00
2.64	274.98
2.64	277.96
2.64	280.48
2.65	282.54
2.66	285.49
2.66	288.43
2.66	291.37
2.66	294.30
2.67	296.30
2.67	299.21
2.68	302.12
2.68	305.03
2.68	307.45
2.69	309.38
2.70	312.26
2.70	315.13
2.70	318.00
2.70	320.87
2.71	322.73
2.71	325.58
2.72	328.43
2.72	331.27
2.72	333.59
2.73	335.38
2.74	338.20
2.74	341.01
2.74	343.82
2.74	346.63
2.75	348.36
2.75	351.15
2.76	353.93
2.76	356.71
2.76	358.94
2.77	360.61
2.78	363.36
2.78	366.11
2.78	368.86
2.78	371.60
2.79	373.21
2.80	375.38
2.80	378.09
2.81	380.24
2.81	382.95
2.81	385.07
2.82	387.77
2.82	390.46
2.82	393.15
2.82	395.83
2.83	397.33
2.83	400.00
2.84	402.66
2.84	405.33
2.84	407.38
2.85	408.82
2.86	411.46
2.86	414.10
2.86	416.73
2.86	419.35
2.87	420.75
2.87	423.36
2.88	425.04
2.89	426.71
2.90	428.36
2.91	429.70
2.91	431.65
2.92	433.29
2.93	434.91
2.94	436.52
2.95	437.81
2.95	439.72
2.96	441.30
2.97	442.88
2.98	444.44
2.99	445.69
2.99	447.55
3.00	449.09
3.01	450.63
3.02	452.15
3.03	453.35
3.03	455.17
3.04	456.67
3.05	458.16
3.06	459.64
3.07	460.80
3.07	462.59
3.08	464.04
3.09	465.49
3.10	466.94
3.11	468.06
3.12	469.48
3.12	470.90
3.13	472.31
3.14	473.72
3.15	475.12
3.16	476.51
3.16	477.89
3.17	479.26
3.18	480.63
3.19	481.99
3.20	483.34
3.20	484.69
3.21	486.03
3.22	487.36
3.23	488.69
3.24	490.01
3.24	491.32
3.25	492.62
3.26	493.92
3.27	495.21
3.28	496.50
3.28	497.78
3.29	499.05
3.30	500.32
3.31	501.58
3.32	502.83
3.32	504.08
3.33	505.32
3.34	506.55
3.35	507.78
3.36	509.00
3.36	510.22
3.37	511.43
3.38	512.63
3.39	513.83
3.40	515.02
3.40	516.21
3.41	517.39
3.42	518.56
3.43	519.73
3.44	520.90
3.44	522.05
3.45	523.21
3.46	524.35
3.47	525.49
3.48	526.63
3.48	527.76
3.49	528.89
3.50	530.01
3.51	531.12
3.52	532.23
3.52	533.33
3.53	534.43
3.54	535.53
3.55	536.61
3.56	537.70
3.56	538.78
3.57	539.85
3.58	540.92
3.59	541.98
3.60	543.04
3.60	544.09
3.61	545.14
3.62	546.18
3.63	547.22
3.64	548.26
3.64	549.29
3.65	550.31
3.66	551.33
3.67	552.35
3.68	553.36
3.68	554.37
3.69	555.37
3.70	556.37
3.71	557.36
3.72	558.35
3.72	559.33
3.73	560.31
3.74	561.29
3.75	562.26
3.76	563.22
3.76	564.19
3.77	565.15
3.78	566.10
3.79	567.05
3.80	568.00
3.80	568.94
3.81	569.87
3.82	570.81
3.83	571.74
3.84	572.66
3.84	573.58
3.85	574.50
3.86	575.42
3.87	576.33
3.88	577.23
3.88	578.13
3.89	579.03
3.90	579.93
3.91	580.82
3.92	581.70
3.92	582.59
3.93	583.46
3.94	584.34
3.95	585.21
3.96	586.08
3.96	586.95
3.97	587.81
3.98	588.66
3.99	589.52
4.00	590.37
4.00	591.21
4.01	592.06
4.02	592.90
4.03	593.73
4.04	594.57
4.04	595.40
4.05	596.22
4.06	597.05
4.07	597.86
4.08	598.68
4.08	599.49
4.09	600.30
4.10	601.11
4.11	601.91
4.12	602.71
4.12	603.51
4.13	604.30
4.14	605.09
4.15	605.88
4.16	606.66
4.16	607.44
4.17	608.22
4.18	609.00
4.19	609.77
4.20	610.54
4.20	611.30
4.21	612.06
4.22	612.82
4.23	613.58
4.24	614.33
4.24	615.09
4.25	615.83
4.26	616.58
4.27	617.32
4.28	618.06
4.28	618.80
4.29	619.53
4.30	620.26
4.31	620.99
4.32	621.71
4.32	622.43
4.33	623.15
4.34	623.87
4.35	624.58
4.36	625.30
4.36	626.00
4.37	626.71
4.38	627.41
4.39	628.11
4.40	628.81
4.40	629.51
4.41	630.20
4.42	630.89
4.43	631.58
4.44	632.26
4.44	632.95
4.45	633.63
4.46	634.30
4.47	634.98
4.48	635.65
4.48	636.32
4.49	636.99
4.50	637.65
4.51	638.32
4.52	638.98
4.52	639.64
4.53	640.29
4.54	640.94
4.55	641.59
4.56	642.24
4.56	642.89
4.57	643.53
4.58	644.17
4.59	644.81
4.60	645.45
4.60	646.09
4.61	646.72
4.62	647.35
4.63	647.98
4.64	648.60
4.64	649.22
4.65	649.85
4.66	650.46
4.67	651.08
4.68	651.70
4.68	652.31
4.69	652.92
4.70	653.53
4.71	654.13
4.72	654.74
4.72	655.34
4.73	655.94
4.74	656.53
4.75	657.13
4.76	657.72
4.76	658.32
4.77	658.90
4.78	659.49
4.79	660.08
4.80	660.66
4.80	661.24
4.81	661.82
4.82	662.40
4.83	662.97
4.84	663.55
4.84	664.12
4.85	664.69
4.86	665.26
4.87	665.82
4.88	666.39
4.88	666.95
4.89	667.51
4.90	668.07
4.91	668.62
4.92	669.18
4.92	669.73
4.93	670.28
4.94	670.83
4.95	671.38
4.96	671.92
4.96	672.46
4.97	673.01
4.98	673.55
4.99	674.08
5.00	674.62
5.00	675.15
5.01	675.69
5.02	676.22
5.03	676.75
5.04	677.27
5.04	677.80
5.05	678.32
5.06	678.85
5.07	679.37
5.08	679.89
5.08	680.40
5.09	680.92
5.10	681.43
5.11	681.95
5.12	682.18
5.13	682.69
5.13	683.20
5.14	683.71
5.15	684.21
5.16	684.71
5.17	685.21
5.17	685.71
5.18	686.21
5.19	686.71
5.20	687.20
5.21	687.70
5.21	688.19
5.22	688.68
5.23	689.17
5.24	689.66
5.25	690.14
5.25	690.63
5.26	691.11
5.27	691.59
5.28	692.07
5.29	692.55
5.29	693.02
5.30	693.50
5.31	693.97
5.32	694.44
5.33	694.92
5.33	695.38
5.34	695.85
5.35	696.32
5.36	696.78
5.37	697.25
5.37	697.71
5.38	698.17
5.39	698.63
5.40	699.09
5.41	699.54
5.41	700.00
5.42	700.45
5.43	700.91
5.44	701.36
5.45	701.81
5.45	702.26
5.46	702.70
5.47	703.15
5.48	703.59
5.49	704.04
5.49	704.48
5.50	704.92
5.51	705.36
5.52	705.79
5.53	706.23
5.53	706.67
5.54	707.10
5.55	707.53
5.56	707.96
5.57	708.39
5.57	708.82
5.58	709.25
5.59	709.68
5.60	710.10
5.61	710.53
5.61	710.95
5.62	711.37
5.63	711.79
5.64	712.21
5.65	712.63
5.65	713.04
5.66	713.46
5.67	713.87
5.68	714.29
5.69	714.70
5.69	715.11
5.70	715.52
5.71	715.93
5.72	716.33
5.73	716.74
5.73	717.14
5.74	717.55
5.75	717.95
5.76	718.35
5.77	718.75
5.77	719.15
5.78	719.55
5.79	719.94
5.80	720.34
5.81	720.73
5.81	721.13
5.82	721.52
5.83	721.91
5.84	722.30
5.85	722.69
5.85	723.08
5.86	723.46
5.87	723.85
5.88	724.23
5.89	724.62
5.89	725.00
5.90	725.38
5.91	725.76
5.92	726.14
5.93	726.52
5.93	726.90
5.94	727.27
5.95	727.65
5.96	728.02
5.97	728.40
5.97	728.77
5.98	729.14
5.99	729.51
6.00	729.88
6.01	730.25
6.01	730.61
6.02	730.98
6.03	731.34
6.04	731.71
6.05	732.07
6.05	732.43
6.06	732.79
6.07	733.15
6.08	733.51
6.09	733.87
6.09	734.23
6.10	734.58
6.11	734.94
6.12	735.29
6.13	735.65
6.13	736.00
6.14	736.35
6.15	736.70
6.16	737.05
6.17	737.40
6.17	737.75
6.18	738.10
6.19	738.44
6.20	738.79
6.21	739.13
6.21	739.47
6.22	739.82
6.23	740.16
6.24	740.50
6.25	740.84
6.25	741.18
6.26	741.51
6.27	741.85
6.28	742.19
6.29	742.52
6.29	742.86
6.30	743.19
6.31	743.52
6.32	743.86
6.33	744.19
6.33	744.52
6.34	744.85
6.35	745.17
6.36	745.50
6.37	745.83
6.37	746.15
6.38	746.48
6.39	746.80
6.40	747.13
6.41	747.45
6.41	747.77
6.42	748.09
6.43	748.41
6.44	748.73
6.45	749.05
6.45	749.37
6.46	749.68
6.47	750.00
6.48	750.32
6.49	750.63
6.49	750.94
6.50	751.26
6.51	751.57
6.52	751.88
6.53	752.19
6.53	752.50
6.54	752.81
6.55	753.12
6.56	753.42
6.57	753.73
6.57	754.04
6.58	754.34
6.59	754.65
6.60	754.95
6.61	755.25
6.61	755.56
6.62	755.86
6.63	756.16
6.64	756.46
6.65	756.76
6.65	757.06
6.66	757.35
6.67	757.65
6.68	757.95
6.69	758.24
6.69	758.54
6.70	758.83
6.71	759.12
6.72	759.42
6.73	759.71
6.73	760.00
6.74	760.29
6.75	760.58
6.76	760.87
6.77	761.16
6.77	761.45
6.78	761.73
6.79	762.02
6.80	762.30
6.81	762.59
6.81	762.87
6.82	763.16
6.83	763.44
6.84	763.72
6.85	764.00
6.85	764.29
6.86	764.57
6.87	764.85
6.88	765.12
6.89	765.40
6.89	765.68
6.90	765.96
6.91	766.23
6.92	766.51
6.93	766.78
6.93	767.06
6.94	767.33
6.95	767.61
6.96	767.88
6.97	768.15
6.97	768.42
6.98	768.69
6.99	768.96
7.00	769.23
7.01	769.50
7.01	769.77
7.02	770.03
7.03	770.30
7.04	770.57
7.05	770.83
7.05	771.10
7.06	771.36
7.07	771.63
7.08	771.89
7.09	772.15
7.09	772.41
7.10	772.68
7.11	772.94
7.12	773.20
7.13	773.46
7.13	773.71
7.14	773.97
7.15	774.23
7.16	774.49
7.17	774.74
7.17	775.00
7.18	775.26
7.19	775.51
7.20	775.76
7.21	776.02
7.21	776.27
7.22	776.52
7.23	776.78
7.24	777.03
7.25	777.28
7.25	777.53
7.26	777.78
7.27	778.03
7.28	778.28
7.29	778.52
7.29	778.77
7.30	779.02
7.31	779.26
7.32	779.51
7.33	779.76
7.33	780.00
7.34	780.24
7.35	780.49
7.36	780.73
7.37	780.97
7.37	781.22
7.38	781.46
7.39	781.70
7.40	781.94
7.41	782.18
7.41	782.42
7.42	782.66
7.43	782.89
7.44	783.13
7.45	783.37
7.45	783.61
7.46	783.84
7.47	784.08
7.48	784.31
7.49	784.55
7.49	784.78
7.50	785.02
7.51	785.25
7.52	785.48
7.53	785.71
7.53	785.95
7.54	786.18
7.55	786.41
7.56	786.64
7.57	786.87
7.57	787.10
7.58	787.33
7.59	787.55
7.60	787.78
7.61	788.01
7.61	788.24
7.62	788.46
7.63	788.69
7.64	788.91
7.65	789.14
7.65	789.36
7.66	789.59
7.67	789.81
7.68	790.03
7.69	790.25
7.69	790.48
7.70	790.70
7.71	790.92
7.72	791.14
7.73	791.36
7.73	791.58
7.74	791.80
7.75	792.02
7.76	792.24
7.77	792.45
7.77	792.67
7.78	792.89
7.79	793.10
7.80	793.32
7.81	793.53
7.81	793.75
7.82	793.96
7.83	794.18
7.84	794.39
7.85	794.61
7.85	794.82
7.86	795.03
7.87	795.24
7.88	795.45
7.89	795.67
7.89	795.88
7.90	796.09
7.91	796.30
7.92	796.51
7.93	796.71
7.93	796.92
7.94	797.13
7.95	797.34
7.96	797.55
7.97	797.75
7.97	797.96
7.98	798.17
7.99	798.37
8.00	798.58
8.01	798.78
8.01	798.98
8.02	799.19
8.03	799.39
8.04	799.60
8.05	799.80
8.05	800.00
8.06	800.20
8.07	800.40
8.08	800.60
8.09	800.80
8.09	801.01
8.10	801.20
8.11	801.40
8.12	801.60
8.13	801.80
8.13	802.00
8.14	802.20
8.15	802.40
8.16	802.59
8.17	802.79
8.17	802.99
8.18	803.18
8.19	803.38
8.20	803.57
8.21	803.77
8.21	803.96
8.22	804.15
8.23	804.35
8.24	804.54
8.25	804.73
8.25	804.93
8.26	805.12
8.27	805.31
8.28	805.50
8.29	805.69
8.29	805.88
8.30	806.07
8.31	806.26
8.32	806.45
8.33	806.64
8.33	806.83
8.34	807.02
8.35	807.21
8.36	807.39
8.37	807.58
8.37	807.77
8.38	807.95
8.39	808.14
8.40	808.33
8.41	808.51
8.41	808.70
8.42	808.88
8.43	809.06
8.44	809.25
8.45	809.43
8.45	809.62
8.46	809.80
8.47	809.98
8.48	810.16
8.49	810.34
8.49	810.53
8.50	810.71
8.51	810.89
8.52	811.07
8.53	811.25
8.53	811.43
8.54	811.61
8.55	811.79
8.56	811.97
8.57	812.14
8.57	812.32
8.58	812.50
8.59	812.68
8.60	812.85
8.61	813.03
8.61	813.21
8.62	813.38
8.63	813.56
8.64	813.73
8.65	813.91
8.65	814.08
8.66	814.26
8.67	814.43
8.68	814.61
8.69	814.78
8.69	814.95
8.70	815.13
8.71	815.30
8.72	815.47
8.73	815.64
8.73	815.81
8.74	815.99
8.75	816.16
8.76	816.33
8.77	816.50
8.77	816.67
8.78	816.84
8.79	817.01
8.80	817.17
8.81	817.34
8.81	817.51
8.82	817.68
8.83	817.85
8.84	818.01
8.85	818.18
8.85	818.35
8.86	818.52
8.87	818.68
8.88	818.85
8.89	819.01
8.89	819.18
8.90	819.34
8.91	819.51
8.92	819.67
8.93	819.84
8.93	820.00
8.94	820.16
8.95	820.33
8.96	820.49
8.97	820.65
8.97	820.81
8.98	820.98
8.99	821.14
9.00	821.30
9.01	821.46
9.01	821.62
9.02	821.78
9.03	821.94
9.04	822.10
9.05	822.26
9.05	822.42
9.06	822.58
9.07	822.74
9.08	822.90
9.09	823.06
9.09	823.21
9.10	823.37
9.11	823.53
9.12	823.69
9.13	823.84
9.13	824.00
9.14	824.16
9.15	824.31
9.16	824.47
9.17	824.62
9.17	824.78
9.18	824.93
9.19	825.09
9.20	825.24
9.21	825.40
9.21	825.55
9.22	825.70
9.23	825.86
9.24	826.01
9.25	826.16
9.25	826.32
9.26	826.47
9.27	826.62
9.28	826.77
9.29	826.92
9.29	827.07
9.30	827.23
9.31	827.38
9.32	827.53
9.33	827.68
9.33	827.83
9.34	827.98
9.35	828.13
9.36	828.27
9.37	828.42
9.37	828.57
9.38	828.72
9.39	828.87
9.40	829.02
9.41	829.16
9.41	829.31
9.42	829.46
9.43	829.60
9.44	829.75
9.45	829.90
9.45	830.04
9.46	830.19
9.47	830.33
9.48	830.48
9.49	830.62
9.49	830.77
9.50	830.91
9.51	831.06
9.52	831.20
9.53	831.35
9.53	831.49
9.54	831.63
9.55	831.78
9.56	831.92
9.57	832.06
9.57	832.20
9.58	832.35
9.59	832.49
9.60	832.63
9.61	832.77
9.61	832.91
9.62	833.05
9.63	833.19
9.64	833.33
9.65	833.47
9.65	833.61
9.66	833.75
9.67	833.89
9.68	834.03
9.69	834.17
9.69	834.31
9.70	834.45
9.71	834.59
9.72	834.72
9.73	834.86
9.73	835.00
9.74	835.14
9.75	835.27
9.76	835.41
9.77	835.55
9.77	835.68
9.78	835.82
9.79	835.96
9.80	836.09
9.81	836.23
9.81	836.36
9.82	836.50
9.83	836.63
9.84	836.77
9.85	836.90
9.85	837.04
9.86	837.17
9.87	837.30
9.88	837.44
9.89	837.57
9.89	837.70
9.90	837.84
9.91	837.97
9.92	838.10
9.93	838.24
9.93	838.37
9.94	838.50
9.95	838.63
9.96	838.76
9.97	838.89
9.97	839.02
9.98	839.16
9.99	839.29
10.00	839.42
10.01	839.55
10.01	839.68
10.02	839.81
10.03	839.94
10.04	840.06
10.05	840.19
10.05	840.32
10.06	840.45
10.07	840.58
10.08	840.71
10.09	840.84
10.09	840.96
10.10	841.09
10.11	841.22
10.12	841.35
10.13	841.47
10.13	841.60
10.14	841.73
10.15	841.85
10.16	841.98
10.17	842.11
10.17	842.23
10.18	842.36
10.19	842.48
10.20	842.61
10.21	842.73
10.21	842.86
10.22	842.98
10.23	843.11
10.24	843.23
10.25	843.35
10.25	843.48
10.26	843.60
10.27	843.73
10.28	843.85
10.29	843.97
10.29	844.09
10.30	844.22
10.31	844.34
10.32	844.46
10.33	844.58
10.33	844.71
10.34	844.83
10.35	844.95
10.36	845.07
10.37	845.19
10.37	845.31
10.38	845.43
10.39	845.55
10.40	845.67
10.41	845.79
10.41	845.91
10.42	846.03
10.43	846.15
10.44	846.27
10.45	846.39
10.45	846.51
10.46	846.63
10.47	846.75
10.48	846.87
10.49	846.99
10.49	847.10
10.50	847.22
10.51	847.34
10.52	847.46
10.53	847.58
10.53	847.69
10.54	847.81
10.55	847.93
10.56	848.04
10.57	848.16
10.57	848.28
10.58	848.39
10.59	848.51
10.60	848.62
10.61	848.74
10.61	848.85
10.62	848.97
10.63	849.09
10.64	849.20
10.65	849.32
10.65	849.43
10.66	849.54
10.67	849.66
10.68	849.77
10.69	849.89
10.69	850.00
10.70	850.11
10.71	850.23
10.72	850.34
10.73	850.45
10.73	850.57
10.74	850.68
10.75	850.79
10.76	850.90
10.77	851.02
10.77	851.13
10.78	851.24
10.79	851.35
10.80	851.46
10.81	851.57
10.81	851.69
10.82	851.80
10.83	851.91
10.84	852.02
10.85	852.13
10.85	852.24
10.86	852.35
10.87	852.46
10.88	852.57
10.89	852.68
10.89	852.79
10.90	852.90
10.91	853.01
10.92	853.12
10.93	853.22
10.93	853.33
10.94	853.44
10.95	853.55
10.96	853.66
10.97	853.77
10.97	853.87
10.98	853.98
10.99	854.09
11.00	854.20
11.01	854.30
11.01	854.41
11.02	854.52
11.03	854.63
11.04	854.73
11.05	854.84
11.05	854.95
11.06	855.05
11.07	855.16
11.08	855.26
11.09	855.37
11.09	855.47
11.10	855.58
11.11	855.69
11.12	855.79
11.13	855.90
11.13	856.00
11.14	856.10
11.15	856.21
11.16	856.31
11.17	856.42
11.17	856.52
11.18	856.63
11.19	856.73
11.20	856.83
11.21	856.94
11.21	857.04
11.22	857.14
11.23	857.25
11.24	857.35
11.25	857.45
11.25	857.55
11.26	857.66
11.27	857.76
11.28	857.86
11.29	857.96
11.29	858.06
11.30	858.17
11.31	858.27
11.32	858.37
11.33	858.47
11.33	858.57
11.34	858.67
11.35	858.77
11.36	858.87
11.37	858.97
11.37	859.07
11.38	859.17
11.39	859.28
11.40	859.38
11.41	859.47
11.41	859.57
11.42	859.67
11.43	859.77
11.44	859.87
11.45	859.97
11.45	860.07
11.46	860.17
11.47	860.27
11.48	860.37
11.49	860.47
11.49	860.56
11.50	860.66
11.51	860.76
11.52	860.86
11.53	860.96
11.53	861.05
11.54	861.15
11.55	861.25
11.56	861.34
11.57	861.44
11.57	861.54
11.58	861.64
11.59	861.73
11.60	861.83
11.61	861.92
11.61	862.02
11.62	862.12
11.63	862.21
11.64	862.31
11.65	862.40
11.65	862.50
11.66	862.60
11.67	862.69
11.68	862.79
11.69	862.88
11.69	862.98
11.70	863.07
11.71	863.17
11.72	863.26
11.73	863.35
11.73	863.45
11.74	863.54
11.75	863.64
11.76	863.73
11.77	863.82
11.77	863.92
11.78	864.01
11.79	864.10
11.80	864.20
11.81	864.29
11.81	864.38
11.82	864.48
11.83	864.57
11.84	864.66
11.85	864.75
11.85	864.85
11.86	864.94
11.87	865.03
11.88	865.12
11.89	865.21
11.89	865.31
11.90	865.40
11.91	865.49
11.92	865.58
11.93	865.67
11.93	865.76
11.94	865.85
11.95	865.94
11.96	866.04
11.97	866.13
11.97	866.22
11.98	866.31
11.99	866.40
12.00	866.49
12.01	866.58
12.01	866.67
12.01	0.00
