0 0.103240
1 0.122147
2 0.128387
3 0.142947
4 0.149187
5 0.159587
6 0.174147
7 0.184547
8 0.188707
9 0.194947
10 0.209507
11 0.221987
12 0.230307
13 0.253187
14 0.259427
15 0.267747
16 0.271907
17 0.278147
18 0.288547
19 0.298947
20 0.313507
21 0.317667
22 0.325987
23 0.340547
24 0.344707
25 0.348867
28 0.375907
29 0.377987
30 0.384227
31 0.388387
32 0.392547
33 0.396707
35 0.405027
37 0.413347
39 0.421667
40 0.432067
41 0.436227
42 0.444547
43 0.459107
44 0.461187
45 0.467427
26 0.488227
27 0.737827
34 0.789827
35 0.798147
36 0.848067
37 0.858467
38 0.864707
39 0.870947
40 0.916707
41 0.922947
42 0.933347
46 0.941667
47 0.947907
48 0.956227
49 0.962467
50 0.968707
51 0.974947
52 0.999907
53 1.035267
54 1.041507
55 1.047747
56 1.053987
57 1.060227
58 1.078947
59 1.120547
60 1.126787
61 1.133027
62 1.139267
63 1.145507
64 1.151747
65 1.164227
66 1.207907
67 1.216227
68 1.222467
69 1.228707
70 1.234947
71 1.241187
72 1.251587
73 1.255747
74 1.301507
75 1.311907
76 1.318147
77 1.324387
78 1.330627
79 1.336867
80 1.345187
81 1.351427
82 1.353507
83 1.401347
84 1.411747
85 1.417987
86 1.424227
87 1.430467
88 1.436707
89 1.445027
90 1.449187
91 1.453347
92 1.505347
93 1.507427
94 1.517827
95 1.524067
96 1.530307
97 1.536547
98 1.540707
99 1.549027
100 1.555267
101 1.557347
102 1.613507
103 1.617667
104 1.623907
105 1.630147
106 1.636387
107 1.642627
108 1.648867
109 1.653027
110 1.659267
111 1.665507
112 1.667587
113 1.729987
114 1.732067
115 1.738307
116 1.746627
117 1.750787
118 1.757027
119 1.761187
120 1.767427
121 1.769507
122 1.777827
123 1.781987
124 1.786147
125 1.846467
126 1.850627
127 1.856867
128 1.865187
129 1.869347
130 1.873507
131 1.877667
133 1.883907
134 1.888067
135 1.894307
136 1.900547
137 1.902627
138 1.965027
139 1.967107
140 1.973347
141 1.979587
142 1.983747
143 1.987907
144 1.992067
145 1.996227
146 2.000387
147 2.002467
132 2.008707
148 2.075267
149 2.079427
150 2.083587
151 2.087747
152 2.091907
153 2.093987
154 2.100227
155 2.148067
156 2.152227
157 2.156387
158 2.160547
159 2.162627
160 2.168867
161 2.173027
162 2.177187
163 2.225027
164 2.229187
165 2.233347
166 2.235427
167 2.241667
168 2.245827
169 2.249987
170 2.252067
171 2.258307
172 2.306147
173 2.310307
174 2.312387
175 2.318627
176 2.324867
177 2.329027
178 2.331107
179 2.335267
180 2.341507
181 2.391427
182 2.393507
183 2.399747
184 2.403907
185 2.408067
186 2.414307
187 2.418467
188 2.420547
189 2.426787
190 2.430947
191 2.480867
192 2.487107
193 2.491267
194 2.493347
195 2.499587
196 2.503747
197 2.509987
198 2.516227
199 2.520387
200 2.524547
201 2.528707
202 2.578627
203 2.586947
204 2.589027
205 2.593187
206 2.595267
207 2.601507
208 2.605667
209 2.611907
210 2.616067
211 2.622307
212 2.626467
213 2.630627
214 2.678467
215 2.688867
216 2.693027
217 2.695107
218 2.701347
219 2.705507
220 2.709667
221 2.713827
222 2.717987
223 2.726307
224 2.730467
225 2.734627
226 2.738787
227 2.784547
228 2.797027
229 2.801187
230 2.805347
231 2.809507
232 2.815747
233 2.817827
234 2.821987
235 2.828227
236 2.832387
237 2.838627
238 2.842787
239 2.846947
240 2.851107
241 2.894787
242 2.907267
243 2.913507
244 2.917667
245 2.921827
246 2.928067
247 2.932227
248 2.938467
249 2.942627
250 2.946787
251 2.953027
252 2.957187
253 2.961347
254 2.965507
255 2.969667
256 3.011267
257 3.023747
258 3.029987
259 3.034147
260 3.040387
261 3.044547
262 3.048707
263 3.054947
264 3.059107
267 3.073667
268 3.077827
269 3.081987
270 3.086147
271 3.090307
272 3.127747
273 3.140227
274 3.146467
275 3.150627
276 3.156867
277 3.161027
278 3.167267
279 3.171427
280 3.175587
282 3.196387
265 3.200547
283 3.244227
284 3.250467
266 3.475107
281 3.552067
282 3.558307
285 3.635267
286 3.641507
287 3.647747
288 3.656067
289 3.726787
290 3.733027
291 3.739267
292 3.751747
293 3.822467
294 3.828707
295 3.832867
296 3.839107
297 3.853667
298 3.924387
299 3.930627
300 3.934787
301 3.941027
302 3.945187
303 3.959747
304 4.034627
305 4.038787
306 4.045027
307 4.049187
308 4.055427
309 4.059587
310 4.072067
311 4.149027
312 4.153187
313 4.159427
314 4.163587
315 4.169827
316 4.176067
317 4.178147
318 4.190627
319 4.265507
321 4.275907
322 4.282147
323 4.286307
324 4.292547
325 4.296707
326 4.307107
328 4.371587
329 4.379907
330 4.384067
320 4.388227
331 4.467267
332 4.473507
327 4.671107
333 4.758467
334 4.762627
335 4.852067
336 4.856227
337 4.945667
338 4.951907
339 4.958147
340 5.045507
341 5.051747
342 5.057987
343 5.062147
344 5.149507
345 5.157827
346 5.164067
347 5.168227
348 5.172387
349 5.257667
350 5.265987
351 5.274307
352 5.278467
353 5.280547
354 5.286787
355 5.372067
356 5.380387
357 5.388707
358 5.390787
359 5.394947
360 5.399107
361 5.405347
362 5.488547
363 5.498947
364 5.505187
365 5.509347
366 5.511427
367 5.517667
368 5.523907
369 5.605027
370 5.611267
372 5.623747
373 5.625827
374 5.629987
375 5.634147
376 5.640387
377 5.717347
378 5.721507
379 5.725667
380 5.729827
381 5.733987
371 5.736067
382 5.810947
383 5.817187
384 5.821347
385 5.829667
386 5.910787
387 5.914947
388 5.921187
389 5.925347
390 5.931587
391 6.012707
392 6.016867
393 6.025187
394 6.027267
395 6.033507
396 6.039747
397 6.120867
398 6.127107
399 6.133347
400 6.137507
401 6.143747
402 6.147907
403 6.152067
404 6.235267
405 6.243587
406 6.249827
407 6.251907
408 6.260227
409 6.264387
410 6.266467
411 6.272707
412 6.351747
413 6.360067
414 6.368387
415 6.372547
416 6.378787
417 6.380867
418 6.385027
419 6.389187
420 6.395427
422 6.478627
423 6.486947
425 6.495267
426 6.499427
427 6.501507
428 6.507747
429 6.511907
430 6.516067
431 6.557667
432 6.568067
421 6.574307
433 6.580547
434 6.613827
435 6.620067
424 6.830147
436 6.890467
437 6.896707
438 6.957027
439 6.963267
440 7.025667
441 7.031907
442 7.036067
443 7.100547
444 7.106787
445 7.113027
446 7.117187
447 7.179587
448 7.185827
449 7.196227
450 7.198307
451 7.206627
452 7.266947
453 7.273187
454 7.281507
455 7.287747
456 7.296067
457 7.300227
458 7.358467
459 7.366787
460 7.375107
461 7.381347
462 7.391747
463 7.393827
464 7.402147
465 7.458307
466 7.464547
467 7.472867
468 7.481187
469 7.489507
470 7.495747
471 7.504067
472 7.560227
473 7.564387
474 7.570627
475 7.578947
476 7.587267
477 7.595587
478 7.601827
479 7.612227
480 7.666307
481 7.670467
482 7.678787
483 7.682947
484 7.691267
485 7.697507
486 7.705827
487 7.712067
488 7.726627
489 7.778627
490 7.784867
491 7.795267
492 7.797347
493 7.803587
494 7.809827
495 7.816067
496 7.824387
497 7.830627
498 7.845187
499 7.895107
500 7.901347
501 7.911747
502 7.917987
503 7.920067
504 7.926307
505 7.930467
506 7.932547
507 7.940867
508 7.949187
509 7.963747
510 8.011587
511 8.017827
512 8.028227
513 8.034467
514 8.040707
515 8.044867
516 8.046947
517 8.051107
518 8.053187
519 8.057347
520 8.063587
521 8.073987
522 8.117667
523 8.123907
524 8.134307
525 8.140547
526 8.148867
527 8.150947
528 8.155107
529 8.159267
530 8.163427
531 8.167587
532 8.173827
533 8.177987
534 8.182147
535 8.219587
536 8.223747
537 8.234147
538 8.240387
539 8.248707
540 8.254947
541 8.261187
542 8.265347
543 8.269507
544 8.275747
545 8.279907
546 8.284067
547 8.288227
548 8.294467
549 8.323587
550 8.327747
551 8.340227
552 8.346467
553 8.354787
554 8.361027
555 8.371427
556 8.377667
557 8.381827
558 8.388067
559 8.392227
560 8.396387
561 8.400547
562 8.404707
563 8.410947
564 8.433827
565 8.437987
566 8.454627
567 8.460867
568 8.469187
569 8.475427
570 8.485827
571 8.496227
572 8.500387
573 8.506627
574 8.510787
575 8.514947
576 8.519107
577 8.523267
578 8.527427
579 8.531587
580 8.548227
581 8.552387
582 8.573187
583 8.577347
584 8.585667
585 8.593987
586 8.602307
588 8.618947
589 8.625187
590 8.629347
591 8.633507
592 8.637667
593 8.641827
594 8.645987
595 8.650147
596 8.654307
597 8.660547
598 8.662627
599 8.677187
600 8.681347
601 8.685507
602 8.689667
603 8.693827
604 8.706307
605 8.712547
587 8.716707
606 8.743747
607 8.774947
608 8.781187
609 8.787427
610 8.793667
611 8.797827
612 8.804067
613 8.808227
614 8.814467
615 8.820707
616 8.847747
617 8.853987
618 8.860227
619 8.866467
620 8.868547
621 8.874787
622 8.878947
623 8.887267
624 8.895587
625 8.922627
626 8.926787
627 8.933027
628 8.939267
629 8.943427
630 8.947587
631 8.951747
632 8.955907
633 8.966307
634 8.976707
635 9.003747
636 9.007907
637 9.012067
638 9.018307
639 9.024547
640 9.028707
641 9.030787
642 9.034947
643 9.041187
644 9.049507
645 9.061987
646 9.091107
647 9.095267
648 9.099427
649 9.105667
650 9.109827
651 9.116067
652 9.120227
653 9.124387
654 9.130627
655 9.136867
656 9.143107
657 9.153507
658 9.186787
659 9.190947
660 9.193027
661 9.199267
662 9.205507
663 9.209667
664 9.213827
665 9.220067
666 9.224227
667 9.230467
668 9.234627
669 9.242947
670 9.251267
671 9.288707
672 9.290787
673 9.294947
674 9.299107
675 9.305347
676 9.309507
677 9.313667
678 9.319907
679 9.326147
680 9.332387
681 9.334467
682 9.340707
683 9.349027
684 9.355267
685 9.394787
686 9.398947
687 9.403107
688 9.407267
689 9.411427
690 9.415587
691 9.419747
692 9.428067
693 9.432227
694 9.438467
695 9.442627
696 9.448867
697 9.453027
698 9.459267
699 9.465507
700 9.509187
701 9.511267
702 9.517507
703 9.519587
704 9.523747
705 9.527907
706 9.532067
707 9.540387
708 9.544547
709 9.550787
710 9.559107
711 9.563267
712 9.567427
713 9.571587
714 9.577827
715 9.584067
716 9.625667
717 9.631907
718 9.633987
719 9.638147
720 9.642307
721 9.646467
722 9.652707
723 9.656867
724 9.663107
725 9.667267
726 9.677667
728 9.685987
729 9.688067
730 9.694307
732 9.702627
733 9.744227
734 9.748387
735 9.752547
736 9.756707
737 9.760867
738 9.765027
739 9.769187
740 9.773347
741 9.779587
742 9.783747
743 9.794147
744 9.802467
745 9.806627
727 9.810787
746 9.864867
731 10.083267
747 10.160227
748 10.166467
749 10.241347
750 10.247587
751 10.253827
752 10.260067
753 10.330787
754 10.337027
755 10.343267
756 10.353667
757 10.424387
758 10.428547
759 10.434787
760 10.438947
761 10.451427
762 10.522147
763 10.528387
764 10.532547
765 10.536707
766 10.540867
767 10.551267
768 10.626147
769 10.632387
770 10.636547
771 10.642787
772 10.646947
773 10.653187
774 10.657347
775 10.736387
776 10.742627
777 10.746787
778 10.755107
779 10.759267
780 10.763427
781 10.767587
782 10.771747
783 10.850787
784 10.859107
785 10.865347
786 10.873667
787 10.875747
788 10.879907
789 10.886147
790 10.890307
792 10.967267
793 10.975587
794 10.983907
795 10.990147
796 10.994307
797 11.000547
798 11.004707
799 11.008867
801 11.081667
802 11.092067
791 11.102467
803 11.119107
804 11.185667
805 11.191907
806 11.277187
800 11.389507
807 11.476867
808 11.483107
809 11.568387
810 11.574627
811 11.661987
812 11.666147
813 11.670307
814 11.757667
815 11.763907
816 11.768067
817 11.774307
818 11.857507
819 11.865827
820 11.869987
821 11.876227
822 11.882467
823 11.961507
824 11.971907
825 11.973987
826 11.982307
827 11.988547
828 11.994787
829 12.067587
830 12.080067
831 12.084227
832 12.092547
833 12.096707
