0.000000	0.006096
1.000000	0.008496
2.000000	0.013488
3.000000	0.008496
4.000000	0.010160
5.000000	0.013488
6.000000	0.018416
7.000000	0.015408
8.000000	0.018736
9.000000	0.023664
10.000000	0.030256
11.000000	0.028592
12.000000	0.033520
13.000000	0.036848
15.000000	0.035248
17.000000	0.036848
19.000000	0.036848
21.000000	0.036848
23.000000	0.038448
25.000000	0.036848
27.000000	0.036848
29.000000	0.038448
30.000000	0.038448
14.000000	0.036848
16.000000	0.008496
18.000000	0.008496
19.000000	0.010160
20.000000	0.008496
21.000000	0.010160
22.000000	0.011824
23.000000	0.011824
24.000000	0.015408
25.000000	0.017072
26.000000	0.020336
27.000000	0.023664
28.000000	0.017072
29.000000	0.018672
30.000000	0.018672
31.000000	0.023664
32.000000	0.025264
33.000000	0.023600
34.000000	0.028528
35.000000	0.028592
36.000000	0.030256
37.000000	0.018672
38.000000	0.025264
39.000000	0.025264
40.000000	0.025264
41.000000	0.025264
42.000000	0.025264
43.000000	0.025264
44.000000	0.025264
45.000000	0.030256
46.000000	0.031856
47.000000	0.031856
48.000000	0.031856
49.000000	0.030256
50.000000	0.030256
51.000000	0.031856
52.000000	0.038448
53.000000	0.038448
54.000000	0.036848
55.000000	0.036848
56.000000	0.038448
57.000000	0.038448
58.000000	0.036848
59.000000	0.036848
61.000000	0.036848
62.000000	0.038448
63.000000	0.038448
64.000000	0.036848
65.000000	0.036848
66.000000	0.038448
67.000000	0.038448
68.000000	0.036848
69.000000	0.036848
60.000000	0.036848
70.000000	0.020336
71.000000	0.021936
72.000000	0.018672
73.000000	0.018672
74.000000	0.018672
75.000000	0.018672
76.000000	0.022000
77.000000	0.025264
78.000000	0.025264
79.000000	0.025264
80.000000	0.025264
81.000000	0.025264
82.000000	0.025264
83.000000	0.031856
84.000000	0.030192
85.000000	0.030256
86.000000	0.030256
87.000000	0.031856
88.000000	0.031856
89.000000	0.031856
90.000000	0.036848
91.000000	0.036848
92.000000	0.038448
93.000000	0.038448
94.000000	0.038448
95.000000	0.036848
96.000000	0.036848
97.000000	0.038448
99.000000	0.038448
100.000000	0.036848
101.000000	0.036848
102.000000	0.036848
103.000000	0.038448
104.000000	0.038448
105.000000	0.036848
106.000000	0.036848
107.000000	0.038448
98.000000	0.038448
108.000000	0.020336
109.000000	0.020336
110.000000	0.018672
111.000000	0.018672
112.000000	0.020272
113.000000	0.018672
114.000000	0.023600
115.000000	0.023600
116.000000	0.025264
117.000000	0.023664
118.000000	0.025264
119.000000	0.025264
120.000000	0.025264
121.000000	0.031856
122.000000	0.028592
123.000000	0.031856
124.000000	0.031856
125.000000	0.031856
126.000000	0.030256
127.000000	0.030256
128.000000	0.036848
129.000000	0.038448
130.000000	0.038448
131.000000	0.036848
132.000000	0.036848
133.000000	0.038448
134.000000	0.038448
135.000000	0.036848
137.000000	0.036848
138.000000	0.036848
139.000000	0.038448
140.000000	0.038448
141.000000	0.036848
142.000000	0.036848
143.000000	0.038448
144.000000	0.038448
145.000000	0.038448
136.000000	0.036848
146.000000	0.020336
147.000000	0.020336
148.000000	0.018672
149.000000	0.018672
150.000000	0.018672
151.000000	0.018672
152.000000	0.023600
153.000000	0.023600
154.000000	0.025264
155.000000	0.025264
156.000000	0.025264
157.000000	0.025264
158.000000	0.023664
159.000000	0.030256
160.000000	0.030192
161.000000	0.031856
162.000000	0.031856
163.000000	0.030256
164.000000	0.031856
165.000000	0.031856
166.000000	0.038448
167.000000	0.036848
168.000000	0.036848
169.000000	0.036848
170.000000	0.038448
171.000000	0.038448
172.000000	0.036848
173.000000	0.036848
175.000000	0.038448
176.000000	0.038448
177.000000	0.036848
178.000000	0.036848
179.000000	0.036848
180.000000	0.038448
181.000000	0.038448
182.000000	0.036848
183.000000	0.036848
174.000000	0.038448
184.000000	0.020336
185.000000	0.020336
186.000000	0.018672
187.000000	0.018672
188.000000	0.018672
189.000000	0.020272
190.000000	0.023600
191.000000	0.023600
192.000000	0.025264
193.000000	0.025264
194.000000	0.025264
195.000000	0.025264
196.000000	0.025264
197.000000	0.031856
198.000000	0.030192
199.000000	0.030256
200.000000	0.030256
201.000000	0.031856
202.000000	0.031856
203.000000	0.031856
204.000000	0.036848
205.000000	0.036848
206.000000	0.038448
207.000000	0.038448
208.000000	0.036848
209.000000	0.036848
210.000000	0.036848
211.000000	0.038448
213.000000	0.038448
214.000000	0.036848
215.000000	0.036848
216.000000	0.038448
217.000000	0.038448
218.000000	0.036848
219.000000	0.036848
220.000000	0.036848
221.000000	0.038448
212.000000	0.038448
222.000000	0.020336
223.000000	0.020336
224.000000	0.018672
225.000000	0.018672
226.000000	0.018672
227.000000	0.018672
228.000000	0.023600
229.000000	0.023600
230.000000	0.025264
231.000000	0.025264
232.000000	0.025264
233.000000	0.025264
234.000000	0.025264
235.000000	0.030256
236.000000	0.028592
237.000000	0.031856
238.000000	0.031856
239.000000	0.031856
240.000000	0.030256
241.000000	0.031856
242.000000	0.038448
243.000000	0.038448
244.000000	0.038448
245.000000	0.036848
246.000000	0.036848
247.000000	0.038448
248.000000	0.038448
249.000000	0.036848
251.000000	0.036848
252.000000	0.036848
253.000000	0.038448
254.000000	0.038448
255.000000	0.036848
256.000000	0.036848
257.000000	0.038448
258.000000	0.038448
259.000000	0.036848
250.000000	0.036848
260.000000	0.020336
261.000000	0.020336
262.000000	0.020272
263.000000	0.018672
264.000000	0.018672
265.000000	0.018672
266.000000	0.023600
267.000000	0.022000
268.000000	0.025264
269.000000	0.025264
270.000000	0.025264
271.000000	0.025264
272.000000	0.025264
273.000000	0.031856
274.000000	0.030192
275.000000	0.031856
276.000000	0.030256
277.000000	0.030256
278.000000	0.031856
279.000000	0.031856
280.000000	0.038448
281.000000	0.036848
282.000000	0.036848
283.000000	0.038448
284.000000	0.038448
285.000000	0.036848
286.000000	0.036848
287.000000	0.036848
289.000000	0.038448
290.000000	0.038448
291.000000	0.036848
292.000000	0.036848
293.000000	0.038448
294.000000	0.038448
295.000000	0.038448
296.000000	0.036848
297.000000	0.036848
288.000000	0.038448
298.000000	0.020336
299.000000	0.020336
300.000000	0.018672
301.000000	0.018672
302.000000	0.018672
303.000000	0.020272
304.000000	0.023600
305.000000	0.023600
306.000000	0.025264
307.000000	0.025264
308.000000	0.023664
309.000000	0.025264
310.000000	0.025264
311.000000	0.031856
312.000000	0.030192
313.000000	0.030256
314.000000	0.031856
315.000000	0.031856
316.000000	0.031856
317.000000	0.030256
318.000000	0.036848
319.000000	0.036848
320.000000	0.038448
321.000000	0.038448
322.000000	0.036848
323.000000	0.036848
324.000000	0.038448
325.000000	0.038448
327.000000	0.036848
328.000000	0.036848
329.000000	0.036848
330.000000	0.038448
331.000000	0.038448
332.000000	0.036848
333.000000	0.036848
334.000000	0.038448
335.000000	0.038448
326.000000	0.036848
336.000000	0.020336
337.000000	0.020336
338.000000	0.018672
339.000000	0.020272
340.000000	0.018672
341.000000	0.018672
342.000000	0.023600
343.000000	0.023600
344.000000	0.025264
345.000000	0.025264
346.000000	0.025264
347.000000	0.025264
348.000000	0.025264
349.000000	0.030256
350.000000	0.028592
351.000000	0.031856
352.000000	0.031856
353.000000	0.031856
354.000000	0.030256
355.000000	0.031856
356.000000	0.038448
357.000000	0.038448
358.000000	0.036848
359.000000	0.036848
360.000000	0.036848
361.000000	0.038448
362.000000	0.038448
363.000000	0.036848
365.000000	0.036848
366.000000	0.038448
367.000000	0.038448
368.000000	0.036848
369.000000	0.036848
370.000000	0.036848
371.000000	0.038448
372.000000	0.038448
373.000000	0.036848
364.000000	0.036848
374.000000	0.020336
375.000000	0.020336
376.000000	0.018672
377.000000	0.018672
378.000000	0.018672
379.000000	0.018672
380.000000	0.023600
381.000000	0.023600
382.000000	0.025264
383.000000	0.025264
384.000000	0.025264
385.000000	0.023664
386.000000	0.025264
387.000000	0.031856
388.000000	0.030192
389.000000	0.031856
390.000000	0.030256
391.000000	0.031856
392.000000	0.031856
393.000000	0.031856
394.000000	0.038448
395.000000	0.036848
396.000000	0.036848
397.000000	0.038448
398.000000	0.038448
399.000000	0.036848
400.000000	0.036848
401.000000	0.036848
403.000000	0.038448
404.000000	0.038448
405.000000	0.036848
406.000000	0.036848
407.000000	0.038448
408.000000	0.038448
409.000000	0.036848
410.000000	0.036848
411.000000	0.036848
402.000000	0.038448
412.000000	0.021936
413.000000	0.020336
414.000000	0.018672
415.000000	0.018672
416.000000	0.018672
417.000000	0.018672
418.000000	0.023600
419.000000	0.023600
420.000000	0.025264
421.000000	0.025264
422.000000	0.025264
423.000000	0.025264
424.000000	0.025264
425.000000	0.031856
426.000000	0.028592
427.000000	0.030256
428.000000	0.031856
429.000000	0.031856
430.000000	0.031856
431.000000	0.030256
432.000000	0.036848
433.000000	0.038448
434.000000	0.038448
435.000000	0.036848
436.000000	0.036848
437.000000	0.036848
438.000000	0.038448
439.000000	0.038448
441.000000	0.036848
442.000000	0.036848
443.000000	0.038448
444.000000	0.038448
445.000000	0.038448
446.000000	0.036848
447.000000	0.036848
448.000000	0.038448
449.000000	0.038448
440.000000	0.036848
450.000000	0.020336
451.000000	0.020336
452.000000	0.018672
453.000000	0.020272
454.000000	0.018672
455.000000	0.018672
456.000000	0.023600
457.000000	0.023600
458.000000	0.023664
459.000000	0.025264
460.000000	0.025264
461.000000	0.025264
462.000000	0.025264
463.000000	0.030256
464.000000	0.030192
465.000000	0.031856
466.000000	0.031856
467.000000	0.030256
468.000000	0.030256
469.000000	0.031856
470.000000	0.038448
471.000000	0.038448
472.000000	0.036848
473.000000	0.036848
474.000000	0.038448
475.000000	0.038448
476.000000	0.036848
477.000000	0.036848
479.000000	0.036848
480.000000	0.038448
481.000000	0.038448
482.000000	0.036848
483.000000	0.036848
484.000000	0.038448
485.000000	0.038448
486.000000	0.036848
487.000000	0.036848
478.000000	0.036848
488.000000	0.020336
489.000000	0.021936
490.000000	0.018672
491.000000	0.018672
492.000000	0.018672
493.000000	0.018672
494.000000	0.023600
495.000000	0.023600
496.000000	0.025264
497.000000	0.025264
498.000000	0.025264
499.000000	0.023664
500.000000	0.025264
501.000000	0.031856
502.000000	0.030192
503.000000	0.031856
504.000000	0.030256
505.000000	0.031856
506.000000	0.031856
507.000000	0.031856
508.000000	0.036848
509.000000	0.036848
510.000000	0.036848
511.000000	0.038448
512.000000	0.038448
513.000000	0.036848
514.000000	0.036848
515.000000	0.038448
517.000000	0.038448
518.000000	0.036848
519.000000	0.036848
520.000000	0.036848
521.000000	0.038448
522.000000	0.038448
523.000000	0.036848
524.000000	0.036848
525.000000	0.038448
516.000000	0.038448
526.000000	0.020336
527.000000	0.020336
528.000000	0.018672
529.000000	0.018672
530.000000	0.020272
531.000000	0.018672
532.000000	0.023600
533.000000	0.023600
534.000000	0.025264
535.000000	0.023664
536.000000	0.025264
537.000000	0.025264
538.000000	0.025264
539.000000	0.031856
540.000000	0.028592
541.000000	0.031856
542.000000	0.031856
543.000000	0.031856
544.000000	0.031856
545.000000	0.030256
546.000000	0.036848
547.000000	0.038448
548.000000	0.038448
549.000000	0.036848
550.000000	0.036848
551.000000	0.036848
552.000000	0.038448
553.000000	0.038448
555.000000	0.036848
556.000000	0.036848
557.000000	0.038448
558.000000	0.038448
559.000000	0.036848
560.000000	0.036848
561.000000	0.036848
562.000000	0.038448
563.000000	0.038448
554.000000	0.036848
564.000000	0.020336
565.000000	0.020336
566.000000	0.018672
567.000000	0.018672
568.000000	0.018672
569.000000	0.018672
570.000000	0.023600
571.000000	0.023600
572.000000	0.025264
573.000000	0.025264
574.000000	0.025264
575.000000	0.025264
576.000000	0.023664
577.000000	0.030256
578.000000	0.030192
579.000000	0.031856
580.000000	0.031856
581.000000	0.030256
582.000000	0.031856
583.000000	0.031856
584.000000	0.038448
585.000000	0.036848
586.000000	0.036848
587.000000	0.036848
588.000000	0.038448
589.000000	0.038448
590.000000	0.036848
591.000000	0.036848
593.000000	0.038448
594.000000	0.038448
595.000000	0.038448
596.000000	0.036848
597.000000	0.036848
598.000000	0.038448
599.000000	0.038448
600.000000	0.036848
601.000000	0.036848
592.000000	0.036848
602.000000	0.020336
603.000000	0.021936
604.000000	0.018672
605.000000	0.018672
606.000000	0.018672
607.000000	0.018672
608.000000	0.022000
609.000000	0.023600
610.000000	0.025264
611.000000	0.025264
612.000000	0.025264
613.000000	0.025264
614.000000	0.025264
615.000000	0.031856
616.000000	0.030192
617.000000	0.030256
618.000000	0.030256
619.000000	0.031856
620.000000	0.031856
621.000000	0.031856
622.000000	0.036848
623.000000	0.036848
624.000000	0.038448
625.000000	0.038448
626.000000	0.036848
627.000000	0.036848
628.000000	0.036848
629.000000	0.038448
631.000000	0.038448
632.000000	0.036848
633.000000	0.036848
634.000000	0.038448
635.000000	0.038448
636.000000	0.036848
637.000000	0.036848
638.000000	0.036848
639.000000	0.038448
630.000000	0.038448
640.000000	0.020336
641.000000	0.020336
642.000000	0.018672
643.000000	0.018672
644.000000	0.020272
645.000000	0.018672
646.000000	0.023600
647.000000	0.023600
648.000000	0.025264
649.000000	0.023664
650.000000	0.025264
651.000000	0.025264
652.000000	0.025264
653.000000	0.031856
654.000000	0.028592
655.000000	0.031856
656.000000	0.031856
657.000000	0.031856
658.000000	0.030256
659.000000	0.030256
660.000000	0.036848
661.000000	0.038448
662.000000	0.038448
663.000000	0.036848
664.000000	0.036848
665.000000	0.038448
666.000000	0.038448
667.000000	0.036848
669.000000	0.036848
670.000000	0.036848
671.000000	0.038448
672.000000	0.038448
673.000000	0.036848
674.000000	0.036848
675.000000	0.038448
676.000000	0.038448
677.000000	0.036848
668.000000	0.036848
678.000000	0.020336
679.000000	0.020336
680.000000	0.020272
681.000000	0.018672
682.000000	0.018672
683.000000	0.018672
684.000000	0.023600
685.000000	0.022000
686.000000	0.025264
687.000000	0.025264
688.000000	0.025264
689.000000	0.025264
690.000000	0.025264
691.000000	0.031856
692.000000	0.030192
693.000000	0.031856
694.000000	0.031856
695.000000	0.030256
696.000000	0.031856
697.000000	0.031856
698.000000	0.038448
699.000000	0.036848
700.000000	0.036848
701.000000	0.036848
702.000000	0.038448
703.000000	0.038448
704.000000	0.036848
705.000000	0.036848
707.000000	0.038448
708.000000	0.038448
709.000000	0.036848
710.000000	0.036848
711.000000	0.036848
712.000000	0.038448
713.000000	0.038448
714.000000	0.036848
715.000000	0.036848
706.000000	0.038448
716.000000	0.020336
717.000000	0.020336
718.000000	0.018672
719.000000	0.018672
720.000000	0.018672
721.000000	0.020272
722.000000	0.023600
723.000000	0.023600
724.000000	0.025264
725.000000	0.025264
726.000000	0.023664
727.000000	0.025264
728.000000	0.025264
729.000000	0.031856
730.000000	0.030192
731.000000	0.030256
732.000000	0.031856
733.000000	0.031856
734.000000	0.031856
735.000000	0.030256
736.000000	0.036848
737.000000	0.036848
738.000000	0.038448
739.000000	0.038448
740.000000	0.036848
741.000000	0.036848
742.000000	0.038448
743.000000	0.038448
745.000000	0.038448
746.000000	0.036848
747.000000	0.036848
748.000000	0.038448
749.000000	0.038448
750.000000	0.036848
751.000000	0.036848
752.000000	0.036848
753.000000	0.038448
744.000000	0.038448
754.000000	0.020336
755.000000	0.020336
756.000000	0.018672
757.000000	0.018672
758.000000	0.018672
759.000000	0.018672
760.000000	0.023600
761.000000	0.023600
762.000000	0.025264
763.000000	0.025264
764.000000	0.025264
765.000000	0.025264
766.000000	0.025264
767.000000	0.030256
768.000000	0.028592
769.000000	0.031856
770.000000	0.031856
771.000000	0.031856
772.000000	0.030256
773.000000	0.031856
774.000000	0.038448
775.000000	0.038448
776.000000	0.036848
777.000000	0.036848
778.000000	0.036848
779.000000	0.038448
780.000000	0.038448
781.000000	0.036848
783.000000	0.036848
784.000000	0.038448
785.000000	0.038448
786.000000	0.036848
787.000000	0.036848
788.000000	0.036848
789.000000	0.038448
790.000000	0.038448
791.000000	0.036848
782.000000	0.036848
792.000000	0.020336
793.000000	0.020336
794.000000	0.020272
795.000000	0.018672
796.000000	0.018672
797.000000	0.018672
798.000000	0.023600
799.000000	0.022000
800.000000	0.025264
801.000000	0.025264
802.000000	0.025264
803.000000	0.025264
804.000000	0.025264
805.000000	0.031856
806.000000	0.030192
807.000000	0.031856
808.000000	0.030256
809.000000	0.030256
810.000000	0.031856
811.000000	0.031856
812.000000	0.038448
813.000000	0.036848
814.000000	0.036848
815.000000	0.038448
816.000000	0.038448
817.000000	0.036848
818.000000	0.036848
819.000000	0.036848
821.000000	0.038448
822.000000	0.038448
823.000000	0.036848
824.000000	0.036848
825.000000	0.038448
826.000000	0.038448
827.000000	0.036848
828.000000	0.036848
829.000000	0.036848
820.000000	0.038448
830.000000	0.021936
831.000000	0.020336
832.000000	0.018672
833.000000	0.018672
834.000000	0.018672
835.000000	0.018672
836.000000	0.023600
837.000000	0.023600
838.000000	0.025264
839.000000	0.025264
840.000000	0.025264
841.000000	0.025264
842.000000	0.025264
843.000000	0.031856
844.000000	0.030192
845.000000	0.030256
846.000000	0.031856
847.000000	0.031856
848.000000	0.031856
849.000000	0.030256
850.000000	0.036848
851.000000	0.036848
852.000000	0.038448
853.000000	0.038448
854.000000	0.036848
855.000000	0.036848
856.000000	0.038448
857.000000	0.038448
859.000000	0.036848
860.000000	0.036848
861.000000	0.036848
862.000000	0.038448
863.000000	0.038448
864.000000	0.036848
865.000000	0.036848
866.000000	0.038448
867.000000	0.038448
858.000000	0.036848
868.000000	0.020336
869.000000	0.020336
870.000000	0.018672
871.000000	0.020272
872.000000	0.018672
873.000000	0.018672
874.000000	0.023600
875.000000	0.023600
876.000000	0.023664
877.000000	0.025264
878.000000	0.025264
879.000000	0.025264
880.000000	0.025264
881.000000	0.030256
882.000000	0.030192
883.000000	0.031856
884.000000	0.031856
885.000000	0.030256
886.000000	0.030256
887.000000	0.031856
888.000000	0.038448
889.000000	0.038448
890.000000	0.036848
891.000000	0.036848
892.000000	0.038448
893.000000	0.038448
894.000000	0.038448
895.000000	0.036848
897.000000	0.036848
898.000000	0.038448
899.000000	0.038448
900.000000	0.036848
901.000000	0.036848
902.000000	0.036848
903.000000	0.038448
904.000000	0.038448
905.000000	0.036848
896.000000	0.036848
906.000000	0.020336
907.000000	0.020336
908.000000	0.018672
909.000000	0.018672
910.000000	0.018672
911.000000	0.018672
912.000000	0.023600
913.000000	0.023600
914.000000	0.025264
915.000000	0.025264
916.000000	0.025264
917.000000	0.023664
918.000000	0.025264
919.000000	0.031856
920.000000	0.030192
921.000000	0.031856
922.000000	0.030256
923.000000	0.031856
924.000000	0.031856
925.000000	0.031856
926.000000	0.036848
927.000000	0.036848
928.000000	0.036848
929.000000	0.038448
930.000000	0.038448
931.000000	0.036848
932.000000	0.036848
933.000000	0.038448
935.000000	0.038448
936.000000	0.036848
937.000000	0.036848
938.000000	0.036848
939.000000	0.038448
940.000000	0.038448
941.000000	0.036848
942.000000	0.036848
943.000000	0.038448
934.000000	0.038448
944.000000	0.021936
945.000000	0.020336
946.000000	0.018672
947.000000	0.018672
948.000000	0.018672
949.000000	0.018672
950.000000	0.023600
951.000000	0.023600
952.000000	0.025264
953.000000	0.025264
954.000000	0.025264
955.000000	0.025264
956.000000	0.025264
957.000000	0.031856
958.000000	0.028592
959.000000	0.030256
960.000000	0.031856
961.000000	0.031856
962.000000	0.031856
963.000000	0.030256
964.000000	0.036848
965.000000	0.038448
966.000000	0.038448
967.000000	0.036848
968.000000	0.036848
969.000000	0.036848
970.000000	0.038448
971.000000	0.038448
973.000000	0.036848
974.000000	0.036848
975.000000	0.038448
976.000000	0.038448
977.000000	0.036848
978.000000	0.036848
979.000000	0.036848
980.000000	0.038448
981.000000	0.038448
972.000000	0.036848
982.000000	0.020336
983.000000	0.020336
984.000000	0.018672
985.000000	0.018672
986.000000	0.018672
987.000000	0.018672
988.000000	0.023600
989.000000	0.023600
990.000000	0.025264
991.000000	0.025264
992.000000	0.025264
993.000000	0.025264
994.000000	0.025264
995.000000	0.030256
996.000000	0.030192
997.000000	0.031856
998.000000	0.031856
999.000000	0.030256
1000.000000	0.030256
1001.000000	0.031856
1002.000000	0.038448
1003.000000	0.038448
1004.000000	0.036848
1005.000000	0.036848
1006.000000	0.038448
1007.000000	0.038448
1008.000000	0.036848
1009.000000	0.036848
1011.000000	0.036848
1012.000000	0.038448
1013.000000	0.038448
1014.000000	0.036848
1015.000000	0.036848
1016.000000	0.038448
1017.000000	0.038448
1018.000000	0.036848
1019.000000	0.036848
1010.000000	0.036848
1020.000000	0.020336
1021.000000	0.021936
1022.000000	0.018672
1023.000000	0.018672
1024.000000	0.018672
1025.000000	0.018672
1026.000000	0.022000
1027.000000	0.023600
1028.000000	0.025264
1029.000000	0.025264
1030.000000	0.025264
1031.000000	0.025264
1032.000000	0.025264
1033.000000	0.031856
1034.000000	0.030192
1035.000000	0.030256
1036.000000	0.030256
1037.000000	0.031856
1038.000000	0.031856
1039.000000	0.031856
1040.000000	0.036848
1041.000000	0.036848
1042.000000	0.038448
1043.000000	0.038448
1044.000000	0.038448
1045.000000	0.036848
1046.000000	0.036848
1047.000000	0.038448
1049.000000	0.038448
1050.000000	0.036848
1051.000000	0.036848
1052.000000	0.036848
1053.000000	0.038448
1054.000000	0.038448
1055.000000	0.036848
1056.000000	0.036848
1057.000000	0.038448
1048.000000	0.038448
1058.000000	0.020336
1059.000000	0.020336
1060.000000	0.018672
1061.000000	0.018672
1062.000000	0.020272
1063.000000	0.018672
1064.000000	0.023600
1065.000000	0.023600
1066.000000	0.025264
1067.000000	0.023664
1068.000000	0.025264
1069.000000	0.025264
1070.000000	0.025264
1071.000000	0.031856
1072.000000	0.028592
1073.000000	0.031856
1074.000000	0.031856
1075.000000	0.031856
1076.000000	0.030256
1077.000000	0.030256
1078.000000	0.036848
1079.000000	0.038448
1080.000000	0.038448
1081.000000	0.036848
1082.000000	0.036848
1083.000000	0.038448
1084.000000	0.038448
1085.000000	0.036848
1087.000000	0.036848
1088.000000	0.036848
1089.000000	0.038448
1090.000000	0.038448
1091.000000	0.036848
1092.000000	0.036848
1093.000000	0.038448
1094.000000	0.038448
1095.000000	0.038448
1086.000000	0.036848
1096.000000	0.020336
1097.000000	0.020336
1098.000000	0.018672
1099.000000	0.018672
1100.000000	0.018672
1101.000000	0.018672
1102.000000	0.023600
1103.000000	0.023600
1104.000000	0.025264
1105.000000	0.025264
1106.000000	0.025264
1107.000000	0.025264
1108.000000	0.023664
1109.000000	0.030256
1110.000000	0.030192
1111.000000	0.031856
1112.000000	0.031856
1113.000000	0.030256
1114.000000	0.031856
1115.000000	0.031856
1116.000000	0.038448
1117.000000	0.036848
1118.000000	0.036848
1119.000000	0.036848
1120.000000	0.038448
1121.000000	0.038448
1122.000000	0.036848
1123.000000	0.036848
1125.000000	0.038448
1126.000000	0.038448
1127.000000	0.036848
1128.000000	0.036848
1129.000000	0.036848
1130.000000	0.038448
1131.000000	0.038448
1132.000000	0.036848
1133.000000	0.036848
1124.000000	0.038448
1134.000000	0.020336
1135.000000	0.020336
1136.000000	0.018672
1137.000000	0.018672
1138.000000	0.018672
1139.000000	0.020272
1140.000000	0.023600
1141.000000	0.023600
1142.000000	0.025264
1143.000000	0.025264
1144.000000	0.025264
1145.000000	0.025264
1146.000000	0.025264
1147.000000	0.031856
1148.000000	0.030192
1149.000000	0.030256
1150.000000	0.030256
1151.000000	0.031856
1152.000000	0.031856
1153.000000	0.031856
1154.000000	0.036848
1155.000000	0.036848
1156.000000	0.038448
1157.000000	0.038448
1158.000000	0.036848
1159.000000	0.036848
1160.000000	0.036848
1161.000000	0.038448
1163.000000	0.038448
1164.000000	0.036848
1165.000000	0.036848
1166.000000	0.038448
1167.000000	0.038448
1168.000000	0.036848
1169.000000	0.036848
1170.000000	0.036848
1171.000000	0.038448
1162.000000	0.038448
1172.000000	0.020336
1173.000000	0.020336
1174.000000	0.018672
1175.000000	0.018672
1176.000000	0.018672
1177.000000	0.018672
1178.000000	0.023600
1179.000000	0.023600
1180.000000	0.025264
1181.000000	0.025264
1182.000000	0.025264
1183.000000	0.025264
1184.000000	0.025264
1185.000000	0.030256
1186.000000	0.028592
1187.000000	0.031856
1188.000000	0.031856
1189.000000	0.031856
1190.000000	0.030256
1191.000000	0.031856
1192.000000	0.038448
1193.000000	0.038448
1194.000000	0.038448
1195.000000	0.036848
1196.000000	0.036848
1197.000000	0.038448
1198.000000	0.038448
1199.000000	0.036848
1201.000000	0.036848
1202.000000	0.036848
1203.000000	0.038448
1204.000000	0.038448
1205.000000	0.036848
1206.000000	0.036848
1207.000000	0.038448
1208.000000	0.038448
1209.000000	0.036848
1200.000000	0.036848
1210.000000	0.020336
1211.000000	0.020336
1212.000000	0.020272
1213.000000	0.018672
1214.000000	0.018672
1215.000000	0.018672
1216.000000	0.023600
1217.000000	0.022000
1218.000000	0.025264
1219.000000	0.025264
1220.000000	0.025264
1221.000000	0.025264
1222.000000	0.025264
1223.000000	0.031856
1224.000000	0.030192
1225.000000	0.031856
1226.000000	0.030256
1227.000000	0.030256
1228.000000	0.031856
1229.000000	0.031856
1230.000000	0.038448
1231.000000	0.036848
1232.000000	0.036848
1233.000000	0.038448
1234.000000	0.038448
1235.000000	0.036848
1236.000000	0.036848
1237.000000	0.036848
1239.000000	0.038448
1240.000000	0.038448
1241.000000	0.036848
1242.000000	0.036848
1243.000000	0.038448
1244.000000	0.038448
1245.000000	0.038448
1246.000000	0.036848
1247.000000	0.036848
1238.000000	0.038448
1248.000000	0.020336
1249.000000	0.020336
1250.000000	0.018672
1251.000000	0.018672
1252.000000	0.018672
1253.000000	0.020272
1254.000000	0.023600
1255.000000	0.023600
1256.000000	0.025264
1257.000000	0.025264
1258.000000	0.023664
1259.000000	0.025264
1260.000000	0.025264
1261.000000	0.031856
1262.000000	0.030192
1263.000000	0.030256
1264.000000	0.031856
1265.000000	0.031856
1266.000000	0.031856
1267.000000	0.030256
1268.000000	0.036848
1269.000000	0.036848
1270.000000	0.038448
1271.000000	0.038448
1272.000000	0.036848
1273.000000	0.036848
1274.000000	0.038448
1275.000000	0.038448
1277.000000	0.036848
1278.000000	0.036848
1279.000000	0.036848
1280.000000	0.038448
1281.000000	0.038448
1282.000000	0.036848
1283.000000	0.036848
1284.000000	0.038448
1285.000000	0.038448
1276.000000	0.036848
1286.000000	0.020336
1287.000000	0.020336
1288.000000	0.018672
1289.000000	0.020272
1290.000000	0.018672
1291.000000	0.018672
1292.000000	0.023600
1293.000000	0.023600
1294.000000	0.025264
1295.000000	0.025264
1296.000000	0.025264
1297.000000	0.025264
1298.000000	0.025264
1299.000000	0.030256
1300.000000	0.028592
1301.000000	0.031856
1302.000000	0.031856
1303.000000	0.031856
1304.000000	0.030256
1305.000000	0.031856
1306.000000	0.038448
1307.000000	0.038448
1308.000000	0.036848
1309.000000	0.036848
1310.000000	0.036848
1311.000000	0.038448
1312.000000	0.038448
1313.000000	0.036848
1315.000000	0.036848
1316.000000	0.038448
1317.000000	0.038448
1318.000000	0.036848
1319.000000	0.036848
1320.000000	0.036848
1321.000000	0.038448
1322.000000	0.038448
1323.000000	0.036848
1314.000000	0.036848
1324.000000	0.020336
1325.000000	0.020336
1326.000000	0.018672
1327.000000	0.018672
1328.000000	0.018672
1329.000000	0.018672
1330.000000	0.023600
1331.000000	0.023600
1332.000000	0.025264
1333.000000	0.025264
1334.000000	0.025264
1335.000000	0.023664
1336.000000	0.025264
1337.000000	0.031856
1338.000000	0.030192
1339.000000	0.031856
1340.000000	0.030256
1341.000000	0.031856
1342.000000	0.031856
1343.000000	0.031856
1344.000000	0.038448
1345.000000	0.036848
1346.000000	0.036848
1347.000000	0.038448
1348.000000	0.038448
1349.000000	0.036848
1350.000000	0.036848
1351.000000	0.036848
1353.000000	0.038448
1354.000000	0.038448
1355.000000	0.036848
1356.000000	0.036848
1357.000000	0.038448
1358.000000	0.038448
1359.000000	0.036848
1360.000000	0.036848
1361.000000	0.036848
1352.000000	0.038448
1362.000000	0.021936
1363.000000	0.020336
1364.000000	0.018672
1365.000000	0.018672
1366.000000	0.018672
1367.000000	0.018672
1368.000000	0.023600
1369.000000	0.023600
1370.000000	0.025264
1371.000000	0.025264
1372.000000	0.025264
1373.000000	0.025264
1374.000000	0.025264
1375.000000	0.031856
1376.000000	0.028592
1377.000000	0.030256
1378.000000	0.031856
1379.000000	0.031856
1380.000000	0.031856
1381.000000	0.030256
1382.000000	0.036848
1383.000000	0.038448
1384.000000	0.038448
1385.000000	0.036848
1386.000000	0.036848
1387.000000	0.036848
1388.000000	0.038448
1389.000000	0.038448
1391.000000	0.036848
1392.000000	0.036848
1393.000000	0.038448
1394.000000	0.038448
1395.000000	0.038448
1396.000000	0.036848
1397.000000	0.036848
1398.000000	0.038448
1399.000000	0.038448
1390.000000	0.036848
1400.000000	0.020336
1401.000000	0.020336
1402.000000	0.018672
1403.000000	0.020272
1404.000000	0.018672
1405.000000	0.018672
1406.000000	0.023600
1407.000000	0.023600
1408.000000	0.023664
1409.000000	0.025264
1410.000000	0.025264
1411.000000	0.025264
1412.000000	0.025264
1413.000000	0.030256
1414.000000	0.030192
1415.000000	0.031856
1416.000000	0.031856
1417.000000	0.030256
1418.000000	0.030256
1419.000000	0.031856
1420.000000	0.038448
1421.000000	0.038448
1422.000000	0.036848
1423.000000	0.036848
1424.000000	0.038448
1425.000000	0.038448
1426.000000	0.036848
1427.000000	0.036848
1429.000000	0.036848
1430.000000	0.038448
1431.000000	0.038448
1432.000000	0.036848
1433.000000	0.036848
1434.000000	0.038448
1435.000000	0.038448
1436.000000	0.036848
1437.000000	0.036848
1428.000000	0.036848
1438.000000	0.020336
1439.000000	0.021936
1440.000000	0.018672
1441.000000	0.018672
1442.000000	0.018672
1443.000000	0.018672
1444.000000	0.023600
1445.000000	0.023600
1446.000000	0.025264
1447.000000	0.025264
1448.000000	0.025264
1449.000000	0.023664
1450.000000	0.025264
1451.000000	0.031856
1452.000000	0.030192
1453.000000	0.031856
1454.000000	0.030256
1455.000000	0.031856
1456.000000	0.031856
1457.000000	0.031856
1458.000000	0.036848
1459.000000	0.036848
1460.000000	0.036848
1461.000000	0.038448
1462.000000	0.038448
1463.000000	0.036848
1464.000000	0.036848
1465.000000	0.038448
1467.000000	0.038448
1468.000000	0.036848
1469.000000	0.036848
1470.000000	0.036848
1471.000000	0.038448
1472.000000	0.038448
1473.000000	0.036848
1474.000000	0.036848
1475.000000	0.038448
1466.000000	0.038448
1476.000000	0.020336
1477.000000	0.020336
1478.000000	0.018672
1479.000000	0.018672
1480.000000	0.020272
1481.000000	0.018672
1482.000000	0.023600
1483.000000	0.023600
1484.000000	0.025264
1485.000000	0.023664
1486.000000	0.025264
1487.000000	0.025264
1488.000000	0.025264
1489.000000	0.031856
1490.000000	0.028592
1491.000000	0.031856
1492.000000	0.031856
1493.000000	0.031856
1494.000000	0.031856
1495.000000	0.030256
1496.000000	0.036848
1497.000000	0.038448
1498.000000	0.038448
1499.000000	0.036848
1500.000000	0.036848
1501.000000	0.036848
1502.000000	0.038448
1503.000000	0.038448
1505.000000	0.036848
1506.000000	0.036848
1507.000000	0.038448
1508.000000	0.038448
1509.000000	0.036848
1510.000000	0.036848
1511.000000	0.036848
1512.000000	0.038448
1513.000000	0.038448
1504.000000	0.036848
1514.000000	0.020336
1515.000000	0.020336
1516.000000	0.018672
1517.000000	0.018672
1518.000000	0.018672
1519.000000	0.018672
1520.000000	0.023600
1521.000000	0.023600
1522.000000	0.025264
1523.000000	0.025264
1524.000000	0.025264
1525.000000	0.025264
1526.000000	0.023664
1527.000000	0.030256
1528.000000	0.030192
1529.000000	0.031856
1530.000000	0.031856
1531.000000	0.030256
1532.000000	0.031856
1533.000000	0.031856
1534.000000	0.038448
1535.000000	0.036848
1536.000000	0.036848
1537.000000	0.036848
1538.000000	0.038448
1539.000000	0.038448
1540.000000	0.036848
1541.000000	0.036848
1543.000000	0.038448
1544.000000	0.038448
1545.000000	0.038448
1546.000000	0.036848
1547.000000	0.036848
1548.000000	0.038448
1549.000000	0.038448
1550.000000	0.036848
1551.000000	0.036848
1542.000000	0.036848
1552.000000	0.020336
1553.000000	0.021936
1554.000000	0.018672
1555.000000	0.018672
1556.000000	0.018672
1557.000000	0.018672
1558.000000	0.022000
1559.000000	0.023600
1560.000000	0.025264
1561.000000	0.025264
1562.000000	0.025264
1563.000000	0.025264
1564.000000	0.025264
1565.000000	0.031856
1566.000000	0.030192
1567.000000	0.030256
1568.000000	0.030256
1569.000000	0.031856
1570.000000	0.031856
1571.000000	0.031856
1572.000000	0.036848
1573.000000	0.036848
1574.000000	0.038448
1575.000000	0.038448
1576.000000	0.036848
1577.000000	0.036848
1578.000000	0.036848
1579.000000	0.038448
1581.000000	0.038448
1582.000000	0.036848
1583.000000	0.036848
1584.000000	0.038448
1585.000000	0.038448
1586.000000	0.036848
1587.000000	0.036848
1588.000000	0.036848
1589.000000	0.038448
1580.000000	0.038448
1590.000000	0.020336
1591.000000	0.020336
1592.000000	0.018672
1593.000000	0.018672
1594.000000	0.020272
1595.000000	0.018672
1596.000000	0.023600
1597.000000	0.023600
1598.000000	0.025264
1599.000000	0.023664
1600.000000	0.025264
1601.000000	0.025264
1602.000000	0.025264
1603.000000	0.031856
1604.000000	0.028592
1605.000000	0.031856
1606.000000	0.031856
1607.000000	0.031856
1608.000000	0.030256
1609.000000	0.030256
1610.000000	0.036848
1611.000000	0.038448
1612.000000	0.038448
1613.000000	0.036848
1614.000000	0.036848
1615.000000	0.038448
1616.000000	0.038448
1617.000000	0.036848
1619.000000	0.036848
1620.000000	0.036848
1621.000000	0.038448
1622.000000	0.038448
1623.000000	0.036848
1624.000000	0.036848
1625.000000	0.038448
1626.000000	0.038448
1627.000000	0.036848
1618.000000	0.036848
1628.000000	0.020336
1629.000000	0.020336
1630.000000	0.020272
1631.000000	0.018672
1632.000000	0.018672
1633.000000	0.018672
1634.000000	0.023600
1635.000000	0.022000
1636.000000	0.025264
1637.000000	0.025264
1638.000000	0.025264
1639.000000	0.025264
1640.000000	0.025264
1641.000000	0.031856
1642.000000	0.030192
1643.000000	0.031856
1644.000000	0.031856
1645.000000	0.030256
1646.000000	0.031856
1647.000000	0.031856
1648.000000	0.038448
1649.000000	0.036848
1650.000000	0.036848
1651.000000	0.036848
1652.000000	0.038448
1653.000000	0.038448
1654.000000	0.036848
1655.000000	0.036848
1657.000000	0.038448
1658.000000	0.038448
1659.000000	0.036848
1660.000000	0.036848
1661.000000	0.036848
1662.000000	0.038448
1663.000000	0.038448
1664.000000	0.036848
1665.000000	0.036848
1656.000000	0.038448
1666.000000	0.020336
1667.000000	0.020336
1668.000000	0.018672
1669.000000	0.018672
1670.000000	0.018672
1671.000000	0.020272
1672.000000	0.023600
1673.000000	0.023600
1674.000000	0.025264
1675.000000	0.025264
1676.000000	0.023664
1677.000000	0.025264
1678.000000	0.025264
1679.000000	0.031856
1680.000000	0.030192
1681.000000	0.030256
1682.000000	0.031856
1683.000000	0.031856
1684.000000	0.031856
1685.000000	0.030256
1686.000000	0.036848
1687.000000	0.036848
1688.000000	0.038448
1689.000000	0.038448
1690.000000	0.036848
1691.000000	0.036848
1692.000000	0.038448
1693.000000	0.038448
1695.000000	0.038448
1696.000000	0.036848
1697.000000	0.036848
1698.000000	0.038448
1699.000000	0.038448
1700.000000	0.036848
1701.000000	0.036848
1702.000000	0.036848
1703.000000	0.038448
1694.000000	0.038448
1704.000000	0.020336
1705.000000	0.020336
1706.000000	0.018672
1707.000000	0.018672
1708.000000	0.018672
1709.000000	0.018672
1710.000000	0.023600
1711.000000	0.023600
1712.000000	0.025264
1713.000000	0.025264
1714.000000	0.025264
1715.000000	0.025264
1716.000000	0.025264
1717.000000	0.030256
1718.000000	0.028592
1719.000000	0.031856
1720.000000	0.031856
1721.000000	0.031856
1722.000000	0.030256
1723.000000	0.031856
1724.000000	0.038448
1725.000000	0.038448
1726.000000	0.036848
1727.000000	0.036848
1728.000000	0.036848
1729.000000	0.038448
1730.000000	0.038448
1731.000000	0.036848
1733.000000	0.036848
1734.000000	0.038448
1735.000000	0.038448
1736.000000	0.036848
1737.000000	0.036848
1738.000000	0.036848
1739.000000	0.038448
1740.000000	0.038448
1741.000000	0.036848
1732.000000	0.036848
1742.000000	0.020336
1743.000000	0.020336
1744.000000	0.020272
1745.000000	0.018672
1746.000000	0.018672
1747.000000	0.018672
1748.000000	0.023600
1749.000000	0.022000
1750.000000	0.025264
1751.000000	0.025264
1752.000000	0.025264
1753.000000	0.025264
1754.000000	0.025264
1755.000000	0.031856
1756.000000	0.030192
1757.000000	0.031856
1758.000000	0.030256
1759.000000	0.030256
1760.000000	0.031856
1761.000000	0.031856
1762.000000	0.038448
1763.000000	0.036848
1764.000000	0.036848
1765.000000	0.038448
1766.000000	0.038448
1767.000000	0.036848
1768.000000	0.036848
1769.000000	0.036848
1771.000000	0.038448
1772.000000	0.038448
1773.000000	0.036848
1774.000000	0.036848
1775.000000	0.038448
1776.000000	0.038448
1777.000000	0.036848
1778.000000	0.036848
1779.000000	0.036848
1770.000000	0.038448
1780.000000	0.021936
1781.000000	0.020336
1782.000000	0.018672
1783.000000	0.018672
1784.000000	0.018672
1785.000000	0.018672
1786.000000	0.023600
1787.000000	0.023600
1788.000000	0.025264
1789.000000	0.025264
1790.000000	0.025264
1791.000000	0.025264
1792.000000	0.025264
1793.000000	0.031856
1794.000000	0.030192
1795.000000	0.030256
1796.000000	0.031856
1797.000000	0.031856
1798.000000	0.031856
1799.000000	0.030256
1800.000000	0.036848
1801.000000	0.036848
1802.000000	0.038448
1803.000000	0.038448
1804.000000	0.036848
1805.000000	0.036848
1806.000000	0.038448
1807.000000	0.038448
1809.000000	0.036848
1810.000000	0.036848
1811.000000	0.036848
1812.000000	0.038448
1813.000000	0.038448
1814.000000	0.036848
1815.000000	0.036848
1816.000000	0.038448
1817.000000	0.038448
1808.000000	0.036848
1818.000000	0.020336
1819.000000	0.020336
1820.000000	0.018672
1821.000000	0.020272
1822.000000	0.018672
1823.000000	0.018672
1824.000000	0.023600
1825.000000	0.023600
1826.000000	0.023664
1827.000000	0.025264
1828.000000	0.025264
1829.000000	0.025264
1830.000000	0.025264
1831.000000	0.030256
1832.000000	0.030192
1833.000000	0.031856
1834.000000	0.031856
1835.000000	0.030256
1836.000000	0.030256
1837.000000	0.031856
1838.000000	0.038448
1839.000000	0.038448
1840.000000	0.036848
1841.000000	0.036848
1842.000000	0.038448
1843.000000	0.038448
1844.000000	0.038448
1845.000000	0.036848
1847.000000	0.036848
1848.000000	0.038448
1849.000000	0.038448
1850.000000	0.036848
1851.000000	0.036848
1852.000000	0.036848
1853.000000	0.038448
1854.000000	0.038448
1855.000000	0.036848
1846.000000	0.036848
1856.000000	0.020336
1857.000000	0.020336
1858.000000	0.018672
1859.000000	0.018672
1860.000000	0.018672
1861.000000	0.018672
1862.000000	0.023600
1863.000000	0.023600
1864.000000	0.025264
1865.000000	0.025264
1866.000000	0.025264
1867.000000	0.023664
1868.000000	0.025264
1869.000000	0.030256
