0.11	0.00
0.12	541.53
0.14	541.53
0.14	760.79
0.14	953.91
0.15	873.11
0.16	963.60
0.16	1003.35
0.17	1002.93
0.17	1094.01
0.18	1145.92
0.18	1192.20
0.19	1233.73
0.19	1271.19
0.20	1275.44
0.20	1307.00
0.21	1308.62
0.21	1310.05
0.22	1311.32
0.22	1312.46
0.23	1292.27
0.24	1294.17
0.24	1295.90
0.25	1297.48
0.26	1298.94
0.26	1300.28
0.27	1318.02
0.27	1318.58
0.28	1319.10
0.28	1319.58
0.29	1320.04
0.30	1320.46
0.30	1320.86
0.31	1321.24
0.31	1321.59
0.32	1321.92
0.33	1322.24
0.33	1322.53
0.34	1322.81
0.34	1323.08
0.35	1323.34
0.36	1323.58
0.36	1323.81
0.37	1324.03
0.37	1324.24
0.38	1324.44
0.39	1324.63
0.39	1324.82
0.40	1324.99
0.40	1325.16
0.41	1325.32
0.42	1325.48
0.42	1325.63
0.43	1325.77
0.43	1325.91
0.44	1326.05
0.45	1326.18
0.45	1326.30
0.46	1326.42
0.46	1326.54
0.47	1326.65
0.48	1326.76
0.48	1326.87
0.49	1326.97
0.49	1327.07
0.50	1327.16
0.51	1327.26
0.51	1327.35
0.52	1327.43
0.52	1327.52
0.53	1327.60
0.54	1327.68
0.54	1327.76
0.55	1327.84
0.55	1327.91
0.56	1327.98
0.57	1328.05
0.57	1328.12
0.58	1328.19
0.58	1328.25
0.59	1328.32
0.60	1328.38
0.60	1328.44
0.61	1328.50
0.61	1328.55
0.62	1328.61
0.63	1328.66
0.63	1328.72
0.64	1328.77
0.64	1328.82
0.65	1328.87
0.66	1328.92
0.66	1328.97
0.67	1329.02
0.67	1329.06
0.68	1329.11
0.69	1329.15
0.69	1329.19
0.70	1329.23
0.70	1329.28
0.71	1329.32
0.72	1329.36
0.72	1329.40
0.73	1329.43
0.73	1329.47
0.74	1325.31
0.75	1325.39
0.75	1325.46
0.76	1325.53
0.77	1325.60
0.77	1325.67
0.78	1325.74
0.78	1325.81
0.79	1325.88
0.80	1325.94
0.80	1326.01
0.81	1326.07
0.81	1326.13
0.82	1326.19
0.83	1326.25
0.83	1326.31
0.84	1326.37
0.84	1326.42
0.85	1326.48
0.86	1326.53
0.86	1326.59
0.87	1326.64
0.87	1326.69
0.88	1326.75
0.89	1326.80
0.89	1326.85
0.90	1326.90
0.90	1326.94
0.91	1326.99
0.92	1327.04
0.92	1327.09
0.93	1327.13
0.93	1327.18
0.94	1327.22
0.95	1327.27
0.95	1327.31
0.96	1327.35
0.96	1327.39
0.97	1327.43
0.98	1327.47
0.98	1327.52
0.99	1327.55
0.99	1327.59
1.00	1327.63
1.01	1327.67
1.01	1327.71
1.02	1327.75
1.02	1327.78
1.03	1327.82
1.04	1327.85
1.04	1327.89
1.05	1327.92
1.05	1327.96
1.06	1327.99
1.07	1328.03
1.07	1328.06
1.08	1328.09
1.08	1328.12
1.09	1328.16
1.10	1328.19
1.10	1328.22
1.11	1328.25
1.11	1328.28
1.12	1328.31
1.13	1328.34
1.13	1328.37
1.14	1328.40
1.14	1328.43
1.15	1328.45
1.16	1328.48
1.16	1328.51
1.17	1328.54
1.17	1328.56
1.18	1328.59
1.19	1328.62
1.19	1328.64
1.20	1328.67
1.20	1328.69
1.21	1328.72
1.22	1328.74
1.22	1328.77
1.23	1328.79
1.23	1328.82
1.24	1328.84
1.25	1328.87
1.25	1328.89
1.26	1328.91
1.26	1328.93
1.27	1328.96
1.28	1328.98
1.28	1329.00
1.29	1329.02
1.29	1329.05
1.30	1329.07
1.31	1329.09
1.31	1329.11
1.32	1329.13
1.32	1329.15
1.33	1329.17
1.34	1329.19
1.34	1327.06
1.35	1327.09
1.36	1327.12
1.36	1327.15
1.37	1327.18
1.37	1327.21
1.38	1327.24
1.39	1327.27
1.39	1327.30
1.40	1327.32
1.40	1327.35
1.41	1327.38
1.42	1327.41
1.42	1327.43
1.43	1327.46
1.43	1327.49
1.44	1327.51
1.45	1327.54
1.45	1327.57
1.46	1327.59
1.46	1327.62
1.47	1327.64
1.48	1327.67
1.48	1327.69
1.49	1327.72
1.49	1327.74
1.50	1327.76
1.51	1327.79
1.51	1327.81
1.52	1327.84
1.52	1327.86
1.53	1327.88
1.54	1327.90
1.54	1327.93
1.55	1327.95
1.55	1327.97
1.56	1327.99
1.57	1328.02
1.57	1328.04
1.58	1328.06
1.58	1328.08
1.59	1328.10
1.60	1328.12
1.60	1328.14
1.61	1328.17
1.61	1328.19
1.62	1328.21
1.63	1328.23
1.63	1328.25
1.64	1328.27
1.64	1328.29
1.65	1328.31
1.66	1328.33
1.66	1328.35
1.67	1328.36
1.67	1328.38
1.68	1328.40
1.69	1328.42
1.69	1328.44
1.70	1328.46
1.70	1328.48
1.71	1328.49
1.72	1328.51
1.72	1328.53
1.73	1328.55
1.73	1328.57
1.74	1328.58
1.75	1328.60
1.75	1328.62
1.76	1328.64
1.76	1328.65
1.77	1328.67
1.78	1328.69
1.78	1328.70
1.79	1328.72
1.79	1328.74
1.80	1328.75
1.81	1328.77
1.81	1328.78
1.82	1328.80
1.82	1328.82
1.83	1328.83
1.84	1328.85
1.84	1328.86
1.85	1328.88
1.85	1328.89
1.86	1328.91
1.87	1328.92
1.87	1328.94
1.88	1328.95
1.88	1328.97
1.89	1328.98
1.90	1329.00
1.90	1329.01
1.91	1329.03
1.91	1329.04
1.92	1329.06
1.93	1329.07
1.93	1329.08
1.94	1329.10
1.95	1327.67
1.95	1327.68
1.96	1327.70
1.96	1327.72
1.97	1327.74
1.98	1327.76
1.98	1327.77
1.99	1327.79
1.99	1327.81
2.00	1327.83
2.01	1327.84
2.01	1327.86
2.02	1327.88
2.02	1327.90
2.03	1327.91
2.04	1327.93
2.04	1327.95
2.05	1327.96
2.05	1327.98
2.06	1328.00
2.07	1328.01
2.07	1328.03
2.08	1328.04
2.08	1328.06
2.09	1328.08
2.10	1328.09
2.10	1328.11
2.11	1328.12
2.11	1328.14
2.12	1328.16
2.13	1328.17
2.13	1328.19
2.14	1328.20
2.14	1328.22
2.15	1328.23
2.16	1328.25
2.16	1328.26
2.17	1328.28
2.17	1328.29
2.18	1328.31
2.19	1328.32
2.19	1328.33
2.20	1328.35
2.20	1328.36
2.21	1328.38
2.22	1328.39
2.22	1328.41
2.23	1328.42
2.23	1328.43
2.24	1328.45
2.25	1328.46
2.25	1328.47
2.26	1328.49
2.26	1328.50
2.27	1328.51
2.28	1328.53
2.28	1328.54
2.29	1328.55
2.29	1328.57
2.30	1328.58
2.31	1328.59
2.31	1328.61
2.32	1328.62
2.32	1328.63
2.33	1328.64
2.34	1328.66
2.34	1328.67
2.35	1328.68
2.35	1328.69
2.36	1328.71
2.37	1328.72
2.37	1328.73
2.38	1328.74
2.38	1328.76
2.39	1328.77
2.40	1328.78
2.40	1328.79
2.41	1328.80
2.41	1328.82
2.42	1328.83
2.43	1328.84
2.43	1328.85
2.44	1328.86
2.44	1328.87
2.45	1328.88
2.46	1328.90
2.46	1328.91
2.47	1328.92
2.47	1328.93
2.48	1328.94
2.49	1328.95
2.49	1328.96
2.50	1328.97
2.50	1328.99
2.51	1329.00
2.52	1329.01
2.52	1329.02
2.53	1329.03
2.53	1329.04
2.54	1329.05
2.55	1327.97
2.55	1327.98
2.56	1328.00
2.57	1328.01
2.57	1328.02
2.58	1328.04
2.58	1328.05
2.59	1328.06
2.60	1328.07
2.60	1328.09
2.61	1328.10
2.61	1328.11
2.62	1328.12
2.63	1328.14
2.63	1328.15
2.64	1328.16
2.64	1328.17
2.65	1328.19
2.66	1328.20
2.66	1328.21
2.67	1328.22
2.67	1328.23
2.68	1328.25
2.69	1328.26
2.69	1328.27
2.70	1328.28
2.70	1328.29
2.71	1328.30
2.72	1328.32
2.72	1328.33
2.73	1328.34
2.73	1328.35
2.74	1328.36
2.75	1328.37
2.75	1328.38
2.76	1328.40
2.76	1328.41
2.77	1328.42
2.78	1328.43
2.78	1328.44
2.79	1328.45
2.79	1328.46
2.80	1328.47
2.81	1328.48
2.81	1328.49
2.82	1328.50
2.82	1328.52
2.83	1328.53
2.84	1328.54
2.84	1328.55
2.85	1328.56
2.85	1328.57
2.86	1328.58
2.87	1328.59
2.87	1328.60
2.88	1328.61
2.88	1328.62
2.89	1328.63
2.90	1328.64
2.90	1328.65
2.91	1328.66
2.91	1328.67
2.92	1328.68
2.93	1328.69
2.93	1328.70
2.94	1328.71
2.94	1328.72
2.95	1328.73
2.96	1328.74
2.96	1328.75
2.97	1328.76
2.97	1328.77
2.98	1328.78
2.99	1328.79
2.99	1328.80
3.00	1328.81
3.00	1328.82
3.01	1328.82
3.02	1328.83
3.02	1328.84
3.03	1328.85
3.03	1328.86
3.04	1328.87
3.05	1328.88
3.05	1328.89
3.06	1328.90
3.06	1328.91
3.07	1328.92
3.08	1328.92
3.08	1328.93
3.09	1328.94
3.09	1328.95
3.10	1328.96
3.11	1328.97
3.11	1328.98
3.12	1328.99
3.12	1328.99
3.13	1329.00
3.14	1329.01
3.14	1329.02
3.15	1328.16
3.16	1328.17
3.16	1328.18
3.17	1328.19
3.17	1328.20
3.18	1328.21
3.19	1328.22
3.19	1328.23
3.20	1328.24
3.20	1328.25
3.21	1328.26
3.22	1328.27
3.22	1328.28
3.23	1328.28
3.23	1328.29
3.24	1328.30
3.25	1328.31
3.25	1328.32
3.26	1328.33
3.26	1328.34
3.27	1328.35
3.28	1328.36
3.28	1328.37
3.29	1328.38
3.29	1328.39
3.30	1328.40
3.31	1328.41
3.31	1328.42
3.32	1328.43
3.32	1328.44
3.33	1328.44
3.34	1328.45
3.34	1328.46
3.35	1328.47
3.35	1328.48
3.36	1328.49
3.37	1328.50
3.37	1328.51
3.38	1328.52
3.38	1328.53
3.39	1328.53
3.40	1328.54
3.40	1328.55
3.41	1328.56
3.41	1328.57
3.42	1328.58
3.43	1328.59
3.43	1328.59
3.44	1328.60
3.44	1328.61
3.45	1328.62
3.46	1328.63
3.46	1328.64
3.47	1328.65
3.47	1328.65
3.48	1328.66
3.49	1328.67
3.49	1328.68
3.50	1328.69
3.50	1328.70
3.51	1328.70
3.52	1328.71
3.52	1328.72
3.53	1328.73
3.53	1328.74
3.54	1328.74
3.55	1328.75
3.55	1328.76
3.56	1328.77
3.56	1328.78
3.57	1328.78
3.58	1328.79
3.58	1328.80
3.59	1328.81
3.59	1328.81
3.60	1328.82
3.61	1328.83
3.61	1328.84
3.62	1328.85
3.62	1328.85
3.63	1328.86
3.64	1328.87
3.64	1328.88
3.65	1328.88
3.65	1328.89
3.66	1328.90
3.67	1328.91
3.67	1328.91
3.68	1328.92
3.68	1328.93
3.69	1328.94
3.70	1328.94
3.70	1328.95
3.71	1328.96
3.71	1328.97
3.72	1328.97
3.73	1328.98
3.73	1328.99
3.74	1328.99
3.74	1329.00
3.75	1328.28
3.76	1328.29
3.76	1328.30
3.77	1328.30
3.78	1328.31
3.78	1328.32
3.79	1328.33
3.79	1328.34
3.80	1328.34
3.81	1328.35
3.81	1328.36
3.82	1328.37
3.82	1328.38
3.83	1328.38
3.84	1328.39
3.84	1328.40
3.85	1328.41
3.85	1328.42
3.86	1328.42
3.87	1328.43
3.87	1328.44
3.88	1328.45
3.88	1328.46
3.89	1328.46
3.90	1328.47
3.90	1328.48
3.91	1328.49
3.91	1328.49
3.92	1328.50
3.93	1328.51
3.93	1328.52
3.94	1328.52
3.94	1328.53
3.95	1328.54
3.96	1328.55
3.96	1328.55
3.97	1328.56
3.97	1328.57
3.98	1328.58
3.99	1328.58
3.99	1328.59
4.00	1328.60
4.00	1328.61
4.01	1328.61
4.02	1328.62
4.02	1328.63
4.03	1328.63
4.03	1328.64
4.04	1328.65
4.05	1328.66
4.05	1328.66
4.06	1328.67
4.06	1328.68
4.07	1328.68
4.08	1328.69
4.08	1328.70
4.09	1328.71
4.09	1328.71
4.10	1328.72
4.11	1328.73
4.11	1328.73
4.12	1328.74
4.12	1328.75
4.13	1328.75
4.14	1328.76
4.14	1328.77
4.15	1328.77
4.15	1328.78
4.16	1328.79
4.17	1328.79
4.17	1328.80
4.18	1328.81
4.18	1328.81
4.19	1328.82
4.20	1328.83
4.20	1328.83
4.21	1328.84
4.21	1328.85
4.22	1328.85
4.23	1328.86
4.23	1328.87
4.24	1328.87
4.24	1328.88
4.25	1328.89
4.26	1328.89
4.26	1328.90
4.27	1328.91
4.27	1328.91
4.28	1328.92
4.29	1328.92
4.29	1328.93
4.30	1328.94
4.30	1328.94
4.31	1328.95
4.32	1328.96
4.32	1328.96
4.33	1328.97
4.33	1328.98
4.34	1328.98
4.35	1328.99
4.35	1328.37
4.36	1328.37
4.37	1328.38
4.37	1328.39
4.38	1328.40
4.38	1328.40
4.39	1328.41
4.40	1328.42
4.40	1328.42
4.41	1328.43
4.41	1328.44
4.42	1328.44
4.43	1328.45
4.43	1328.46
4.44	1328.46
4.44	1328.47
4.45	1328.48
4.46	1328.48
4.46	1328.49
4.47	1328.50
4.47	1328.50
4.48	1328.51
4.49	1328.52
4.49	1328.52
4.50	1328.53
4.50	1328.54
4.51	1328.54
4.52	1328.55
4.52	1328.56
4.53	1328.56
4.53	1328.57
4.54	1328.58
4.55	1328.58
4.55	1328.59
4.56	1328.60
4.56	1328.60
4.57	1328.61
4.58	1328.61
4.58	1328.62
4.59	1328.63
4.59	1328.63
4.60	1328.64
4.61	1328.65
4.61	1328.65
4.62	1328.66
4.62	1328.66
4.63	1328.67
4.64	1328.68
4.64	1328.68
4.65	1328.69
4.65	1328.70
4.66	1328.70
4.67	1328.71
4.67	1328.71
4.68	1328.72
4.68	1328.73
4.69	1328.73
4.70	1328.74
4.70	1328.74
4.71	1328.75
4.71	1328.76
4.72	1328.76
4.73	1328.77
4.73	1328.77
4.74	1328.78
4.74	1328.79
4.75	1328.79
4.76	1328.80
4.76	1328.80
4.77	1328.81
4.77	1328.81
4.78	1328.82
4.79	1328.83
4.79	1328.83
4.80	1328.84
4.80	1328.84
4.81	1328.85
4.82	1328.85
4.82	1328.86
4.83	1328.87
4.83	1328.87
4.84	1328.88
4.85	1328.88
4.85	1328.89
4.86	1328.89
4.86	1328.90
4.87	1328.91
4.88	1328.91
4.88	1328.92
4.89	1328.92
4.89	1328.93
4.90	1328.93
4.91	1328.94
4.91	1328.94
4.92	1328.95
4.92	1328.96
4.93	1328.96
4.94	1328.97
4.94	1328.97
4.95	1328.98
4.96	1328.43
4.96	1328.44
4.97	1328.45
4.97	1328.45
4.98	1328.46
4.99	1328.46
4.99	1328.47
5.00	1328.48
5.00	1328.48
5.01	1328.49
5.02	1328.49
5.02	1328.50
5.03	1328.51
5.03	1328.51
5.04	1328.52
5.05	1328.52
5.05	1328.53
5.06	1328.54
5.06	1328.54
5.07	1328.55
5.08	1328.55
5.08	1328.56
5.09	1328.56
5.09	1328.57
5.10	1328.58
5.11	1328.58
5.11	1328.59
5.12	1328.59
5.12	1328.60
5.13	1328.60
5.14	1328.61
5.14	1328.62
5.15	1328.62
5.15	1328.63
5.16	1328.63
5.17	1328.64
5.17	1328.64
5.18	1328.65
5.18	1328.65
5.19	1328.66
5.20	1328.67
5.20	1328.67
5.21	1328.68
5.21	1328.68
5.22	1328.69
5.23	1328.69
5.23	1328.70
5.24	1328.70
5.24	1328.71
5.25	1328.71
5.26	1328.72
5.26	1328.72
5.27	1328.73
5.27	1328.74
5.28	1328.74
5.29	1328.75
5.29	1328.75
5.30	1328.76
5.30	1328.76
5.31	1328.77
5.32	1328.77
5.32	1328.78
5.33	1328.78
5.33	1328.79
5.34	1328.79
5.35	1328.80
5.35	1328.80
5.36	1328.81
5.36	1328.81
5.37	1328.82
5.38	1328.82
5.38	1328.83
5.39	1328.83
5.39	1328.84
5.40	1328.85
5.41	1328.85
5.41	1328.86
5.42	1328.86
5.42	1328.87
5.43	1328.87
5.44	1328.88
5.44	1328.88
5.45	1328.89
5.45	1328.89
5.46	1328.90
5.47	1328.90
5.47	1328.91
5.48	1328.91
5.48	1328.92
5.49	1328.92
5.50	1328.93
5.50	1328.93
5.51	1328.93
5.51	1328.94
5.52	1328.94
5.53	1328.95
5.53	1328.95
5.54	1328.96
5.54	1328.96
5.55	1328.97
5.56	1328.49
5.56	1328.49
5.57	1328.50
5.58	1328.50
5.58	1328.51
5.59	1328.51
5.59	1328.52
5.60	1328.52
5.61	1328.53
5.61	1328.53
5.62	1328.54
5.62	1328.54
5.63	1328.55
5.64	1328.55
5.64	1328.56
5.65	1328.56
5.65	1328.57
5.66	1328.58
5.67	1328.58
5.67	1328.59
5.68	1328.59
5.68	1328.60
5.69	1328.60
5.70	1328.61
5.70	1328.61
5.71	1328.62
5.71	1328.62
5.72	1328.63
5.73	1328.63
5.73	1328.64
5.74	1328.64
5.74	1328.65
5.75	1328.65
5.76	1328.66
5.76	1328.66
5.77	1328.67
5.77	1328.67
5.78	1328.68
5.79	1328.68
5.79	1328.69
5.80	1328.69
5.80	1328.70
5.81	1328.70
5.82	1328.71
5.82	1328.71
5.83	1328.71
5.83	1328.72
5.84	1328.72
5.85	1328.73
5.85	1328.73
5.86	1328.74
5.86	1328.74
5.87	1328.75
5.88	1328.75
5.88	1328.76
5.89	1328.76
5.89	1328.77
5.90	1328.77
5.91	1328.78
5.91	1328.78
5.92	1328.79
5.92	1328.79
5.93	1328.80
5.94	1328.80
5.94	1328.81
5.95	1328.81
5.95	1328.81
5.96	1328.82
5.97	1328.82
5.97	1328.83
5.98	1328.83
5.98	1328.84
5.99	1328.84
6.00	1328.85
6.00	1328.85
6.01	1328.86
6.01	1328.86
6.02	1328.86
6.03	1328.87
6.03	1328.87
6.04	1328.88
6.04	1328.88
6.05	1328.89
6.06	1328.89
6.06	1328.90
6.07	1328.90
6.07	1328.91
6.08	1328.91
6.09	1328.91
6.09	1328.92
6.10	1328.92
6.10	1328.93
6.11	1328.93
6.12	1328.94
6.12	1328.94
6.13	1328.94
6.13	1328.95
6.14	1328.95
6.15	1328.96
6.15	1328.96
6.16	1328.53
6.17	1328.53
6.17	1328.54
6.18	1328.54
6.18	1328.55
6.19	1328.55
6.20	1328.56
6.20	1328.56
6.21	1328.57
6.21	1328.57
6.22	1328.57
6.23	1328.58
6.23	1328.58
6.24	1328.59
6.24	1328.59
6.25	1328.60
6.26	1328.60
6.26	1328.61
6.27	1328.61
6.27	1328.62
6.28	1328.62
6.29	1328.63
6.29	1328.63
6.30	1328.63
6.30	1328.64
6.31	1328.64
6.32	1328.65
6.32	1328.65
6.33	1328.66
6.33	1328.66
6.34	1328.67
6.35	1328.67
6.35	1328.68
6.36	1328.68
6.36	1328.68
6.37	1328.69
6.38	1328.69
6.38	1328.70
6.39	1328.70
6.39	1328.71
6.40	1328.71
6.41	1328.72
6.41	1328.72
6.42	1328.72
6.42	1328.73
6.43	1328.73
6.44	1328.74
6.44	1328.74
6.45	1328.75
6.45	1328.75
6.46	1328.75
6.47	1328.76
6.47	1328.76
6.48	1328.77
6.48	1328.77
6.49	1328.78
6.50	1328.78
6.50	1328.78
6.51	1328.79
6.51	1328.79
6.52	1328.80
6.53	1328.80
6.53	1328.81
6.54	1328.81
6.54	1328.81
6.55	1328.82
6.56	1328.82
6.56	1328.83
6.57	1328.83
6.57	1328.84
6.58	1328.84
6.59	1328.84
6.59	1328.85
6.60	1328.85
6.60	1328.86
6.61	1328.86
6.62	1328.86
6.62	1328.87
6.63	1328.87
6.63	1328.88
6.64	1328.88
6.65	1328.88
6.65	1328.89
6.66	1328.89
6.66	1328.90
6.67	1328.90
6.68	1328.91
6.68	1328.91
6.69	1328.91
6.69	1328.92
6.70	1328.92
6.71	1328.93
6.71	1328.93
6.72	1328.93
6.72	1328.94
6.73	1328.94
6.74	1328.95
6.74	1328.95
6.75	1328.95
6.75	1328.96
6.76	1328.56
6.77	1328.57
6.77	1328.57
6.78	1328.57
6.79	1328.58
6.79	1328.58
6.80	1328.59
6.80	1328.59
6.81	1328.60
6.82	1328.60
6.82	1328.60
6.83	1328.61
6.83	1328.61
6.84	1328.62
6.85	1328.62
6.85	1328.63
6.86	1328.63
6.86	1328.63
6.87	1328.64
6.88	1328.64
6.88	1328.65
6.89	1328.65
6.89	1328.65
6.90	1328.66
6.91	1328.66
6.91	1328.67
6.92	1328.67
6.92	1328.67
6.93	1328.68
6.94	1328.68
6.94	1328.69
6.95	1328.69
6.95	1328.70
6.96	1328.70
6.97	1328.70
6.97	1328.71
6.98	1328.71
6.98	1328.72
6.99	1328.72
7.00	1328.72
7.00	1328.73
7.01	1328.73
7.01	1328.74
7.02	1328.74
7.03	1328.74
7.03	1328.75
7.04	1328.75
7.04	1328.76
7.05	1328.76
7.06	1328.76
7.06	1328.77
7.07	1328.77
7.07	1328.78
7.08	1328.78
7.09	1328.78
7.09	1328.79
7.10	1328.79
7.10	1328.79
7.11	1328.80
7.12	1328.80
7.12	1328.81
7.13	1328.81
7.13	1328.81
7.14	1328.82
7.15	1328.82
7.15	1328.83
7.16	1328.83
7.16	1328.83
7.17	1328.84
7.18	1328.84
7.18	1328.84
7.19	1328.85
7.19	1328.85
7.20	1328.86
7.21	1328.86
7.21	1328.86
7.22	1328.87
7.22	1328.87
7.23	1328.88
7.24	1328.88
7.24	1328.88
7.25	1328.89
7.25	1328.89
7.26	1328.89
7.27	1328.90
7.27	1328.90
7.28	1328.90
7.28	1328.91
7.29	1328.91
7.30	1328.92
7.30	1328.92
7.31	1328.92
7.31	1328.93
7.32	1328.93
7.33	1328.93
7.33	1328.94
7.34	1328.94
7.34	1328.95
7.35	1328.95
7.36	1328.95
7.36	1328.59
7.37	1328.59
7.38	1328.60
7.38	1328.60
7.39	1328.61
7.39	1328.61
7.40	1328.61
7.41	1328.62
7.41	1328.62
7.42	1328.62
7.42	1328.63
7.43	1328.63
7.44	1328.64
7.44	1328.64
7.45	1328.64
7.45	1328.65
7.46	1328.65
7.47	1328.66
7.47	1328.66
7.48	1328.66
7.48	1328.67
7.49	1328.67
7.50	1328.67
7.50	1328.68
7.51	1328.68
7.51	1328.69
7.52	1328.69
7.53	1328.69
7.53	1328.70
7.54	1328.70
7.54	1328.70
7.55	1328.71
7.56	1328.71
7.56	1328.72
7.57	1328.72
7.57	1328.72
7.58	1328.73
7.59	1328.73
7.59	1328.73
7.60	1328.74
7.60	1328.74
7.61	1328.75
7.62	1328.75
7.62	1328.75
7.63	1328.76
7.63	1328.76
7.64	1328.76
7.65	1328.77
7.65	1328.77
7.66	1328.77
7.66	1328.78
7.67	1328.78
7.68	1328.79
7.68	1328.79
7.69	1328.79
7.69	1328.80
7.70	1328.80
7.71	1328.80
7.71	1328.81
7.72	1328.81
7.72	1328.81
7.73	1328.82
7.74	1328.82
7.74	1328.82
7.75	1328.83
7.75	1328.83
7.76	1328.84
7.77	1328.84
7.77	1328.84
7.78	1328.85
7.78	1328.85
7.79	1328.85
7.80	1328.86
7.80	1328.86
7.81	1328.86
7.81	1328.87
7.82	1328.87
7.83	1328.87
7.83	1328.88
7.84	1328.88
7.84	1328.88
7.85	1328.89
7.86	1328.89
7.86	1328.89
7.87	1328.90
7.87	1328.90
7.88	1328.90
7.89	1328.91
7.89	1328.91
7.90	1328.92
7.90	1328.92
7.91	1328.92
7.92	1328.93
7.92	1328.93
7.93	1328.93
7.93	1328.94
7.94	1328.94
7.95	1328.94
7.95	1328.95
7.96	1328.95
7.97	1328.61
7.97	1328.62
7.98	1328.62
7.98	1328.62
7.99	1328.63
8.00	1328.63
8.00	1328.64
8.01	1328.64
8.01	1328.64
8.02	1328.65
8.03	1328.65
8.03	1328.65
8.04	1328.66
8.04	1328.66
8.05	1328.66
8.06	1328.67
8.06	1328.67
8.07	1328.67
8.07	1328.68
8.08	1328.68
8.09	1328.68
8.09	1328.69
8.10	1328.69
8.10	1328.70
8.11	1328.70
8.12	1328.70
8.12	1328.71
8.13	1328.71
8.13	1328.71
8.14	1328.72
8.15	1328.72
8.15	1328.72
8.16	1328.73
8.16	1328.73
8.17	1328.73
8.18	1328.74
8.18	1328.74
8.19	1328.74
8.19	1328.75
8.20	1328.75
8.21	1328.75
8.21	1328.76
8.22	1328.76
8.22	1328.76
8.23	1328.77
8.24	1328.77
8.24	1328.77
8.25	1328.78
8.25	1328.78
8.26	1328.78
8.27	1328.79
8.27	1328.79
8.28	1328.79
8.28	1328.80
8.29	1328.80
8.30	1328.80
8.30	1328.81
8.31	1328.81
8.31	1328.81
8.32	1328.82
8.33	1328.82
8.33	1328.82
8.34	1328.83
8.34	1328.83
8.35	1328.83
8.36	1328.84
8.36	1328.84
8.37	1328.84
8.37	1328.85
8.38	1328.85
8.39	1328.85
8.39	1328.86
8.40	1328.86
8.40	1328.86
8.41	1328.87
8.42	1328.87
8.42	1328.87
8.43	1328.88
8.43	1328.88
8.44	1328.88
8.45	1328.89
8.45	1328.89
8.46	1328.89
8.46	1328.90
8.47	1328.90
8.48	1328.90
8.48	1328.90
8.49	1328.91
8.49	1328.91
8.50	1328.91
8.51	1328.92
8.51	1328.92
8.52	1328.92
8.52	1328.93
8.53	1328.93
8.54	1328.93
8.54	1328.94
8.55	1328.94
8.55	1328.94
8.56	1328.95
8.57	1328.63
8.57	1328.64
8.58	1328.64
8.59	1328.64
8.59	1328.65
8.60	1328.65
8.60	1328.65
8.61	1328.66
8.62	1328.66
8.62	1328.66
8.63	1328.67
8.63	1328.67
8.64	1328.67
8.65	1328.68
8.65	1328.68
8.66	1328.68
8.66	1328.69
8.67	1328.69
8.68	1328.69
8.68	1328.70
8.69	1328.70
8.69	1328.70
8.70	1328.71
8.71	1328.71
8.71	1328.71
8.72	1328.72
8.72	1328.72
8.73	1328.72
8.74	1328.73
8.74	1328.73
8.75	1328.73
8.75	1328.74
8.76	1328.74
8.77	1328.74
8.77	1328.75
8.78	1328.75
8.78	1328.75
8.79	1328.75
8.80	1328.76
8.80	1328.76
8.81	1328.76
8.81	1328.77
8.82	1328.77
8.83	1328.77
8.83	1328.78
8.84	1328.78
8.84	1328.78
8.85	1328.79
8.86	1328.79
8.86	1328.79
8.87	1328.80
8.87	1328.80
8.88	1328.80
8.89	1328.80
8.89	1328.81
8.90	1328.81
8.90	1328.81
8.91	1328.82
8.92	1328.82
8.92	1328.82
8.93	1328.83
8.93	1328.83
8.94	1328.83
8.95	1328.84
8.95	1328.84
8.96	1328.84
8.96	1328.84
8.97	1328.85
8.98	1328.85
8.98	1328.85
8.99	1328.86
8.99	1328.86
9.00	1328.86
9.01	1328.87
9.01	1328.87
9.02	1328.87
9.02	1328.87
9.03	1328.88
9.04	1328.88
9.04	1328.88
9.05	1328.89
9.05	1328.89
9.06	1328.89
9.07	1328.90
9.07	1328.90
9.08	1328.90
9.08	1328.90
9.09	1328.91
9.10	1328.91
9.10	1328.91
9.11	1328.92
9.11	1328.92
9.12	1328.92
9.13	1328.93
9.13	1328.93
9.14	1328.93
9.14	1328.93
9.15	1328.94
9.16	1328.94
9.16	1328.94
9.17	1328.65
9.18	1328.66
9.18	1328.66
9.19	1328.66
9.19	1328.66
9.20	1328.67
9.21	1328.67
9.21	1328.67
9.22	1328.68
9.22	1328.68
9.23	1328.68
9.24	1328.69
9.24	1328.69
9.25	1328.69
9.25	1328.70
9.26	1328.70
9.27	1328.70
9.27	1328.70
9.28	1328.71
9.28	1328.71
9.29	1328.71
9.30	1328.72
9.30	1328.72
9.31	1328.72
9.31	1328.73
9.32	1328.73
9.33	1328.73
9.33	1328.73
9.34	1328.74
9.34	1328.74
9.35	1328.74
9.36	1328.75
9.36	1328.75
9.37	1328.75
9.37	1328.76
9.38	1328.76
9.39	1328.76
9.39	1328.76
9.40	1328.77
9.40	1328.77
9.41	1328.77
9.42	1328.78
9.42	1328.78
9.43	1328.78
9.43	1328.78
9.44	1328.79
9.45	1328.79
9.45	1328.79
9.46	1328.80
9.46	1328.80
9.47	1328.80
9.48	1328.81
9.48	1328.81
9.49	1328.81
9.49	1328.81
9.50	1328.82
9.51	1328.82
9.51	1328.82
9.52	1328.83
9.52	1328.83
9.53	1328.83
9.54	1328.83
9.54	1328.84
9.55	1328.84
9.55	1328.84
9.56	1328.85
9.57	1328.85
9.57	1328.85
9.58	1328.85
9.58	1328.86
9.59	1328.86
9.60	1328.86
9.60	1328.87
9.61	1328.87
9.61	1328.87
9.62	1328.87
9.63	1328.88
9.63	1328.88
9.64	1328.88
9.64	1328.89
9.65	1328.89
9.66	1328.89
9.66	1328.89
9.67	1328.90
9.67	1328.90
9.68	1328.90
9.69	1328.90
9.69	1328.91
9.70	1328.91
9.70	1328.91
9.71	1328.92
9.72	1328.92
9.72	1328.92
9.73	1328.92
9.73	1328.93
9.74	1328.93
9.75	1328.93
9.75	1328.93
9.76	1328.94
9.76	1328.94
9.77	1328.67
9.78	1328.67
9.78	1328.67
9.79	1328.68
9.80	1328.68
9.80	1328.68
9.81	1328.69
9.81	1328.69
9.82	1328.69
9.83	1328.69
9.83	1328.70
9.84	1328.70
9.84	1328.70
9.85	1328.71
9.86	1328.71
9.86	1328.71
9.87	1328.71
9.87	1328.72
9.88	1328.72
9.89	1328.72
9.89	1328.73
9.90	1328.73
9.90	1328.73
9.91	1328.73
9.92	1328.74
9.92	1328.74
9.93	1328.74
9.93	1328.75
9.94	1328.75
9.95	1328.75
9.95	1328.75
9.96	1328.76
9.96	1328.76
9.97	1328.76
9.98	1328.76
9.98	1328.77
9.99	1328.77
9.99	1328.77
10.00	1328.78
10.01	1328.78
10.01	1328.78
10.02	1328.78
10.02	1328.79
10.03	1328.79
10.04	1328.79
10.04	1328.79
10.05	1328.80
10.05	1328.80
10.06	1328.80
10.07	1328.81
10.07	1328.81
10.08	1328.81
10.08	1328.81
10.09	1328.82
10.10	1328.82
10.10	1328.82
10.11	1328.82
10.11	1328.83
10.12	1328.83
10.13	1328.83
10.13	1328.84
10.14	1328.84
10.14	1328.84
10.15	1328.84
10.16	1328.85
10.16	1328.85
10.17	1328.85
10.17	1328.85
10.18	1328.86
10.19	1328.86
10.19	1328.86
10.20	1328.87
10.20	1328.87
10.21	1328.87
10.22	1328.87
10.22	1328.88
10.23	1328.88
10.23	1328.88
10.24	1328.88
10.25	1328.89
10.25	1328.89
10.26	1328.89
10.26	1328.89
10.27	1328.90
10.28	1328.90
10.28	1328.90
10.29	1328.90
10.29	1328.91
10.30	1328.91
10.31	1328.91
10.31	1328.91
10.32	1328.92
10.32	1328.92
10.33	1328.92
10.34	1328.93
10.34	1328.93
10.35	1328.93
10.35	1328.93
10.36	1328.94
10.37	1328.94
10.37	1328.68
10.38	1328.68
10.39	1328.69
10.39	1328.69
10.40	1328.69
10.40	1328.70
10.41	1328.70
10.42	1328.70
10.42	1328.70
10.43	1328.71
10.43	1328.71
10.44	1328.71
10.45	1328.71
10.45	1328.72
10.46	1328.72
10.46	1328.72
10.47	1328.73
10.48	1328.73
10.48	1328.73
10.49	1328.73
10.49	1328.74
10.50	1328.74
10.51	1328.74
10.51	1328.74
10.52	1328.75
10.52	1328.75
10.53	1328.75
10.54	1328.75
10.54	1328.76
10.55	1328.76
10.55	1328.76
10.56	1328.76
10.57	1328.77
10.57	1328.77
10.58	1328.77
10.58	1328.78
10.59	1328.78
10.60	1328.78
10.60	1328.78
10.61	1328.79
10.61	1328.79
10.62	1328.79
10.63	1328.79
10.63	1328.80
10.64	1328.80
10.64	1328.80
10.65	1328.80
10.66	1328.81
10.66	1328.81
10.67	1328.81
10.67	1328.81
10.68	1328.82
10.69	1328.82
10.69	1328.82
10.70	1328.82
10.70	1328.83
10.71	1328.83
10.72	1328.83
10.72	1328.83
10.73	1328.84
10.73	1328.84
10.74	1328.84
10.75	1328.84
10.75	1328.85
10.76	1328.85
10.76	1328.85
10.77	1328.85
10.78	1328.86
10.78	1328.86
10.79	1328.86
10.79	1328.86
10.80	1328.87
10.81	1328.87
10.81	1328.87
10.82	1328.87
10.82	1328.88
10.83	1328.88
10.84	1328.88
10.84	1328.88
10.85	1328.89
10.85	1328.89
10.86	1328.89
10.87	1328.89
10.87	1328.90
10.88	1328.90
10.88	1328.90
10.89	1328.90
10.90	1328.91
10.90	1328.91
10.91	1328.91
10.91	1328.91
10.92	1328.92
10.93	1328.92
10.93	1328.92
10.94	1328.92
10.94	1328.93
10.95	1328.93
10.96	1328.93
10.96	1328.93
10.97	1328.94
10.98	1328.69
10.98	1328.70
10.99	1328.70
10.99	1328.70
11.00	1328.70
11.01	1328.71
11.01	1328.71
11.02	1328.71
11.02	1328.71
11.03	1328.72
11.04	1328.72
11.04	1328.72
11.05	1328.72
11.05	1328.73
11.06	1328.73
11.07	1328.73
11.07	1328.73
11.08	1328.74
11.08	1328.74
11.09	1328.74
11.10	1328.74
11.10	1328.75
11.11	1328.75
11.11	1328.75
11.12	1328.75
11.13	1328.76
11.13	1328.76
11.14	1328.76
11.14	1328.76
11.15	1328.77
11.16	1328.77
11.16	1328.77
11.17	1328.77
11.17	1328.78
11.18	1328.78
11.19	1328.78
11.19	1328.78
11.20	1328.79
11.20	1328.79
11.21	1328.79
11.22	1328.79
11.22	1328.80
11.23	1328.80
11.23	1328.80
11.24	1328.80
11.25	1328.81
11.25	1328.81
11.26	1328.81
11.26	1328.81
11.27	1328.82
11.28	1328.82
11.28	1328.82
11.29	1328.82
11.29	1328.83
11.30	1328.83
11.31	1328.83
11.31	1328.83
11.32	1328.84
11.32	1328.84
11.33	1328.84
11.34	1328.84
11.34	1328.85
11.35	1328.85
11.35	1328.85
11.36	1328.85
11.37	1328.85
11.37	1328.86
11.38	1328.86
11.38	1328.86
11.39	1328.86
11.40	1328.87
11.40	1328.87
11.41	1328.87
11.41	1328.87
11.42	1328.88
11.43	1328.88
11.43	1328.88
11.44	1328.88
11.44	1328.89
11.45	1328.89
11.46	1328.89
11.46	1328.89
11.47	1328.90
11.47	1328.90
11.48	1328.90
11.49	1328.90
11.49	1328.90
11.50	1328.91
11.50	1328.91
11.51	1328.91
11.52	1328.91
11.52	1328.92
11.53	1328.92
11.53	1328.92
11.54	1328.92
11.55	1328.93
11.55	1328.93
11.56	1328.93
11.56	1328.93
11.57	1328.93
11.58	1328.71
11.58	1328.71
11.59	1328.71
11.60	1328.71
11.60	1328.71
11.61	1328.72
11.61	1328.72
11.62	1328.72
11.63	1328.72
11.63	1328.73
11.64	1328.73
11.64	1328.73
11.65	1328.73
11.66	1328.74
11.66	1328.74
11.67	1328.74
11.67	1328.74
11.68	1328.75
11.69	1328.75
11.69	1328.75
11.70	1328.75
11.70	1328.76
11.71	1328.76
11.72	1328.76
11.72	1328.76
11.73	1328.76
11.73	1328.77
11.74	1328.77
11.75	1328.77
11.75	1328.77
11.76	1328.78
11.76	1328.78
11.77	1328.78
11.78	1328.78
11.78	1328.79
11.79	1328.79
11.79	1328.79
11.80	1328.79
11.81	1328.80
11.81	1328.80
11.82	1328.80
11.82	1328.80
11.83	1328.80
11.84	1328.81
11.84	1328.81
11.85	1328.81
11.85	1328.81
11.86	1328.82
11.87	1328.82
11.87	1328.82
11.88	1328.82
11.88	1328.83
11.89	1328.83
11.90	1328.83
11.90	1328.83
11.91	1328.83
11.91	1328.84
11.92	1328.84
11.93	1328.84
11.93	1328.84
11.94	1328.85
11.94	1328.85
11.95	1328.85
11.96	1328.85
11.96	1328.86
11.97	1328.86
11.97	1328.86
11.98	1328.86
11.99	1328.86
11.99	1328.87
12.00	1328.87
12.00	1328.87
12.01	1328.87
12.02	1328.88
12.02	1328.88
12.02	0.00
