0.13	0.00
0.14	2000.00
0.16	615.38
0.18	480.00
0.19	615.38
0.19	714.29
0.21	615.38
0.22	651.16
0.23	666.67
0.24	654.55
0.25	714.29
0.25	758.62
0.26	786.89
0.28	722.22
0.28	746.67
0.29	789.47
0.31	711.11
0.32	747.25
0.32	757.89
0.33	760.00
0.34	761.90
0.36	750.00
0.37	752.14
0.38	760.33
0.38	774.19
0.41	735.29
0.41	759.12
0.41	771.43
0.42	794.33
0.42	805.56
0.45	769.23
0.45	789.81
0.45	800.00
0.46	819.88
0.46	829.27
0.49	795.45
0.49	813.56
0.49	822.22
0.50	839.78
0.52	808.29
0.53	816.33
0.53	832.49
0.53	840.00
0.54	855.72
0.56	826.29
0.57	833.33
0.57	847.93
0.57	854.55
0.58	868.78
0.58	871.11
0.59	873.36
0.60	875.54
0.61	877.64
0.62	879.67
0.64	853.75
0.64	866.14
0.65	871.60
0.65	883.72
0.66	888.89
0.68	864.47
0.68	875.91
0.69	880.87
0.69	892.09
0.71	868.97
0.72	873.72
0.72	884.35
0.73	888.89
0.73	899.33
0.74	903.65
0.76	881.79
0.76	891.72
0.77	895.90
0.77	905.66
0.78	909.66
0.80	888.89
0.80	898.20
0.81	902.08
0.81	911.24
0.82	914.96
0.84	895.18
0.84	903.95
0.85	907.56
0.85	916.20
0.86	919.67
0.88	900.80
0.88	909.09
0.89	912.47
0.89	920.63
0.90	923.88
0.92	905.85
0.92	913.71
0.93	916.88
0.93	924.62
0.94	927.68
0.96	910.41
0.96	917.87
0.97	920.86
0.97	928.23
0.98	931.12
0.98	931.76
0.99	932.40
1.00	933.03
1.01	933.64
1.02	934.24
1.04	918.32
1.04	925.11
1.05	927.79
1.05	934.50
1.06	937.09
1.08	921.78
1.08	928.27
1.09	930.82
1.09	937.24
1.11	922.45
1.12	924.95
1.12	931.17
1.13	933.60
1.13	939.76
1.14	942.12
1.16	927.88
1.16	933.85
1.17	936.17
1.17	942.08
1.18	944.34
1.20	930.58
1.20	936.33
1.21	938.55
1.21	944.24
1.22	946.40
1.24	933.09
1.24	938.63
1.25	940.75
1.25	946.24
1.26	948.31
1.28	935.43
1.28	940.77
1.29	942.81
1.29	948.10
1.30	950.09
1.32	937.61
1.32	942.76
1.33	944.72
1.33	949.83
1.34	951.75
1.36	939.64
1.36	944.63
1.37	946.52
1.37	951.46
1.38	953.30
1.38	953.60
1.39	953.90
1.40	954.19
1.41	954.47
1.42	954.76
1.44	943.34
1.44	948.01
1.45	949.77
1.45	954.41
1.46	956.13
1.48	945.02
1.48	949.55
1.49	951.26
1.49	955.75
1.51	944.93
1.52	946.61
1.52	951.01
1.53	952.65
1.53	957.02
1.54	958.63
1.56	948.11
1.56	952.38
1.57	953.97
1.57	958.22
1.58	959.78
1.60	949.52
1.60	953.68
1.61	955.22
1.61	959.35
1.62	960.86
1.64	950.86
1.64	954.91
1.65	956.41
1.65	960.42
1.66	961.89
1.68	952.13
1.68	956.07
1.69	957.53
1.69	961.44
1.70	962.87
1.72	953.34
1.72	957.18
1.73	958.59
1.73	962.41
1.74	963.80
1.76	954.49
1.76	958.23
1.77	959.61
1.77	963.33
1.78	964.68
1.78	964.85
1.79	965.02
1.80	965.19
1.81	965.35
1.82	965.52
1.84	956.62
1.84	960.19
1.85	961.49
1.85	965.03
1.86	966.32
1.88	957.62
1.88	961.10
1.89	962.37
1.89	965.83
1.91	957.30
1.92	958.57
1.92	961.97
1.93	963.21
1.93	966.59
1.94	967.81
1.96	959.47
1.96	962.80
1.97	964.01
1.97	967.32
1.98	968.51
2.00	960.34
2.00	963.60
2.01	964.78
2.01	968.02
2.02	969.18
2.04	961.18
2.04	964.36
2.05	965.52
2.05	968.68
2.06	969.82
2.08	961.97
2.08	965.09
2.09	966.22
2.09	969.33
2.11	961.62
2.12	962.74
2.12	965.79
2.13	966.90
2.13	969.94
2.15	962.38
2.16	963.47
2.16	966.47
2.17	967.55
2.17	970.53
2.18	970.65
2.19	970.76
2.19	970.87
2.20	970.99
2.21	971.10
2.23	963.81
2.24	966.70
2.24	967.74
2.24	970.62
2.25	971.64
2.27	964.49
2.28	967.32
2.28	968.34
2.28	971.16
2.31	964.12
2.31	965.14
2.32	967.92
2.32	968.92
2.32	971.69
2.33	972.68
2.35	965.77
2.36	968.50
2.36	969.48
2.36	972.20
2.37	973.17
2.39	966.37
2.40	969.05
2.40	970.02
2.40	972.69
2.41	973.64
2.43	966.96
2.44	969.59
2.44	970.54
2.44	973.16
2.45	974.09
2.47	967.52
2.48	970.11
2.48	971.04
2.48	973.62
2.49	974.53
2.51	968.07
2.52	970.61
2.52	971.52
2.52	974.06
2.53	974.96
2.55	968.60
2.56	971.10
2.56	971.99
2.56	974.49
2.57	975.37
2.58	975.45
2.59	975.53
2.59	975.61
2.60	975.69
2.61	975.77
2.63	969.60
2.64	972.02
2.64	972.89
2.64	975.30
2.65	976.15
2.67	970.08
2.68	972.46
2.68	973.31
2.68	975.69
2.71	969.70
2.71	970.54
2.72	972.89
2.72	973.72
2.72	976.06
2.73	976.89
2.75	970.99
2.76	973.30
2.76	974.12
2.76	976.43
2.77	977.24
2.79	971.43
2.80	973.70
2.80	974.51
2.80	976.78
2.81	977.58
2.83	971.85
2.84	974.09
2.84	974.89
2.84	977.12
2.85	977.91
2.87	972.26
2.88	974.47
2.88	975.25
2.88	977.45
2.89	978.23
2.91	972.66
2.92	974.84
2.92	975.61
2.92	977.78
2.93	978.54
2.95	973.05
2.96	975.19
2.96	975.95
2.96	978.09
2.97	978.84
2.98	978.90
2.99	978.96
2.99	979.02
3.00	979.08
3.01	979.14
3.03	973.79
3.04	975.88
3.04	976.62
3.04	978.69
3.05	979.42
3.07	974.15
3.08	976.21
3.08	976.93
3.08	978.98
3.11	973.77
3.11	974.50
3.12	976.53
3.12	977.24
3.12	979.26
3.13	979.97
3.15	974.83
3.16	976.84
3.16	977.54
3.16	979.54
3.17	980.24
3.19	975.16
3.20	977.14
3.20	977.84
3.20	979.80
3.21	980.49
3.23	975.48
3.24	977.43
3.24	978.12
3.24	980.06
3.25	980.74
3.27	975.80
3.28	977.72
3.28	978.40
3.28	980.32
3.29	980.99
3.31	976.10
3.32	978.00
3.32	978.67
3.32	980.56
3.33	981.23
3.35	976.40
3.36	978.27
3.36	978.93
3.36	980.80
3.37	981.46
3.38	981.50
3.39	981.55
3.39	981.60
3.40	981.64
3.41	981.68
3.43	976.97
3.44	978.80
3.44	979.44
3.44	981.27
3.45	981.91
3.47	977.25
3.48	979.05
3.48	979.69
3.48	981.49
3.51	976.88
3.51	977.51
3.52	979.30
3.52	979.93
3.52	981.71
3.53	982.33
3.55	977.78
3.56	979.54
3.56	980.16
3.56	981.92
3.57	982.54
3.59	978.03
3.60	979.78
3.60	980.39
3.60	982.13
3.61	982.74
3.63	978.29
3.64	980.01
3.64	980.62
3.64	982.34
3.65	982.94
3.67	978.53
3.68	980.24
3.68	980.83
3.68	982.54
3.69	983.13
3.71	978.77
3.72	980.46
3.72	981.05
3.72	982.73
3.73	983.31
3.75	979.01
3.76	980.67
3.76	981.26
3.76	982.92
3.77	983.50
3.78	983.53
3.79	983.57
3.79	983.61
3.80	983.64
3.81	983.68
3.83	979.46
3.84	981.09
3.84	981.66
3.84	983.29
3.85	983.85
3.87	979.68
3.88	981.29
3.88	981.86
3.88	983.47
3.91	979.33
3.91	979.89
3.92	981.49
3.92	982.05
3.92	983.64
3.93	984.19
3.95	980.10
3.96	981.68
3.96	982.24
3.96	983.81
3.97	984.36
3.99	980.31
4.00	981.87
4.00	982.42
4.00	983.98
4.01	984.52
4.03	980.51
4.04	982.06
4.04	982.60
4.04	984.14
4.05	984.68
4.07	980.71
4.08	982.24
4.08	982.78
4.08	984.30
4.09	984.83
4.11	980.90
4.12	982.42
4.12	982.95
4.12	984.46
4.13	984.98
4.15	981.09
4.16	982.60
4.16	983.12
4.16	984.62
4.17	985.13
4.18	985.16
4.19	985.19
4.19	985.22
4.20	985.25
4.21	985.28
4.23	981.46
4.24	982.94
4.24	983.45
4.24	984.91
4.25	985.42
4.27	981.64
4.28	983.10
4.28	983.61
4.28	985.06
4.31	981.31
4.31	981.82
4.32	983.26
4.32	983.76
4.32	985.20
4.33	985.70
4.35	981.99
4.36	983.42
4.36	983.92
4.36	985.34
4.37	985.84
4.39	982.16
4.40	983.58
4.40	984.07
4.40	985.48
4.41	985.97
4.43	982.33
4.44	983.73
4.44	984.22
4.44	985.61
4.45	986.10
4.47	982.49
4.48	983.88
4.48	984.36
4.48	985.75
4.49	986.23
4.51	982.65
4.52	984.03
4.52	984.50
4.52	985.88
4.53	986.35
4.55	982.81
4.56	984.17
4.56	984.64
4.56	986.00
4.57	986.47
4.58	986.50
4.59	986.52
4.59	986.55
4.60	986.57
4.61	986.60
4.63	983.11
4.64	984.45
4.64	984.92
4.64	986.25
4.65	986.71
4.67	983.26
4.68	984.59
4.68	985.05
4.68	986.37
4.71	982.95
4.71	983.41
4.72	984.72
4.72	985.18
4.72	986.49
4.73	986.95
4.75	983.55
4.76	984.86
4.76	985.31
4.76	986.61
4.77	987.06
4.79	983.69
4.80	984.98
4.80	985.43
4.80	986.72
4.81	987.17
4.83	983.83
4.84	985.11
4.84	985.56
4.84	986.84
4.85	987.28
4.87	983.97
4.88	985.24
4.88	985.68
4.88	986.95
4.89	987.38
4.91	984.10
4.92	985.36
4.92	985.80
4.92	987.06
4.93	987.49
4.95	984.23
4.96	985.48
4.96	985.92
4.96	987.16
4.97	987.59
4.98	987.61
4.99	987.63
4.99	987.65
5.00	987.67
5.01	987.69
5.03	984.49
5.04	985.72
5.04	986.15
5.04	987.37
5.05	987.79
5.07	984.62
5.08	985.84
5.08	986.26
5.08	987.47
5.11	984.32
5.11	984.74
5.12	985.95
5.12	986.37
5.12	987.58
5.13	987.99
5.15	984.86
5.16	986.06
5.16	986.48
5.16	987.67
5.17	988.09
5.19	984.98
5.20	986.17
5.20	986.58
5.20	987.77
5.21	988.18
5.23	985.10
5.24	986.28
5.24	986.69
5.24	987.87
5.25	988.27
5.27	985.21
5.28	986.39
5.28	986.79
5.28	987.96
5.29	988.36
5.31	985.33
5.32	986.49
5.32	986.89
5.32	988.05
5.33	988.45
5.35	985.44
5.36	986.60
5.36	986.99
5.36	988.15
5.37	988.54
5.38	988.56
5.39	988.58
5.39	988.59
5.40	988.61
5.41	988.63
5.43	985.66
5.44	986.80
5.44	987.19
5.44	988.32
5.45	988.71
5.47	985.77
5.48	986.90
5.48	987.28
5.48	988.41
5.51	985.49
5.51	985.87
5.52	986.99
5.52	987.38
5.52	988.50
5.53	988.88
5.55	985.98
5.56	987.09
5.56	987.47
5.56	988.58
5.57	988.96
5.59	986.08
5.60	987.18
5.60	987.56
5.60	988.67
5.61	989.04
5.63	986.18
5.64	987.28
5.64	987.65
5.64	988.75
5.65	989.12
5.67	986.28
5.68	987.37
5.68	987.74
5.68	988.83
5.69	989.20
5.71	986.38
5.72	987.46
5.72	987.83
5.72	988.91
5.73	989.28
5.75	986.48
5.76	987.55
5.76	987.92
5.76	988.99
5.77	989.35
5.78	989.37
5.79	989.38
5.79	989.40
5.80	989.41
5.81	989.43
5.83	986.67
5.84	987.72
5.84	988.09
5.84	989.14
5.85	989.50
5.87	986.76
5.88	987.81
5.88	988.17
5.88	989.22
5.91	986.49
5.91	986.85
5.92	987.89
5.92	988.25
5.92	989.29
5.93	989.65
5.95	986.94
5.96	987.98
5.96	988.33
5.96	989.37
5.97	989.72
5.99	987.03
6.00	988.06
6.00	988.41
6.00	989.44
6.01	989.79
6.03	987.12
6.04	988.14
6.04	988.49
6.04	989.51
6.05	989.86
6.07	987.21
6.08	988.22
6.08	988.57
6.08	989.58
6.09	989.93
6.11	987.29
6.12	988.30
6.12	988.64
6.12	989.65
6.13	989.99
6.15	987.38
6.16	988.38
6.16	988.72
6.16	989.72
6.17	990.06
6.18	990.07
6.19	990.09
6.19	990.10
6.20	990.11
6.21	990.13
6.23	987.54
6.24	988.53
6.24	988.87
6.24	989.85
6.25	990.19
6.27	987.62
6.28	988.60
6.28	988.94
6.28	989.92
6.31	987.37
6.31	987.70
6.32	988.68
6.32	989.01
6.32	989.98
6.33	990.32
6.35	987.78
6.36	988.75
6.36	989.08
6.36	990.05
6.37	990.38
6.39	987.86
6.40	988.82
6.40	989.15
6.40	990.11
6.41	990.44
6.43	987.94
6.44	988.89
6.44	989.22
6.44	990.17
6.45	990.50
6.47	988.01
6.48	988.96
6.48	989.29
6.48	990.24
6.49	990.56
6.51	988.09
6.52	989.03
6.52	989.36
6.52	990.30
6.53	990.62
6.55	988.16
6.56	989.10
6.56	989.42
6.56	990.36
6.57	990.68
6.58	990.69
6.59	990.70
6.59	990.71
6.60	990.72
6.61	990.74
6.63	988.31
6.64	989.23
6.64	989.55
6.64	990.48
6.65	990.79
6.67	988.38
6.68	989.30
6.68	989.62
6.68	990.53
6.71	988.14
6.71	988.45
6.72	989.36
6.72	989.68
6.72	990.59
6.73	990.90
6.75	988.52
6.76	989.43
6.76	989.74
6.76	990.65
6.77	990.96
6.79	988.59
6.80	989.49
6.80	989.80
6.80	990.70
6.81	991.01
6.83	988.66
6.84	989.56
6.84	989.86
6.84	990.76
6.85	991.07
6.87	988.72
6.88	989.62
6.88	989.92
6.88	990.81
6.89	991.12
6.91	988.79
6.92	989.68
6.92	989.98
6.92	990.87
6.93	991.17
6.95	988.86
6.96	989.74
6.96	990.04
6.96	990.92
6.97	991.22
6.98	991.23
6.99	991.24
6.99	991.25
7.00	991.26
7.01	991.27
7.03	988.99
7.04	989.86
7.04	990.16
7.04	991.03
7.05	991.32
7.07	989.05
7.08	989.92
7.08	990.21
7.08	991.08
7.11	988.82
7.11	989.11
7.12	989.97
7.12	990.27
7.12	991.13
7.13	991.42
7.15	989.17
7.16	990.03
7.16	990.32
7.16	991.18
7.17	991.47
7.19	989.24
7.20	990.09
7.20	990.38
7.20	991.23
7.21	991.52
7.23	989.30
7.24	990.14
7.24	990.43
7.24	991.28
7.25	991.57
7.27	989.36
7.28	990.20
7.28	990.49
7.28	991.33
7.29	991.62
7.31	989.42
7.32	990.25
7.32	990.54
7.32	991.38
7.33	991.66
7.35	989.47
7.36	990.31
7.36	990.59
7.36	991.42
7.37	991.71
7.38	991.72
7.39	991.73
7.39	991.74
7.40	991.74
7.41	991.75
7.43	989.59
7.44	990.41
7.44	990.70
7.44	991.52
7.45	991.80
7.47	989.65
7.48	990.47
7.48	990.75
7.48	991.56
7.51	989.42
7.51	989.70
7.52	990.52
7.52	990.80
7.52	991.61
7.53	991.89
7.55	989.76
7.56	990.57
7.56	990.85
7.56	991.66
7.57	991.93
7.59	989.81
7.60	990.62
7.60	990.89
7.60	991.70
7.61	991.97
7.63	989.87
7.64	990.67
7.64	990.94
7.64	991.74
7.65	992.02
7.67	989.92
7.68	990.72
7.68	990.99
7.68	991.79
7.69	992.06
7.71	989.97
7.72	990.77
7.72	991.04
7.72	991.83
7.73	992.10
7.75	990.03
7.76	990.82
7.76	991.09
7.76	991.87
7.77	992.14
7.78	992.15
7.79	992.16
7.79	992.17
7.80	992.18
7.81	992.18
7.83	990.13
7.84	990.91
7.84	991.18
7.84	991.96
7.85	992.22
7.87	990.18
7.88	990.96
7.88	991.22
7.88	992.00
7.91	989.97
7.91	990.23
7.92	991.00
7.92	991.27
7.92	992.04
7.93	992.30
7.95	990.28
7.96	991.05
7.96	991.31
7.96	992.08
7.97	992.34
7.99	990.33
8.00	991.10
8.00	991.36
8.00	992.12
8.01	992.38
8.03	990.38
8.04	991.14
8.04	991.40
8.04	992.16
8.05	992.42
8.07	990.43
8.08	991.19
8.08	991.44
8.08	992.20
8.09	992.46
8.11	990.48
8.12	991.23
8.12	991.49
8.12	992.24
8.13	992.50
8.15	990.52
8.16	991.27
8.16	991.53
8.16	992.28
8.17	992.53
8.18	992.54
8.19	992.55
8.19	992.56
8.20	992.56
8.21	992.57
8.23	990.62
8.24	991.36
8.24	991.61
8.24	992.36
8.25	992.61
8.27	990.66
8.28	991.40
8.28	991.65
8.28	992.39
8.31	990.46
8.31	990.71
8.32	991.44
8.32	991.70
8.32	992.43
8.33	992.68
8.35	990.75
8.36	991.49
8.36	991.74
8.36	992.47
8.37	992.71
8.39	990.80
8.40	991.53
8.40	991.78
8.40	992.50
8.41	992.75
8.43	990.84
8.44	991.57
8.44	991.82
8.44	992.54
8.45	992.78
8.47	990.89
8.48	991.61
8.48	991.85
8.48	992.57
8.49	992.82
8.51	990.93
8.52	991.65
8.52	991.89
8.52	992.61
8.53	992.85
8.55	990.97
8.56	991.69
8.56	991.93
8.56	992.65
8.57	992.89
8.58	992.89
8.59	992.90
8.59	992.91
8.60	992.91
8.61	992.92
8.63	991.06
8.64	991.77
8.64	992.01
8.64	992.71
8.65	992.95
8.67	991.10
8.68	991.81
8.68	992.04
8.68	992.75
8.71	990.90
8.71	991.14
8.72	991.84
8.72	992.08
8.72	992.78
8.73	993.02
8.75	991.18
8.76	991.88
8.76	992.12
8.76	992.82
8.77	993.05
8.79	991.22
8.80	991.92
8.80	992.16
8.80	992.85
8.81	993.08
8.83	991.26
8.84	991.96
8.84	992.19
8.84	992.88
8.85	993.12
8.87	991.30
8.88	991.99
8.88	992.23
8.88	992.91
8.89	993.15
8.91	991.34
8.92	992.03
8.92	992.26
8.92	992.95
8.93	993.18
8.95	991.38
8.96	992.07
8.96	992.30
8.96	992.98
8.97	993.21
8.98	993.22
8.99	993.22
8.99	993.23
9.00	993.23
9.01	993.24
9.03	991.46
9.04	992.14
9.04	992.37
9.04	993.04
9.05	993.27
9.07	991.50
9.08	992.17
9.08	992.40
9.08	993.07
9.11	991.31
9.11	991.54
9.12	992.21
9.12	992.43
9.12	993.10
9.13	993.33
9.15	991.57
9.16	992.24
9.16	992.47
9.16	993.13
9.17	993.36
9.19	991.61
9.20	992.28
9.20	992.50
9.20	993.16
9.21	993.39
9.23	991.65
9.24	992.31
9.24	992.53
9.24	993.19
9.25	993.42
9.27	991.68
9.28	992.34
9.28	992.57
9.28	993.22
9.29	993.45
9.31	991.72
9.32	992.38
9.32	992.60
9.32	993.25
9.33	993.48
9.35	991.76
9.36	992.41
9.36	992.63
9.36	993.28
9.37	993.50
9.38	993.51
9.39	993.51
9.39	993.52
9.40	993.53
9.41	993.53
9.43	991.83
9.44	992.47
9.44	992.69
9.44	993.34
9.45	993.56
9.47	991.86
9.48	992.51
9.48	992.73
9.48	993.37
9.51	991.68
9.51	991.90
9.52	992.54
9.52	992.76
9.52	993.40
9.53	993.61
9.55	991.93
9.56	992.57
9.56	992.79
9.56	993.43
9.57	993.64
9.59	991.97
9.60	992.60
9.60	992.82
9.60	993.45
9.61	993.67
9.63	992.00
9.64	992.63
9.64	992.85
9.64	993.48
9.65	993.69
9.67	992.03
9.68	992.66
9.68	992.88
9.68	993.51
9.69	993.72
9.71	992.07
9.72	992.69
9.72	992.91
9.72	993.53
9.73	993.75
9.75	992.10
9.76	992.73
9.76	992.94
9.76	993.56
9.77	993.77
9.78	993.78
9.79	993.78
9.79	993.79
9.80	993.79
9.81	993.80
9.83	992.16
9.84	992.78
9.84	993.00
9.84	993.61
9.85	993.82
9.87	992.20
9.88	992.81
9.88	993.02
9.88	993.64
9.89	993.85
9.91	992.23
9.92	992.84
9.92	993.05
9.92	993.67
9.93	993.88
9.95	992.26
9.96	992.87
9.96	993.08
9.96	993.69
9.97	993.90
9.99	992.29
10.00	992.90
10.00	993.11
10.00	993.72
10.01	993.92
10.03	992.32
10.04	992.93
10.04	993.14
10.04	993.74
10.05	993.95
10.07	992.35
10.08	992.96
10.08	993.16
10.08	993.77
10.09	993.97
10.11	992.38
10.12	992.99
10.12	993.19
10.12	993.79
10.13	994.00
10.15	992.42
10.16	993.02
10.16	993.22
10.16	993.82
10.17	994.02
10.18	994.03
10.19	994.03
10.19	994.04
10.20	994.04
10.21	994.05
10.23	992.48
10.24	993.07
10.24	993.27
10.24	993.87
10.25	994.07
10.27	992.50
10.28	993.10
10.28	993.30
10.28	993.89
10.29	994.09
10.31	992.53
10.32	993.13
10.32	993.33
10.32	993.92
10.33	994.12
10.35	992.56
10.36	993.15
10.36	993.35
10.36	993.94
10.37	994.14
10.39	992.59
10.40	993.18
10.40	993.38
10.40	993.96
10.41	994.16
10.43	992.62
10.44	993.21
10.44	993.40
10.44	993.99
10.45	994.18
10.47	992.65
10.48	993.23
10.48	993.43
10.48	994.01
10.49	994.21
10.51	992.68
10.52	993.26
10.52	993.45
10.52	994.03
10.53	994.23
10.55	992.71
10.56	993.28
10.56	993.48
10.56	994.06
10.57	994.25
10.58	994.26
10.59	994.26
10.59	994.26
10.60	994.27
10.61	994.27
10.63	992.76
10.64	993.33
10.64	993.53
10.64	994.10
10.65	994.29
10.67	992.79
10.68	993.36
10.68	993.55
10.68	994.12
10.69	994.32
10.71	992.82
10.72	993.38
10.72	993.58
10.72	994.15
10.73	994.34
10.75	992.84
10.76	993.41
10.76	993.60
10.76	994.17
10.77	994.36
10.79	992.87
10.80	993.43
10.80	993.63
10.80	994.19
10.81	994.38
10.83	992.90
10.84	993.46
10.84	993.65
10.84	994.21
10.85	994.40
10.87	992.92
10.88	993.48
10.88	993.67
10.88	994.23
10.89	994.42
10.91	992.95
10.92	993.51
10.92	993.70
10.92	994.25
10.93	994.44
10.95	992.98
10.96	993.53
10.96	993.72
10.96	994.28
10.97	994.46
10.98	994.47
10.99	994.47
10.99	994.48
11.00	994.48
11.01	994.48
11.03	993.03
11.04	993.58
11.04	993.77
11.04	994.32
11.05	994.50
11.07	993.05
11.08	993.60
11.08	993.79
11.08	994.34
11.09	994.52
11.11	993.08
11.12	993.63
11.12	993.81
11.12	994.36
11.13	994.54
11.15	993.10
11.16	993.65
11.16	993.83
11.16	994.38
11.17	994.56
11.19	993.13
11.20	993.67
11.20	993.86
11.20	994.40
11.21	994.58
11.23	993.15
11.24	993.69
11.24	993.88
11.24	994.42
11.25	994.60
11.27	993.18
11.28	993.72
11.28	993.90
11.28	994.44
11.29	994.62
11.31	993.20
11.32	993.74
11.32	993.92
11.32	994.46
11.33	994.64
11.35	993.23
11.36	993.76
11.36	993.94
11.36	994.48
11.37	994.66
11.38	994.66
11.39	994.67
11.39	994.67
11.40	994.68
11.41	994.68
11.43	993.27
11.44	993.81
11.44	993.99
11.44	994.52
11.45	994.70
11.47	993.30
11.48	993.83
11.48	994.01
11.48	994.54
11.49	994.72
11.51	993.32
11.52	993.85
11.52	994.03
11.52	994.56
11.53	994.73
11.55	993.35
11.56	993.87
11.56	994.05
11.56	994.58
11.57	994.75
11.59	993.37
11.60	993.89
11.60	994.07
11.60	994.59
11.61	994.77
11.63	993.39
11.64	993.91
11.64	994.09
11.64	994.61
11.65	994.79
11.67	993.41
11.68	993.94
11.68	994.11
11.68	994.63
11.69	994.81
11.71	993.44
11.72	993.96
11.72	994.13
11.72	994.65
11.73	994.83
11.75	993.46
11.76	993.98
11.76	994.15
11.76	994.67
11.77	994.84
11.78	994.85
11.79	994.85
11.79	994.85
11.80	994.86
11.81	994.86
11.83	993.50
11.84	994.02
11.84	994.19
11.84	994.71
11.85	994.88
11.87	993.53
11.88	994.04
11.88	994.21
11.88	994.72
11.89	994.90
11.91	993.55
11.92	994.06
11.92	994.23
11.92	994.74
11.93	994.91
11.95	993.57
11.96	994.08
11.96	994.25
11.96	994.76
11.97	994.93
11.99	993.59
12.00	994.10
12.00	994.27
12.00	994.78
12.01	994.95
12.03	993.95
12.03	994.45
12.03	994.96
12.04	995.46
12.04	995.97
12.05	995.64
12.05	996.14
12.05	996.64
12.06	997.15
12.06	997.65
12.06	0.00
