0.100000	0.006400
0.112640	0.016667
0.112640	0.022907
0.135547	0.014560
0.135547	0.018720
0.141787	0.024960
0.141787	0.037440
0.156347	0.027040
0.156347	0.035360
0.160507	0.039520
0.160507	0.052000
0.172987	0.047840
0.172987	0.056160
0.185467	0.058240
0.185467	0.062400
0.189627	0.070720
0.189627	0.079040
0.197947	0.079040
0.197947	0.085280
0.206267	0.083200
0.206267	0.097760
0.218747	0.089440
0.218747	0.097760
0.227067	0.095680
0.227067	0.099840
0.235387	0.097760
0.235387	0.104000
0.249947	0.101920
0.249947	0.108160
0.254107	0.110240
0.254107	0.118560
0.266587	0.110240
0.266587	0.116480
0.274907	0.112320
0.274907	0.116480
0.283227	0.112320
0.283227	0.153920
0.289467	0.151840
0.289467	0.156000
0.295707	0.151840
0.310267	0.141440
0.314427	0.141440
0.322747	0.137280
0.328987	0.135200
0.333147	0.133120
0.339387	0.131040
0.345627	0.128960
0.358107	0.124800
0.364347	0.120640
0.370587	0.116480
0.378907	0.041600
0.383067	0.047840
0.389307	0.101920
0.393467	0.101920
0.397627	0.101920
0.401787	0.104000
0.443387	0.085280
0.447547	0.083200
0.451707	0.081120
0.453787	0.081120
0.457947	0.079040
0.462107	0.076960
0.466267	0.074880
0.470427	0.072800
0.472507	0.072800
0.476667	0.070720
0.480827	0.068640
0.489147	0.066560
0.491227	0.068640
0.493307	0.070720
0.493307	0.074880
0.493307	0.079040
0.497467	0.081120
0.501627	0.081120
0.505787	0.081120
0.512027	0.079040
0.534907	0.062400
0.536987	0.062400
0.539067	0.062400
0.541147	0.062400
0.543227	0.062400
0.545307	0.062400
0.570267	0.056160
0.574427	0.056160
0.578587	0.056160
0.584827	0.054080
0.588987	0.054080
0.597307	0.047840
0.603547	0.045760
0.605627	0.047840
0.607707	0.049920
0.609787	0.052000
0.611867	0.054080
0.613947	0.056160
0.640987	0.033280
0.900507	0.027040
0.933787	0.033280
0.933787	0.039520
0.973307	0.037440
0.973307	0.043680
0.979547	0.043680
0.979547	0.049920
1.016987	0.060320
1.016987	0.064480
1.023227	0.060320
1.029467	0.056160
1.029467	0.058240
1.029467	0.060320
1.029467	0.062400
1.029467	0.064480
1.035707	0.076960
1.083547	0.054080
1.091867	0.049920
1.091867	0.052000
1.091867	0.054080
1.091867	0.058240
1.091867	0.062400
1.093947	0.070720
1.096027	0.070720
1.152187	0.041600
1.152187	0.047840
1.156347	0.049920
1.160507	0.049920
1.170907	0.045760
1.172987	0.047840
1.200027	0.041600
1.206267	0.043680
1.206267	0.047840
1.212507	0.047840
1.216667	0.054080
1.222907	0.054080
1.227067	0.052000
1.247867	0.052000
1.256187	0.052000
1.260347	0.054080
1.266587	0.054080
1.266587	0.062400
1.276987	0.058240
1.283227	0.076960
1.285307	0.079040
1.306107	0.066560
1.314427	0.062400
1.320667	0.058240
1.326907	0.058240
1.335227	0.052000
1.335227	0.054080
1.341467	0.049920
1.366427	0.070720
1.370587	0.068640
1.378907	0.062400
1.383067	0.060320
1.385147	0.060320
1.391387	0.056160
1.393467	0.056160
1.395547	0.056160
1.397627	0.056160
1.397627	0.058240
1.443387	0.056160
1.445467	0.056160
1.447547	0.056160
1.449627	0.056160
1.451707	0.056160
1.453787	0.058240
1.455867	0.060320
1.457947	0.064480
1.460027	0.066560
1.462107	0.070720
1.462107	0.079040
1.505787	0.049920
1.507867	0.049920
1.509947	0.052000
1.512027	0.054080
1.514107	0.056160
1.518267	0.054080
1.522427	0.052000
1.528667	0.047840
1.532827	0.047840
1.539067	0.049920
1.547387	0.045760
1.561947	0.033280
1.561947	0.035360
1.564027	0.037440
1.568187	0.037440
1.572347	0.035360
1.576507	0.035360
1.578587	0.037440
1.580667	0.039520
1.582747	0.039520
1.586907	0.037440
1.595227	0.031200
1.599387	0.029120
1.601467	0.029120
1.603547	0.029120
1.603547	0.031200
1.607707	0.029120
1.611867	0.031200
1.613947	0.031200
1.618107	0.030960
1.622267	0.030960
1.626427	0.030960
1.628507	0.033040
1.630587	0.035120
1.632667	0.037200
1.634747	0.039280
1.636827	0.041360
1.638907	0.045280
1.640987	0.047360
1.640987	0.051520
1.643067	0.051760
1.649307	0.049680
1.651387	0.051760
1.655307	0.052000
1.659467	0.052000
1.663627	0.052000
1.667787	0.053840
1.671947	0.053840
1.676107	0.053840
1.680267	0.053840
1.684427	0.052000
1.690427	0.050160
1.694587	0.050160
1.698747	0.050160
1.701067	0.052000
1.701067	0.056160
1.705227	0.056160
1.709387	0.056160
1.713547	0.056160
1.717707	0.058240
1.721867	0.056160
1.727867	0.054320
1.732027	0.054320
1.736187	0.054320
1.740347	0.056400
1.742667	0.060320
1.746827	0.058240
1.750987	0.056160
1.755147	0.056160
1.759307	0.058240
1.763467	0.060320
1.763467	0.064480
1.767627	0.062400
1.771787	0.060320
1.775947	0.062400
1.782187	0.060320
1.784267	0.062400
1.788427	0.062400
1.792587	0.066560
1.796747	0.064480
1.802987	0.062400
1.809227	0.060320
1.811307	0.066560
1.813387	0.072800
1.817547	0.072800
1.823787	0.070720
1.830027	0.068640
1.834187	0.070720
1.836267	0.074880
1.836267	0.076960
1.838347	0.085280
1.844587	0.083200
1.848747	0.083200
1.852907	0.083200
1.857067	0.085280
1.865387	0.081120
1.867467	0.083200
1.871627	0.081120
1.875787	0.081120
1.884107	0.079040
1.892427	0.074880
1.896587	0.074880
1.900747	0.074880
1.904907	0.076960
1.911147	0.076960
1.917387	0.072800
1.919467	0.074880
1.919467	0.079040
1.929867	0.074880
1.934027	0.072800
1.938187	0.072800
1.942347	0.072800
1.948587	0.074880
1.952747	0.081120
1.956907	0.083200
1.958987	0.085280
1.963147	0.085280
1.969387	0.083200
1.973547	0.054080
1.977707	0.052000
1.981867	0.049920
1.988107	0.074880
1.994347	0.070720
1.996427	0.070720
2.000587	0.068640
2.004747	0.066560
2.010987	0.064480
2.010987	0.068640
2.013067	0.070720
2.017227	0.085280
2.021387	0.085280
2.029707	0.083200
2.033867	0.083200
2.038027	0.083200
2.073387	0.049920
2.075467	0.052000
2.077547	0.052000
2.081707	0.052000
2.085867	0.054080
2.090027	0.052000
2.108747	0.047840
2.112907	0.049920
2.112907	0.056160
2.119147	0.054080
2.123307	0.054080
2.127467	0.056160
2.133707	0.054080
2.135787	0.056160
2.139947	0.056160
2.146187	0.052000
2.148267	0.056160
2.162827	0.054080
2.169067	0.054080
2.175307	0.054080
2.175307	0.058240
2.179467	0.058240
2.183627	0.060320
2.189867	0.058240
2.194027	0.058240
2.198187	0.058240
2.202347	0.060320
2.204427	0.062400
2.210667	0.062400
2.223147	0.070720
2.229387	0.070720
2.235627	0.068640
2.239787	0.068640
2.243947	0.070720
2.243947	0.031200
2.250187	0.027040
2.254347	0.024960
2.258507	0.022880
2.262667	0.070720
2.268907	0.066560
2.273067	0.064480
2.279307	0.060320
2.281387	0.060320
2.283467	0.060320
2.285547	0.060320
2.320907	0.027040
2.339627	0.052000
2.341707	0.052000
2.343787	0.052000
2.345867	0.052000
2.345867	0.054080
2.347947	0.054080
2.350027	0.056160
2.352107	0.060320
2.397867	0.056160
2.399947	0.058240
2.402027	0.060320
2.404107	0.064480
2.406187	0.068640
2.408267	0.068640
2.408267	0.072800
2.412427	0.072800
2.418667	0.068640
2.460267	0.049920
2.464427	0.049920
2.468587	0.052000
2.481067	0.052000
2.483147	0.054080
2.487307	0.054080
2.487307	0.058240
2.491467	0.060320
2.520587	0.052000
2.526827	0.054080
2.539307	0.054080
2.543467	0.054080
2.547627	0.054080
2.599627	0.043680
2.603787	0.045760
2.807947	0.016320
2.830507	0.012240
2.830507	0.016400
2.848987	0.012240
2.848987	0.016400
2.853147	0.016400
2.871627	0.012240
2.871627	0.016400
2.875787	0.016400
2.890107	0.012240
2.894267	0.012240
2.894267	0.018480
2.898427	0.020560
2.908587	0.016640
2.912747	0.016640
2.918987	0.016640
2.925227	0.014560
2.925227	0.018720
2.931467	0.016640
2.935627	0.016640
2.941867	0.014560
2.946027	0.014560
2.950187	0.014560
2.950187	0.018720
2.954347	0.018720
2.958507	0.018720
2.962667	0.018720
2.966827	0.018720
2.970987	0.018720
2.975147	0.018720
2.975147	0.022880
2.979307	0.022880
2.983467	0.022880
2.987627	0.022880
2.991787	0.022880
2.995947	0.022880
3.000107	0.022880
3.004267	0.022880
3.008427	0.022880
3.008427	0.029120
3.012587	0.029120
3.016747	0.029120
3.020907	0.029120
3.025067	0.033280
3.029227	0.033280
3.033387	0.033280
3.037547	0.033280
3.043787	0.031200
3.043787	0.041600
3.047947	0.041600
3.052107	0.041600
3.056267	0.041600
3.064587	0.037440
3.068747	0.037440
3.072907	0.045760
3.077067	0.047840
3.081227	0.047840
3.091627	0.041600
3.095787	0.041600
3.095787	0.045760
3.099947	0.045760
3.104107	0.045760
3.108267	0.049920
3.112427	0.049920
3.124907	0.043680
3.131147	0.041600
3.135307	0.041600
3.139467	0.039520
3.143627	0.039520
3.147787	0.039520
3.147787	0.043680
3.151947	0.043680
3.156107	0.045760
3.164427	0.043680
3.168587	0.047840
3.174827	0.047840
3.178987	0.047840
3.183147	0.047840
3.185227	0.049920
3.189387	0.049920
3.193547	0.049920
3.197707	0.047840
3.201867	0.047840
3.201867	0.049920
3.208107	0.047840
3.214347	0.043680
3.222667	0.045760
3.228907	0.043680
3.233067	0.043680
3.237227	0.043680
3.241387	0.043680
3.245547	0.043680
3.249707	0.043680
3.251787	0.047840
3.255947	0.047840
3.258027	0.047840
3.258027	0.054080
3.262187	0.058240
3.264267	0.058240
3.274667	0.049920
3.278827	0.049920
3.282987	0.049920
3.287147	0.049920
3.291307	0.049920
3.295467	0.052000
3.299627	0.052000
3.305867	0.052000
3.310027	0.052000
3.312107	0.054080
3.318347	0.054080
3.318347	0.060320
3.326667	0.054080
3.328747	0.056160
3.330827	0.058240
3.334987	0.058240
3.339147	0.058240
3.343307	0.076960
3.347467	0.052000
3.353707	0.047840
3.357867	0.045760
3.364107	0.041600
3.368267	0.039520
3.372427	0.037440
3.378667	0.033280
3.384907	0.029120
3.386987	0.064480
3.386987	0.066560
3.391147	0.064480
3.395307	0.062400
3.399467	0.060320
3.403627	0.058240
3.405707	0.058240
3.407787	0.058240
3.409867	0.058240
3.459787	0.045760
3.459787	0.047840
3.461867	0.047840
3.463947	0.047840
3.466027	0.047840
3.468107	0.047840
3.470187	0.047840
3.472267	0.047840
3.474347	0.049920
3.513867	0.049920
3.515947	0.052000
3.515947	0.054080
3.518027	0.054080
3.520107	0.056160
3.522187	0.060320
3.524267	0.066560
3.526347	0.068640
3.530507	0.072800
3.570027	0.054080
3.574187	0.054080
3.576267	0.056160
3.576267	0.062400
3.578347	0.066560
3.582507	0.068640
3.588747	0.068640
3.597067	0.064480
3.630347	0.056160
3.634507	0.056160
3.638667	0.056160
3.644907	0.058240
3.651147	0.060320
3.692747	0.056160
3.696907	0.056160
3.701067	0.029120
3.936427	0.012240
3.954907	0.014000
3.954907	0.016400
3.975147	0.012240
3.977547	0.014000
3.993627	0.012240
3.993627	0.016400
3.997787	0.016400
3.997787	0.020560
3.997787	0.024720
4.012107	0.014560
4.016267	0.014560
4.024587	0.012240
4.028747	0.012240
4.032907	0.012240
4.037067	0.012240
4.043067	0.012240
4.047227	0.012240
4.047227	0.016400
4.051387	0.016400
4.055547	0.016400
4.061547	0.014560
4.065707	0.014560
4.069867	0.014560
4.069867	0.018720
4.074027	0.018720
4.078187	0.018720
4.082347	0.018720
4.086507	0.018720
4.090667	0.018720
4.094827	0.018720
4.094827	0.022880
4.098987	0.022880
4.103147	0.022880
4.107307	0.022880
4.111467	0.024960
4.115627	0.024960
4.119787	0.022880
4.123947	0.022880
4.128107	0.029120
4.128107	0.031200
4.132267	0.031200
4.136427	0.031200
4.142667	0.031200
4.146827	0.033280
4.148907	0.033280
4.153067	0.033280
4.163467	0.027040
4.165547	0.039520
4.165547	0.049920
4.169707	0.049920
4.173867	0.047840
4.180107	0.043680
4.186347	0.041600
4.188427	0.041600
4.192587	0.041600
4.196747	0.041600
4.211307	0.035360
4.221707	0.033280
4.225867	0.033280
4.225867	0.035360
4.227947	0.037440
4.230027	0.039520
4.234187	0.037440
4.236267	0.043680
4.240427	0.045760
4.244587	0.045760
4.252907	0.043680
4.261227	0.037440
4.265387	0.037440
4.267467	0.041600
4.267467	0.045760
4.271627	0.045760
4.275787	0.047840
4.277867	0.074880
4.286187	0.043680
4.292427	0.041600
4.296587	0.039520
4.302827	0.035360
4.304907	0.035360
4.309067	0.037440
4.315307	0.043680
4.319467	0.045760
4.323627	0.047840
4.323627	0.054080
4.329867	0.052000
4.336107	0.049920
4.340267	0.047840
4.342347	0.049920
4.371467	0.033280
4.377707	0.033280
4.383947	0.037440
4.388107	0.037440
4.388107	0.039520
4.392267	0.039520
4.394347	0.039520
4.398507	0.039520
4.417227	0.037440
4.427627	0.037440
4.431787	0.037440
4.433867	0.039520
4.438027	0.037440
4.438027	0.041600
4.440107	0.045760
4.444267	0.049920
4.460907	0.043680
4.471307	0.041600
4.475467	0.043680
4.479627	0.041600
4.481707	0.041600
4.485867	0.043680
4.485867	0.049920
4.492107	0.049920
4.500427	0.049920
4.510827	0.047840
4.519147	0.047840
4.525387	0.047840
4.527467	0.047840
4.529547	0.052000
4.535787	0.049920
4.542027	0.049920
4.548267	0.049920
4.548267	0.060320
4.556587	0.054080
4.564907	0.072800
4.573227	0.043680
4.579467	0.039520
4.581547	0.039520
4.587787	0.035360
4.591947	0.033280
4.598187	0.029120
4.604427	0.027040
4.614827	0.058240
4.614827	0.062400
4.616907	0.064480
4.623147	0.060320
4.625227	0.060320
4.627307	0.060320
4.679307	0.054080
4.683467	0.054080
4.683467	0.058240
4.687627	0.056160
4.689707	0.058240
4.691787	0.062400
4.693867	0.066560
4.743787	0.056160
4.747947	0.056160
4.747947	0.062400
4.750027	0.064480
4.754187	0.064480
4.760427	0.064480
4.766667	0.062400
4.806187	0.060320
4.810347	0.064480
4.816587	0.064480
4.820747	0.064480
4.820747	0.070720
4.824907	0.068640
4.831147	0.091520
4.835307	0.091520
4.872747	0.079040
4.881067	0.072800
4.887307	0.068640
4.891467	0.066560
4.897707	0.062400
4.897707	0.064480
4.899787	0.064480
4.928907	0.070720
4.933067	0.068640
4.958027	0.045760
4.960107	0.045760
4.962187	0.045760
4.964267	0.045760
4.966347	0.045760
4.968427	0.045760
4.970507	0.062400
4.970507	0.066560
5.005867	0.049920
5.007947	0.049920
5.010027	0.049920
5.012107	0.049920
5.014187	0.052000
5.016267	0.058240
5.018347	0.058240
5.020427	0.058240
5.039147	0.041600
5.043307	0.039520
5.043307	0.043680
5.062027	0.039520
5.064107	0.039520
5.066187	0.041600
5.068267	0.047840
5.072427	0.045760
5.080747	0.041600
5.082827	0.043680
5.084907	0.045760
5.086987	0.047840
5.089067	0.052000
5.093227	0.052000
5.107787	0.041600
5.107787	0.043680
5.109867	0.043680
5.114027	0.041600
5.122347	0.035360
5.124427	0.035360
5.128587	0.035360
5.132747	0.035360
5.136907	0.033280
5.141067	0.031200
5.147307	0.027040
5.151467	0.027040
5.155627	0.024960
5.157707	0.024960
5.157707	0.027040
5.159787	0.027040
5.161867	0.027040
5.163947	0.027040
5.166027	0.031200
5.170187	0.029120
5.174347	0.028880
5.176427	0.030960
5.178507	0.033040
5.180587	0.035120
5.184747	0.035120
5.186827	0.037200
5.188907	0.039280
5.190987	0.041360
5.193067	0.045280
5.193067	0.049440
5.195147	0.051520
5.197227	0.051760
5.203467	0.049680
5.205547	0.051760
5.209467	0.052000
5.213627	0.052000
5.217787	0.052000
5.221947	0.053840
5.226107	0.053840
5.230267	0.053840
5.234427	0.053840
5.238587	0.052000
5.244587	0.050160
5.248747	0.050160
5.248747	0.054320
5.252907	0.054320
5.255227	0.056160
5.259387	0.056160
5.263547	0.056160
5.267707	0.056160
5.271867	0.056160
5.276027	0.056160
5.282027	0.054320
5.286187	0.054320
5.290347	0.054320
5.294507	0.054320
5.296827	0.056160
5.300987	0.058240
5.305147	0.060320
5.309307	0.058240
5.313467	0.060320
5.313467	0.066560
5.317627	0.064480
5.321787	0.062400
5.325947	0.060320
5.330107	0.062400
5.334267	0.072800
5.338427	0.070720
5.342587	0.072800
5.346747	0.070720
5.350907	0.070720
5.355067	0.068640
5.359227	0.072800
5.365467	0.070720
5.371707	0.068640
5.373787	0.068640
5.380027	0.064480
5.386267	0.062400
5.386267	0.070720
5.388347	0.072800
5.390427	0.074880
5.392507	0.076960
5.398747	0.072800
5.413307	0.062400
5.415387	0.066560
5.421627	0.064480
5.423707	0.068640
5.427867	0.068640
5.429947	0.070720
5.438267	0.066560
5.442427	0.068640
5.446587	0.068640
5.448667	0.070720
5.450747	0.076960
5.454907	0.074880
5.463227	0.070720
5.463227	0.074880
5.467387	0.076960
5.471547	0.076960
5.475707	0.079040
5.477787	0.081120
5.481947	0.083200
5.488187	0.083200
5.492347	0.081120
5.498587	0.079040
5.502747	0.079040
5.506907	0.081120
5.511067	0.081120
5.517307	0.081120
5.521467	0.083200
5.525627	0.083200
5.533947	0.079040
5.536027	0.083200
5.540187	0.081120
5.544347	0.081120
5.550587	0.079040
5.550587	0.085280
5.554747	0.085280
5.560987	0.085280
5.565147	0.085280
5.571387	0.085280
5.577627	0.085280
5.579707	0.087360
5.583867	0.087360
5.588027	0.087360
5.594267	0.083200
5.598427	0.083200
5.604667	0.083200
5.610907	0.083200
5.615067	0.083200
5.619227	0.085280
5.625467	0.081120
5.627547	0.085280
5.631707	0.085280
5.635867	0.085280
5.642107	0.093600
5.642107	0.099840
5.646267	0.099840
5.652507	0.095680
5.656667	0.095680
5.662907	0.095680
5.669147	0.093600
5.673307	0.049920
5.677467	0.047840
5.681627	0.045760
5.683707	0.045760
5.687867	0.091520
5.694107	0.087360
5.700347	0.083200
5.704507	0.081120
5.710747	0.076960
5.712827	0.076960
5.719067	0.072800
5.723227	0.070720
5.727387	0.068640
5.733627	0.064480
5.768987	0.068640
5.785627	0.058240
5.787707	0.058240
5.789787	0.058240
5.791867	0.058240
5.791867	0.060320
5.793947	0.062400
5.796027	0.064480
5.798107	0.066560
5.800187	0.068640
5.802267	0.070720
5.804347	0.085280
5.850107	0.062400
5.852187	0.062400
5.854267	0.064480
5.856347	0.066560
5.858427	0.068640
5.858427	0.072800
5.862587	0.072800
5.866747	0.070720
5.870907	0.070720
5.875067	0.070720
5.879227	0.072800
5.895867	0.062400
5.918747	0.066560
5.920827	0.070720
5.924987	0.070720
5.929147	0.070720
5.933307	0.070720
5.937467	0.070720
5.941627	0.068640
5.941627	0.072800
5.991547	0.066560
5.997787	0.068640
6.001947	0.068640
6.006107	0.068640
6.010267	0.039520
6.056027	0.052000
6.064347	0.047840
6.072667	0.041600
6.320507	0.014000
6.340747	0.012480
6.340747	0.016640
6.359467	0.012240
6.359467	0.016400
6.363627	0.016400
6.377947	0.014560
6.377947	0.018720
6.377947	0.022880
6.382107	0.024960
6.386267	0.029120
6.402907	0.018720
6.407067	0.018720
6.413307	0.020800
6.413307	0.029120
6.413307	0.033280
6.421627	0.029120
6.427867	0.027040
6.440347	0.029120
6.448667	0.029120
6.452827	0.029120
6.456987	0.029120
6.461147	0.029120
6.475707	0.041600
6.484027	0.039520
6.484027	0.043680
6.488187	0.043680
6.492347	0.045760
6.496507	0.045760
6.523547	0.043680
6.529787	0.041600
6.533947	0.041600
6.533947	0.045760
6.538107	0.047840
6.544347	0.045760
6.548507	0.045760
6.573467	0.047840
6.577627	0.064480
6.581787	0.062400
6.585947	0.060320
6.585947	0.064480
6.592187	0.060320
6.596347	0.058240
6.600507	0.058240
6.627547	0.043680
6.648347	0.045760
6.650427	0.049920
6.652507	0.052000
6.656667	0.054080
6.658747	0.056160
6.658747	0.062400
6.660827	0.066560
6.664987	0.064480
6.677467	0.058240
6.700347	0.047840
6.706587	0.049920
6.710747	0.049920
6.716987	0.052000
6.721147	0.054080
6.727387	0.058240
6.727387	0.062400
6.733627	0.060320
6.735707	0.064480
6.741947	0.060320
6.754427	0.058240
6.762747	0.056160
6.766907	0.058240
6.775227	0.058240
6.781467	0.060320
6.791867	0.064480
6.796027	0.064480
6.800187	0.064480
6.800187	0.070720
6.806427	0.066560
6.808507	0.070720
6.818907	0.066560
6.825147	0.066560
6.831387	0.068640
6.839707	0.064480
6.848027	0.079040
6.862587	0.072800
6.866747	0.072800
6.870907	0.072800
6.877147	0.070720
6.877147	0.076960
6.879227	0.076960
6.885467	0.072800
6.891707	0.070720
6.897947	0.066560
6.906267	0.064480
6.910427	0.062400
6.933307	0.089440
6.941627	0.085280
6.945787	0.083200
6.949947	0.081120
6.954107	0.056160
6.960347	0.056160
6.962427	0.072800
6.962427	0.074880
6.964507	0.079040
6.968667	0.076960
6.970747	0.076960
6.976987	0.072800
6.979067	0.072800
7.016507	0.047840
7.022747	0.047840
7.035227	0.043680
7.037307	0.045760
7.037307	0.049920
7.037307	0.054080
7.041467	0.052000
7.043547	0.052000
7.049787	0.052000
7.051867	0.054080
7.051867	0.058240
7.053947	0.060320
7.056027	0.062400
7.058107	0.064480
7.070587	0.058240
7.076827	0.056160
7.085147	0.052000
7.089307	0.049920
7.093467	0.049920
7.097627	0.049920
7.099707	0.052000
7.101787	0.052000
7.108027	0.047840
7.112187	0.045760
7.116347	0.045760
7.120507	0.049920
7.120507	0.054080
7.124667	0.054080
7.128827	0.052000
7.135067	0.049920
7.139227	0.049920
7.143387	0.049920
7.145467	0.049920
7.149627	0.049920
7.153787	0.049920
7.157947	0.054080
7.160027	0.060320
7.162107	0.062400
7.164187	0.062400
7.168347	0.062400
7.176667	0.058240
7.180827	0.033280
7.180827	0.035360
7.184987	0.058240
7.187067	0.060320
7.191227	0.062400
7.195387	0.060320
7.199547	0.062400
7.209947	0.058240
7.236987	0.037440
7.241147	0.035360
7.241147	0.043680
7.241147	0.047840
7.249467	0.043680
7.253627	0.045760
7.259867	0.041600
7.259867	0.047840
7.261947	0.047840
7.268187	0.043680
7.274427	0.039520
7.280667	0.035360
7.282747	0.035360
7.320187	0.012240
7.524347	0.015440
7.546027	0.014560
7.546027	0.018720
7.566827	0.018720
7.566827	0.022880
7.570987	0.022880
7.570987	0.031200
7.591787	0.022880
7.595947	0.022880
7.595947	0.027040
7.595947	0.037440
7.595947	0.041600
7.600107	0.043680
7.608427	0.041600
7.639627	0.033280
7.639627	0.037440
7.643787	0.039520
7.650027	0.039520
7.656267	0.037440
7.679147	0.037440
7.683307	0.039520
7.683307	0.043680
7.689547	0.043680
7.695787	0.041600
7.699947	0.041600
7.722827	0.045760
7.729067	0.045760
7.733227	0.045760
7.739467	0.074880
7.739467	0.076960
7.743627	0.074880
7.747787	0.074880
7.774827	0.056160
7.781067	0.052000
7.785227	0.054080
7.820587	0.045760
7.822667	0.047840
7.822667	0.052000
7.824747	0.058240
7.828907	0.058240
7.837227	0.052000
7.839307	0.056160
7.845547	0.054080
7.872587	0.047840
7.876747	0.047840
7.880907	0.047840
7.889227	0.049920
7.889227	0.054080
7.893387	0.056160
7.895467	0.058240
7.901707	0.056160
7.905867	0.058240
7.926667	0.052000
7.930827	0.052000
7.934987	0.056160
7.945387	0.072800
7.949547	0.072800
7.949547	0.076960
7.955787	0.072800
7.959947	0.070720
7.964107	0.070720
7.970347	0.066560
7.984907	0.058240
7.989067	0.056160
7.997387	0.054080
8.024427	0.052000
8.028587	0.052000
8.032747	0.049920
8.032747	0.054080
8.034827	0.054080
8.036907	0.058240
8.041067	0.056160
8.043147	0.060320
8.049387	0.058240
8.051467	0.062400
8.057707	0.072800
8.082667	0.052000
8.086827	0.049920
8.088907	0.052000
8.093067	0.052000
8.095147	0.054080
8.095147	0.058240
8.101387	0.056160
8.103467	0.058240
8.109707	0.058240
8.113867	0.056160
8.120107	0.054080
8.136747	0.047840
8.140907	0.047840
8.142987	0.049920
8.147147	0.049920
8.151307	0.049920
8.155467	0.052000
8.159627	0.052000
8.159627	0.056160
8.163787	0.058240
8.167947	0.056160
8.174187	0.052000
8.176267	0.052000
8.180427	0.052000
8.190827	0.043680
8.194987	0.043680
8.199147	0.043680
8.203307	0.041600
8.207467	0.039520
8.213707	0.035360
8.217867	0.035360
8.222027	0.037440
8.228267	0.035360
8.228267	0.037440
8.230347	0.039520
8.232427	0.041600
8.234507	0.043680
8.238667	0.041600
8.240747	0.041600
8.244907	0.039520
8.249067	0.043680
8.251147	0.045760
8.253227	0.045760
8.255307	0.047840
8.259467	0.047840
8.265707	0.045760
8.269867	0.043680
8.271947	0.045760
8.271947	0.052000
8.276107	0.054080
8.280267	0.052000
8.284427	0.052000
8.286507	0.054080
8.288587	0.056160
8.290667	0.058240
8.298987	0.054080
8.303147	0.060320
8.305227	0.066560
8.309387	0.047840
8.313547	0.045760
8.317707	0.043680
8.319787	0.062400
8.323947	0.060320
8.330187	0.056160
8.336427	0.052000
8.336427	0.054080
8.338507	0.054080
8.342667	0.064480
8.346827	0.064480
8.350987	0.066560
8.355147	0.066560
8.359307	0.064480
8.363467	0.062400
8.365547	0.066560
8.367627	0.070720
8.396747	0.047840
8.398827	0.049920
8.413387	0.041600
8.417547	0.047840
8.423787	0.045760
8.427947	0.043680
8.430027	0.043680
8.432107	0.045760
8.438347	0.045760
8.444587	0.043680
8.454987	0.047840
8.454987	0.054080
8.461227	0.052000
8.471627	0.047840
8.475787	0.045760
8.477867	0.047840
8.479947	0.049920
8.484107	0.049920
8.490347	0.054080
8.494507	0.056160
8.509067	0.047840
8.515307	0.049920
8.515307	0.054080
8.525707	0.049920
8.527787	0.060320
8.531947	0.060320
8.536107	0.058240
8.540267	0.056160
8.571467	0.037440
8.575627	0.037440
8.581867	0.035360
8.594347	0.031200
8.598507	0.031200
8.631787	0.016640
8.835947	0.014000
8.856187	0.012240
8.856187	0.020560
8.874667	0.012720
8.874667	0.023120
8.882987	0.018960
8.882987	0.023120
8.882987	0.027280
8.893627	0.029120
8.904027	0.027040
8.916507	0.022880
8.916507	0.037440
8.928987	0.033280
8.937307	0.031200
8.945627	0.029120
8.960187	0.031200
8.960187	0.037440
8.968507	0.033280
8.974747	0.033280
8.980987	0.031200
8.997627	0.035360
9.003867	0.037440
9.008027	0.037440
9.008027	0.043680
9.014267	0.041600
9.018427	0.043680
9.039227	0.074880
9.047547	0.070720
9.051707	0.068640
9.057947	0.035360
9.057947	0.039520
9.062107	0.039520
9.068347	0.039520
9.099547	0.049920
9.103707	0.049920
9.107867	0.049920
9.126587	0.047840
9.126587	0.054080
9.155707	0.047840
9.159867	0.047840
9.164027	0.049920
9.180667	0.049920
9.186907	0.052000
9.209787	0.049920
9.213947	0.049920
9.220187	0.052000
9.236827	0.068640
9.245147	0.070720
9.245147	0.074880
9.265947	0.060320
9.270107	0.058240
9.278427	0.054080
9.311707	0.056160
9.322107	0.052000
9.326267	0.052000
9.326267	0.056160
9.332507	0.054080
9.334587	0.056160
9.338747	0.058240
9.374107	0.064480
9.380347	0.060320
9.384507	0.058240
9.388667	0.056160
9.388667	0.058240
9.392827	0.056160
9.396987	0.054080
9.403227	0.049920
9.444827	0.045760
9.446907	0.045760
9.448987	0.045760
9.451067	0.045760
9.453147	0.045760
9.455227	0.045760
9.455227	0.047840
9.457307	0.047840
9.459387	0.047840
9.496827	0.049920
9.498907	0.049920
9.500987	0.049920
9.503067	0.049920
9.505147	0.049920
9.507227	0.054080
9.509307	0.056160
9.509307	0.058240
9.511387	0.058240
9.513467	0.058240
9.552987	0.029120
9.555067	0.029120
9.557147	0.031200
9.559227	0.031200
9.561307	0.033280
9.567547	0.029120
9.571707	0.029120
9.573787	0.033280
9.575867	0.033280
9.575867	0.035360
9.577947	0.035360
9.588347	0.027040
9.590427	0.027040
9.594587	0.024960
9.596667	0.029120
9.600827	0.027040
9.602907	0.028880
9.607067	0.028880
9.613307	0.028880
9.615387	0.030960
9.617467	0.033040
9.617467	0.035120
9.619547	0.037200
9.621627	0.039280
9.623707	0.041360
9.625787	0.043440
9.632027	0.041360
9.634107	0.045280
9.638027	0.043680
9.642187	0.045520
9.648427	0.041600
9.652587	0.041600
9.656747	0.041600
9.658827	0.043680
9.662987	0.043680
9.662987	0.047840
9.667147	0.047840
9.671307	0.047840
9.675467	0.047840
9.679627	0.047840
9.685627	0.046000
9.687947	0.047840
9.693947	0.046000
9.696267	0.047840
9.700427	0.047840
9.704587	0.047840
9.708747	0.047840
9.712907	0.047840
9.717067	0.048160
9.717067	0.052000
9.721227	0.052000
9.725387	0.052000
9.729547	0.052000
9.733707	0.052000
9.737867	0.052000
9.742027	0.052000
9.746187	0.052000
9.750347	0.053840
9.754507	0.053840
9.758667	0.052000
9.762827	0.052000
9.766987	0.052000
9.771467	0.053760
9.775307	0.054080
9.779467	0.054080
9.779467	0.058240
9.783627	0.060320
9.787787	0.060320
9.791947	0.060320
9.796107	0.060320
9.800267	0.064480
9.804427	0.064480
9.810427	0.062640
9.814587	0.062640
9.816907	0.064480
9.821067	0.066560
9.825227	0.066560
9.831467	0.066560
9.835627	0.066560
9.839787	0.066560
9.843947	0.066560
9.843947	0.079040
9.850187	0.079040
9.854347	0.079040
9.858507	0.076960
9.862667	0.076960
9.870987	0.072800
9.875147	0.072800
9.879307	0.079040
9.883467	0.079040
9.887627	0.079040
9.893867	0.074880
9.898027	0.076960
9.904267	0.072800
9.908427	0.072800
9.912587	0.072800
9.916747	0.072800
9.929227	0.066560
9.929227	0.070720
9.935467	0.070720
9.939627	0.070720
9.941707	0.072800
9.945867	0.074880
9.950027	0.072800
9.954187	0.072800
9.964587	0.066560
9.968747	0.066560
9.972907	0.070720
9.974987	0.072800
9.981227	0.068640
9.983307	0.072800
9.987467	0.072800
9.991627	0.087360
9.995787	0.066560
10.002027	0.062400
10.006187	0.060320
10.012427	0.056160
10.012427	0.058240
10.016587	0.056160
10.020747	0.054080
10.026987	0.076960
10.029067	0.079040
10.033227	0.079040
10.037387	0.079040
10.041547	0.076960
10.049867	0.070720
10.054027	0.068640
10.056107	0.068640
10.062347	0.068640
10.066507	0.068640
10.068587	0.070720
10.070667	0.074880
10.072747	0.083200
10.122667	0.049920
10.124747	0.049920
10.126827	0.049920
10.126827	0.056160
10.128907	0.058240
10.130987	0.060320
10.137227	0.058240
10.141387	0.060320
10.145547	0.064480
10.151787	0.062400
10.162187	0.060320
10.180907	0.052000
10.182987	0.056160
10.189227	0.054080
10.189227	0.058240
10.193387	0.060320
10.197547	0.058240
10.201707	0.060320
10.207947	0.058240
10.216267	0.056160
10.220427	0.058240
10.228747	0.062400
10.239147	0.058240
10.245387	0.058240
10.249547	0.058240
10.253707	0.058240
10.259947	0.070720
10.259947	0.074880
10.262027	0.079040
10.268267	0.076960
10.272427	0.043680
10.278667	0.039520
10.284907	0.035360
10.297387	0.024960
10.303627	0.020800
10.309867	0.068640
10.314027	0.066560
10.318187	0.064480
10.322347	0.062400
10.324427	0.062400
10.326507	0.062400
10.351467	0.039520
10.351467	0.041600
10.384747	0.058240
10.386827	0.060320
10.388907	0.062400
10.390987	0.062400
10.393067	0.064480
10.395147	0.068640
10.399307	0.070720
10.449227	0.060320
10.449227	0.064480
10.453387	0.064480
10.457547	0.064480
10.459627	0.068640
10.463787	0.070720
10.470027	0.068640
10.476267	0.070720
10.515787	0.066560
10.519947	0.066560
10.519947	0.070720
10.524107	0.072800
10.528267	0.072800
10.534507	0.072800
10.540747	0.070720
10.544907	0.072800
10.553227	0.074880
10.588587	0.060320
10.592747	0.060320
10.596907	0.060320
10.603147	0.062400
10.603147	0.064480
10.607307	0.064480
10.613547	0.060320
10.634347	0.047840
10.655147	0.037440
10.659307	0.037440
10.663467	0.037440
10.671787	0.037440
10.673867	0.037440
10.673867	0.029120
10.678027	0.027040
10.680107	0.027040
10.688427	0.024960
10.698827	0.016640
10.702987	0.014560
10.717547	0.012240
10.719627	0.014320
10.721707	0.018480
10.923787	0.014080
10.944107	0.014320
10.944107	0.020560
10.964667	0.022880
10.970907	0.022880
10.993787	0.020800
10.993787	0.027040
11.000027	0.027040
11.020827	0.031200
11.027067	0.037440
11.027067	0.041600
11.033307	0.041600
11.058267	0.031200
11.070747	0.033280
11.074907	0.031200
11.081147	0.027040
11.081147	0.033280
11.095707	0.029120
11.110267	0.031200
11.112347	0.033280
11.114427	0.035360
11.120667	0.033280
11.120667	0.039520
11.131067	0.035360
11.147707	0.035360
11.151867	0.035360
11.156027	0.037440
11.160187	0.039520
11.166427	0.037440
11.166427	0.043680
11.172667	0.043680
11.189307	0.039520
11.193467	0.039520
11.199707	0.041600
11.205947	0.041600
11.210107	0.043680
11.216347	0.045760
11.222587	0.045760
11.222587	0.054080
11.235067	0.045760
11.239227	0.045760
11.247547	0.047840
11.253787	0.047840
11.260027	0.047840
11.268347	0.049920
11.274587	0.052000
11.282907	0.052000
11.282907	0.056160
11.287067	0.085280
11.291227	0.085280
11.301627	0.079040
11.307867	0.076960
11.314107	0.072800
11.324507	0.037440
11.332827	0.058240
11.341147	0.058240
11.345307	0.058240
11.368187	0.056160
11.378587	0.052000
11.382747	0.049920
11.386907	0.047840
11.391067	0.047840
11.393147	0.052000
11.393147	0.058240
11.397307	0.058240
11.405627	0.054080
11.409787	0.056160
11.430587	0.056160
11.436827	0.054080
11.438907	0.054080
11.438907	0.060320
11.440987	0.062400
11.445147	0.064480
11.451387	0.062400
11.457627	0.058240
11.461787	0.060320
11.465947	0.062400
11.472187	0.060320
11.492987	0.060320
11.497147	0.058240
11.499227	0.062400
11.505467	0.058240
11.509627	0.072800
11.509627	0.079040
11.515867	0.076960
11.520027	0.074880
11.522107	0.079040
11.528347	0.079040
11.534587	0.074880
11.538747	0.072800
11.559547	0.062400
11.561627	0.062400
11.567867	0.079040
11.569947	0.079040
11.588667	0.064480
11.594907	0.062400
11.594907	0.066560
11.599067	0.064480
11.601147	0.066560
11.607387	0.062400
11.613627	0.058240
11.615707	0.060320
11.617787	0.062400
11.628187	0.058240
11.630267	0.060320
11.653147	0.052000
11.655227	0.052000
11.659387	0.049920
11.663547	0.047840
11.667707	0.045760
11.667707	0.047840
11.669787	0.064480
11.673947	0.062400
11.676027	0.062400
11.678107	0.064480
11.682267	0.066560
11.686427	0.064480
11.692667	0.060320
11.696827	0.060320
11.711387	0.047840
11.713467	0.047840
11.715547	0.047840
11.717627	0.049920
11.719707	0.052000
11.721787	0.054080
11.740507	0.039520
11.740507	0.043680
11.742587	0.047840
11.744667	0.049920
11.748827	0.049920
11.755067	0.049920
11.757147	0.052000
11.759227	0.054080
11.763387	0.054080
11.765467	0.056160
11.767547	0.058240
11.773787	0.058240
11.777947	0.060320
11.782107	0.060320
11.786267	0.060320
11.790427	0.060320
11.800827	0.058240
11.804987	0.058240
11.811227	0.056160
11.815387	0.056160
11.819547	0.056160
11.832027	0.052000
11.838267	0.049920
11.844507	0.047840
11.848667	0.047840
11.890267	0.020800
11.894427	0.020800
12.102747	0.012240
12.121227	0.012240
12.121227	0.016400
12.139707	0.012240
12.139707	0.016400
12.139707	0.020560
12.143867	0.020560
12.158187	0.012240
