0 0.103320
1 0.124227
2 0.130467
3 0.145027
4 0.149187
5 0.161667
6 0.174147
7 0.178307
8 0.186627
9 0.194947
10 0.207427
11 0.215747
12 0.224067
13 0.238627
14 0.242787
15 0.255267
16 0.263587
17 0.271907
18 0.278147
19 0.284387
20 0.298947
21 0.303107
22 0.311427
23 0.317667
24 0.321827
25 0.328067
26 0.334307
27 0.346787
28 0.353027
29 0.359267
30 0.367587
31 0.371747
32 0.377987
33 0.382147
34 0.386307
35 0.390467
50 0.415427
51 0.425827
36 0.432067
37 0.436227
38 0.440387
39 0.442467
40 0.446627
41 0.450787
42 0.454947
43 0.459107
44 0.461187
45 0.465347
46 0.469507
47 0.477827
48 0.479907
49 0.481987
52 0.486147
53 0.490307
54 0.494467
55 0.500707
56 0.523587
57 0.525667
58 0.527747
59 0.529827
60 0.531907
61 0.533987
62 0.536067
63 0.538147
64 0.540227
65 0.542307
66 0.544387
67 0.550627
68 0.554787
69 0.558947
70 0.563107
71 0.567267
72 0.573507
73 0.577667
74 0.581827
75 0.585987
76 0.592227
77 0.594307
78 0.596387
79 0.598467
80 0.600547
81 0.602627
89 0.621347
90 0.625507
91 0.629667
92 0.633827
93 0.637987
95 0.640067
96 0.644227
97 0.648387
98 0.652547
99 0.656707
100 0.660867
101 0.665027
82 0.669187
83 0.922467
84 0.961987
85 0.968227
86 1.005667
87 1.011907
88 1.018147
89 1.024387
90 1.072227
91 1.076387
92 1.078467
94 1.080547
95 1.082627
96 1.084707
97 1.086787
98 1.088867
99 1.107587
100 1.132547
102 1.136707
103 1.138787
104 1.140867
105 1.145027
106 1.149187
107 1.159587
108 1.161667
109 1.188707
110 1.194947
111 1.201187
112 1.205347
113 1.211587
114 1.215747
115 1.236547
116 1.244867
117 1.249027
118 1.255267
119 1.265667
120 1.271907
121 1.273987
122 1.294787
123 1.303107
124 1.309347
125 1.315587
126 1.323907
127 1.330147
128 1.355107
129 1.359267
130 1.367587
131 1.371747
132 1.373827
133 1.380067
134 1.382147
135 1.384227
136 1.386307
137 1.432067
138 1.434147
139 1.436227
140 1.438307
141 1.440387
142 1.442467
143 1.444547
144 1.446627
145 1.448707
146 1.450787
147 1.494467
148 1.496547
149 1.498627
150 1.500707
151 1.502787
152 1.506947
153 1.511107
154 1.517347
155 1.521507
156 1.527747
157 1.536067
158 1.550627
159 1.552707
160 1.556867
161 1.561027
162 1.565187
163 1.567267
164 1.569347
165 1.571427
166 1.575587
167 1.583907
168 1.588067
169 1.590147
170 1.592227
171 1.596387
172 1.600547
173 1.602627
174 1.606787
175 1.610947
176 1.615107
177 1.617187
178 1.619267
179 1.621347
180 1.623427
181 1.625507
182 1.627587
183 1.629667
184 1.631747
185 1.637987
186 1.640067
187 1.643987
188 1.648147
189 1.652307
190 1.656467
191 1.660627
192 1.664787
193 1.668947
194 1.673107
195 1.679107
196 1.683267
197 1.687427
198 1.689747
199 1.693907
200 1.698067
201 1.702227
202 1.706387
203 1.710547
204 1.716547
205 1.720707
206 1.724867
207 1.729027
208 1.731347
209 1.735507
210 1.739667
211 1.743827
212 1.747987
213 1.752147
214 1.756307
215 1.760467
216 1.764627
217 1.770867
218 1.772947
219 1.777107
220 1.781267
221 1.785427
222 1.791667
223 1.797907
224 1.799987
225 1.802067
226 1.806227
227 1.812467
228 1.818707
229 1.822867
230 1.824947
231 1.827027
232 1.833267
233 1.837427
234 1.841587
235 1.845747
236 1.854067
237 1.856147
238 1.860307
239 1.864467
240 1.872787
241 1.881107
242 1.885267
243 1.889427
244 1.893587
245 1.899827
246 1.906067
247 1.908147
248 1.918547
249 1.922707
250 1.926867
251 1.931027
252 1.937267
253 1.941427
254 1.945587
255 1.947667
256 1.951827
257 1.958067
258 1.962227
259 1.966387
260 1.970547
261 1.976787
262 1.983027
263 1.985107
264 1.989267
265 1.993427
266 1.999667
267 2.001747
268 2.005907
269 2.010067
270 2.018387
276 2.022547
277 2.024627
278 2.026707
271 2.028787
272 2.035027
273 2.039187
274 2.043347
275 2.047507
279 2.057907
280 2.059987
281 2.062067
282 2.064147
283 2.066227
284 2.070387
285 2.074547
286 2.078707
287 2.097427
288 2.101587
289 2.107827
290 2.111987
271 2.116147
291 2.118227
292 2.122387
293 2.124467
294 2.128627
295 2.134867
296 2.136947
297 2.151507
298 2.157747
299 2.163987
300 2.168147
301 2.172307
302 2.178547
303 2.182707
304 2.186867
305 2.191027
306 2.193107
307 2.199347
308 2.211827
309 2.218067
310 2.224307
311 2.228467
312 2.232627
313 2.238867
314 2.243027
315 2.247187
316 2.251347
317 2.257587
318 2.261747
319 2.267987
325 2.270067
326 2.272147
327 2.274227
328 2.276307
320 2.288787
321 2.295027
322 2.299187
323 2.303347
324 2.309587
329 2.328307
330 2.330387
331 2.332467
332 2.334547
333 2.336627
334 2.338707
320 2.340787
335 2.342867
336 2.386547
337 2.388627
338 2.390707
339 2.392787
340 2.394867
341 2.396947
342 2.401107
343 2.407347
344 2.448947
345 2.453107
346 2.457267
347 2.463507
348 2.469747
349 2.471827
350 2.475987
351 2.480147
352 2.482227
353 2.505107
354 2.509267
355 2.515507
357 2.527987
358 2.532147
359 2.536307
360 2.540467
361 2.546707
364 2.567507
365 2.575827
366 2.588307
367 2.592467
356 2.596627
368 2.638227
369 2.644467
362 2.819187
363 2.837667
364 2.841827
370 2.856147
371 2.860307
372 2.864467
373 2.878787
374 2.882947
375 2.887107
376 2.897267
377 2.901427
378 2.907667
379 2.913907
380 2.920147
381 2.924307
382 2.930547
383 2.934707
384 2.938867
385 2.943027
386 2.947187
387 2.951347
388 2.955507
389 2.959667
390 2.963827
391 2.967987
392 2.972147
393 2.976307
394 2.980467
395 2.984627
396 2.988787
397 2.992947
398 2.997107
399 3.001267
400 3.005427
401 3.009587
402 3.013747
403 3.017907
404 3.022067
405 3.026227
406 3.032467
407 3.036627
408 3.040787
409 3.044947
410 3.053267
411 3.057427
412 3.061587
413 3.065747
414 3.069907
415 3.080307
416 3.084467
417 3.088627
418 3.092787
419 3.096947
420 3.101107
421 3.113587
422 3.119827
423 3.123987
424 3.128147
425 3.132307
426 3.136467
427 3.140627
428 3.144787
429 3.153107
430 3.157267
431 3.163507
432 3.167667
433 3.171827
434 3.173907
435 3.178067
436 3.182227
437 3.186387
438 3.190547
439 3.196787
440 3.203027
441 3.211347
442 3.217587
443 3.221747
444 3.225907
445 3.230067
446 3.234227
447 3.238387
448 3.240467
449 3.244627
450 3.246707
451 3.250867
452 3.252947
453 3.263347
454 3.267507
455 3.271667
456 3.275827
457 3.279987
458 3.284147
459 3.288307
460 3.294547
461 3.298707
462 3.300787
463 3.307027
464 3.315347
465 3.317427
466 3.319507
467 3.323667
468 3.327827
469 3.331987
470 3.336147
471 3.342387
472 3.346547
473 3.352787
474 3.356947
475 3.361107
476 3.367347
477 3.373587
478 3.375667
479 3.379827
480 3.383987
481 3.388147
482 3.392307
484 3.394387
485 3.396467
486 3.398547
487 3.400627
488 3.402707
489 3.404787
490 3.406867
491 3.408947
483 3.415187
492 3.446387
493 3.448467
494 3.450547
495 3.452627
496 3.454707
497 3.456787
498 3.458867
499 3.460947
483 3.463027
500 3.500467
501 3.502547
502 3.504627
503 3.506707
504 3.508787
505 3.510867
506 3.512947
507 3.515027
508 3.519187
509 3.558707
510 3.562867
511 3.564947
512 3.567027
513 3.571187
514 3.577427
515 3.585747
516 3.589907
517 3.598227
518 3.619027
519 3.623187
520 3.627347
521 3.633587
522 3.639827
523 3.646067
524 3.652307
525 3.656467
528 3.681427
529 3.685587
530 3.689747
531 3.698067
532 3.706387
526 3.725107
537 3.743827
538 3.747987
527 3.943587
533 3.963827
534 3.966227
535 3.982307
536 3.986467
537 4.000787
538 4.004947
539 4.009107
540 4.013267
541 4.017427
542 4.021587
543 4.025747
544 4.031747
545 4.035907
546 4.040067
547 4.044227
548 4.050227
549 4.054387
550 4.058547
551 4.062707
552 4.066867
553 4.071027
554 4.075187
555 4.079347
556 4.083507
557 4.087667
558 4.091827
559 4.095987
560 4.100147
561 4.104307
562 4.108467
563 4.112627
564 4.116787
565 4.120947
566 4.125107
567 4.131347
568 4.135507
569 4.137587
570 4.141747
571 4.152147
572 4.154227
573 4.158387
574 4.162547
575 4.168787
576 4.175027
577 4.177107
578 4.181267
579 4.185427
580 4.199987
581 4.210387
582 4.214547
583 4.216627
584 4.218707
585 4.222867
586 4.224947
587 4.229107
588 4.233267
589 4.241587
590 4.249907
591 4.254067
592 4.256147
593 4.260307
594 4.264467
595 4.266547
596 4.274867
597 4.281107
598 4.285267
599 4.291507
600 4.293587
601 4.297747
602 4.303987
603 4.308147
604 4.312307
605 4.318547
607 4.324787
608 4.328947
609 4.331027
610 4.333107
611 4.335187
612 4.341427
606 4.347667
613 4.353907
614 4.360147
615 4.366387
616 4.372627
617 4.376787
618 4.380947
619 4.383027
606 4.387187
620 4.399667
621 4.405907
622 4.416307
623 4.420467
624 4.422547
625 4.426707
626 4.428787
627 4.432947
628 4.449587
629 4.459987
630 4.464147
631 4.468307
632 4.470387
633 4.474547
634 4.480787
635 4.489107
636 4.499507
637 4.507827
638 4.514067
639 4.516147
640 4.518227
641 4.524467
642 4.530707
643 4.536947
644 4.545267
645 4.553587
646 4.561907
647 4.568147
648 4.570227
649 4.576467
650 4.580627
651 4.586867
652 4.593107
653 4.603507
654 4.605587
656 4.611827
657 4.613907
658 4.615987
659 4.618067
660 4.620147
661 4.622227
662 4.626387
655 4.632627
663 4.667987
664 4.672147
665 4.676307
666 4.678387
667 4.680467
655 4.682547
668 4.728307
669 4.732467
670 4.736627
671 4.738707
672 4.742867
673 4.749107
674 4.755347
675 4.794867
676 4.799027
677 4.805267
678 4.809427
679 4.813587
680 4.819827
681 4.823987
682 4.861427
683 4.869747
684 4.875987
685 4.880147
686 4.886387
687 4.888467
688 4.917587
689 4.921747
690 4.946707
691 4.948787
692 4.950867
693 4.952947
694 4.955027
695 4.957107
696 4.959187
697 4.994547
698 4.996627
699 4.998707
700 5.000787
701 5.002867
702 5.004947
703 5.007027
704 5.009107
705 5.027827
706 5.031987
707 5.050707
708 5.052787
709 5.054867
710 5.056947
711 5.061107
712 5.069427
713 5.071507
714 5.073587
715 5.075667
716 5.077747
717 5.081907
718 5.096467
719 5.098547
720 5.102707
721 5.111027
722 5.113107
723 5.117267
724 5.121427
725 5.125587
726 5.129747
727 5.135987
728 5.140147
729 5.144307
730 5.146387
731 5.148467
732 5.150547
733 5.152627
734 5.154707
735 5.158867
736 5.163027
737 5.165107
738 5.167187
739 5.169267
740 5.173427
741 5.175507
742 5.177587
743 5.179667
744 5.181747
745 5.183827
746 5.185907
747 5.192147
748 5.194227
749 5.198147
750 5.202307
751 5.206467
752 5.210627
753 5.214787
754 5.218947
755 5.223107
756 5.227267
757 5.233267
758 5.237427
759 5.241587
760 5.243907
761 5.248067
762 5.252227
763 5.256387
764 5.260547
765 5.264707
766 5.270707
767 5.274867
768 5.279027
769 5.283187
770 5.285507
771 5.289667
772 5.293827
773 5.297987
774 5.302147
775 5.306307
776 5.310467
777 5.314627
778 5.318787
779 5.322947
780 5.327107
781 5.331267
782 5.335427
783 5.339587
784 5.343747
785 5.347907
786 5.354147
787 5.360387
788 5.362467
789 5.368707
790 5.374947
791 5.377027
792 5.379107
793 5.381187
794 5.387427
795 5.401987
796 5.404067
797 5.410307
798 5.412387
799 5.416547
800 5.418627
801 5.426947
802 5.431107
803 5.435267
804 5.437347
805 5.439427
806 5.443587
807 5.451907
808 5.456067
809 5.460227
810 5.464387
811 5.466467
812 5.470627
813 5.476867
814 5.481027
815 5.487267
816 5.491427
817 5.495587
818 5.499747
819 5.505987
820 5.510147
821 5.514307
822 5.522627
823 5.524707
824 5.528867
825 5.533027
826 5.539267
827 5.543427
828 5.549667
829 5.553827
830 5.560067
831 5.566307
832 5.568387
833 5.572547
834 5.576707
835 5.582947
836 5.587107
837 5.593347
838 5.599587
839 5.603747
840 5.607907
841 5.614147
842 5.616227
843 5.620387
844 5.624547
845 5.630787
846 5.634947
847 5.641187
848 5.645347
849 5.651587
850 5.657827
851 5.661987
852 5.666147
853 5.670307
854 5.672387
855 5.676547
856 5.682787
857 5.689027
858 5.693187
859 5.699427
860 5.701507
861 5.707747
862 5.711907
863 5.716067
871 5.718147
872 5.720227
873 5.722307
874 5.724387
864 5.730627
865 5.736867
866 5.741027
867 5.743107
868 5.747267
869 5.753507
870 5.757667
875 5.774307
876 5.776387
877 5.778467
878 5.780547
879 5.782627
880 5.784707
881 5.786787
882 5.788867
883 5.790947
864 5.793027
884 5.832547
885 5.838787
886 5.840867
887 5.842947
888 5.845027
889 5.847107
890 5.851267
891 5.855427
892 5.859587
893 5.863747
894 5.867907
895 5.884547
896 5.907427
897 5.909507
898 5.913667
899 5.917827
900 5.921987
901 5.926147
902 5.930307
903 5.932387
904 5.936547
905 5.940707
906 5.946947
907 5.953187
908 5.980227
909 5.986467
910 5.990627
911 5.994787
912 5.998947
913 6.003107
914 6.005187
915 6.009347
925 6.044707
921 6.053027
922 6.061347
923 6.065507
924 6.069667
930 6.102947
931 6.107107
916 6.109187
917 6.329427
918 6.348147
919 6.352307
920 6.366627
921 6.370787
922 6.374947
926 6.387427
927 6.391587
928 6.395747
929 6.401987
930 6.410307
931 6.416547
932 6.420707
933 6.429027
934 6.437347
935 6.441507
936 6.445667
937 6.449827
938 6.464387
939 6.472707
940 6.476867
941 6.481027
942 6.485187
943 6.512227
944 6.518467
945 6.522627
946 6.526787
947 6.533027
948 6.537187
949 6.562147
950 6.566307
951 6.570467
952 6.574627
953 6.580867
954 6.585027
955 6.589187
956 6.616227
957 6.637027
958 6.639107
959 6.641187
960 6.645347
961 6.647427
962 6.649507
963 6.653667
964 6.666147
965 6.689027
966 6.695267
967 6.699427
968 6.705667
969 6.709827
970 6.716067
971 6.722307
972 6.724387
973 6.730627
974 6.743107
975 6.751427
976 6.755587
977 6.763907
978 6.770147
979 6.780547
980 6.784707
981 6.788867
982 6.795107
983 6.797187
984 6.807587
985 6.813827
986 6.820067
987 6.828387
988 6.836707
989 6.851267
990 6.855427
991 6.859587
992 6.865827
993 6.867907
994 6.874147
995 6.880387
996 6.886627
997 6.894947
998 6.899107
999 6.921987
1000 6.930307
1001 6.934467
1002 6.938627
1003 6.942787
1004 6.949027
1005 6.951107
1006 6.953187
1007 6.957347
1008 6.959427
1009 6.965667
1010 6.967747
1015 7.005187
1016 7.011427
1011 7.017667
1012 7.021827
1013 7.023907
1014 7.025987
1017 7.030147
1018 7.032227
1019 7.038467
1020 7.040547
1021 7.042627
1022 7.044707
1023 7.046787
1024 7.059267
1025 7.065507
1026 7.073827
1027 7.077987
1028 7.082147
1029 7.086307
1030 7.088387
1031 7.090467
1032 7.096707
1033 7.100867
1034 7.105027
1035 7.109187
1036 7.113347
1037 7.117507
1038 7.123747
1039 7.127907
1040 7.132067
1041 7.134147
1042 7.138307
1043 7.142467
1044 7.146627
1045 7.148707
1046 7.150787
1047 7.152867
1048 7.157027
1049 7.165347
1050 7.169507
1051 7.173667
1052 7.175747
1053 7.179907
1054 7.184067
1055 7.188227
1056 7.190307
1057 7.194467
1058 7.198627
1059 7.206947
1065 7.209027
1066 7.211107
1060 7.215267
1061 7.219427
1062 7.221507
1063 7.225667
1064 7.229827
1067 7.238147
1068 7.242307
1069 7.248547
1070 7.250627
1071 7.256867
1074 7.263107
1079 7.269347
1080 7.271427
1081 7.279747
1082 7.283907
1083 7.288067
1084 7.294307
1085 7.296387
1086 7.302627
1087 7.304707
1088 7.306787
1089 7.308867
1090 7.310947
1072 7.313027
1091 7.327347
1073 7.534707
1075 7.555507
1076 7.559667
1077 7.580467
1078 7.584627
1079 7.588787
1080 7.597107
1081 7.609587
1092 7.613747
1093 7.617907
1094 7.628307
1095 7.632467
1096 7.638707
1097 7.644947
1098 7.667827
1099 7.671987
1100 7.678227
1101 7.684467
1102 7.688627
1103 7.711507
1104 7.717747
1105 7.721907
1106 7.728147
1107 7.732307
1108 7.736467
1109 7.763507
1110 7.769747
1111 7.773907
1112 7.809267
1113 7.811347
1114 7.813427
1115 7.817587
1116 7.825907
1117 7.827987
1118 7.834227
1119 7.861267
1120 7.865427
1121 7.869587
1122 7.877907
1123 7.882067
1124 7.884147
1125 7.890387
1126 7.894547
1127 7.915347
1128 7.919507
1129 7.923667
1130 7.934067
1131 7.938227
1132 7.944467
1133 7.948627
1134 7.952787
1135 7.959027
1136 7.973587
1137 7.977747
1138 7.986067
1139 8.013107
1140 8.017267
1141 8.021427
1142 8.023507
1143 8.025587
1144 8.029747
1145 8.031827
1146 8.038067
1147 8.040147
1148 8.046387
1149 8.071347
1150 8.075507
1151 8.077587
1152 8.081747
1153 8.083827
1154 8.090067
1155 8.092147
1156 8.098387
1157 8.102547
1158 8.108787
1159 8.125427
1160 8.129587
1161 8.131667
1162 8.135827
1163 8.139987
1164 8.144147
1165 8.148307
1166 8.152467
1167 8.156627
1168 8.162867
1169 8.164947
1170 8.169107
1171 8.179507
1172 8.183667
1173 8.187827
1174 8.191987
1175 8.196147
1176 8.202387
1177 8.206547
1178 8.210707
1179 8.216947
1180 8.219027
1181 8.221107
1182 8.223187
1183 8.227347
1184 8.229427
1185 8.233587
1186 8.237747
1187 8.239827
1188 8.241907
1189 8.243987
1190 8.248147
1191 8.254387
1192 8.258547
1193 8.260627
1194 8.264787
1195 8.268947
1196 8.273107
1197 8.275187
1198 8.277267
1199 8.279347
1200 8.287667
1201 8.291827
1202 8.293907
1203 8.298067
1204 8.302227
1205 8.306387
1206 8.308467
1207 8.312627
1208 8.318867
1209 8.325107
1210 8.327187
1211 8.331347
1212 8.335507
1213 8.339667
1214 8.343827
1215 8.347987
1218 8.352147
1219 8.354227
1220 8.356307
1216 8.358387
1217 8.366707
1221 8.377107
1222 8.379187
1223 8.381267
1224 8.383347
1225 8.385427
1226 8.387507
1227 8.402067
1228 8.406227
1229 8.412467
1230 8.416627
1231 8.418707
1232 8.420787
1233 8.427027
1216 8.433267
1234 8.439507
1235 8.443667
1236 8.449907
1237 8.460307
1238 8.464467
1239 8.466547
1240 8.468627
1241 8.472787
1242 8.479027
1243 8.483187
1244 8.497747
1245 8.503987
1246 8.508147
1247 8.514387
1248 8.516467
1249 8.520627
1250 8.524787
1251 8.528947
1252 8.539347
1253 8.545587
1254 8.551827
1255 8.560147
1256 8.564307
1258 8.570547
1259 8.583027
1260 8.587187
1261 8.589267
1262 8.591347
1266 8.603827
1267 8.607987
1268 8.612147
1269 8.620467
1257 8.624627
1270 8.643347
1263 8.844867
1264 8.863347
1265 8.871667
1266 8.882307
1267 8.892707
1271 8.896867
1272 8.901027
1273 8.905187
1274 8.917667
1275 8.925987
1276 8.934307
1277 8.948867
1278 8.957187
1279 8.963427
1280 8.969667
1281 8.986307
1282 8.992547
1283 8.996707
1284 9.002947
1285 9.007107
1286 9.027907
1287 9.036227
1288 9.040387
1289 9.046627
1290 9.050787
1291 9.057027
1295 9.088227
1296 9.092387
1297 9.096547
1298 9.102787
1292 9.109027
1293 9.113187
1294 9.115267
1299 9.144387
1300 9.148547
1292 9.152707
1301 9.169347
1302 9.175587
1303 9.198467
1304 9.202627
1305 9.208867
1306 9.225507
1307 9.233827
1308 9.254627
1309 9.258787
1310 9.267107
1311 9.300387
1312 9.310787
1313 9.314947
1314 9.321187
1315 9.323267
1316 9.327427
1317 9.362787
1318 9.369027
1319 9.373187
1320 9.377347
1321 9.381507
1322 9.385667
1323 9.391907
1324 9.433507
1325 9.435587
1326 9.437667
1327 9.439747
1328 9.441827
1329 9.443907
1330 9.445987
1331 9.448067
1332 9.485507
1333 9.487587
1334 9.489667
1335 9.491747
1336 9.493827
1337 9.495907
1338 9.497987
1339 9.500067
1340 9.502147
1341 9.541667
1342 9.543747
1343 9.545827
1344 9.547907
1345 9.549987
1346 9.556227
1347 9.560387
1348 9.562467
1349 9.564547
1350 9.566627
1351 9.577027
1352 9.579107
1353 9.583267
1354 9.585347
1355 9.589507
1356 9.591587
1357 9.595747
1358 9.601987
1359 9.604067
1360 9.606147
1361 9.608227
1362 9.610307
1363 9.612387
1364 9.614467
1365 9.620707
1366 9.622787
1367 9.626707
1368 9.630867
1369 9.637107
1370 9.641267
1371 9.645427
1372 9.647507
1373 9.651667
1374 9.655827
1375 9.659987
1376 9.664147
1377 9.668307
1378 9.674307
1379 9.676627
1380 9.682627
1381 9.684947
1382 9.689107
1383 9.693267
1384 9.697427
1385 9.701587
1386 9.705747
1387 9.709907
1388 9.714067
1389 9.718227
1390 9.722387
1391 9.726547
1392 9.730707
1393 9.734867
1394 9.739027
1395 9.743187
1396 9.747347
1397 9.751507
1398 9.755667
1399 9.760147
1400 9.763987
1401 9.768147
1402 9.772307
1403 9.776467
1404 9.780627
1405 9.784787
1406 9.788947
1407 9.793107
1408 9.799107
1409 9.803267
1410 9.805587
1411 9.809747
1412 9.813907
1413 9.820147
1414 9.824307
1415 9.828467
1416 9.832627
1417 9.838867
1418 9.843027
1419 9.847187
1420 9.851347
1421 9.859667
1422 9.863827
1423 9.867987
1424 9.872147
1425 9.876307
1426 9.882547
1427 9.886707
1428 9.892947
1429 9.897107
1430 9.901267
1431 9.905427
1432 9.917907
1433 9.924147
1434 9.928307
1435 9.930387
1436 9.934547
1437 9.938707
1438 9.942867
1439 9.953267
1440 9.957427
1441 9.961587
1442 9.963667
1443 9.969907
1444 9.971987
1445 9.976147
1446 9.980307
1447 9.984467
1448 9.990707
1449 9.994867
1450 10.001107
1451 10.005267
1452 10.009427
1453 10.015667
1454 10.017747
1455 10.021907
1456 10.026067
1457 10.030227
1458 10.038547
1459 10.042707
1460 10.044787
1461 10.051027
1462 10.055187
1464 10.057267
1465 10.059347
1466 10.061427
1467 10.063507
1468 10.065587
1469 10.067667
1470 10.069747
1463 10.073907
1471 10.098867
1472 10.103027
1473 10.107187
1474 10.111347
1475 10.113427
1476 10.115507
1477 10.117587
1478 10.119667
1479 10.125907
1480 10.130067
1481 10.134227
1482 10.140467
1463 10.150867
1483 10.167507
1484 10.169587
1485 10.171667
1486 10.177907
1487 10.182067
1488 10.186227
1489 10.190387
1490 10.196627
1491 10.204947
1492 10.209107
1493 10.217427
1494 10.227827
1495 10.234067
1496 10.238227
1497 10.242387
1498 10.248627
1499 10.250707
1500 10.256947
1501 10.261107
1502 10.267347
1503 10.273587
1504 10.286067
1505 10.292307
1506 10.298547
1507 10.302707
1508 10.306867
1513 10.311027
1514 10.313107
1515 10.315187
1516 10.317267
1517 10.319347
1509 10.325587
1510 10.329747
1511 10.335987
1512 10.340147
1518 10.373427
1519 10.375507
1520 10.377587
1521 10.379667
1522 10.381747
1509 10.383827
1523 10.385907
1524 10.387987
1525 10.437907
1526 10.442067
1527 10.446227
1528 10.448307
1529 10.452467
1530 10.458707
1531 10.464947
1532 10.504467
1533 10.508627
1534 10.512787
1535 10.516947
1536 10.523187
1537 10.529427
1538 10.533587
1539 10.541907
1540 10.577267
1541 10.581427
1542 10.585587
1543 10.591827
1544 10.595987
1545 10.602227
1546 10.606387
1547 10.612627
1548 10.623027
1549 10.643827
1550 10.647987
1551 10.652147
1552 10.660467
1553 10.662547
1554 10.666707
1555 10.668787
1558 10.677107
1559 10.687507
1560 10.691667
1561 10.695827
1564 10.697907
1565 10.699987
1566 10.702067
1562 10.704147
1563 10.706227
1567 10.708307
1568 10.710387
1556 10.712467
1569 10.724707
1570 10.728867
1571 10.735107
1557 10.932787
1572 10.953347
1573 10.959587
1574 10.982467
1575 10.988707
1576 11.009507
1577 11.015747
1578 11.021987
1579 11.046947
1580 11.059427
1581 11.063587
1582 11.069827
1583 11.084387
1584 11.098947
1585 11.101027
1586 11.103107
1587 11.109347
1588 11.119747
1589 11.136387
1590 11.140547
1591 11.144707
1592 11.148867
1593 11.155107
1594 11.161347
1595 11.177987
1596 11.182147
1597 11.188387
1598 11.194627
1599 11.198787
1600 11.205027
1601 11.211267
1602 11.223747
1603 11.227907
1604 11.236227
1605 11.242467
1606 11.248707
1607 11.257027
1608 11.263267
1609 11.271587
1610 11.275747
1611 11.279907
1612 11.290307
1613 11.296547
1614 11.302787
1615 11.313187
1616 11.321507
1617 11.329827
1618 11.333987
1624 11.356867
1619 11.367267
1620 11.371427
1621 11.375587
1622 11.379747
1623 11.381827
1625 11.385987
1626 11.394307
1627 11.398467
1628 11.419267
1629 11.425507
1630 11.427587
1631 11.429667
1632 11.433827
1633 11.440067
1634 11.446307
1635 11.450467
1636 11.454627
1637 11.460867
1638 11.481667
1639 11.485827
1640 11.487907
1641 11.494147
1642 11.498307
1643 11.504547
1644 11.508707
1645 11.510787
1646 11.517027
1647 11.523267
1648 11.527427
1649 11.548227
1650 11.550307
1651 11.556547
1652 11.558627
1653 11.577347
1654 11.583587
1655 11.587747
1656 11.589827
1657 11.596067
1658 11.602307
1659 11.604387
1660 11.606467
1661 11.616867
1662 11.618947
1663 11.641827
1664 11.643907
1665 11.648067
1666 11.652227
1667 11.656387
1668 11.658467
1669 11.662627
1670 11.664707
1671 11.666787
1672 11.670947
1673 11.675107
1674 11.681347
1675 11.685507
1676 11.700067
1677 11.702147
1678 11.704227
1679 11.706307
1680 11.708387
1681 11.710467
1682 11.729187
1683 11.731267
1684 11.733347
1685 11.737507
1686 11.743747
1687 11.745827
1688 11.747907
1689 11.752067
1690 11.754147
1691 11.756227
1692 11.758307
1693 11.762467
1694 11.766627
1695 11.770787
1696 11.774947
1697 11.779107
1698 11.785347
1699 11.789507
1700 11.793667
1701 11.799907
1702 11.804067
1703 11.808227
1704 11.812387
1705 11.816547
1706 11.820707
1708 11.826947
1709 11.833187
1710 11.837347
1711 11.841507
1712 11.845667
1715 11.853987
1716 11.858147
1717 11.862307
1718 11.866467
1719 11.870627
1722 11.878947
1723 11.883107
1724 11.887267
1707 11.891427
1725 11.905987
1726 11.910147
1713 12.109907
1714 12.128387
1715 12.132547
1720 12.146867
1721 12.151027
1722 12.155187
1723 12.159347
1724 12.165347
