0.11	0.00
0.12	541.53
0.14	541.53
0.14	760.79
0.14	953.91
0.16	803.00
0.16	926.41
0.17	968.64
0.18	943.77
0.18	1031.33
0.18	1114.00
0.18	1192.20
0.19	1233.73
0.19	1303.05
0.20	1275.44
0.20	1279.14
0.20	1335.94
0.21	1335.78
0.21	1360.89
0.22	1409.85
0.23	1292.27
0.23	1335.32
0.24	1315.27
0.25	1335.14
0.25	1353.90
0.26	1317.41
0.27	1318.02
0.27	1334.87
0.27	1350.92
0.28	1366.21
0.29	1334.72
0.29	1349.20
0.30	1348.70
0.30	1362.14
0.31	1375.04
0.31	1360.46
0.32	1359.69
0.33	1358.96
0.33	1370.52
0.33	1381.67
0.34	1368.62
0.35	1367.73
0.35	1366.89
0.36	1377.03
0.36	1386.85
0.37	1375.03
0.38	1374.09
0.38	1373.20
0.39	1382.22
0.39	1390.99
0.40	1380.20
0.40	1379.25
0.41	1378.34
0.41	1386.47
0.42	1394.39
0.43	1384.46
0.43	1383.51
0.44	1382.60
0.44	1390.00
0.45	1397.22
0.45	1388.03
0.46	1387.10
0.47	1386.20
0.47	1392.98
0.47	1399.62
0.48	1398.55
0.49	1390.16
0.49	1389.27
0.50	1395.54
0.50	1401.68
0.51	1400.65
0.52	1392.80
0.52	1391.93
0.53	1397.75
0.53	1403.47
0.54	1402.48
0.54	1401.53
0.55	1387.97
0.56	1393.44
0.56	1405.03
0.56	1404.08
0.57	1403.17
0.58	1396.30
0.58	1401.40
0.59	1400.55
0.59	1405.50
0.60	1404.62
0.60	1403.76
0.61	1402.91
0.62	1402.09
0.62	1406.76
0.63	1405.91
0.63	1405.08
0.64	1404.27
0.64	1403.47
0.65	1407.89
0.65	1407.08
0.66	1406.27
0.67	1405.49
0.67	1404.72
0.68	1408.91
0.68	1408.12
0.69	1412.22
0.69	1411.41
0.70	1415.42
0.70	1414.59
0.71	1409.08
0.71	1412.98
0.72	1407.59
0.73	1406.88
0.73	1415.22
0.74	1409.94
0.74	1413.67
0.75	1412.91
0.76	1407.81
0.76	1411.45
0.77	1410.74
0.77	1414.30
0.78	1413.57
0.78	1408.67
0.79	1412.15
0.79	1411.46
0.80	1414.88
0.80	1414.17
0.81	1413.48
0.82	1412.80
0.82	1412.13
0.83	1415.41
0.83	1414.73
0.84	1414.06
0.84	1413.40
0.85	1412.75
0.85	1415.90
0.86	1415.25
0.87	1414.60
0.87	1421.40
0.88	1417.01
0.88	1420.03
0.89	1415.72
0.89	1415.09
0.90	1421.66
0.90	1420.99
0.91	1420.33
0.92	1416.17
0.92	1415.56
0.93	1418.42
0.93	1421.25
0.94	1420.61
0.94	1416.58
0.95	1415.99
0.95	1418.75
0.96	1421.49
0.96	1420.87
0.97	1416.97
0.98	1416.40
0.98	1422.32
0.99	1421.72
0.99	1424.34
1.00	1417.34
1.01	1416.78
1.01	1419.36
1.01	1425.07
1.02	1427.61
1.02	1433.26
1.02	1438.89
1.03	1428.86
1.04	1428.24
1.05	1421.56
1.05	1427.03
1.05	1432.49
1.05	1437.92
1.06	1434.24
1.07	1430.63
1.08	1424.14
1.08	1426.50
1.09	1431.77
1.09	1437.01
1.09	1439.30
1.10	1432.87
1.11	1426.56
1.12	1428.84
1.12	1431.09
1.12	1436.16
1.12	1441.21
1.13	1434.96
1.14	1428.83
1.15	1431.03
1.15	1433.21
1.16	1435.37
1.16	1440.26
1.17	1436.93
1.18	1430.96
1.18	1433.09
1.18	1435.19
1.19	1437.29
1.19	1439.36
1.20	1441.42
1.21	1432.97
1.21	1435.03
1.22	1437.07
1.22	1439.09
1.22	1441.10
1.23	1443.10
1.24	1434.87
1.24	1436.86
1.25	1438.83
1.25	1440.79
1.26	1442.74
1.26	1444.68
1.27	1439.13
1.28	1438.59
1.28	1440.50
1.28	1442.41
1.29	1444.30
1.29	1446.17
1.30	1443.18
1.31	1440.22
1.31	1442.08
1.32	1443.93
1.32	1445.77
1.32	1447.59
1.33	1444.67
1.34	1441.78
1.34	1443.58
1.35	1445.38
1.35	1447.16
1.36	1448.94
1.36	1446.08
1.37	1445.54
1.38	1445.01
1.38	1446.75
1.38	1448.49
1.39	1450.21
1.40	1447.42
1.40	1446.89
1.41	1446.36
1.41	1448.06
1.42	1449.75
1.42	1451.43
1.43	1448.69
1.43	1448.17
1.44	1447.65
1.44	1449.30
1.45	1450.95
1.45	1452.58
1.46	1449.90
1.47	1449.39
1.47	1448.88
1.48	1450.49
1.48	1452.09
1.48	1453.69
1.49	1451.06
1.50	1450.55
1.50	1450.05
1.51	1451.62
1.51	1453.19
1.52	1454.74
1.52	1452.17
1.53	1451.67
1.54	1451.17
1.54	1452.70
1.55	1452.21
1.55	1453.73
1.56	1451.22
1.57	1444.78
1.58	1444.33
1.58	1445.84
1.59	1445.38
1.59	1448.83
1.60	1446.42
1.60	1445.96
1.61	1445.51
1.61	1446.99
1.62	1446.54
1.62	1446.09
1.63	1443.75
1.64	1443.31
1.64	1444.77
1.65	1444.33
1.65	1443.90
1.66	1441.61
1.67	1441.20
1.67	1442.63
1.68	1442.21
1.68	1441.80
1.69	1441.38
1.70	1439.16
1.70	1440.57
1.71	1440.17
1.71	1439.77
1.72	1439.37
1.73	1437.20
1.73	1438.59
1.74	1438.20
1.74	1437.82
1.75	1437.44
1.76	1437.06
1.76	1436.68
1.77	1436.31
1.77	1435.94
1.78	1435.57
1.79	1435.20
1.79	1434.84
1.80	1434.48
1.80	1434.12
1.81	1433.77
1.82	1433.41
1.82	1433.06
1.83	1432.71
1.83	1432.37
1.84	1432.03
1.85	1431.68
1.85	1431.35
1.86	1431.01
1.86	1430.68
1.87	1430.34
1.88	1430.02
1.88	1429.69
1.89	1429.36
1.89	1429.04
1.90	1428.72
1.91	1428.40
1.91	1428.09
1.92	1427.77
1.92	1427.46
1.93	1427.15
1.94	1426.84
1.94	1426.54
1.95	1426.23
1.95	1425.93
1.96	1425.63
1.97	1425.33
1.97	1425.04
1.98	1424.74
1.98	1424.45
1.99	1424.16
2.00	1423.87
2.00	1423.58
2.01	1423.30
2.01	1423.01
2.02	1422.73
2.03	1422.45
2.03	1422.18
2.04	1421.90
2.04	1421.62
2.05	1421.35
2.06	1421.08
2.06	1420.81
2.07	1420.54
2.07	1420.28
2.08	1420.01
2.09	1419.75
2.09	1419.49
2.10	1419.23
2.10	1418.97
2.11	1418.71
2.12	1418.46
2.12	1418.21
2.13	1417.95
2.13	1417.70
2.14	1417.45
2.15	1417.21
2.15	1416.96
2.16	1416.71
2.16	1416.47
2.17	1416.23
2.18	1415.99
2.18	1415.75
2.19	1415.51
2.19	1415.28
2.20	1415.04
2.21	1414.81
2.21	1414.57
2.22	1413.00
2.23	1412.78
2.23	1413.89
2.24	1413.66
2.24	1413.43
2.25	1413.21
2.25	1412.98
2.26	1412.76
2.27	1412.54
2.27	1412.32
2.28	1412.10
2.28	1411.89
2.29	1411.67
2.30	1411.46
2.30	1411.24
2.31	1411.03
2.31	1410.82
2.32	1410.61
2.33	1410.40
2.33	1410.19
2.34	1409.98
2.34	1409.78
2.35	1409.57
2.36	1409.37
2.36	1409.17
2.37	1407.72
2.38	1407.52
2.38	1407.33
2.39	1405.90
2.39	1406.94
2.40	1406.75
2.41	1406.55
2.41	1406.36
2.42	1406.17
2.42	1407.20
2.43	1405.80
2.44	1405.61
2.44	1405.43
2.45	1405.24
2.45	1406.26
2.46	1404.87
2.47	1404.69
2.47	1404.51
2.48	1404.33
2.48	1405.33
2.49	1403.97
2.50	1403.80
2.50	1403.62
2.51	1403.44
2.51	1404.44
2.52	1404.26
2.53	1402.92
2.53	1402.75
2.54	1402.58
2.54	1403.56
2.55	1403.39
2.56	1402.07
2.56	1400.76
2.57	1401.73
2.57	1402.70
2.58	1402.54
2.58	1402.37
2.59	1404.46
2.59	1404.29
2.60	1404.12
2.61	1401.70
2.61	1401.54
2.62	1402.49
2.62	1402.33
2.63	1401.05
2.64	1399.79
2.65	1399.63
2.65	1400.58
2.66	1400.42
2.66	1399.16
2.67	1397.92
2.68	1398.86
2.68	1399.79
2.69	1399.64
2.69	1398.40
2.70	1398.25
2.71	1398.10
2.71	1399.02
2.72	1397.80
2.72	1397.65
2.73	1397.51
2.74	1397.36
2.74	1398.28
2.75	1398.13
2.75	1400.10
2.76	1398.89
2.76	1398.74
2.77	1398.59
2.78	1397.40
2.78	1399.35
2.79	1398.16
2.79	1398.01
2.80	1397.87
2.81	1396.69
2.81	1397.58
2.82	1397.44
2.82	1397.30
2.83	1397.15
2.84	1395.99
2.84	1396.87
2.85	1396.74
2.85	1396.60
2.86	1396.46
2.87	1395.31
2.87	1396.18
2.88	1396.05
2.88	1395.91
2.89	1395.78
2.90	1394.64
2.90	1395.51
2.91	1395.38
2.91	1395.24
2.92	1395.11
2.93	1393.99
2.93	1394.85
2.94	1394.72
2.94	1394.59
2.95	1394.46
2.96	1393.35
2.96	1394.20
2.97	1394.07
2.97	1393.95
2.98	1393.82
2.99	1392.72
2.99	1393.57
3.00	1393.44
3.00	1393.32
3.01	1393.19
3.02	1392.11
3.02	1392.95
3.03	1392.82
3.03	1392.70
3.04	1392.58
3.05	1391.51
3.05	1392.34
3.06	1392.22
3.06	1392.10
3.07	1391.98
3.07	1391.86
3.08	1391.74
3.09	1391.63
3.09	1391.51
3.10	1391.39
3.10	1391.28
3.11	1391.16
3.12	1391.04
3.12	1390.93
3.13	1390.81
3.13	1390.70
3.14	1390.59
3.15	1390.47
3.15	1390.36
3.16	1390.25
3.16	1390.14
3.17	1390.03
3.18	1389.92
3.18	1389.80
3.19	1389.69
3.19	1389.59
3.20	1389.48
3.21	1388.47
3.21	1388.36
3.22	1386.48
3.23	1386.37
3.24	1386.27
3.25	1384.40
3.25	1384.31
3.26	1384.21
3.26	1384.11
3.27	1384.02
3.28	1383.92
3.28	1383.82
3.29	1383.73
3.29	1383.63
3.30	1383.54
3.31	1383.45
3.31	1383.35
3.32	1383.26
3.32	1383.17
3.33	1383.07
3.34	1382.98
3.34	1382.89
3.35	1382.80
3.35	1382.70
3.36	1382.61
3.37	1382.52
3.37	1382.43
3.38	1382.34
3.38	1382.25
3.39	1382.16
3.40	1382.07
3.40	1381.98
3.41	1381.90
3.41	1381.81
3.42	1381.72
3.43	1381.63
3.43	1381.55
3.44	1381.46
3.44	1381.37
3.45	1381.29
3.46	1381.20
3.46	1381.11
3.47	1381.03
3.47	1380.94
3.48	1380.86
3.49	1380.78
3.49	1380.69
3.50	1380.61
3.50	1380.52
3.51	1380.44
3.52	1380.36
3.52	1380.27
3.53	1380.19
3.53	1380.11
3.54	1380.03
3.55	1379.95
3.55	1379.87
3.56	1379.78
3.56	1379.70
3.57	1379.62
3.58	1379.54
3.58	1379.46
3.59	1379.38
3.59	1379.31
3.60	1379.23
3.61	1379.15
3.61	1379.07
3.62	1378.99
3.62	1378.91
3.63	1378.84
3.64	1378.76
3.64	1378.68
3.65	1378.60
3.65	1378.53
3.66	1378.45
3.67	1378.37
3.67	1378.30
3.68	1378.22
3.68	1378.15
3.69	1378.07
3.70	1378.00
3.70	1377.92
3.71	1377.85
3.71	1377.78
3.72	1377.70
3.73	1377.63
3.73	1377.55
3.74	1377.48
3.74	1377.41
3.75	1377.34
3.76	1377.26
3.76	1377.19
3.77	1377.12
3.77	1377.05
3.78	1376.98
3.79	1376.91
3.79	1376.83
3.80	1376.76
3.80	1376.69
3.81	1376.62
3.82	1376.55
3.82	1376.48
3.83	1376.41
3.83	1376.34
3.84	1376.27
3.85	1376.21
3.85	1376.14
3.86	1376.07
3.86	1376.00
3.87	1376.66
3.87	1376.60
3.88	1375.80
3.89	1375.73
3.89	1375.66
3.90	1375.60
3.90	1376.98
3.91	1376.19
3.92	1375.40
3.92	1375.33
3.93	1375.26
3.93	1375.92
3.94	1375.85
3.95	1375.07
3.95	1375.00
3.96	1374.94
3.96	1375.59
3.97	1375.52
3.98	1374.74
3.98	1374.68
3.99	1374.62
3.99	1375.26
4.00	1375.19
4.01	1374.42
4.01	1374.36
4.02	1374.30
4.02	1374.94
4.03	1374.17
4.04	1373.41
4.04	1374.05
4.05	1373.99
4.05	1374.62
4.06	1374.56
4.07	1373.80
4.07	1373.74
4.08	1373.68
4.08	1374.31
4.09	1374.25
4.10	1373.50
4.10	1373.44
4.11	1373.38
4.11	1374.00
4.12	1373.94
4.13	1373.20
4.13	1373.14
4.14	1373.08
4.14	1373.70
4.15	1373.64
4.16	1372.90
4.16	1372.84
4.17	1372.79
4.17	1373.40
4.18	1373.34
4.19	1372.61
4.19	1372.55
4.20	1373.17
4.20	1373.11
4.21	1373.05
4.22	1372.33
4.22	1372.27
4.23	1373.54
4.23	1374.15
4.23	1375.43
4.23	1376.70
4.24	1376.64
4.25	1375.24
4.26	1373.86
4.26	1374.46
4.27	1375.06
4.27	1376.32
4.27	1376.92
4.28	1375.54
4.29	1374.82
4.30	1375.42
4.30	1376.02
4.30	1376.61
4.31	1377.86
4.32	1376.49
4.32	1375.77
4.33	1376.36
4.33	1376.95
4.34	1377.54
4.34	1378.13
4.35	1377.42
4.36	1376.71
4.36	1377.29
4.36	1377.88
4.37	1378.46
4.37	1379.05
4.38	1377.69
4.39	1378.27
4.39	1378.21
4.40	1378.79
4.40	1379.37
4.40	1379.95
4.41	1379.88
4.41	1381.10
4.42	1380.39
4.42	1381.61
4.42	1382.82
4.43	1382.75
4.44	1382.68
4.45	1380.70
4.45	1380.64
4.46	1381.21
4.46	1382.41
4.46	1382.98
4.47	1382.91
4.48	1380.95
4.49	1380.88
4.49	1381.45
4.50	1382.01
4.50	1383.20
4.50	1383.13
4.52	1381.18
4.52	1381.12
4.53	1381.68
4.53	1382.24
4.53	1382.80
4.54	1383.35
4.55	1381.42
4.56	1381.35
4.56	1381.91
4.56	1382.46
4.57	1383.02
4.57	1383.57
4.58	1381.65
4.59	1381.58
4.59	1382.14
4.60	1382.69
4.60	1383.24
4.61	1383.78
4.62	1381.88
4.62	1381.81
4.63	1382.36
4.63	1382.90
4.64	1383.45
4.64	1383.99
4.65	1382.10
4.66	1382.03
4.66	1382.58
4.67	1383.12
4.67	1383.66
4.67	1384.20
4.69	1382.32
4.69	1382.26
4.70	1382.79
4.70	1383.33
4.70	1383.87
4.71	1384.40
4.72	1382.54
4.73	1382.47
4.73	1383.01
4.73	1383.54
4.74	1384.07
4.74	1384.60
4.75	1382.75
4.76	1382.69
4.76	1383.22
4.77	1383.75
4.77	1384.28
4.78	1384.80
4.79	1382.96
4.79	1382.90
4.80	1383.42
4.80	1383.95
4.81	1384.47
4.81	1385.00
4.82	1383.17
4.83	1383.11
4.83	1383.63
4.84	1384.15
4.84	1384.67
4.84	1385.19
4.86	1383.37
4.86	1383.31
4.87	1383.83
4.87	1384.35
4.87	1384.86
4.88	1385.38
4.89	1383.58
4.90	1383.51
4.90	1384.03
4.90	1384.54
4.91	1385.05
4.91	1385.57
4.92	1383.77
4.93	1383.71
4.93	1384.22
4.94	1384.73
4.94	1385.24
4.95	1385.75
4.96	1383.97
4.96	1383.91
4.97	1384.42
4.97	1384.92
4.98	1385.43
4.98	1385.93
4.99	1384.16
5.00	1384.10
5.00	1384.61
5.01	1385.11
5.01	1385.04
5.02	1385.55
5.03	1383.79
5.04	1382.05
5.04	1382.55
5.05	1383.05
5.05	1382.99
5.06	1384.05
5.07	1381.75
5.08	1381.69
5.08	1382.19
5.08	1382.69
5.09	1382.63
5.09	1383.12
5.11	1380.85
5.11	1381.35
5.12	1381.84
5.12	1381.78
5.13	1382.28
5.14	1380.02
5.14	1380.51
5.15	1381.00
5.15	1380.95
5.16	1381.44
5.17	1379.20
5.18	1379.69
5.18	1380.18
5.19	1380.12
5.19	1380.61
5.20	1378.39
5.21	1378.87
5.21	1379.36
5.22	1379.31
5.22	1379.79
5.24	1377.59
5.24	1378.07
5.24	1378.55
5.25	1378.50
5.25	1378.99
5.27	1376.79
5.27	1377.28
5.28	1377.76
5.28	1377.71
5.29	1378.19
5.30	1376.01
5.30	1376.49
5.31	1376.97
5.31	1376.92
5.32	1377.40
5.33	1375.24
5.34	1375.72
5.34	1376.20
5.35	1376.15
5.35	1376.62
5.36	1374.48
5.37	1374.95
5.37	1375.43
5.38	1375.38
5.38	1375.85
5.40	1373.72
5.40	1374.20
5.40	1374.67
5.41	1374.62
5.41	1375.10
5.43	1372.98
5.43	1373.45
5.44	1373.92
5.44	1373.88
5.45	1374.35
5.46	1372.25
5.46	1372.71
5.47	1373.18
5.47	1373.14
5.48	1373.60
5.49	1371.52
5.50	1371.99
5.50	1372.45
5.51	1372.41
5.51	1372.87
5.52	1370.80
5.53	1371.27
5.53	1371.73
5.54	1371.69
5.54	1372.15
5.56	1370.09
5.56	1370.55
5.56	1371.01
5.57	1370.97
5.57	1371.43
5.59	1369.39
5.59	1369.85
5.60	1370.31
5.60	1370.27
5.61	1370.73
5.62	1368.70
5.62	1369.15
5.63	1369.61
5.63	1369.57
5.64	1370.03
5.65	1368.01
5.66	1368.47
5.66	1368.92
5.67	1368.88
5.67	1369.34
5.68	1367.33
5.69	1367.79
5.69	1368.24
5.70	1368.20
5.70	1368.65
5.72	1366.66
5.72	1367.12
5.72	1367.57
5.73	1366.56
5.74	1367.01
5.75	1366.00
5.75	1366.45
5.76	1366.90
5.76	1366.87
5.77	1367.31
5.78	1366.31
5.78	1366.28
5.79	1366.24
5.79	1366.21
5.80	1366.65
5.81	1365.66
5.81	1365.62
5.82	1365.59
5.83	1365.56
5.83	1366.00
5.84	1365.01
5.85	1364.98
5.85	1364.95
5.86	1364.91
5.86	1365.36
5.87	1364.37
5.88	1364.34
5.88	1364.31
5.89	1364.28
5.89	1364.72
5.90	1363.74
5.91	1363.71
5.91	1364.15
5.92	1363.65
5.93	1363.62
5.94	1363.12
5.94	1363.09
5.95	1363.06
5.95	1363.03
5.96	1363.93
5.97	1362.97
5.97	1362.47
5.98	1362.44
5.99	1362.41
5.99	1362.85
6.00	1362.35
6.01	1361.86
6.01	1361.83
6.02	1361.80
6.02	1362.23
6.03	1361.75
6.04	1361.26
6.04	1361.23
6.05	1361.20
6.05	1361.63
6.06	1361.14
6.07	1360.66
6.08	1360.63
6.08	1360.61
6.09	1361.03
6.10	1360.10
6.10	1359.62
6.11	1360.04
6.11	1360.02
6.12	1360.44
6.13	1359.51
6.13	1360.39
6.14	1360.36
6.14	1359.88
6.15	1359.86
6.16	1358.93
6.17	1358.91
6.17	1359.33
6.18	1358.86
6.18	1358.83
6.19	1357.91
6.20	1357.89
6.20	1358.31
6.21	1358.28
6.22	1358.26
6.23	1357.35
6.23	1357.32
6.24	1357.74
6.24	1357.72
6.25	1357.70
6.26	1356.79
6.26	1356.77
6.27	1357.18
6.27	1357.16
6.28	1356.26
6.29	1356.24
6.30	1356.21
6.30	1356.63
6.31	1356.17
6.31	1357.02
6.32	1357.00
6.32	1356.54
6.33	1356.52
6.34	1355.62
6.34	1356.04
6.35	1356.02
6.36	1355.56
6.36	1355.54
6.37	1354.65
6.38	1355.06
6.38	1355.48
6.39	1355.02
6.40	1355.00
6.41	1354.12
6.41	1354.53
6.41	1354.94
6.42	1354.49
6.43	1354.47
6.44	1353.59
6.44	1354.00
6.45	1354.41
6.45	1353.96
6.46	1353.94
6.47	1353.07
6.47	1353.48
6.48	1353.89
6.49	1353.44
6.49	1353.42
6.50	1352.56
6.51	1352.96
6.51	1353.37
6.52	1352.93
6.52	1352.91
6.53	1352.05
6.54	1352.45
6.54	1352.85
6.55	1352.41
6.56	1352.40
6.57	1351.54
6.57	1351.94
6.57	1352.34
6.58	1351.91
6.59	1351.89
6.60	1351.04
6.60	1351.44
6.61	1351.84
6.61	1351.41
6.62	1351.39
6.63	1350.54
6.63	1350.94
6.64	1351.34
6.65	1350.91
6.65	1350.89
6.66	1350.05
6.67	1350.45
6.67	1350.85
6.68	1350.42
6.68	1350.40
6.69	1349.57
6.70	1349.96
6.70	1350.36
6.71	1349.93
6.72	1349.92
6.73	1349.09
6.73	1349.48
6.73	1349.87
6.74	1349.45
6.75	1349.44
6.76	1348.61
6.76	1349.00
6.77	1349.39
6.77	1348.97
6.78	1348.96
6.79	1348.14
6.79	1348.53
6.80	1348.92
6.81	1348.10
6.81	1348.08
6.83	1346.47
6.83	1346.85
6.84	1347.24
6.84	1346.83
6.85	1346.02
6.86	1345.21
6.87	1345.60
6.87	1345.99
6.88	1345.58
6.89	1345.57
6.90	1344.76
6.90	1345.15
6.90	1345.53
6.91	1345.13
6.92	1345.12
6.93	1344.32
6.93	1344.70
6.94	1345.09
6.94	1344.68
6.95	1344.67
6.96	1343.88
6.96	1344.26
6.97	1344.64
6.98	1344.24
6.98	1344.23
6.99	1343.44
7.00	1343.82
7.00	1344.20
7.01	1343.80
7.01	1343.80
7.02	1343.01
7.03	1343.39
7.03	1343.77
7.04	1343.37
7.05	1343.36
7.06	1342.58
7.06	1342.96
7.06	1343.34
7.07	1342.94
7.08	1342.93
7.09	1342.16
7.09	1342.53
7.10	1342.91
7.10	1342.52
7.11	1342.51
7.12	1341.74
7.12	1342.11
7.13	1342.49
7.14	1342.10
7.14	1342.09
7.15	1341.32
7.16	1341.69
7.16	1342.07
7.17	1341.68
7.17	1341.67
7.18	1340.91
7.19	1341.28
7.19	1341.65
7.20	1341.26
7.21	1341.26
7.22	1340.50
7.22	1340.87
7.22	1341.24
7.23	1340.85
7.24	1340.85
7.25	1340.09
7.25	1340.46
7.26	1340.83
7.26	1340.45
7.27	1340.44
7.28	1339.69
7.28	1340.06
7.29	1340.42
7.30	1340.05
7.30	1340.04
7.31	1339.29
7.32	1339.66
7.32	1340.02
7.33	1339.65
7.33	1339.64
7.34	1338.90
7.35	1339.26
7.35	1339.63
7.36	1339.25
7.37	1339.25
7.38	1338.50
7.38	1338.87
7.38	1339.23
7.39	1338.86
7.40	1338.85
7.41	1338.12
7.41	1338.48
7.42	1338.84
7.42	1338.47
7.43	1338.47
7.44	1337.73
7.44	1338.09
7.45	1338.45
7.46	1338.09
7.46	1338.08
7.47	1337.35
7.48	1337.71
7.48	1338.07
7.49	1337.70
7.49	1337.70
7.50	1336.97
7.51	1337.33
7.51	1337.69
7.52	1336.60
7.53	1336.60
7.54	1336.60
7.54	1336.96
7.54	1337.31
7.55	1336.95
7.56	1336.95
7.57	1336.58
7.57	1336.58
7.58	1336.94
7.58	1336.58
7.59	1336.57
7.60	1336.21
7.60	1336.21
7.61	1336.57
7.62	1336.21
7.62	1336.21
7.63	1335.85
7.64	1335.85
7.64	1336.20
7.65	1335.84
7.65	1335.84
7.66	1335.48
7.67	1335.48
7.67	1335.83
7.68	1335.48
7.69	1335.48
7.69	1335.48
7.70	1335.47
7.70	1335.47
7.71	1335.12
7.72	1335.12
7.73	1334.77
7.73	1334.77
7.73	1335.46
7.74	1335.11
7.75	1334.76
7.76	1334.41
7.76	1334.41
7.77	1334.76
7.77	1335.11
7.78	1334.41
7.79	1334.06
7.80	1334.06
7.80	1334.41
7.80	1334.75
7.81	1334.40
7.82	1333.71
7.83	1333.71
7.83	1334.06
7.84	1334.40
7.84	1334.40
7.85	1333.37
7.86	1333.37
7.86	1333.71
7.87	1334.05
7.88	1333.02
7.88	1333.37
7.89	1333.02
7.90	1333.37
7.90	1333.71
7.91	1333.71
7.91	1334.39
7.91	1335.07
7.92	1334.73
7.92	1334.73
7.93	1334.73
7.94	1334.05
7.94	1334.39
7.95	1334.73
7.96	1334.38
7.96	1334.38
7.97	1334.04
7.98	1334.04
7.98	1334.38
7.99	1334.04
7.99	1334.04
8.00	1333.70
8.01	1333.70
8.01	1334.04
8.02	1334.04
8.03	1333.70
8.03	1333.36
8.04	1333.36
8.04	1333.70
8.05	1333.36
8.06	1333.03
8.07	1333.03
8.07	1333.03
8.08	1333.36
8.08	1333.03
8.09	1333.70
8.09	1333.70
8.10	1333.36
8.11	1333.36
8.12	1332.70
8.12	1333.03
8.13	1333.03
8.13	1332.70
8.14	1332.70
8.15	1332.04
8.15	1332.37
8.16	1332.70
8.17	1332.37
8.17	1332.37
8.18	1331.71
8.19	1332.04
8.19	1332.37
8.20	1332.05
8.20	1332.05
8.21	1331.39
8.22	1331.72
8.22	1332.05
8.23	1331.72
8.24	1331.72
8.25	1331.07
8.25	1331.40
8.25	1331.73
8.26	1331.40
8.27	1331.40
8.28	1330.75
8.28	1331.08
8.29	1331.41
8.29	1331.08
8.30	1331.09
8.31	1330.44
8.31	1330.76
8.32	1331.09
8.33	1330.77
8.33	1330.77
8.34	1330.12
8.35	1330.45
8.35	1330.78
8.36	1330.45
8.36	1330.46
8.37	1329.81
8.38	1330.14
8.38	1330.46
8.39	1330.14
8.40	1330.15
8.41	1329.51
8.41	1329.83
8.41	1330.15
8.42	1329.84
8.43	1329.84
8.44	1329.20
8.44	1329.52
8.45	1329.85
8.45	1329.53
8.46	1329.53
8.47	1328.90
8.47	1329.22
8.48	1329.54
8.49	1329.23
8.49	1329.23
8.50	1328.60
8.51	1328.92
8.51	1329.24
8.52	1328.92
8.52	1328.93
8.53	1328.30
8.54	1328.62
8.54	1328.94
8.55	1328.62
8.56	1328.63
8.57	1328.00
8.57	1328.32
8.57	1328.64
8.58	1328.01
8.59	1328.02
8.60	1326.77
8.61	1327.09
8.61	1327.40
8.62	1327.10
8.63	1327.10
8.64	1326.48
8.64	1326.80
8.64	1327.11
8.65	1326.81
8.66	1326.81
8.67	1326.20
8.67	1326.51
8.68	1326.83
8.68	1326.52
8.69	1326.53
8.70	1325.91
8.70	1326.23
8.71	1326.54
8.72	1326.24
8.72	1326.24
8.73	1325.63
8.74	1325.94
8.74	1326.26
8.75	1325.95
8.75	1325.96
8.76	1325.35
8.77	1325.66
8.77	1325.98
8.78	1325.67
8.79	1325.68
8.80	1325.07
8.80	1325.39
8.80	1325.70
8.81	1325.40
8.82	1325.40
8.83	1324.80
8.83	1325.11
8.84	1325.42
8.84	1325.12
8.85	1325.13
8.86	1324.53
8.86	1324.83
8.87	1325.14
8.88	1324.85
8.88	1324.85
8.89	1324.25
8.90	1324.56
8.90	1324.87
8.91	1324.57
8.91	1324.58
8.92	1323.98
8.93	1324.29
8.93	1324.60
8.94	1324.30
8.95	1324.31
8.96	1323.72
8.96	1324.02
8.96	1324.33
8.97	1324.04
8.98	1324.04
8.99	1323.45
8.99	1323.76
9.00	1324.06
9.00	1323.77
9.01	1323.78
9.02	1323.19
9.02	1323.49
9.03	1323.79
9.04	1323.50
9.04	1323.51
9.05	1322.93
9.06	1323.23
9.06	1323.53
9.07	1323.24
9.07	1323.25
9.08	1322.67
9.09	1322.97
9.09	1323.27
9.10	1322.98
9.11	1322.99
9.12	1322.41
9.12	1322.71
9.12	1323.01
9.13	1322.72
9.14	1322.73
9.15	1322.15
9.15	1322.45
9.16	1322.75
9.16	1322.47
9.17	1322.47
9.18	1321.90
9.18	1322.20
9.19	1322.49
9.20	1322.21
9.20	1322.22
9.21	1321.64
9.22	1321.94
9.22	1322.24
9.23	1321.96
9.23	1321.96
9.24	1321.39
9.25	1321.69
9.25	1321.99
9.26	1321.71
9.27	1321.71
9.28	1321.14
9.28	1321.44
9.28	1321.74
9.30	1320.88
9.30	1320.89
9.31	1320.90
9.31	1321.19
9.32	1321.49
9.32	1321.21
9.33	1321.22
9.34	1320.94
9.34	1320.94
9.35	1321.24
9.36	1320.96
9.36	1320.97
9.37	1320.69
9.38	1320.70
9.38	1320.99
9.39	1320.72
9.39	1320.72
9.40	1320.45
9.41	1320.46
9.41	1320.75
9.42	1320.47
9.43	1320.48
9.43	1320.21
9.44	1320.22
9.44	1320.51
9.45	1320.23
9.46	1320.24
9.46	1320.25
9.47	1320.26
9.48	1320.27
9.48	1319.99
9.49	1320.00
9.50	1319.73
9.50	1319.74
9.51	1320.31
9.51	1320.03
9.52	1319.76
9.53	1319.49
9.54	1319.50
9.54	1319.79
9.54	1320.08
9.55	1319.53
9.56	1319.26
9.57	1319.26
9.57	1319.55
9.58	1319.84
9.58	1319.57
9.59	1319.02
9.60	1319.03
9.60	1319.32
9.61	1319.60
9.61	1319.61
9.63	1318.79
9.63	1318.80
9.64	1319.09
9.64	1319.37
9.65	1318.55
9.66	1318.84
9.66	1318.57
9.67	1318.85
9.67	1319.14
9.68	1319.15
9.68	1319.71
9.68	1320.27
9.69	1320.00
9.70	1320.01
9.70	1320.02
9.71	1319.48
9.72	1319.76
9.72	1320.04
9.73	1319.78
9.73	1319.78
9.74	1319.52
9.75	1319.53
9.75	1319.81
9.76	1319.54
9.77	1319.55
9.77	1319.29
9.78	1319.30
9.78	1319.58
9.79	1319.59
9.80	1319.32
9.81	1319.06
9.81	1319.07
9.82	1319.35
9.82	1319.09
9.83	1318.82
9.84	1318.83
9.84	1318.84
9.85	1319.12
9.86	1318.86
9.86	1319.41
9.86	1319.42
9.87	1319.16
9.88	1319.17
9.89	1318.63
9.89	1318.91
9.90	1318.92
9.91	1318.66
9.91	1318.67
9.92	1318.14
9.93	1318.42
9.93	1318.43
9.94	1318.17
9.95	1318.18
9.96	1317.65
9.96	1317.93
9.97	1317.94
9.97	1317.95
9.98	1317.96
9.99	1317.43
9.99	1317.71
10.00	1317.72
10.00	1317.73
10.01	1317.74
10.02	1317.22
10.02	1317.49
10.03	1317.50
10.04	1317.51
10.04	1317.52
10.05	1317.00
10.06	1317.27
10.06	1317.28
10.07	1317.29
10.07	1317.30
10.08	1316.78
10.09	1317.06
10.09	1317.07
10.10	1317.08
10.11	1317.09
10.11	1316.83
10.12	1316.84
10.13	1316.85
10.13	1316.86
10.14	1316.87
10.14	1316.88
10.15	1316.63
10.16	1316.64
10.16	1316.65
10.17	1316.66
10.18	1316.67
10.18	1316.42
10.19	1316.43
10.20	1316.44
10.20	1316.45
10.21	1316.46
10.21	1316.47
10.22	1316.22
10.23	1316.23
10.23	1316.24
10.24	1316.25
10.25	1316.26
10.25	1316.01
10.26	1316.02
10.27	1316.03
10.27	1316.04
10.28	1316.05
10.28	1316.06
10.29	1315.81
10.30	1315.82
10.30	1315.83
10.31	1315.84
10.32	1315.85
10.32	1315.61
10.33	1315.62
10.34	1315.63
10.34	1315.64
10.35	1315.65
10.35	1315.66
10.36	1315.41
10.37	1315.42
10.37	1315.43
10.38	1315.44
10.39	1315.45
10.40	1314.44
10.41	1314.45
10.41	1314.46
10.42	1314.48
10.43	1313.98
10.44	1313.73
10.44	1313.75
10.45	1313.76
10.45	1313.77
10.46	1313.78
10.47	1313.54
10.47	1313.55
10.48	1313.56
10.49	1313.57
10.49	1313.58
10.50	1313.34
10.51	1313.35
10.51	1313.36
10.52	1313.38
10.52	1313.39
10.53	1313.15
10.54	1313.16
10.54	1313.17
10.55	1313.18
10.56	1313.19
10.56	1312.95
10.57	1312.97
10.58	1312.98
10.58	1312.99
10.59	1313.00
10.60	1312.76
10.60	1312.77
10.61	1312.79
10.61	1312.80
10.62	1312.81
10.63	1312.57
10.63	1312.58
10.64	1312.59
10.65	1312.61
10.65	1312.62
10.66	1312.38
10.67	1312.39
10.67	1312.40
10.68	1312.42
10.68	1312.43
10.69	1312.19
10.70	1312.20
10.70	1312.22
10.71	1312.23
10.72	1312.24
10.72	1312.01
10.73	1312.02
10.74	1312.03
10.74	1312.04
10.75	1312.05
10.75	1312.07
10.76	1311.83
10.77	1311.84
10.77	1311.85
10.78	1311.87
10.79	1311.88
10.79	1311.65
10.80	1311.66
10.81	1311.67
10.81	1311.68
10.82	1311.69
10.82	1311.71
10.83	1311.47
10.84	1311.49
10.84	1311.50
10.85	1311.51
10.86	1311.52
10.86	1311.29
10.87	1311.30
10.88	1311.32
10.88	1311.33
10.89	1311.34
10.89	1311.35
10.90	1311.12
10.91	1311.13
10.91	1311.15
10.92	1311.16
10.93	1311.17
10.93	1310.94
10.94	1310.95
10.95	1310.97
10.95	1310.98
10.96	1310.99
10.96	1311.00
10.97	1310.77
10.98	1310.79
10.98	1310.80
10.99	1310.81
11.00	1310.82
11.00	1310.60
11.01	1310.61
11.02	1310.62
11.02	1310.63
11.03	1310.65
11.03	1310.66
11.04	1310.43
11.05	1310.44
11.05	1310.46
11.06	1310.47
11.07	1310.48
11.07	1310.25
11.08	1310.27
11.09	1310.28
11.09	1310.29
11.10	1310.30
11.10	1310.32
11.11	1310.09
11.12	1310.10
11.12	1310.12
11.13	1310.13
11.14	1310.14
11.14	1309.92
11.15	1309.93
11.16	1309.94
11.16	1309.96
11.17	1309.97
11.17	1309.98
11.18	1309.76
11.19	1309.77
11.19	1310.25
11.20	1310.03
11.20	1310.04
11.21	1309.58
11.22	1309.60
11.22	1309.85
11.23	1309.86
11.24	1309.87
11.24	1309.65
11.25	1309.43
11.26	1309.67
11.26	1309.69
11.27	1309.70
11.27	1309.71
11.28	1309.26
11.29	1309.50
11.29	1309.52
11.30	1309.53
11.31	1309.54
11.31	1309.32
11.32	1309.33
11.33	1309.35
11.34	1308.89
11.34	1308.91
11.34	1309.38
11.35	1309.16
11.36	1309.18
11.36	1309.19
11.37	1309.20
11.37	1309.45
11.38	1309.00
11.39	1309.01
11.40	1309.02
11.40	1309.04
11.41	1309.28
11.41	1309.06
11.42	1308.84
11.43	1308.86
11.43	1308.87
11.44	1309.11
11.45	1308.89
11.45	1308.68
11.46	1308.69
11.47	1308.70
11.47	1308.95
11.48	1308.73
11.48	1308.74
11.49	1308.52
11.50	1308.54
11.50	1308.78
11.51	1308.56
11.52	1308.12
11.52	1308.36
11.53	1308.37
11.53	1308.62
11.54	1308.17
11.55	1308.64
11.55	1308.65
11.56	1308.44
11.57	1308.45
11.57	1308.24
11.58	1308.48
11.58	1308.72
11.59	1308.50
11.60	1308.52
11.60	1308.30
11.61	1308.54
11.61	1308.78
11.62	1308.57
11.63	1308.58
11.63	1308.59
11.64	1308.61
11.64	1308.85
11.65	1308.63
11.66	1308.65
11.66	1308.66
11.67	1308.67
11.67	1308.91
11.68	1308.70
11.69	1308.48
11.69	1308.72
11.70	1308.74
11.70	1308.97
11.71	1308.76
11.71	1309.22
11.72	1309.24
11.73	1308.80
11.73	1308.81
11.74	1308.37
11.75	1308.84
11.75	1309.07
11.76	1308.64
11.77	1308.65
11.78	1308.21
11.78	1308.45
11.78	1308.91
11.79	1308.48
11.80	1308.49
11.81	1308.06
11.81	1308.29
11.82	1308.53
11.82	1308.32
11.83	1308.33
11.84	1307.90
11.84	1308.13
11.85	1308.37
11.86	1308.16
11.86	1308.17
11.87	1307.74
11.88	1307.97
11.88	1308.21
11.89	1308.00
11.89	1308.01
11.90	1307.58
11.91	1307.82
11.91	1308.05
11.92	1307.84
11.93	1307.86
11.94	1307.43
11.94	1307.66
11.94	1307.89
11.95	1307.69
11.96	1307.70
11.97	1307.27
11.97	1307.51
11.98	1307.74
11.98	1307.53
11.99	1307.54
12.00	1307.12
12.00	1307.35
12.01	1307.58
12.02	1307.38
12.02	1307.39
12.02	0.00
